0 5.882258750400608
1 6.234268081754342
2 6.6121966008288195
3 6.5297651050917604
4 6.590053587072847
5 5.923665010925114
6 6.105243976143481
7 6.662814726549234
8 6.305354889833122
9 6.352908290864231
10 6.11533760079567
11 6.294333185401732
12 6.221361762183008
13 6.397168939652947
14 5.32874941890924
15 5.55454167139015
16 6.029749833114972
17 6.184734443524766
18 5.917034122813403
19 5.490797964435821
20 6.140694862381616
21 5.608886181505192
22 5.717300216346304
23 6.171020772292335
24 5.875851379516594
25 5.901921846165752
26 6.195710079059265
27 6.63998326874319
28 6.657689042095415
29 6.460911844280541
30 6.0352141703119875
31 5.938130608704763
32 6.205330397953529
33 6.266288232683509
34 6.387638578663893
35 6.379175290702546
36 5.805485609050436
37 6.193777968680494
38 6.17772551763249
39 6.436002096365887
40 6.273497257426743
41 6.518031815651752
42 6.540049814581499
43 6.875663980227982
44 6.584170459570106
45 6.209738313592491
46 6.295707221334562
47 6.039644415754548
48 6.472944520240684
49 6.070232089361896
50 6.039929170747088
51 6.018092420947244
52 6.3778614940743
53 6.216987130269673
54 6.34328838881634
55 6.156457724936206
56 6.548675565299414
57 5.911260276846685
58 6.7125954449532275
59 6.30248380461598
60 6.138094097950582
61 5.864632219596466
62 5.844916571891216
63 6.178664558327831
64 6.390783467369401
65 6.188461024739746
66 6.576074065248432
67 6.3654085886036285
68 6.207068045231743
69 6.602165091356712
70 5.979189186490908
71 6.456150142416066
72 6.270027534000559
73 6.46210747357638
74 6.786871176955107
75 6.432383694701113
76 6.435777998986624
77 6.3072000173034235
78 6.591379310923968
79 6.403603403294326
80 5.707820286516583
81 6.321420428553156
82 5.549583546323874
83 5.648220774812319
84 6.382992982252001
85 6.004951477301065
86 6.329690624123323
87 6.241546201750974
88 5.8515380485933015
89 5.704639134597893
90 6.251804197870062
91 6.28917274190273
92 6.0610156279587635
93 6.168600375081252
94 6.39622753968586
95 6.430471247647599
96 6.463539673495026
97 6.402184781427154
98 6.505303996756665
99 6.1068910345203316
100 6.377926705266382
101 6.385237724474693
102 6.31069327573269
103 6.171940287342988
104 5.997916144784231
105 6.415977928653483
106 6.151814858806329
107 6.32616110358371
108 6.290775274394094
109 6.26637027624341
110 6.318282150089302
111 6.50366792993921
112 6.397450293893564
113 6.079148054870329
114 6.358601807731068
115 6.011430950803065
116 6.543702083678619
117 6.152498104449289
118 6.3665979795614245
119 6.46769078968268
120 6.495553729745951
121 6.2816687754609974
122 6.310422613442181
123 6.357286606774144
124 6.472571121606941
125 5.816855961931771
126 6.085329744392835
127 6.280193465046874
128 6.226123302805322
129 6.127631214147703
130 6.5055783134308065
131 6.401563789438221
132 6.5173726302277935
133 6.3256826721269155
134 6.1844986142805505
135 6.326044536140145
136 6.661379501652062
137 6.249038361438218
138 6.360587016556343
139 6.119409590577463
140 5.843439321023196
141 6.449238510643783
142 6.49221101339699
143 6.189983386268035
144 6.906668640676623
145 6.412044275942122
146 6.484490033569821
147 6.903850943511506
148 6.540274900095259
149 5.95509981692217
150 6.002906008517675
151 6.137626927713123
152 6.254184491321793
153 6.099242498562632
154 6.640942550782477
155 5.913259506144069
156 6.291662101494992
157 6.591893529819683
158 6.428131932927545
159 6.0293875811789475
160 5.649910953068083
161 5.424705674452401
162 5.8848331405831775
163 5.898928315726242
164 6.453197212073439
165 6.213194257554347
166 6.300976433158441
167 5.996639928256963
168 6.054858126412184
169 6.286361503297842
170 5.896578793917305
171 6.331697470073051
172 6.1747775999876495
173 6.1675880190944055
174 6.079716265938487
175 5.809843343701824
176 5.829805726096752
177 5.890532467537567
178 6.032978749221861
179 6.015663987064153
180 6.378491628592128
181 6.237250150385547
182 6.309148137386607
183 6.242452281077246
184 6.148129757121117
185 6.117794509984663
186 6.125469644681806
187 6.354089049200397
188 6.048546404853316
189 5.833178724182658
190 6.264204697789778
191 5.815800486100785
192 5.570602871836711
193 6.163594012071891
194 6.470916152455012
195 6.469093541258083
196 6.461953831472683
197 6.075047672677962
198 5.962991448408477
199 6.259797812652852
200 6.7389910054710915
201 6.085086118089973
202 5.744661113315233
203 6.270238952184199
204 6.382091747580776
205 6.7057431313778215
206 6.380517321942135
207 6.1426525727867185
208 6.445336161932696
209 6.362566467809679
210 6.549147987884802
211 6.481752076176881
212 6.023273406106571
213 6.491612410710562
214 6.551766627178359
215 6.776808651797362
216 6.754442818815724
217 6.4155123285058036
218 6.404960514792995
219 6.505162730356163
220 6.474204126482164
221 6.560073865560772
222 6.781117774632628
223 6.3906809644163145
224 6.334182862525392
225 6.222690029570403
226 6.923693932606887
227 6.281735498706921
228 6.262745904469644
229 5.938826130585933
230 6.595730589725865
231 5.97455212665534
232 6.047847829304414
233 6.31665283231309
234 6.279794776604818
235 6.763809287519262
236 6.477181771660316
237 6.461338315085352
238 6.283339255884886
239 6.55921381050703
240 6.408246910419017
241 6.408643191094056
242 6.112961585793179
243 6.396231282626325
244 6.492071529036253
245 6.606504578229955
246 6.59811949687705
247 6.170559151683754
248 6.02128691458594
249 5.806464650343379
250 6.369776975014161
251 6.340939328410856
252 6.368344163927492
253 6.178563399587059
254 5.975472191476091
255 5.910834629822576
256 6.257760544733662
257 6.550306628028805
258 6.338866402262375
259 6.236618215629907
260 6.707836707441833
261 6.483956150938061
262 6.185864151182533
263 6.356054037897036
264 6.370239061636861
265 6.732387755878331
266 6.655532026383659
267 6.16833097864158
268 5.984489384137861
269 6.2986702742578204
270 5.955685989127031
271 6.127226996985415
272 6.178022100918812
273 6.719370199611574
274 6.4788039131735475
275 6.513120853810534
276 6.210540944388204
277 5.816342526979507
278 5.702168084591361
279 5.878336337088297
280 6.300703810024605
281 5.705153433226717
282 5.255212162114352
283 5.687248945481795
284 5.87379512150883
285 5.759463008129535
286 6.104382218438398
287 5.906590915747545
288 6.583700304930643
289 6.6162656290342685
290 6.467929850835738
291 6.605156498773117
292 6.3979363336013435
293 6.020426177385546
294 6.4692935125042705
295 6.47411088848324
296 5.74605101853636
297 6.306860294127311
298 5.820574815548823
299 5.312522978743709
300 6.2373502350243
301 5.933199971302701
302 6.589347191018081
303 6.311341137293163
304 6.784813070437884
305 5.938654767418267
306 5.968935234462843
307 5.898383657752719
308 6.329071712063275
309 6.305622226027449
310 6.027983351629954
311 6.499883219445403
312 6.275513376385298
313 5.815426300710299
314 5.914504260761341
315 6.0283353834816165
316 6.013958962768424
317 5.816362482681901
318 5.9261222810979115
319 5.984791646848592
320 5.981379492053081
321 6.300471976674309
322 6.18333105208432
323 6.3184319730552305
324 6.017744837512744
325 6.164435121742783
326 5.899049252008769
327 6.042467298174618
328 6.024925774603338
329 6.2306434647122595
330 6.453670891003924
331 6.221773802874264
332 5.858096718627525
333 6.34585105438725
334 6.046090151729838
335 6.142117547160582
336 6.264020085678577
337 6.1279553408998995
338 6.6299241205488935
339 6.21356814878537
340 6.0507029662532545
341 5.985789250144985
342 6.416775056201552
343 6.6626577737226365
344 5.964410044986192
345 6.30835377498065
346 5.943385643017054
347 6.145166167456637
348 6.381570072521827
349 6.4559052578650835
350 5.9469474247845575
351 6.082544931850744
352 6.360641149353231
353 6.120146814431766
354 6.227796372132252
355 5.913740207592175
356 5.830550839851165
357 6.470900684774894
358 6.209377078629091
359 5.946610601541906
360 6.002122394545225
361 6.100695038213771
362 5.761155432309534
363 5.516749701187538
364 5.704940638814954
365 6.215615614790788
366 5.364428998597523
367 6.206408531342392
368 6.179350949280729
369 5.999564944826498
370 6.344981068577106
371 5.82367240794574
372 5.855035819268859
373 5.504992333460341
374 5.9704545904838096
375 6.062031312587433
376 5.604918257864488
377 6.275826547497362
378 5.653196742966901
379 5.704272700104503
380 5.555684816083284
381 5.615652210115533
382 5.555368430315743
383 5.816161156412418
384 5.778635662607999
385 5.658492724604578
386 5.732050872345418
387 5.570871600848281
388 5.115301023438407
389 5.952919194858999
390 5.215214957927971
391 5.1782711709019305
392 5.29471926009131
393 4.935724229612592
394 5.10412810090963
395 5.210516627713597
396 5.173025669308791
397 4.8832889956506875
398 5.007282005093948
399 5.494436480636977
400 4.922426116618957
401 4.832840765229236
402 4.63589215167834
403 5.116726959744632
404 5.690667457983703
405 5.122377714241793
406 5.573572961830954
407 5.7754004749520576
408 5.900026497598351
409 6.0019050917751695
410 6.1428791690782125
411 5.631433074353264
412 5.389116679666382
413 5.687217147888555
414 5.036103592965785
415 5.412052115907693
416 4.801784244206777
417 5.0812453856069535
418 5.325906542441099
419 5.297627052883861
420 4.895393189249681
421 5.051533168259022
422 5.324457248588631
423 5.616385511822964
424 5.3748200031300835
425 5.219952308485927
426 5.3101247320447875
427 4.8760670488428355
428 5.711962716602131
429 5.748272612663999
430 4.587670145653417
431 5.898033491679636
432 4.96480137087566
433 5.3062732684428395
434 5.947319163522546
435 5.565981222632956
436 6.024803861101108
437 5.519892163334725
438 4.980463877316811
439 4.957990393718667
440 4.878706916213115
441 4.97403459347891
442 5.009453486899478
443 4.888900925039967
444 5.037609600218121
445 5.039758206667569
446 4.872212430082238
447 5.18737579143828
448 4.398091121760336
449 4.572885203285794
450 4.135636546177588
451 4.78343562291484
452 4.760811982439488
453 5.679602011715126
454 5.224242184126784
455 4.719774090763406
456 4.685110617494653
457 5.3314311345663485
458 4.779554400471354
459 4.822500686955565
460 5.103396197833167
461 4.850652484277139
462 5.965306781589122
463 4.710457328234676
464 5.163289108038474
465 5.20436451053601
466 4.9375191982410715
467 4.826882189496843
468 4.861000021826131
469 5.18273369655284
470 5.211414945890804
471 5.173528548757611
472 5.106636961666608
473 4.865749794770681
474 4.796735016494449
475 5.11193229954201
476 5.345797362226323
477 5.169248313026197
478 5.680378533590895
479 5.193550130893534
480 5.6525038407656405
481 5.012288663324559
482 5.471418166394219
483 4.93699872358373
484 5.599873779576958
485 5.03834873470792
486 5.099204073106101
487 4.952905304572014
488 4.659807275995771
489 4.834575557048428
490 4.924671458066337
491 5.333383996429854
492 5.1944913893840345
493 4.753999275183027
494 4.905637589535761
495 4.714105169472753
496 4.7335087680431585
497 4.9190278226357345
498 5.189076571928066
499 5.161709786168958
500 4.656111709538919
501 4.779988785509977
502 4.723647887009471
503 4.573847179443076
504 4.582590626635806
505 4.491998987867603
506 4.7750097258323345
507 5.271436414367358
508 5.507188811213899
509 5.012354636963187
510 4.5826328820077125
511 5.239850182605513
512 4.755075362000394
513 5.511711788392031
514 5.358160607305712
515 5.072897503548978
516 5.121643698379315
517 5.118258297299198
518 4.974614113643424
519 5.019343442618725
520 4.968416884887549
521 5.605997085590433
522 5.938044058053184
523 5.368429759461073
524 5.759269076777629
525 6.2498652847541125
526 6.111847654550675
527 5.6443771132340235
528 5.163456491561392
529 5.275296819108903
530 5.2299090661299195
531 5.4358283914628185
532 5.070333328254028
533 4.744090026736259
534 5.02499847765565
535 4.913313523350912
536 5.476446351948088
537 5.43349614431207
538 5.783345604149059
539 5.674265331063738
540 5.6251604592618145
541 5.586825007226349
542 5.56915045842552
543 6.065144679948856
544 5.804223689292455
545 5.5779731464620195
546 5.527060676486493
547 4.918715238640177
548 5.334855088967273
549 5.772850921864525
550 5.661284470784738
551 5.649075643758487
552 5.939904722194202
553 5.087645666941683
554 5.602471055570084
555 5.76671061472311
556 5.437939578643786
557 4.98627541134317
558 6.180534336517981
559 5.639538630501239
560 5.333180288031263
561 5.066385012704876
562 5.1459783309304905
563 4.416869138902665
564 5.063157781615082
565 5.8004680768137264
566 5.549842911992068
567 5.488605522337246
568 5.534565950148622
569 4.756988822950105
570 5.710608027743151
571 5.6438604569195565
572 5.482182728272852
573 5.479597958504263
574 5.499229563826851
575 5.950529821054891
576 5.359384250051421
577 5.490502431954848
578 5.524119961343111
579 5.044587115795534
580 5.505777232951375
581 5.3428585033508105
582 5.581800284389633
583 4.234601258950686
584 4.708756067800217
585 4.624189229107253
586 4.368944289587561
587 4.721954093127815
588 4.415700351532754
589 5.7992068583446414
590 5.593685735767838
591 5.721926351702247
592 4.492212834963804
593 5.341560671960787
594 5.589037565714246
595 5.816577928614356
596 4.587755077985441
597 4.748257325530359
598 4.399553862969478
599 4.552483286806678
600 4.208913781164655
601 4.302659988653594
602 4.496727307560764
603 4.145403950502495
604 4.0337633629044385
605 4.225737184431183
606 4.434775463010096
607 4.93470794605253
608 4.469982973656594
609 4.586214671384643
610 4.342413820018256
611 4.726501032974736
612 4.814161222210616
613 4.313332710879889
614 4.356700030503739
615 4.138242772596771
616 4.257814670099063
617 4.341233430655537
618 4.190126410694206
619 4.4103784397869505
620 4.185236304825963
621 4.626871993699455
622 4.994447867452094
623 4.323692951627951
624 4.328337895354164
625 4.776422633147194
626 4.803561450819926
627 4.73624295965318
628 4.464028268909041
629 4.189307641531195
630 4.81987117885189
631 5.011534250668518
632 4.901826625104228
633 4.510633672829404
634 4.311093692704438
635 4.537229728594592
636 4.414520621989599
637 4.282500902420304
638 4.296910800380526
639 4.338490473510803
640 4.481599427672072
641 4.415756953366806
642 4.251459644372907
643 4.549156682638545
644 4.228140569792691
645 4.250672748395877
646 4.376566946011353
647 5.043625679780241
648 4.474364342706341
649 5.170006203494898
650 4.630228720162412
651 4.615880663720497
652 4.597486725793401
653 4.8555353469824
654 4.663781314897858
655 4.610263244618492
656 4.809212431153952
657 4.857227591066503
658 4.438509496029644
659 4.750153560534281
660 4.237420074989507
661 4.4998416989065015
662 4.597017264806957
663 4.502786987130734
664 4.293789251399876
665 5.011078466837071
666 5.087814855004577
667 4.227854969399561
668 5.333315198468868
669 5.068982050987448
670 4.808930158955865
671 5.9458150678135215
672 5.268008256027239
673 4.912709305158148
674 4.726548201206721
675 5.000422620268959
676 5.324250870898927
677 5.250122049127916
678 6.515592898749431
679 5.616964410714544
680 5.374724596386962
681 5.198384680914895
682 4.851423310453216
683 4.836239487570443
684 6.299087904084984
685 4.93831540299302
686 4.741349095998197
687 5.493313536638944
688 5.147102656931142
689 4.715690706298089
690 4.682676376327024
691 4.629822212879693
692 4.829975859038158
693 5.367781687288713
694 5.583441750883279
695 4.717829956409144
696 4.863884851257841
697 4.927262802912048
698 5.243476048027619
699 4.615558273798415
700 5.070301165249253
701 4.5192306674884355
702 4.643126118521212
703 4.600316155977385
704 4.804701460236316
705 5.03175896195406
706 4.854476170554215
707 5.193250829061232
708 4.592909401129723
709 5.335188143668269
710 4.8584185486609135
711 4.851026399110179
712 4.732188086517401
713 4.708646475554837
714 4.823895161066367
715 4.479008603993434
716 4.719442287292979
717 5.1390270564747205
718 4.353348065129933
719 4.380219744343666
720 4.718109837350436
721 5.144099710399473
722 5.75261194878869
723 5.799769567640584
724 5.750236900568332
725 4.785765155964261
726 4.695658351337307
727 4.549015241101592
728 5.023706721090915
729 4.953041918438009
730 5.50247489505465
731 4.837922549564061
732 5.033954411182522
733 4.682003962287601
734 4.784701988286576
735 4.819031846736522
736 4.442417935261645
737 4.303589950740801
738 4.344341643476831
739 4.710510170549567
740 4.713617392783654
741 5.2325923120598725
742 4.8053755516468994
743 4.96436615194782
744 5.380741191871312
745 5.577730213646588
746 4.797339426935719
747 5.217949054870517
748 5.106621617893037
749 5.078644816747362
750 5.133901423971798
751 4.918890706746015
752 5.062530264553457
753 4.786030235434735
754 4.792129714071208
755 4.941112704450382
756 5.338280038235712
757 5.590809398510996
758 4.471815418827554
759 4.616493933754691
760 5.771053151268074
761 4.8408872166236305
762 5.532564694428019
763 5.064181884993851
764 4.96541638898095
765 5.006794145114313
766 4.896531170247856
767 5.188375937332951
768 4.66099512980943
769 5.00516885209451
770 4.933908661788645
771 5.025701796544118
772 4.724193314935546
773 4.756050165043174
774 4.542494132053523
775 4.695717098409692
776 4.921076394759206
777 4.975267539318443
778 4.568452423653081
779 5.043962285481236
780 5.472054211539272
781 5.168683466181267
782 4.657594371126021
783 5.252119063024768
784 4.830365528047213
785 4.93317168231239
786 4.707654168869781
787 4.773055078780797
788 5.383906766204336
789 4.822042099224448
790 5.636717345528272
791 5.417605297427277
792 5.296960903059858
793 5.206404442374955
794 5.750536647928528
795 5.108636730926297
796 5.215757785441126
797 5.250837299464231
798 5.168035833176315
799 5.1845336525927035
800 5.321848943651484
801 4.919034402081344
802 5.141448998734353
803 5.383714329219899
804 5.17644009388818
805 6.387344603006314
806 5.718534786815747
807 5.363271859886559
808 6.0914373231441585
809 6.096448867514533
810 6.048773628680192
811 6.403544903549426
812 6.380193154321711
813 5.925623929964563
814 5.489704311129058
815 5.118657477731214
816 5.879836615247278
817 5.089600853799879
818 4.948680443260499
819 5.471964776494384
820 5.172151033659312
821 4.753986469151761
822 5.196388598070705
823 6.037124734765822
824 4.875824251546326
825 6.418332487854182
826 5.82181288680785
827 5.600622961278293
828 4.644773988777587
829 4.915564375454038
830 4.786191215343273
831 4.925980157460726
832 5.022105687480578
833 5.804254756313373
834 5.406712374586277
835 5.051919794692633
836 4.75242921177817
837 5.040998283140961
838 5.568058414336228
839 4.866399833381501
840 4.933620608255758
841 5.283268331001775
842 5.016757951826883
843 5.623246771400396
844 5.939148039414441
845 5.018615720836759
846 5.838296224393636
847 5.816749879749798
848 4.771775572014261
849 5.853620444271916
850 5.197048776967633
851 5.456799968704613
852 6.062739422578255
853 6.404185046404497
854 6.117000924444934
855 6.174690968408879
856 5.643637158882217
857 4.868957420190641
858 5.282012391681035
859 5.702153105693559
860 5.711549919127701
861 5.284687380278
862 5.972947326922783
863 5.67633317665661
864 5.379026044019646
865 5.669134515490615
866 5.650261749190175
867 5.556255310666777
868 5.249726052117821
869 4.885381942476253
870 4.677264412736027
871 4.960279259010424
872 5.620852428090206
873 5.527829777781261
874 4.900200646268248
875 5.11369804930996
876 4.641706372290343
877 5.107720812147715
878 4.767568874231137
879 4.99774835189791
880 5.067092942829119
881 4.952664173024103
882 4.884742045138347
883 4.765597609009173
884 4.908196555196469
885 4.815851624272227
886 4.979517279404289
887 4.869995693270298
888 4.876831901469941
889 4.718445434513851
890 5.1787571555786025
891 4.957886644897305
892 5.05460195823334
893 5.658426949924911
894 5.176345906161727
895 5.078941790002534
896 4.959890011264332
897 4.6778436038743045
898 5.638717566792364
899 5.494150626155875
900 4.6849905606763915
901 5.377197379009473
902 5.042287680364276
903 5.151238369854028
904 5.203952566457877
905 4.859028552725049
906 4.9780043251795485
907 4.585483963035685
908 5.062016522841052
909 5.387303333770609
910 4.9553753180974685
911 5.3130609852671675
912 4.87378428553991
913 4.825218574934374
914 5.2427896154339315
915 5.990965759251004
916 4.779485801323422
917 5.0529878074412675
918 5.778233570675221
919 5.1170039332960595
920 4.737379010519313
921 4.868914109036236
922 5.025663160040519
923 4.740127359198417
924 4.950850806306358
925 4.585068594887846
926 5.035927445534332
927 4.840486170515447
928 4.914363311316421
929 4.945045234901976
930 4.669073869882757
931 4.949943166432719
932 5.677120714841749
933 4.800970603194562
934 5.232434266766241
935 4.8841905322493275
936 5.099898129923421
937 4.660316642478724
938 4.570051257964441
939 4.268119323112879
940 5.153369181876742
941 4.930641425448172
942 4.991233711626255
943 4.981358079777799
944 4.628178920610052
945 5.08396538890313
946 4.882372366897645
947 5.290383085606738
948 5.312435919870735
949 5.0878716003249
950 4.891414524328077
951 4.763913666106281
952 5.005719899838697
953 4.905461771821267
954 4.827950129391814
955 5.194382796405254
956 5.079924044226915
957 4.722191706759466
958 4.881179415111299
959 4.793199650901561
960 5.0147799347683994
961 4.909525482092223
962 4.802912415751397
963 4.957234478618012
964 4.855778762888647
965 4.646651672337406
966 5.166773736138518
967 4.6687892867252465
968 4.945100251002286
969 4.628405209091721
970 4.823933547992131
971 5.188120862206125
972 4.92097558775821
973 5.338062226845103
974 5.365823519212184
975 5.009357460543223
976 4.544351393278636
977 4.7430957031797885
978 4.79728893738439
979 4.556181060244915
980 4.480484339254383
981 4.8206277841832685
982 5.201236647325986
983 4.899941230537684
984 4.688029110245436
985 4.842242414192082
986 5.454293763730474
987 4.550137112325836
988 5.170623051027911
989 4.9630268265228334
990 5.425146554337432
991 4.8573667225028645
992 4.7653480318836765
993 5.6623605521711795
994 4.709341784418825
995 5.689001182325237
996 5.265549139634791
997 5.468373499764592
998 4.885128305622178
999 4.779638210941103
1000 4.64773922714503
1001 4.753830512747405
1002 4.8028500043393905
1003 4.734056876597299
1004 4.926522625561758
1005 4.857387008959225
1006 4.473910051867168
1007 4.591293017449691
1008 4.551174411354512
1009 5.027521573425113
1010 4.738365967617948
1011 5.041812042597525
1012 5.0405694889381065
1013 4.6335954903898875
1014 4.767328449389852
1015 4.312031683457482
1016 4.662172084489808
1017 5.354720694648834
1018 5.20593013442536
1019 5.002110123628757
1020 4.914106940753401
1021 5.342521527271936
1022 5.390981610471202
1023 5.267879006471729
1024 4.787933187567091
1025 4.244787453937564
1026 4.985532761067154
1027 4.664174629311365
1028 4.870126310338582
1029 4.572019034834246
1030 4.867492061766167
1031 4.942537896154391
1032 4.880912344730856
1033 4.196697802742912
1034 4.731680935625302
1035 4.628308434825502
1036 5.1171788518184425
1037 4.950042402192049
1038 5.173272683562303
1039 5.005323794473904
1040 4.767388603262034
1041 6.043632711580268
1042 4.794230742604498
1043 4.864847780452451
1044 5.281434926404421
1045 5.186321465203826
1046 4.8765885822884085
1047 5.448689108491633
1048 4.780161778716407
1049 4.708716497241021
1050 4.801544264109328
1051 4.625798069961222
1052 4.6394699754290825
1053 4.894525980761713
1054 4.761688027890299
1055 4.501187211093682
1056 4.584741793896846
1057 4.54788249608443
1058 4.640192737423751
1059 4.337933186439695
1060 4.595423901969842
1061 4.56283125477395
1062 4.581889182846891
1063 4.7784445516175875
1064 5.277821302161782
1065 4.9714806837900545
1066 4.533168296524114
1067 4.613525553876968
1068 5.143325211099505
1069 4.904649871932738
1070 4.586285527182037
1071 4.727951252230137
1072 4.629690653758001
1073 4.721734838648894
1074 4.736756319027029
1075 5.07742875468348
1076 5.004182704040584
1077 5.314203536725165
1078 5.000738817091753
1079 4.599631198037713
1080 4.944300974909977
1081 4.684349810237896
1082 4.9011607005975195
1083 5.959845150487498
1084 4.923464889593285
1085 4.921534779828968
1086 4.688319277460172
1087 4.9192092164642744
1088 4.891921178204453
1089 4.78566323092634
1090 4.840884596946705
1091 4.940593578686456
1092 5.33728531268182
1093 4.914478528842069
1094 4.7997955130082
1095 5.645719159920038
1096 5.109646654513132
1097 5.045698633708202
1098 5.051592952500116
1099 5.652902273299773
1100 5.280444195181712
1101 4.947466481905903
1102 4.85975901575418
1103 5.1159640690185855
1104 5.154718999346406
1105 5.104345160204957
1106 4.762056968469873
1107 4.786936966704378
1108 4.947586720807739
1109 4.459112076145349
1110 5.125435861337606
1111 4.68620160422138
1112 4.783938957154524
1113 5.025764933677951
1114 5.282168636583939
1115 5.026844398237447
1116 4.810724813055063
1117 4.82662081622301
1118 4.6718182029109405
1119 4.913291606092362
1120 4.944308157571023
1121 4.599886762512579
1122 4.875413403616353
1123 5.63494581384286
1124 5.090790097088187
1125 5.320160967173813
1126 4.891985760165436
1127 4.845415096502142
1128 4.933187417610129
1129 4.484213312460377
1130 4.88355347117698
1131 4.68162998953482
1132 4.537547693685185
1133 4.809816304980614
1134 4.648061886521634
1135 4.699774975948628
1136 4.521670296378921
1137 4.672277748753725
1138 5.250267328339414
1139 4.437830103112053
1140 4.829560218350371
1141 5.18691645094181
1142 5.974227314443492
1143 5.205827113672243
1144 4.781461179652694
1145 4.814777970705288
1146 4.811197782439599
1147 4.8199705577934315
1148 4.593355364742968
1149 5.2389055929211015
1150 4.68044392479216
1151 5.293965308690893
1152 5.058414839928187
1153 5.086358300775896
1154 4.935554284017484
1155 5.176004758611523
1156 5.158750369225105
1157 4.688626525501323
1158 4.969399490992305
1159 4.778428272499848
1160 4.69740880050486
1161 4.526000362324513
1162 4.54825818680365
1163 4.715555387136023
1164 4.752400009183719
1165 4.494763186639388
1166 4.799745561164421
1167 4.685893429775688
1168 4.533926511646684
1169 5.025606713096959
1170 4.832534052427928
1171 4.823903370165116
1172 4.813422908469844
1173 4.941622742440962
1174 4.873827865182152
1175 4.992624135957402
1176 4.8819361441921085
1177 4.9076972480556424
1178 4.842277219454947
1179 5.0738799570845945
1180 4.818099697412515
1181 5.901588068311617
1182 5.992385313924165
1183 5.148996058725502
1184 4.779877885068465
1185 4.788233385024984
1186 4.653998754967065
1187 4.774989792844224
1188 5.228925330820626
1189 4.701072832552401
1190 4.750078526217247
1191 4.964201096637487
1192 4.771964103862059
1193 5.062840588871561
1194 4.995942974913991
1195 5.006216293200537
1196 4.879473268576472
1197 4.96523524890501
1198 5.066595045155447
1199 4.826845834010219
1200 4.867023053425269
1201 5.196541974899832
1202 5.057956820055986
1203 4.88777313990851
1204 5.005485927208219
1205 5.677488620867041
1206 5.753325974658587
1207 5.800145378998689
1208 5.133854217220058
1209 4.929045186495693
1210 5.65677244385705
1211 5.283954264883189
1212 5.201513003732009
1213 5.152269161347884
1214 4.860791005932745
1215 4.919400637082772
1216 4.889604199175237
1217 4.90003452558346
1218 4.4097503484476075
1219 4.690432026670023
1220 5.671159000527745
1221 5.682039847564689
1222 4.621795564694993
1223 5.188871837505386
1224 4.948762585453357
1225 4.783215202716637
1226 5.0830319201119245
1227 5.4793386794685075
1228 4.772960316025902
1229 5.133370490500833
1230 5.346703675100821
1231 5.119092320100856
1232 4.974047009167079
1233 4.674417794621521
1234 4.821948320407463
1235 5.235702198749561
1236 4.930674551001624
1237 4.518335076549723
1238 4.749496796535781
1239 5.140039326894326
1240 5.183811828186525
1241 5.711817216340161
1242 4.758776363305945
1243 5.2302930000716685
1244 5.1674555871358026
1245 4.688996762280104
1246 5.775026276499229
1247 5.506933157958734
1248 4.782814447355178
1249 5.165345528175301
1250 4.7199662180791435
1251 4.809135508448539
1252 4.9248928760550195
1253 4.747949111155092
1254 4.500130344824917
1255 4.577797268005204
1256 4.924972497404133
1257 4.921585335109595
1258 5.124072422536922
1259 4.941826064788693
1260 5.0449340784951495
1261 4.845644043609676
1262 5.128395309004009
1263 4.770572866555364
1264 4.3918203328664935
1265 5.022101645700646
1266 4.884231173409359
1267 4.707657799213155
1268 5.417103101813415
1269 4.708568582500713
1270 4.448527871989882
1271 4.285077221359445
1272 4.601832774381553
1273 4.930764367922133
1274 5.003678547707382
1275 4.989521128810157
1276 5.343871688701312
1277 4.5548254606115375
1278 4.712561905573441
1279 4.667915492114123
1280 4.6159484601743594
1281 4.989564313871415
1282 4.905622942577431
1283 5.045602877851315
1284 4.874477230210676
1285 5.079287859941907
1286 4.805037917288885
1287 4.8285342588765
1288 4.8047614456411765
1289 4.993947926502726
1290 5.020662272994622
1291 4.793724482851108
1292 5.0160450356408095
1293 4.9514261982283605
1294 5.276366954561792
1295 5.2052751678333475
1296 4.875318517007276
1297 4.754822308568596
1298 4.620192110153433
1299 5.118801918310954
1300 4.656314121302534
1301 4.8646285545583945
1302 4.598103144195886
1303 4.773614903229487
1304 4.970319119159612
1305 4.75115351066753
1306 4.510265087674604
1307 5.050039649857632
1308 5.229014576110688
1309 4.690664776833612
1310 5.140150617284327
1311 4.89749072582974
1312 4.7890028128890165
1313 5.505317535496791
1314 5.145110270798702
1315 4.665348778907047
1316 4.813985586403197
1317 4.488930793528182
1318 5.110903103555867
1319 5.004411662544138
1320 5.47620573944478
1321 5.043178568324752
1322 4.578479044703066
1323 4.766627114978825
1324 4.609641017490217
1325 4.587340236219948
1326 4.510554786986401
1327 5.022140849710556
1328 4.672248832679309
1329 5.17979232929098
1330 4.845786938632994
1331 5.4414148244024805
1332 4.940793576976676
1333 4.988653002835593
1334 4.928985063659965
1335 4.558809478954942
1336 5.107186154852978
1337 5.558200299326275
1338 5.0438986305385365
1339 4.959444669188164
1340 5.000586132089927
1341 5.348098884315734
1342 4.894041846427745
1343 4.896814198862858
1344 4.777326184648728
1345 5.030310435139505
1346 5.7927822887179365
1347 5.440811029073791
1348 5.097300129416888
1349 4.857144242489867
1350 4.879582908127906
1351 4.922528610437023
1352 4.813232871467917
1353 4.8877584189260554
1354 4.652590995056232
1355 5.005958098872843
1356 4.5872308086669955
1357 4.950560184595819
1358 5.095483925818537
1359 4.766569673632471
1360 4.719926515809186
1361 5.005698441917341
1362 4.746393979476994
1363 5.077514866703861
1364 4.89822833181313
1365 5.1717632318376445
1366 5.3739156271483575
1367 4.623250606293066
1368 5.176113385276416
1369 5.379287756909195
1370 4.702282611159885
1371 4.877354168400637
1372 5.100669848385771
1373 4.825486494576637
1374 4.493079332076371
1375 4.660451743850846
1376 4.994183661317155
1377 4.523207068201444
1378 4.800620972900663
1379 5.001019808424713
1380 4.6422140509608765
1381 4.675685716292472
1382 4.696615721549766
1383 4.9573885945773055
1384 5.048615545367393
1385 5.34357031865765
1386 5.140797687477479
1387 4.968928586384945
1388 5.009480571985642
1389 5.111007684080495
1390 5.039967027255755
1391 4.723854871392041
1392 5.3233758903910715
1393 4.9395836615852975
1394 4.724308202819548
1395 5.768399900172447
1396 5.13402172415864
1397 4.514053218906387
1398 4.725994872277957
1399 4.954922253447628
1400 4.692805584789346
1401 4.705930298079546
1402 4.745667230608649
1403 5.661039861370586
1404 4.775113754693932
1405 5.2164815670861
1406 5.645536797920245
1407 4.9992121435317625
1408 4.938660968856985
1409 4.741442990309748
1410 4.895253278915287
1411 4.770006525088764
1412 4.645791817868349
1413 4.727452218369383
1414 4.654207139386492
1415 4.986075281732207
1416 4.7020375718168905
1417 5.039844642707055
1418 4.9813993770886205
1419 6.051044856314233
1420 5.807064994710191
1421 4.695811017625768
1422 5.078080386538737
1423 4.852668766711146
1424 5.103411348764044
1425 5.1263397769255015
1426 4.813670875482426
1427 4.805976726987286
1428 4.8776286658068155
1429 4.634133635423492
1430 4.661144102884337
1431 5.218188439769919
1432 4.803832481775032
1433 5.209076359529835
1434 5.397246128013048
1435 5.158214975387406
1436 5.211916890666842
1437 4.76709177816135
1438 4.624671230083123
1439 4.95183710467665
1440 4.86134055871642
1441 4.6279085554435255
1442 5.185367554629412
1443 4.898284336155653
1444 4.6926897876353175
1445 4.95377197795558
1446 4.912391696068262
1447 5.286789623751501
1448 4.744892323327588
1449 4.964590605073725
1450 4.5210732369820095
1451 4.56842771626167
1452 4.716540717054588
1453 4.983264257545554
1454 4.870679054932414
1455 4.801909903854426
1456 4.607127847581962
1457 5.011240503526081
1458 5.370497667298015
1459 4.987010332340311
1460 4.965507629296605
1461 4.583967416598011
1462 4.45199697626758
1463 4.858773572442845
1464 5.191563443070565
1465 5.291658315127143
1466 5.130296311347438
1467 4.858112094926172
1468 5.388861437211308
1469 5.4081541839548475
1470 4.757097376132045
1471 4.97830752517801
1472 4.707014433017558
1473 5.5429673069371415
1474 5.072745430112834
1475 5.376646705826732
1476 5.321229057027084
1477 4.80582257808265
1478 4.417715693090164
1479 5.244716406760728
1480 4.680765876802047
1481 4.963381244096605
1482 4.813878007102595
1483 4.721707781301801
1484 5.001714008720889
1485 5.083796649456531
1486 5.037641550320255
1487 5.247667850703116
1488 4.530155441325999
1489 4.232477139754412
1490 4.506409839790804
1491 4.312230467250923
1492 4.445652222456927
1493 4.1046038127827424
1494 4.403002235229084
1495 4.142823287261096
1496 4.245181256115035
1497 4.649411388544089
1498 4.787359353754235
1499 4.623501865350166
1500 4.7201207491608965
1501 4.551848189779018
1502 5.259090730863471
1503 4.422548653121056
1504 4.598497062165136
1505 4.897039911934505
1506 4.644605108831101
1507 4.7697447257070476
1508 4.7916287192317935
1509 4.826871010809242
1510 4.847646699315206
1511 4.902391062671689
1512 4.865823425367443
1513 4.775006274870848
1514 4.776215806781704
1515 4.488846767134234
1516 4.815084985213282
1517 4.54633228218571
1518 4.595378593148197
1519 4.461165667443835
1520 4.592250716280235
1521 4.846855611267251
1522 5.320388411023017
1523 5.030579260887363
1524 4.764010923507454
1525 4.774738233311027
1526 4.907803499016062
1527 4.767785164340846
1528 4.518739052093449
1529 4.646395879795806
1530 4.482022232513655
1531 4.6380707214068115
1532 4.9176843696255625
1533 5.051341253453972
1534 4.95559565770139
1535 4.755782434437238
1536 4.9089433845578965
1537 4.746282737693073
1538 4.789453895689084
1539 5.034290725476267
1540 5.124366609173313
1541 4.92212085291454
1542 4.956439013205896
1543 4.876577045321166
1544 4.907116432997047
1545 5.734916332795565
1546 5.449728515590062
1547 5.146828453922139
1548 4.724965501394683
1549 5.306087195688691
1550 4.828360834005217
1551 4.8910752007121125
1552 4.9504630017053834
1553 5.1820625534287785
1554 5.068876410697848
1555 4.690882972737617
1556 5.0165930297490355
1557 4.636849303078299
1558 4.720468395481628
1559 5.02293876348366
1560 5.080249952454691
1561 4.600833289957584
1562 4.836607986067083
1563 4.612176188312314
1564 5.006145330059528
1565 5.112907671334398
1566 5.127819009905665
1567 4.728400325496107
1568 4.807312635809906
1569 4.850985764816084
1570 5.096387966014648
1571 5.718098201600202
1572 5.278385987788034
1573 5.216742854424113
1574 4.695067489428687
1575 4.647330577317859
1576 4.993395686564942
1577 5.042050435649772
1578 4.557803836255078
1579 4.848937346842722
1580 5.505734978163224
1581 4.761644385394509
1582 4.437849424730761
1583 4.576167276120456
1584 4.661586388721963
1585 5.063116986335651
1586 4.967009028288839
1587 4.577908102179279
1588 5.02001548099298
1589 4.830312028195661
1590 4.920695916403341
1591 4.760210525745803
1592 4.554063753819344
1593 4.347216587960773
1594 5.08990612493089
1595 5.050394742759295
1596 5.199344491395481
1597 4.678637900440735
1598 4.627462724364686
1599 4.852638390766248
1600 5.370621953672878
1601 4.988583680106859
1602 4.748445702404101
1603 4.910124851475278
1604 5.031502796518457
1605 4.525894597893487
1606 4.747198871125651
1607 4.627927206664409
1608 4.668460930281616
1609 4.986846879865007
1610 5.0981889286273345
1611 4.823928134005146
1612 4.9435868028675785
1613 5.054855143405489
1614 4.602506258265674
1615 4.582051051999504
1616 4.678260488049171
1617 5.437589804939424
1618 4.695351317257627
1619 4.9323893395335485
1620 5.031499045625978
1621 5.114269558461621
1622 4.484976599067597
1623 4.604929472593184
1624 4.701008053698545
1625 4.809473570249559
1626 5.284432554344583
1627 5.071114991049236
1628 4.887998655961951
1629 4.8910049730771465
1630 4.922223505960795
1631 4.699833150966597
1632 4.769722459471833
1633 4.713149415502002
1634 4.454560157284837
1635 4.606554408004863
1636 4.744598957359446
1637 4.6057272645687375
1638 4.571078790826363
1639 4.549769522789381
1640 4.4866997343065975
1641 5.016850551215796
1642 4.865521653201243
1643 4.883275071670366
1644 5.438841370521838
1645 4.6127045177638095
1646 4.942218218153854
1647 4.73837283729639
1648 5.384249061450911
1649 4.749799388732925
1650 4.578798592266064
1651 4.6499742341934285
1652 4.949269566743186
1653 4.746552109822234
1654 5.105115152896079
1655 4.812508947556147
1656 5.025454490451012
1657 4.7272448636850415
1658 4.942903961549871
1659 4.905868583307428
1660 4.66883562578923
1661 5.126853822859431
1662 5.003679349422419
1663 4.722674698125732
1664 5.719556943537734
1665 4.763194377710917
1666 4.600816517374732
1667 4.739960742571694
1668 4.731726640171356
1669 4.980176055814666
1670 4.650665683419356
1671 5.031466524968888
1672 5.00469103241452
1673 4.827189770953046
1674 4.575924467381595
1675 4.543462941558437
1676 4.683140971678846
1677 4.892004496674685
1678 4.932999912981087
1679 4.890772199192768
1680 4.722906867928095
1681 4.564245258462417
1682 4.87115664771469
1683 4.733512080226791
1684 4.507003808708378
1685 4.720824141146932
1686 4.6156007354166055
1687 4.889086626882633
1688 5.437712490939601
1689 5.33896041198381
1690 4.8136821811588435
1691 4.649326936626999
1692 4.720744412589826
1693 4.742724662204327
1694 4.520699339528684
1695 4.77160661669472
1696 5.055308851164094
1697 4.4195379322897415
1698 5.418465196391656
1699 4.8303710487016085
1700 4.972229453421026
1701 4.99497753984721
1702 4.98839994463078
1703 5.2046452140294415
1704 5.106137833204864
1705 4.829025399033156
1706 4.92858053572699
1707 5.375795481743762
1708 4.544054565707533
1709 4.549549080182318
1710 4.697660391584944
1711 4.7408289313839775
1712 4.812191501892367
1713 5.0191988199675
1714 4.890807008489811
1715 4.6583606066068635
1716 4.764108652603143
1717 4.8143223355247375
1718 4.616559862242251
1719 4.892172351887789
1720 4.873799810255758
1721 4.917458425625239
1722 5.00018973281987
1723 4.758930179786449
1724 4.9989313985347215
1725 4.553874113316462
1726 4.722060576561646
1727 5.400939497076587
1728 4.3403700196049035
1729 4.958827818648156
1730 4.840339060662597
1731 5.157243051798622
1732 5.102358044709673
1733 4.791641305205017
1734 4.890954950298116
1735 5.050248379510241
1736 5.3601534262856925
1737 5.006543180941232
1738 4.594364934920262
1739 5.234302391948951
1740 4.548053696793676
1741 4.605912161972479
1742 4.99616618300917
1743 4.714643829644387
1744 4.496285856488491
1745 4.513903261764046
1746 4.523451752356052
1747 4.907050620452751
1748 5.159751133802042
1749 4.392799758412641
1750 4.806300986661389
1751 5.26629502266357
1752 4.708416390681865
1753 4.634302516628137
1754 4.492711354190148
1755 4.957234796218637
1756 4.881732838488128
1757 4.66524063972547
1758 4.89924821478109
1759 4.651285249942666
1760 4.582595438001479
1761 4.884419393780794
1762 4.721014350774425
1763 5.11914176253951
1764 4.759179532124116
1765 4.804070449784875
1766 4.804759877655157
1767 4.973115689312056
1768 4.43006674982566
1769 4.950861995679635
1770 4.862072823869341
1771 4.765496595300779
1772 5.089021480539999
1773 5.033446174500688
1774 4.5567814189796625
1775 4.79051031657902
1776 4.815188226623762
1777 4.924613941592002
1778 4.381105625056371
1779 4.945059741838099
1780 5.2169481943462825
1781 4.658710186796498
1782 4.905442866510111
1783 4.617200323643615
1784 4.2575870500176185
1785 4.881170553386034
1786 4.60176855495956
1787 4.908131959367016
1788 5.029696027663263
1789 4.802204901407101
1790 5.363128120336877
1791 5.075704493274698
1792 5.6936397464531705
1793 5.210316558252855
1794 5.125540605118299
1795 4.9680032525066355
1796 5.018901407052001
1797 4.94152346810685
1798 4.653890479022603
1799 4.966406691530098
1800 5.374937408608843
1801 5.056670629106982
1802 5.037892281782614
1803 4.55573316823038
1804 4.846714788412568
1805 4.673606789064179
1806 4.795531284096393
1807 4.837991379518684
1808 4.4289896628126675
1809 4.776914048930316
1810 4.703952165939654
1811 4.78815980972168
1812 5.252120409948095
1813 4.630680987387537
1814 4.309313174187327
1815 4.762925584563858
1816 5.02690606345266
1817 4.57195857555445
1818 4.692256247707645
1819 4.73429055131803
1820 4.873797659174269
1821 4.793068043643936
1822 4.765948271739663
1823 4.539842446469804
1824 4.658169140076211
1825 4.56454340766363
1826 4.660857817961399
1827 5.177134738242236
1828 4.683161585098212
1829 4.811107439007819
1830 4.458001152816102
1831 4.864903880064496
1832 4.85586447651013
1833 5.697364455737539
1834 4.8956848193898335
1835 4.707643608598082
1836 5.023948535762935
1837 5.018215811534607
1838 4.880113881599362
1839 4.785511854929812
1840 5.314667878566335
1841 4.677329755602017
1842 5.021608866805126
1843 4.919100281306975
1844 5.578097172686421
1845 4.95713814853674
1846 4.944615595599482
1847 4.767798648915837
1848 4.875072586947034
1849 4.8922154003615
1850 4.662142320848165
1851 4.742755899434039
1852 4.799646222495709
1853 4.9328115539946555
1854 4.606532043679392
1855 4.718259075221985
1856 4.573474080461366
1857 5.173021318030132
1858 4.702231414715393
1859 4.496692056234361
1860 5.1252230109912045
1861 4.574673732920292
1862 4.341860394561311
1863 4.652418502973577
1864 4.6388026611563635
1865 4.748109655764241
1866 4.9666678059931355
1867 4.7597587587715005
1868 4.606632738285216
1869 4.708642931668862
1870 4.639571673873478
1871 4.780156192642566
1872 5.470827702920307
1873 4.744253168383552
1874 4.645084378735152
1875 4.462013327868927
1876 4.669830412036695
1877 4.6554386525895985
1878 4.884141352323168
1879 4.995164863676094
1880 4.743051834269042
1881 5.095164960090234
1882 4.7802253996428945
1883 4.552960577616824
1884 4.629602971407592
1885 4.7529793968100895
1886 4.678286988046083
1887 4.78519771463766
1888 4.959810133810005
1889 4.544676589932456
1890 5.012483828774193
1891 4.465468674107845
1892 5.042998604446155
1893 5.207172739461471
1894 4.759396765799527
1895 4.872474594534477
1896 4.542851979597708
1897 4.644757832164796
1898 4.661850069918127
1899 5.299907658118283
1900 5.03035735388632
1901 5.169634177374621
1902 5.02895904381532
1903 4.81407267024458
1904 4.613654481068103
1905 5.124889637479884
1906 4.699758065216859
1907 4.405902412905023
1908 5.297431284701623
1909 5.090769148908795
1910 4.875081488773436
1911 4.917463838502667
1912 4.9002915474857165
1913 5.016816927619681
1914 4.940181105294895
1915 4.451084391203429
1916 4.783008396053208
1917 5.097049412623741
1918 5.185556288012275
1919 4.843220046197626
1920 4.721934137402589
1921 4.78183952761779
1922 4.931530389478511
1923 4.554232405157935
1924 4.7972191346527815
1925 4.59399054160038
1926 4.963674259021059
1927 5.014952641149185
1928 4.7548162892025365
1929 4.449108243355522
1930 4.90195279164193
1931 5.883756415334179
1932 5.464049482524821
1933 4.889072474240952
1934 4.71847662458164
1935 5.497343600932136
1936 4.8843378450602275
1937 4.575402647468603
1938 5.017146300046305
1939 4.700411830278163
1940 4.827989537387913
1941 4.6885481995835026
1942 4.654352786414937
1943 4.758292558798969
1944 4.265517956886248
1945 4.843635260378785
1946 4.856056646798664
1947 5.926808651010216
1948 5.410074721565207
1949 4.936142800009035
1950 4.689274889386329
1951 4.901021708569003
1952 5.411919537238935
1953 5.544274701295594
1954 5.007006384307509
1955 5.295027685261498
1956 5.4144378288349575
1957 4.898346016482604
1958 5.054445672219234
1959 5.244153386430577
1960 4.670329374963807
1961 4.582527546190282
1962 4.622231344303026
1963 4.831075712794643
1964 4.572162468197965
1965 4.3465177825246615
1966 4.655576556246671
1967 4.592989048561029
1968 4.877465305712946
1969 4.963137031876771
1970 5.129667432809293
1971 4.873603319997285
1972 4.892752968988791
1973 4.851443349131661
1974 4.846796279725219
1975 4.944564314565152
1976 4.825789277049839
1977 5.000730775150919
1978 4.9953161064292955
1979 4.712583912370061
1980 5.587160573013785
1981 4.483433647076987
1982 5.314062153116768
1983 5.065053828088248
1984 5.0290305609967785
1985 4.929872219215667
1986 4.998407225383188
1987 5.228956480839179
1988 4.8941405346416245
1989 4.7173693742257115
1990 4.88147562713594
1991 4.914786730105347
1992 4.7893384354401345
1993 5.61872960961511
1994 4.813218214359181
1995 4.821428869531275
1996 4.8045337150510115
1997 4.608690502980266
1998 4.799654586526457
1999 5.617286818258919
2000 5.12387762855935
2001 4.810390516728699
2002 5.312983425467283
2003 5.11138069970613
2004 5.363203361554697
2005 4.919301876832585
2006 4.607993649575913
2007 5.736895412013389
2008 4.794311190494232
2009 5.652301758433887
2010 5.658230816679399
2011 4.682411411769337
2012 4.687161059495544
2013 4.369776081248868
2014 4.999623223593683
2015 4.984364130908121
2016 5.848623175399627
2017 4.969488093409369
2018 5.067176576469578
2019 6.174791025685075
2020 5.122774307548413
2021 5.845470064448617
2022 4.9637427992870204
2023 5.091887739598989
2024 6.026240582788733
2025 5.239826843502125
2026 5.312467200373848
2027 5.21055857738854
2028 5.468160831646798
2029 4.912248069841729
2030 5.274146471891778
2031 5.2532707644439665
2032 4.756820529503823
2033 4.9213540084780325
2034 4.815225727860015
2035 5.460639387958272
2036 5.375626374645553
2037 4.6049454356162585
2038 5.130704573799203
2039 4.709829213199171
2040 4.618771329992611
2041 4.497220488200844
2042 4.6686761988713785
2043 4.7445273768530365
2044 4.425240429456455
2045 4.615119885067551
2046 4.223426731439146
2047 4.646057736625309
2048 4.742060595013796
2049 4.798273627522315
2050 4.577003065852075
2051 4.945479674880839
2052 5.00707427809622
2053 5.095725354404564
2054 4.7007782913955705
2055 4.7123596203879154
2056 4.80528539305862
2057 4.974317204026405
2058 4.625223188896005
2059 4.5494632990797195
2060 4.961984507098812
2061 4.626268353578758
2062 4.7483143509596255
2063 4.801009849286965
2064 4.557055504214056
2065 4.887001925661829
2066 4.791789422775875
2067 4.537425330587779
2068 4.547356180370436
2069 4.488007628471359
2070 5.0011740331108765
2071 5.139609103197398
2072 4.819105252604773
2073 4.8493882414902165
2074 4.699215383140433
2075 4.967219869750799
2076 4.7791884112666345
2077 4.79385792030728
2078 5.352977087189597
2079 4.740957401433018
2080 4.7603472298121465
2081 4.529665205933383
2082 4.48182242003779
2083 4.712994901056728
2084 4.719277771493473
2085 4.606425578060911
2086 4.784813133257639
2087 4.642790830356321
2088 4.662763014203622
2089 4.661516088331509
2090 4.99339290324706
2091 4.716844374376356
2092 4.837360099316258
2093 5.055672386516608
2094 4.771997125618888
2095 4.613032919664688
2096 4.739024860824172
2097 4.748829382447446
2098 5.045020808528079
2099 4.685771840150451
2100 4.927716043360875
2101 4.616307662403673
2102 4.792209625860945
2103 4.817197971209349
2104 5.054535004471797
2105 4.915790159921555
2106 5.3256506212757255
2107 5.32754480512059
2108 4.959842867276834
2109 5.223680912887792
2110 4.677770683830767
2111 4.616856940843719
2112 4.578238293883387
2113 5.5221111577350275
2114 5.0891082306749205
2115 4.94596200500691
2116 4.845649269835912
2117 4.754689536921717
2118 4.734771862322958
2119 4.86320772858747
2120 4.514332244109611
2121 5.434938677621016
2122 4.689629754101469
2123 4.795136367245857
2124 5.019977812561636
2125 4.780033788258226
2126 5.145974342605652
2127 4.978975616665459
2128 4.819100901130896
2129 4.291102135705624
2130 5.170751386834816
2131 5.590741235157475
2132 5.869789945347546
2133 4.970456249725079
2134 4.907078596504707
2135 4.867012690522973
2136 4.386910003439862
2137 4.592959103197964
2138 4.683274314828051
2139 5.282422904047327
2140 5.953109990886688
2141 5.887467440157718
2142 5.566608160708703
2143 5.2988577262350285
2144 4.586274446360917
2145 4.785923465172497
2146 4.8764053698289755
2147 5.044662694159164
2148 4.818565889636882
2149 4.57052704702255
2150 4.675433835972942
2151 5.018637742330659
2152 4.308424274373469
2153 4.605472192625106
2154 4.578005369061333
2155 4.490611234799699
2156 4.7239099091811205
2157 4.722656037010702
2158 4.803060600469186
2159 4.480762241885545
2160 4.685259988074319
2161 4.645586474619533
2162 4.866129060927678
2163 4.586769749226865
2164 4.595930179873531
2165 4.665975233456433
2166 5.071771140558372
2167 4.564291465531909
2168 4.804751258219127
2169 4.736843171840359
2170 4.613836278212775
2171 4.714722782272603
2172 4.50124089619681
2173 4.561339447469699
2174 5.049522223701695
2175 4.5274511473508525
2176 4.5831333981334925
2177 4.510661770235643
2178 4.270056759351811
2179 4.372412973195197
2180 4.302459834771225
2181 4.858654119728159
2182 4.821024554511787
2183 4.845826359188131
2184 5.03096251513982
2185 4.774006748844985
2186 4.82810068224782
2187 4.847513571761786
2188 4.858868818572855
2189 4.650735840037823
2190 5.054558108848352
2191 4.858916737032272
2192 4.686112822482066
2193 4.896304333786422
2194 5.185288360906802
2195 4.856553854582796
2196 4.481390549797395
2197 4.825086749895068
2198 4.81800752153144
2199 4.800208754875623
2200 5.086913667764391
2201 4.890495926145
2202 4.77101469635364
2203 4.917731585409456
2204 4.767405054428393
2205 4.857623426106202
2206 4.9911363176916375
2207 4.687259670328254
2208 4.614220639950216
2209 3.9173973196171405
2210 3.9875610031256894
2211 4.142146883482529
2212 4.267247238571952
2213 4.2965729797313665
2214 4.3799692921769315
2215 4.85264400020591
2216 4.463921593888608
2217 4.595895280259043
2218 4.759029371455701
2219 4.430952036943307
2220 4.132634320383244
2221 4.497493118762604
2222 4.735576838048344
2223 4.829025736489406
2224 5.236695575217056
2225 4.739570306361304
2226 5.077524925701999
2227 4.49761053020958
2228 4.530661189381256
2229 4.514529174955341
2230 4.5791480932868796
2231 4.639878217387705
2232 4.690772610437656
2233 4.499168244927378
2234 4.868416699453546
2235 4.568245392099529
2236 4.781559844832271
2237 4.822443864882605
2238 4.5147115891013065
2239 5.237367230051519
2240 4.563866218835684
2241 4.870284891311192
2242 4.65186023895617
2243 4.948057954536576
2244 4.755462825697737
2245 4.669302336656703
2246 5.072040829703384
2247 5.196057743711515
2248 4.9036818269795495
2249 4.594934008131245
2250 4.705296440228575
2251 4.954873827647492
2252 5.013558921474919
2253 4.777642877097278
2254 4.615184447501099
2255 4.715604011084916
2256 4.553507589494395
2257 4.511854625189373
2258 4.683221719783152
2259 5.064905309688578
2260 4.745135278874006
2261 5.629875285194149
2262 4.7160533159912434
2263 4.577162689090193
2264 4.714619063368826
2265 4.721158768787686
2266 4.626878029020479
2267 4.6359185061363855
2268 4.942619688032207
2269 4.576596456608935
2270 4.622000345463357
2271 4.483812487597823
2272 4.099245477638405
2273 4.470907717530782
2274 4.804812224657246
2275 4.69137015836823
2276 5.70162464738924
2277 4.810778508780195
2278 4.807960624763784
2279 4.856810154708424
2280 4.8652475605805945
2281 4.8876888212179095
2282 4.75835372327044
2283 4.834062980073117
2284 4.4694460253891775
2285 4.883811425428662
2286 4.767870694307915
2287 5.307970062913061
2288 4.552537096551275
2289 4.899216914002659
2290 4.515912217795883
2291 4.56333328908383
2292 4.767632959506882
2293 4.755199864318893
2294 4.692149357741075
2295 4.494319840328966
2296 4.518105974162593
2297 4.677729553698521
2298 4.8716384847379
2299 4.507344305919796
2300 4.623080371515024
2301 4.552491656061588
2302 4.381520067489873
2303 4.358903950953749
2304 4.449597433853785
2305 4.627222157412802
2306 4.81839344440089
2307 4.47079259207471
2308 4.962538661226895
2309 4.493961720245333
2310 4.272423337822469
2311 4.712749959786856
2312 4.499734152490128
2313 4.8538444384215484
2314 4.510575773642813
2315 4.6153326704074935
2316 4.502303920384924
2317 4.965562707991639
2318 4.685107783402154
2319 4.928447316115984
2320 4.7964705948566015
2321 4.823838549960144
2322 4.556072366325303
2323 4.978301328762483
2324 4.5627475976564105
2325 4.694148749752235
2326 4.478280023612113
2327 4.666207061354842
2328 4.546405393970501
2329 4.444342974686903
2330 4.845748154756036
2331 5.163854397092556
2332 4.3962824164058265
2333 4.9064547774750356
2334 4.962584978476133
2335 4.558076593516011
2336 4.905936009537461
2337 4.5720784508725965
2338 4.548794478220335
2339 4.588947335165978
2340 4.484582320044837
2341 4.824880391747978
2342 4.680646087586542
2343 5.147388861187317
2344 4.789677849667013
2345 4.70681214928345
2346 4.560569173957665
2347 4.65901278265454
2348 4.4337071130325025
2349 4.876840468175183
2350 5.069126712069744
2351 4.879772648781904
2352 4.696234255783015
2353 4.679228836558026
2354 4.488316387036124
2355 4.417427802415606
2356 4.448920096391672
2357 4.88684790120904
2358 5.1397780377486955
2359 4.840257262075557
2360 4.483241178038285
2361 4.902450399193737
2362 4.806187319639208
2363 4.739523032268579
2364 4.795471868492709
2365 4.404822335362954
2366 4.764382717021755
2367 4.4014358192482606
2368 4.4594259998450365
2369 4.6075472532033865
2370 4.9694488638445815
2371 4.60679897181734
2372 4.993471595688818
2373 4.195382274244184
2374 3.912712346899227
2375 4.070462900246273
2376 4.238343875953888
2377 4.295161453786188
2378 4.3023556910585175
2379 4.208790382358892
2380 4.0927791961254245
2381 4.127159691992782
2382 4.0149756420596034
2383 4.2317582735767445
2384 3.906881690740395
2385 4.398468387003855
2386 4.733787739787194
2387 4.451312225285187
2388 4.646724068640518
2389 4.278910068315579
2390 4.609254013049819
2391 4.5253943209178615
2392 4.734200004833472
2393 4.531827763722537
2394 4.58076289298534
2395 4.430653380322394
2396 4.822699745411474
2397 4.571827081386403
2398 4.558693499306443
2399 5.031131544006144
2400 5.054641502346329
2401 4.782628658622017
2402 4.59702289077891
2403 5.051985609302183
2404 4.916414099197342
2405 4.861871233319296
2406 5.039726883428805
2407 4.807668379234467
2408 4.81746268585132
2409 4.535611425241191
2410 4.648847965117175
2411 4.784859488936233
2412 5.237062885936862
2413 4.976994136243297
2414 4.9039824557765375
2415 5.509946667830402
2416 5.083246897640718
2417 4.787955638672162
2418 4.838856312187759
2419 4.739548847419902
2420 4.436445007313552
2421 4.32387363824303
2422 4.3363280873313785
2423 4.616627306885047
2424 4.453035064243367
2425 4.579992385533995
2426 4.718617157196628
2427 4.791698001398226
2428 4.502760956741083
2429 4.5665320773840765
2430 4.887111254029994
2431 4.537869294753055
2432 4.850776595740965
2433 4.490462600755212
2434 4.68767488698552
2435 4.894672771509186
2436 5.079096215304683
2437 4.6506466410132585
2438 4.8871474733092395
2439 4.919544614470336
2440 4.832286771094342
2441 4.66155643900108
2442 4.731871781596741
2443 4.886537327295507
2444 4.842887942607282
2445 4.496094616031196
2446 5.0241792487931525
2447 4.628937296746985
2448 5.002749335252771
2449 5.120497664289695
2450 4.991451175238229
2451 4.76645125870782
2452 4.5707961916220965
2453 4.731748550600164
2454 4.664798067160305
2455 5.311370089906354
2456 4.737552474982568
2457 4.671193933901517
2458 4.85816692938968
2459 4.882851933929997
2460 5.010524386203086
2461 4.856515923588554
2462 5.214662216821707
2463 4.753025874416994
2464 4.5532271119011565
2465 4.820214673070115
2466 4.813945316128597
2467 4.75730124906052
2468 5.087766010017383
2469 4.748680838855343
2470 5.232678000168686
2471 4.542921021871819
2472 4.721348618596504
2473 4.5876567692343775
2474 5.203712978995529
2475 5.631645471130988
2476 4.756770661674629
2477 4.067125440389802
2478 4.721828200409318
2479 4.733520252842373
2480 4.774707734891055
2481 4.9828750641536494
2482 4.607126717589606
2483 4.944955558169139
2484 4.6897730172441126
2485 4.7568132867148405
2486 5.034695633893059
2487 4.610412394323364
2488 4.919171215124486
2489 4.60068901104608
2490 4.829430394525371
2491 4.901750964340985
2492 4.929297772929427
2493 4.865467268474856
2494 4.971246857527985
2495 5.045182367814527
2496 4.9745940900373835
2497 5.266150695632822
2498 5.106382639963721
2499 4.966444973370509
2500 5.134692396722134
2501 4.947523223072676
2502 4.712971421386121
2503 4.882004884768271
2504 4.832685058176259
2505 4.953625783034164
2506 5.144937568201481
2507 4.845417687846857
2508 4.937071843821094
2509 4.944890705004753
2510 4.692645226985628
2511 5.346575639838564
2512 4.7927231823771095
2513 4.864576720450514
2514 4.6160269668949185
2515 4.846606236117542
2516 4.867825389250602
2517 4.746055516177557
2518 4.573533229960327
2519 4.720992800119405
2520 4.907374977923698
2521 4.872708447149996
2522 4.493286425358144
2523 4.679316291736007
2524 4.518830055859184
2525 4.922857527859406
2526 4.585503447521964
2527 4.40252296228245
2528 4.754652906173194
2529 5.393176048261685
2530 4.58994773354138
2531 4.660222526725014
2532 4.634776430257555
2533 4.7721858302062055
2534 4.690852545694428
2535 4.812236717023731
2536 4.668915550120953
2537 4.591249802163857
2538 4.683071975168948
2539 4.766682945496646
2540 5.161296386398329
2541 4.6204866648456
2542 4.638355986275708
2543 4.806626701381228
2544 4.840667933371333
2545 4.658738804180286
2546 4.652217335743034
2547 4.631340799737275
2548 4.517647875272261
2549 4.7225968788750485
2550 5.0053046466581375
2551 4.6201128959903555
2552 4.682542399958293
2553 4.840275320771052
2554 4.816773973273895
2555 4.868529236541416
2556 4.534880768921164
2557 4.675252250293004
2558 5.278476685005598
2559 5.062416896680934
2560 5.204268402254354
2561 5.2475081229762175
2562 5.379893760043889
2563 4.821531331869293
2564 5.155218982572666
2565 4.887697466360777
2566 4.770510992716448
2567 4.694432773909388
2568 4.84793670458177
2569 4.547416059321033
2570 4.703664273478974
2571 4.582586250715229
2572 4.642082734716791
2573 4.889297237162968
2574 4.759084215690396
2575 4.763604051540251
2576 4.960056446725479
2577 4.840458864568854
2578 5.201097977447758
2579 4.717979118161129
2580 4.500387547647011
2581 4.676874116334538
2582 4.586696116876023
2583 4.700636197036898
2584 5.242521535400891
2585 4.793570562463332
2586 4.923836919981764
2587 5.2170961813682
2588 4.416538505470835
2589 4.670270443105465
2590 4.830788303574232
2591 4.935096692963602
2592 4.774512113309746
2593 5.013533592819865
2594 4.884942977345604
2595 4.753330796797622
2596 4.66818353866205
2597 4.8265972557147245
2598 4.707542908213545
2599 4.893849649773373
2600 4.712990677842303
2601 5.593290976352571
2602 4.704843220628895
2603 4.794076836050061
2604 4.937042640878281
2605 5.050376922907077
2606 5.069473219804544
2607 4.8068519500825655
2608 4.797018669986086
2609 5.25900602060083
2610 5.2276327337954624
2611 4.824622909361374
2612 4.6419474768681415
2613 4.857903507145203
2614 4.932596486550136
2615 4.467745002523532
2616 4.770857305390919
2617 5.049343867590366
2618 4.947198868574118
2619 4.807171899009109
2620 5.010666056223785
2621 4.777818260080759
2622 4.567952032185866
2623 4.617093447334129
2624 4.647009637581522
2625 4.568208196488679
2626 4.711414036418163
2627 4.458881903034226
2628 4.776141504609804
2629 4.677146067389098
2630 4.458177077284514
2631 4.383231196367547
2632 4.483554208845996
2633 4.555100427646465
2634 4.9168652234164325
2635 4.902660492169321
2636 4.679128836696695
2637 4.7400728062494055
2638 5.038595304652222
2639 4.846861364974994
2640 4.63336728923866
2641 4.902594004721472
2642 4.999691994900193
2643 4.90628781337527
2644 5.222319620429123
2645 4.8151752530650835
2646 4.8866334885186165
2647 4.6075761372834725
2648 4.513202575685579
2649 4.326615303489529
2650 4.6554963950868755
2651 4.728151636353306
2652 4.697939252458236
2653 4.736608636397688
2654 4.865947108342027
2655 4.581217777394032
2656 4.8351782226480315
2657 5.202751782010312
2658 5.1510610375731885
2659 5.031489924553098
2660 4.521794010022389
2661 4.81722526483899
2662 4.634408489320887
2663 4.5865560912021115
2664 4.562262503398198
2665 4.422204908993148
2666 4.530451562814435
2667 4.842487846826505
2668 4.607243601435289
2669 4.932214654991998
2670 4.956900975580406
2671 5.081056316750135
2672 4.64583440226893
2673 4.687127768481901
2674 4.82172023019708
2675 4.6228479587121285
2676 4.753284449246581
2677 4.702945373258578
2678 5.001893580627055
2679 4.546972160679696
2680 4.696914775098283
2681 4.728353322951541
2682 5.128572734358866
2683 4.704827371600217
2684 4.385828209242521
2685 4.784171141264276
2686 4.980980377761316
2687 5.000289800485849
2688 4.550408688238192
2689 4.907332316331621
2690 4.9371772355929355
2691 4.743640126033021
2692 4.91646393597624
2693 4.9763082472892854
2694 5.151373558528224
2695 4.924156263454603
2696 4.868170841183435
2697 5.7508888227944235
2698 6.005765715594501
2699 6.0697560290585395
2700 5.24849708130959
2701 4.319028214452378
2702 5.006488447484263
2703 5.0458472300431945
2704 4.634384006761768
2705 5.063238546539992
2706 4.648598734489122
2707 4.443699237649843
2708 4.249512795571927
2709 4.710155698205898
2710 4.549649398642145
2711 4.689748947678197
2712 4.941311083956208
2713 4.673692359517674
2714 4.855013821879957
2715 4.459526709348671
2716 4.76495713979199
2717 4.536284109212267
2718 4.690737178658948
2719 4.766033868150816
2720 4.372260304751464
2721 4.649065760493184
2722 4.757268004681604
2723 5.180916732339872
2724 5.091021550727295
2725 4.756249897793622
2726 4.765810105237731
2727 4.639106767800337
2728 4.582916117712874
2729 4.66290308317765
2730 4.831702016756554
2731 4.519187226900243
2732 4.6919878907316255
2733 4.726352653166587
2734 4.613614504960663
2735 4.497684426964271
2736 4.634663471558362
2737 5.134419289802342
2738 4.976302911207718
2739 4.5421218849679965
2740 4.643004640922887
2741 4.6520387765730895
2742 4.18107120102479
2743 4.700572560361855
2744 4.7610657353867865
2745 4.8509047162054735
2746 4.766018172831775
2747 4.479247709542915
2748 4.6704261296787015
2749 5.2366126984412285
2750 4.611274672444893
2751 4.825761552947718
2752 4.3874245405360695
2753 4.572047110337828
2754 4.650705096406017
2755 4.740032475721461
2756 4.704734454961229
2757 4.643552886836516
2758 4.746843679275478
2759 4.573182057067502
2760 4.815304341172122
2761 4.579562007645687
2762 4.7669483475972525
2763 4.6224906546291615
2764 4.812736950901669
2765 4.758933592778092
2766 4.589020640263757
2767 4.859391025372879
2768 4.94727483726785
2769 4.584484321654689
2770 4.707468965278277
2771 4.6451075917185305
2772 4.681137587582975
2773 4.879366831323446
2774 4.946857306497847
2775 4.9987583013451395
2776 4.700745723168465
2777 5.041338067067875
2778 5.067855615776166
2779 4.976968616737845
2780 5.466385961235347
2781 5.036585461604082
2782 4.941077808031951
2783 4.7174743762097595
2784 5.014142051969973
2785 4.8791274379396175
2786 4.99203089564956
2787 5.034407344589101
2788 4.870302451208892
2789 5.2034694010581335
2790 4.75494439764028
2791 4.698664963625846
2792 4.9180436490161386
2793 4.806091535576014
2794 5.117548354602244
2795 5.43760849884214
2796 5.021861680691592
2797 4.681714179479518
2798 4.789249262108377
2799 4.767291887686963
2800 4.582970743450187
2801 4.588953390285203
2802 4.87144541737537
2803 4.888093658952243
2804 4.909869179588027
2805 4.99494100386592
2806 4.84659350232806
2807 4.9194004475663675
2808 4.92276152549613
2809 4.927931257102518
2810 4.879222512311338
2811 5.437156889387603
2812 5.151850347784614
2813 5.138265718023896
2814 4.899633093930327
2815 5.22008953276105
2816 4.847921551289656
2817 4.555389865656252
2818 5.044318850231863
2819 5.299083170648432
2820 4.957829944701616
2821 4.9598730003783
2822 4.668066707947209
2823 4.671187483251954
2824 4.922149328442409
2825 5.423067735597555
2826 5.131704611203371
2827 5.138403004414712
2828 5.0612817669882295
2829 5.092083281423056
2830 4.760863906517163
2831 4.22473437353325
2832 4.515750322949366
2833 4.524451399968118
2834 4.8583260335089005
2835 4.77049835466766
2836 4.780065748729267
2837 4.905968396323547
2838 4.299117502752658
2839 4.236734157801342
2840 4.2359396311096
2841 4.575845288815594
2842 4.041777236743367
2843 4.429332877332461
2844 4.583521812518231
2845 4.130530774327991
2846 4.2172815438979185
2847 4.314659087509649
2848 4.206004655985462
2849 4.398438495385627
2850 4.486472840982984
2851 4.204251243380799
2852 4.428695307637872
2853 4.721874637999759
2854 4.725751202145751
2855 4.7036671401698635
2856 4.712147176223863
2857 4.899712410075858
2858 4.7367311499263325
2859 5.337138924102654
2860 4.764159868485538
2861 5.006017274052106
2862 4.488809335899635
2863 4.818451841007735
2864 4.8235030634606995
2865 4.705291633700421
2866 4.7863865574181546
2867 4.561059475176651
2868 4.661664950325804
2869 4.6339314418967374
2870 4.626463084114002
2871 4.627965553763072
2872 4.522530252745138
2873 4.706976207393819
2874 4.519340943537807
2875 4.715690800390386
2876 4.967530917549033
2877 5.027185370516111
2878 5.190677460692304
2879 4.893913700207203
2880 5.193225066342
2881 4.619154321450526
2882 4.505414540839106
2883 4.799841952928951
2884 4.943639433521621
2885 4.7603765086077106
2886 4.9672169440435985
2887 5.00506205241428
2888 4.607111383779326
2889 5.046088547547909
2890 5.033258555377011
2891 4.7808057505518
2892 4.700075679759166
2893 4.691310537535108
2894 4.4371833113284795
2895 5.016582154950681
2896 4.80228577678357
2897 4.656353519915589
2898 4.884024485710084
2899 5.047154655053972
2900 4.949084747982324
2901 4.681786711096956
2902 4.862027716032818
2903 4.395216582268997
2904 4.609161330503725
2905 4.894215554683019
2906 4.638107099931963
2907 4.606896083461434
2908 5.069635587739082
2909 4.883448017850333
2910 4.764055928832252
2911 4.755225605785587
2912 4.546892005100705
2913 4.796056199619194
2914 4.7997071765248025
2915 4.281221368856823
2916 4.638043257304492
2917 5.206820434051764
2918 4.713045782678571
2919 4.756833116513429
2920 4.845693625030543
2921 4.679376346942796
2922 4.537020392146847
2923 4.751238537764257
2924 5.244509199647232
2925 4.938918021926547
2926 4.994507512520098
2927 4.526019479457433
2928 5.0185197791494165
2929 4.776854382619652
2930 4.669157191134706
2931 4.775180377316877
2932 5.055072318086708
2933 4.894434143563899
2934 4.513566850854376
2935 4.663206517390423
2936 4.972682421857524
2937 4.843009669428085
2938 5.109299633404868
2939 5.056792491967933
2940 4.684334761223941
2941 4.7598692552057855
2942 4.910838207919282
2943 4.853332763653031
2944 5.082590487798087
2945 5.3406862166672155
2946 4.97525113614755
2947 4.869029498382815
2948 4.512768685114111
2949 4.685851766631452
2950 4.656422129347025
2951 4.768899638565455
2952 5.0878901574367195
2953 4.772783305110813
2954 4.889184537139746
2955 5.00284456088524
2956 4.982069435432541
2957 5.440587997150081
2958 5.0514097243532206
2959 4.784329115811513
2960 4.848710347021677
2961 4.399992576584775
2962 4.851808591917625
2963 4.822622724018373
2964 5.001195943841019
2965 4.552357375221429
2966 4.652688649893515
2967 4.625971813367022
2968 4.967500476073113
2969 4.535762801547545
2970 4.566391996958518
2971 4.713244189617227
2972 4.735015757452359
2973 4.7028776640537835
2974 4.657107501250879
2975 4.8448453919077865
2976 5.089678222282611
2977 4.833931839995014
2978 4.829282629335114
2979 4.667501513887434
2980 4.6128055950672975
2981 4.6014413298002665
2982 4.5416722887573755
2983 4.7775627135293135
2984 5.013394341034395
2985 4.5996554494463595
2986 4.705178085411733
2987 5.090224848598464
2988 4.644316614690116
2989 4.5381749648861165
2990 4.403851858174666
2991 4.958743731444685
2992 4.485861556266286
2993 4.771413600913674
2994 4.599058949749151
2995 4.790309563185075
2996 4.922876840637121
2997 4.474830556103835
2998 5.075379039524629
2999 4.703541104621087
3000 4.928936893083079
3001 4.889277483497953
3002 4.698045401402329
3003 4.502624551491101
3004 4.823513794984941
3005 5.059157809323258
3006 4.676617063263331
3007 4.717827801235762
3008 4.782424517362273
3009 4.525099921057783
3010 4.514790770485379
3011 4.493952735653571
3012 4.83574599042937
3013 5.0797342918300625
3014 4.626024398281905
3015 4.55645933852647
3016 5.080164759358236
3017 4.549164491527507
3018 4.511578042276653
3019 4.574460898561218
3020 4.4857264849146175
3021 5.099486494143098
3022 4.9093815695702
3023 4.731551803707208
3024 5.134355741274649
3025 4.706138286292458
3026 4.594510462275474
3027 4.720148605288828
3028 4.73141427893746
3029 4.801153690316424
3030 4.8008528364167375
3031 4.849965025948518
3032 4.49930842626791
3033 4.709354487758245
3034 4.534380865628505
3035 4.400589318568724
3036 4.744306732112109
3037 4.70536665698271
3038 4.39272451584145
3039 4.951043275778674
3040 4.878826715639406
3041 4.769615364051764
3042 4.6620136989950085
3043 4.560386653838252
3044 4.9414746686008275
3045 4.665021646549062
3046 4.838525595075403
3047 4.844493247182256
3048 4.804506151333197
3049 5.163206954285816
3050 5.0281656893764906
3051 4.8711818961709366
3052 4.664660907551246
3053 4.853991177650945
3054 4.720456509825271
3055 5.059610204421288
3056 4.922142408476738
3057 4.957092568485171
3058 4.865345392835356
3059 5.264776751742653
3060 5.387580684943518
3061 4.675260444881957
3062 5.000479537119906
3063 5.179064077652624
3064 5.357831276869694
3065 5.090293434901121
3066 5.1038427466380885
3067 4.5916548122506935
3068 4.940504230066468
3069 4.618724468955292
3070 5.113763888510224
3071 4.745818713319573
3072 4.510578726484914
3073 5.791415484290888
3074 4.83278758170769
3075 4.983223601124338
3076 4.8057803267608215
3077 4.988762364733593
3078 5.0569451206942615
3079 4.919991422720927
3080 5.053999843094199
3081 4.675345074353874
3082 4.9544823845568695
3083 4.922107237253581
3084 5.218810429274182
3085 5.151203495820871
3086 4.602015379788035
3087 4.82523752803039
3088 4.732499840421945
3089 4.6417947897596035
3090 4.871609833426624
3091 4.663846975598306
3092 4.903836685796573
3093 4.649231084978706
3094 4.937373613121369
3095 4.670073076660795
3096 4.650225171751476
3097 4.926294563536169
3098 4.906055636411032
3099 4.639260906754375
3100 4.821209058366868
3101 5.062880796388366
3102 4.76645527264906
3103 4.927560553394349
3104 4.613859101182141
3105 4.707577777696547
3106 5.205093325596773
3107 4.68238955816315
3108 4.809065546166234
3109 4.860824213347175
3110 4.920238751996542
3111 5.202077240602067
3112 4.874213445851915
3113 4.833945172452625
3114 4.71063565288906
3115 5.023817032410219
3116 4.55991861821652
3117 4.618636926968169
3118 4.837702410055533
3119 4.7085029995986964
3120 5.118255884660583
3121 4.672249842956329
3122 4.690630161395978
3123 4.632704192753585
3124 4.571081643747563
3125 4.749591621048597
3126 5.292381901304875
3127 4.718473108703309
3128 5.196477107092264
3129 4.737287999875384
3130 4.657558148177843
3131 4.617977239273541
3132 4.886997505221694
3133 5.176313042624026
3134 4.754362952134347
3135 4.703195604063208
3136 4.750187612480554
3137 4.9454796655003435
3138 4.827849212349121
3139 4.631338649896546
3140 5.210064167325463
3141 4.970625250744196
3142 5.170883592236689
3143 4.621724862144566
3144 4.622564222669264
3145 4.527649890044928
3146 4.893320942976557
3147 4.741681046524016
3148 4.533109198388271
3149 4.665838119532995
3150 4.79692365803061
3151 5.1374015265005015
3152 5.667850014034675
3153 4.920327777203924
3154 4.804749913896209
3155 4.796575077448396
3156 4.517926028044927
3157 4.818195266412461
3158 4.902480591806496
3159 4.4959170431453135
3160 4.679131822037773
3161 4.583104042231796
3162 4.763791902211178
3163 4.792149114585848
3164 4.669691284897802
3165 4.637022090074255
3166 4.496957394856146
3167 4.769423736441979
3168 4.849355971365808
3169 4.982910300139655
3170 4.636545323613703
3171 4.546506060476128
3172 5.231228577222414
3173 4.580137754658975
3174 4.987089597280823
3175 4.891902449027371
3176 4.733464536266136
3177 5.043251397721674
3178 4.646185194056777
3179 4.702654984841075
3180 4.665890625239162
3181 4.995588588096281
3182 4.5580795151844855
3183 5.067518951814067
3184 4.754372975524173
3185 4.573394124961321
3186 5.016603567951743
3187 5.145054720848033
3188 5.220256810516413
3189 4.979133888529298
3190 4.755994902970399
