0 7.493611468514252
1 7.571438134111928
2 7.320624932160803
3 7.609050417867223
4 7.262566750214398
5 7.440507491206618
6 7.417424327602257
7 6.955801415248841
8 7.262518719712517
9 7.537751762170545
10 7.278572038862781
11 7.19716725953114
12 7.430860930147243
13 7.466432244287052
14 7.317163064754306
15 7.3887738536453025
16 7.269830026182332
17 7.634210527756669
18 7.268654498108258
19 7.719679476972689
20 7.2991805788278725
21 7.62109328026995
22 7.503402531664511
23 7.511097797183411
24 7.431109540665202
25 7.7333476577909686
26 7.29689482823177
27 7.2127733259728855
28 7.36306910106273
29 7.507890632198053
30 7.407913072624416
31 7.365232644876898
32 7.457280660201095
33 7.640829617116956
34 7.439226805935643
35 7.19517850451953
36 7.35771358482019
37 7.619557141342977
38 7.23452370730798
39 7.608543267911137
40 7.574559591475127
41 7.589182299822232
42 7.12651115473641
43 7.709020497688965
44 7.288406442414519
45 7.69932533345965
46 7.712373647490393
47 7.762957651305059
48 7.635726564685163
49 7.205753387492581
50 7.235020453884051
51 7.515422394179102
52 7.438252914602614
53 7.349649904654106
54 7.698474530440502
55 7.242559444317173
56 7.202413431388301
57 7.4885684686269665
58 7.226889937304102
59 7.36847374519381
60 7.393104185481729
61 7.302363572528577
62 7.597664437884875
63 7.334401273944416
64 7.4990238629381825
65 7.565477918820947
66 7.646100894475311
67 7.2527506742191505
68 7.407871811881768
69 7.149833082203161
70 7.433459116590957
71 7.226847870135431
72 7.378125882931145
73 7.438128079729651
74 7.433933698767412
75 7.097261117898058
76 7.44875597866302
77 7.175806282577841
78 7.289509546308038
79 7.3142216277601655
80 7.735228216809832
81 7.640345496470225
82 7.9617551411381395
83 7.597334387733234
84 7.07388569600094
85 7.584783019722472
86 7.437430070384474
87 7.353796243949149
88 7.766908416904611
89 7.626968886139383
90 7.248876142116773
91 7.7321434212561035
92 7.599818897003523
93 7.704619357883222
94 7.348593481241723
95 7.555635266688041
96 7.886573068877278
97 7.654592624525949
98 7.443713163692037
99 7.623077739360404
100 7.662489660408296
101 7.750863554521865
102 7.822433660649236
103 7.493829405330382
104 7.409035033169222
105 7.50326895981311
106 7.254884861063435
107 7.560403215940291
108 7.715677717641151
109 7.74719175858642
110 7.537585708780134
111 7.695291485411358
112 7.372659387025063
113 7.609357487857311
114 7.5876605359988325
115 7.330282907708909
116 7.4611811012995854
117 7.678395334430787
118 7.534148088066313
119 7.69326206305549
120 7.787312157621646
121 7.343595592872213
122 7.6313884687565094
123 7.444858667559468
124 7.4802395518320015
125 7.717814305969776
126 7.323086303343582
127 7.430659985264365
128 7.938571508906935
129 7.461430748613961
130 7.849407624362597
131 7.5598817770628735
132 7.531333651019177
133 7.720235819568285
134 7.707717340361077
135 7.259589335020834
136 7.512021181538932
137 7.5449242788690905
138 7.3706046189257215
139 7.230824581844004
140 7.620300682742757
141 7.006753391040691
142 7.403282803371702
143 7.244070737810672
144 7.503525322750581
145 7.439951100235076
146 7.07153117805999
147 7.326639326162736
148 7.488517422621413
149 7.2929319073139025
150 7.3928349236166735
151 7.318556765045926
152 7.406441184914785
153 7.512143874189598
154 7.24959029467784
155 7.2082421808780675
156 7.328587096533351
157 7.243926008063955
158 7.17356687923545
159 7.628163844416832
160 7.519602697617208
161 7.6281609935562225
162 7.289651030104647
163 7.535464276361345
164 7.396211047142698
165 6.898798379946807
166 6.989442814549096
167 7.3660143487350895
168 7.296277724865296
169 7.398792003988326
170 7.879148902051412
171 7.344291192276389
172 7.334113273150052
173 7.403947882438283
174 7.206166926059179
175 7.154633017517986
176 7.510306471843038
177 7.265450149413347
178 7.25134435833867
179 7.313070857243768
180 7.1575418944190465
181 6.932170918537066
182 7.263159215712408
183 7.19751048333169
184 7.090607369787478
185 6.939686957428156
186 7.517157053625937
187 7.154710527431167
188 7.085078662112829
189 7.28433841946667
190 6.86505312863557
191 7.269382961965302
192 7.233761270446139
193 7.234425532562705
194 7.3706941192933915
195 7.338334748028552
196 7.525467290665416
197 7.663457610063491
198 7.5895671937153715
199 7.602885495086142
200 7.065102593847063
201 7.495228481288181
202 7.687179135815805
203 7.629247383185731
204 7.553200051183783
205 7.189998270534085
206 7.3200359048085515
207 7.643981662623888
208 7.297634480202156
209 7.039364667793368
210 7.0505943884301745
211 7.300949973962839
212 7.315613966804058
213 7.491824398134642
214 7.248294673029809
215 7.332247770714016
216 7.285665494588306
217 7.180085602474351
218 7.280355593810646
219 7.444682236461489
220 7.10667883796194
221 7.255026095530798
222 7.267192230458686
223 7.084188815440271
224 7.136473273762657
225 7.376187621926745
226 7.013442201896547
227 6.915138121537209
228 7.118593115966351
229 7.116548645289047
230 7.338466320938051
231 7.557394597170037
232 7.266753488617759
233 7.117903674787937
234 7.128090790352801
235 7.210051341692117
236 7.0324878777321
237 7.133553367603782
238 7.099989736792436
239 7.123894043288159
240 6.966112350608844
241 7.301188936118468
242 7.345586875266708
243 7.0996324746495
244 7.4102811721457895
245 7.011836471107592
246 7.196115687248483
247 7.463436599852123
248 7.201432387797415
249 7.371452193575992
250 7.439998242092396
251 7.2383399737205085
252 7.494731331491859
253 7.429916652343266
254 7.432671286653343
255 7.438318927262749
256 7.014698734190765
257 7.463285325786573
258 7.303412058993903
259 7.487857719050093
260 7.072699429644968
261 7.17983241755369
262 7.316518507028707
263 6.900161152912385
264 7.320753390491291
265 7.105175222604007
266 7.1503819522881935
267 7.4848818749435235
268 7.431866555522174
269 7.541601205114947
270 7.384938480912539
271 7.274557293648856
272 7.514231626103404
273 7.716147603931098
274 7.4389010337397545
275 7.564617437172661
276 7.440832021579037
277 7.3910596782229865
278 7.323296383712997
279 7.3310653220187545
280 7.430290595342684
281 7.511494887927287
282 7.660095931199442
283 7.724712161873538
284 7.4527485500813215
285 7.7073043639979595
286 7.4551149683298785
287 7.305517121170938
288 7.3725485369784165
289 7.597360551309938
290 7.533317421121842
291 7.3206698776166945
292 7.741419789569669
293 7.869642101470101
294 7.718521449346245
295 7.749928467400387
296 7.677984236727998
297 7.397956914327069
298 7.571013166025757
299 7.791001991428869
300 7.52965395520371
301 7.440111367814084
302 7.253618969511132
303 7.359259700772884
304 6.70176066104191
305 7.331249801278408
306 7.313261367864064
307 7.369412141603984
308 7.083135981142386
309 7.300607810691962
310 7.568859448762009
311 7.382743728290443
312 7.02611566447632
313 7.453017399800957
314 7.004985760081706
315 7.244913136290024
316 7.33879071837871
317 7.5852208861283295
318 7.3376785147534775
319 7.351165747364936
320 7.192879912255026
321 7.0492273189077945
322 7.240810829847112
323 7.599166902372602
324 7.542991949764543
325 7.032396435023227
326 7.438494173672883
327 7.537387317930557
328 6.993462328137273
329 7.045972890683669
330 7.064656034864763
331 7.381131897322683
332 7.346551807543513
333 6.951449667163536
334 7.471588329269205
335 7.491391966853881
336 7.210426379825309
337 7.390813511102497
338 7.27800838097103
339 7.083561713036433
340 6.878132051091654
341 7.038970547749132
342 7.562376499618709
343 7.281822567111884
344 7.089270943981204
345 7.260427177623147
346 7.587508416830282
347 7.409215652479169
348 7.003223981399742
349 7.224913199949125
350 7.743230994686154
351 7.088383888083559
352 7.169663430788518
353 7.343332940898144
354 7.123745637883645
355 7.0659712180074585
356 7.608076796800162
357 7.262071306460475
358 7.3857716322087255
359 7.07815967870514
360 7.046497861789743
361 7.341850789082239
362 7.351542277925861
363 7.624923837838149
364 7.181400371590958
365 7.252948072825365
366 7.421185500918489
367 7.528287909882555
368 7.304985090247735
369 7.244610049048512
370 7.474979265114509
371 7.416777439428337
372 7.391312952783221
373 7.332698012519551
374 7.320977656125262
375 7.263270063482596
376 7.254713965091047
377 7.107327016466818
378 7.711104571649306
379 7.624001903189477
380 7.3887334925653
381 7.544338074642082
382 7.435266963138257
383 7.286527915520529
384 7.389400416563753
385 7.479302454384684
386 7.398104610291412
387 7.67302684124621
388 7.677001990623136
389 7.430871101637833
390 7.6922938304118595
391 7.721152213698344
392 7.164296357842959
393 7.575999837563075
394 7.627650526267331
395 7.390891119206288
396 7.986983139364511
397 7.770002416587114
398 7.591717777437879
399 7.735888540574814
400 7.275433215666283
401 7.601762336873063
402 7.639584443352596
403 7.651428956610288
404 7.297386827029367
405 7.691635322021103
406 7.42746940844829
407 7.460203519965023
408 7.260168260461021
409 7.237239386470614
410 7.145220867518972
411 7.281025476252115
412 6.959906482792789
413 7.177735568893606
414 7.335834631623015
415 7.328457952129734
416 7.454800093587387
417 7.466499267638578
418 6.978823494555833
419 7.447632275107882
420 7.632830157796489
421 7.826840497546876
422 7.35374030212532
423 7.258480823920829
424 7.276620735220231
425 7.216181134429974
426 7.549549179373495
427 7.3752345310715475
428 7.664722987425563
429 7.496726063871219
430 7.81100751569585
431 7.365445539179709
432 7.371338948321862
433 7.1404138086304965
434 7.446150056787604
435 7.7402564051776075
436 7.352530961136808
437 7.633066466938609
438 7.486197074054503
439 7.363791151406016
440 7.823623701305232
441 7.532166136328091
442 6.96807841687072
443 7.438795602508386
444 7.311062332136239
445 7.821991033431449
446 7.65654186371407
447 7.277637269605666
448 7.330460645174154
449 7.475138344429575
450 7.138067648415814
451 7.264854656654959
452 7.408158885635494
453 7.025154720042333
454 7.380201472907752
455 7.403839228076418
456 7.370008482220973
457 7.417999507131791
458 7.404786942917435
459 7.574723647331907
460 7.305753816433473
461 7.463997457268876
462 7.292415471020225
463 7.482619100238843
464 7.464960275455877
465 7.414237607037787
466 7.774927225485585
467 7.2898777892561535
468 7.566296952705533
469 7.51128661676647
470 7.518879989341376
471 7.24895993140793
472 7.471219508903372
473 7.4087618907761925
474 7.567149463895441
475 7.227523745659004
476 7.373247333718251
477 7.4076685464906324
478 7.435017164815481
479 7.3707803782640955
480 7.421737083096775
481 7.530650334066596
482 7.377685222656515
483 7.595617717181521
484 7.469637016347753
485 7.515197158982367
486 7.205994240174171
487 7.2648618824435225
488 7.352031438744657
489 7.720843226369114
490 7.6257769924140675
491 7.535655872181126
492 7.253649321314682
493 7.63957743681608
494 7.352184488422752
495 6.936763836491149
496 7.3268250970718745
497 7.366647019346275
498 7.3023769126694615
499 7.568196239763846
500 7.201125407364497
501 7.385495545048376
502 7.4190719493252315
503 7.641285608809271
504 7.829284449205877
505 7.8277052558870235
506 7.3750228727783425
507 7.206584266091345
508 7.910454410205041
509 7.341380146771617
510 7.6982614287482605
511 7.7348832767333535
512 7.842308130959767
513 7.224508490962907
514 7.406406218116725
515 7.639782798515604
516 7.3865062962721915
517 7.862771265349729
518 7.546714460528474
519 7.283423560734734
520 7.561713922947118
521 7.7509577845746644
522 7.201816671277131
523 7.423756156441444
524 7.274865417131884
525 7.657871794950546
526 7.680595630414144
527 7.805058694673655
528 7.105644383417511
529 7.639906240139069
530 7.356852343674314
531 7.632297432712725
532 7.769889917770375
533 7.772424665056386
534 7.212522249148036
535 7.540370623759724
536 7.209078540396132
537 7.578159505538528
538 7.820083857959658
539 7.321532120361761
540 7.555144818665563
541 7.335148713935673
542 7.160130969140063
543 7.5712013259690245
544 7.496461128752556
545 7.684725644421752
546 7.583591623755859
547 7.535958199311362
548 7.472273416280555
549 7.304480307665992
550 7.357386097071699
551 7.302554635482156
552 7.1109410934841115
553 7.729940798667172
554 7.840291040945208
555 7.6189913276966985
556 7.245539467002172
557 7.302326608738938
558 7.154417781681188
559 6.9737942080212445
560 7.580106382273478
561 7.491782744647172
562 7.508778612655186
563 7.5498348407759766
564 7.422052218665286
565 7.4012358742633335
566 7.169994369912425
567 7.371248383831167
568 7.589714373639977
569 7.233194327148954
570 7.051941315141387
571 6.776692536164066
572 7.122602252724458
573 7.498244441954175
574 7.509410046338087
575 7.131387398604905
576 7.056156913168049
577 7.56024294127056
578 7.213114582681599
579 7.316969993804907
580 6.871154357230816
581 7.081783934639759
582 6.687444745395903
583 7.367315879516025
584 7.048860395234504
585 7.146536160960098
586 7.437526167306004
587 6.9773895229371075
588 7.286906988733464
589 7.130141755622641
590 7.396432186735684
591 7.2060965575928835
592 7.224454377885208
593 7.3933308118194905
594 7.007768593313001
595 6.83945622716457
596 7.280925026638808
597 7.175353816426999
598 7.767522395100556
599 7.689900594737773
600 7.410896391497982
601 7.167367790769721
602 7.382671590061476
603 7.08960547213282
604 7.279763698006539
605 7.311517945490083
606 7.178611452362095
607 7.322822198366895
608 7.075546620326337
609 7.41466665737847
610 7.481728825700145
611 7.028643948549496
612 7.325756551807937
613 7.244716182360772
614 7.598901951305653
615 7.360132708747212
616 7.405677590295315
617 7.444014645424289
618 7.491895281246905
619 7.3963267217951785
620 7.530305018408905
621 7.810465660668152
622 7.3142524131486635
623 7.218661534741769
624 7.3176472178414445
625 7.095156825494815
626 7.030499716869198
627 7.090551335874561
628 7.0686487079685225
629 7.300408850624265
630 7.246929881755027
631 7.140650622358559
632 7.173865152764849
633 7.586459368431823
634 7.373896398866301
635 7.214801252586279
636 7.594113845384798
637 7.2145244094277405
638 7.703987967376874
639 7.307402337686047
640 7.643173628333627
641 7.324813582784195
642 7.600761027774872
643 6.920841880789965
644 7.3621961488405185
645 7.794957652116808
646 7.507646034284869
647 7.3327506708952805
648 7.54971498931676
649 7.324458823324829
650 7.7917639907727
651 7.47303599169004
652 7.436516114855732
653 7.497149377353715
654 7.412186107420216
655 7.3772406274919895
656 7.328910910926797
657 7.427180880835834
658 7.452008414430085
659 7.576146880996494
660 7.389833682060129
661 7.514289283335441
662 7.425106048083249
663 7.300137047101681
664 7.373844921508285
665 7.49804289407479
666 7.4946851602739635
667 7.604226978084576
668 7.256487243643574
669 7.295009170058343
670 7.247782991150281
671 7.434362322471001
672 7.473238824339076
673 7.244571545679874
674 7.4067462934022945
675 7.5799684300227765
676 7.457542310755112
677 7.1521582249958495
678 7.365258749787233
679 7.459336407061059
680 7.588209946932456
681 7.6225526495350255
682 7.289736278497771
683 7.393032088003132
684 7.184377383691033
685 7.276385199150306
686 7.543929457301099
687 7.796426069843326
688 7.217620157379218
689 7.546591046319688
690 7.360500857759463
691 7.197051364193027
692 7.532799101628865
693 7.299911737359784
694 7.126309659253505
695 7.304021992698895
696 7.357093265712677
697 7.665822727756367
698 7.407546430465869
699 7.317030898616686
700 7.126439658633741
701 7.398032122388503
702 7.385638271004593
703 7.583006673526349
704 7.442053571754123
705 7.330724164062166
706 7.58587430868701
707 7.597237054276078
708 7.873700862887805
709 7.320573483430363
710 7.369323273295498
711 7.826762592854154
712 7.304807205565493
713 7.596266816176732
714 7.4779722579844945
715 7.88973521713159
716 7.695462550682405
717 7.375076096411517
718 7.521153441507741
719 7.220893497390362
720 7.6343941964279765
721 7.473931198349585
722 7.526272649340429
723 7.520372198570921
724 7.486625935586086
725 7.4976101662853
726 7.170272056907741
727 7.324763386784042
728 7.562367839168159
729 7.392839193726532
730 7.403574800263226
731 7.765304341781469
732 7.382529817802933
733 7.469170379662061
734 7.599641522037414
735 7.507051724943573
736 7.5577177058031815
737 7.985977886493269
738 7.699307492366804
739 7.35475953692864
740 7.741229384055608
741 7.416940372598123
742 7.687253919125208
743 7.6866207154257395
744 7.835945378231977
745 7.840869246697512
746 7.453267172563927
747 7.756320181499897
748 7.694748298954571
749 7.615314845848238
750 7.545274344506673
751 7.5481375949885
752 7.762715485833447
753 7.686867737663698
754 7.474826897202931
755 7.375369465730604
756 7.356884176836808
757 7.800159576329535
758 7.397184123240034
759 7.806835822559877
760 7.439867039875514
761 7.353924998851285
762 7.515674630496555
763 7.411684344642435
764 7.710864036631437
765 7.530383492970243
766 7.452284578588449
767 7.750027326250111
768 7.616979209432148
769 7.424569146475133
770 7.68077366982768
771 7.454151517373981
772 7.43016272423386
773 7.327725584225793
774 7.661620116894824
775 7.494330309156141
776 7.689744176646538
777 7.540750463644212
778 7.814397881844783
779 7.734322443116636
780 7.4018739683629455
781 7.322061005743064
782 7.690085647617187
783 7.607627388210249
784 7.538009399581895
785 7.7045624121925735
786 7.34737311366232
787 7.790173603921656
788 7.370743903765542
789 7.283526112648282
790 7.682300728565226
791 7.789231483803
792 7.831285425016098
793 7.852517497360406
794 7.901055871217551
795 7.351466848014935
796 7.523280616846969
797 7.549654982521369
798 7.451737267466185
799 7.732084456280226
800 7.538616715764532
801 7.041813714470139
802 7.472532460441213
803 7.204860611671348
804 7.488342884448248
805 7.152544565029629
806 7.025161182039831
807 7.097058169644498
808 7.399713437298233
809 7.226567811158774
810 7.30373112171284
811 7.293027996234523
812 7.106049379190582
813 7.342179330295034
814 7.429054258699611
815 7.290358486511772
816 7.211268280720576
817 7.33531954916701
818 7.423087776178644
819 7.302818935603726
820 7.221290372913278
821 7.459352109170244
822 7.6212159169652045
823 7.258449740499311
824 7.217990511982316
825 7.270629407869964
826 7.144959640107419
827 7.207447913307219
828 7.162091143888944
829 7.25276717040691
830 7.265419808088115
831 7.4214128085363855
832 7.510184787936727
833 7.459270952844991
834 7.396468019539496
835 7.27623670727345
836 7.261345345736987
837 7.212611139694908
838 7.889592588261541
839 7.654602640326975
840 7.736259514741798
841 7.6553350916294916
842 7.706506162058717
843 7.431491020889904
844 7.378750087821189
845 7.5498161376452035
846 7.403778898519478
847 7.527705728843425
848 7.389927955138044
849 7.57221992820288
850 7.274233053999829
851 7.212855453423908
852 7.397558748371003
853 7.250577441656291
854 7.593195707831521
855 7.380424392676144
856 7.494217959954249
857 7.340156656130017
858 7.2217077038283595
859 7.435744756235471
860 7.5952568834977905
861 7.271092369566361
862 7.218754648056614
863 7.763007612523042
864 7.736720701581968
865 7.2260716094285415
866 7.291121107511293
867 7.132673797727836
868 7.3940765120660705
869 7.463992996513761
870 7.56389799027743
871 7.6608912749256355
872 7.470645983920986
873 7.425945141729123
874 7.2853945129397175
875 7.674385583025849
876 7.906396752024232
877 7.416701268231818
878 7.866761678348409
879 7.476596338805377
880 7.682610151323888
881 7.588159333557004
882 7.3939762930783965
883 7.463569076547209
884 7.775872936830194
885 7.725623327161536
886 7.630500926179713
887 7.987301143527537
888 7.666943180876665
889 7.8277823171852825
890 7.603810987119973
891 7.672311358244606
892 7.526064191591356
893 7.570923507723876
894 7.516450667867373
895 7.874104739037563
896 7.491823850926045
897 7.702024018736565
898 7.794240968959668
899 7.734656906344327
900 7.577559773354793
901 7.553921250018413
902 7.846842917307667
903 7.61247872119261
904 7.547316436453323
905 7.7136330084101985
906 7.5669308830308175
907 7.776849155898613
908 7.73108585458473
909 7.691045038451719
910 7.56455142657142
911 7.685983301989898
912 7.554651387581574
913 7.254739990850789
914 7.576369772479572
915 7.267983530939319
916 7.640146093175988
917 7.415587809361445
918 7.3555362502778285
919 7.828657746743114
920 7.587035168294724
921 7.633532678034205
922 7.573110809501546
923 7.665978121278529
924 7.693778243133338
925 7.652060958480939
926 7.573232399501958
927 7.476292344888075
928 7.622815499825454
929 7.643019192332366
930 7.81038254367812
931 7.881556261243925
932 7.2766094416047515
933 7.988325299980138
934 7.6445615363409765
935 7.719877107408786
936 7.861883695617223
937 7.9112788121386215
938 8.054279734574887
939 8.095918186771675
940 7.43656767092488
941 8.118831003187085
942 8.089116143975819
943 7.696827437910906
944 7.592392424579073
945 7.476691671546854
946 7.683005552071218
947 7.58709555925189
948 7.79903927035548
949 7.247725056190872
950 7.760743780470204
951 7.547953876185773
952 7.722381150879083
953 7.504051219195189
954 7.413701966871676
955 7.502759894400583
956 7.957788996807312
957 7.338548843366871
958 7.4589453982412826
959 7.820109340392893
960 7.6711847708418
961 7.748220180590063
962 7.549042701893475
963 7.838259197322262
964 7.9285560044239665
965 7.870147787014085
966 7.3458281690047444
967 8.080210626719664
968 8.003069444721929
969 7.909776995636545
970 7.909591664419642
971 7.803978466304119
972 7.6316014210861045
973 7.663332775590508
974 7.523524642887316
975 7.878864376213148
976 7.898689815184702
977 7.675499044367906
978 7.637974591481255
979 7.823298914604354
980 7.975660860944952
981 7.807805281678085
982 7.493631588645212
983 7.657819362636586
984 7.727827995102617
985 7.843107174391742
986 7.231981707364894
987 7.516862721148773
988 7.644094816249399
989 7.539113329691101
990 7.820044155181049
991 7.664754822510687
992 7.4639765870371955
993 7.221645465442846
994 7.510552993420167
995 7.672423217276939
996 7.722458895406756
997 7.708069739317642
998 7.648841779296988
999 7.88238631326803
1000 7.410565259335779
1001 7.756245515829558
1002 7.779427750262006
1003 7.580151545557082
1004 7.863205061012475
1005 7.799154751485987
1006 7.874359917050114
1007 7.621738642990723
1008 7.666052404164977
1009 7.826944978041853
1010 7.6460977044013285
1011 7.391497750860441
1012 7.599599581468783
1013 7.761551999402395
1014 8.04277982245086
1015 7.772301625950575
1016 7.590053095524848
1017 7.829048945069843
1018 7.603198892847369
1019 7.671563696604131
1020 7.616745790535101
1021 7.724014046656622
1022 7.583163083644768
1023 7.405885560219874
1024 7.544826259280899
1025 7.994777396882681
1026 7.989809687810634
1027 7.712842609818606
1028 7.839872006192467
1029 7.7310668015659285
1030 7.530116106939983
1031 7.51061485634822
1032 7.515815742368853
1033 7.618301239968421
1034 7.696897202681048
1035 7.174587016540203
1036 7.828623346204418
1037 7.813666267556503
1038 7.675533124290733
1039 7.70652351648192
1040 7.6107596441188115
1041 7.702595144069407
1042 7.715158054290501
1043 7.897713889505041
1044 7.60529426694615
1045 7.23468500860242
1046 7.686262426898303
1047 7.398163258133425
1048 7.70413705114277
1049 7.510975123376352
1050 7.928938012650597
1051 7.816638279399807
1052 7.711123161613806
1053 7.357050682368165
1054 7.808751533018072
1055 7.676575472102403
1056 7.644233314167744
1057 7.715661241830268
1058 7.744491102473527
1059 7.9198829328662885
1060 7.684406055002569
1061 7.469395379576169
1062 7.779272889716979
1063 7.875313422278567
1064 7.754460856737611
1065 7.798929814838622
1066 7.7947273119600835
1067 7.544314293317482
1068 7.8062302038485605
1069 7.624388983755178
1070 7.651350220838851
1071 7.832401020276143
1072 7.749740647455528
1073 7.620888746685133
1074 7.613350837040352
1075 7.167254846331725
1076 7.863092456907407
1077 7.331510107661632
1078 7.454059405866425
1079 7.78328250810018
1080 7.919143844861861
1081 7.642768128957729
1082 7.245705614217342
1083 7.167663463797763
1084 7.518694041381518
1085 7.529931888606271
1086 7.575130447237328
1087 7.644742220624376
1088 7.685311231830727
1089 7.656594806930769
1090 7.8405777697444705
1091 7.99547081559238
1092 7.523386932542561
1093 7.552903727554455
1094 7.8192399162628385
1095 7.795046665194794
1096 7.671440032475566
1097 7.536380592522879
1098 7.476048202306237
1099 7.608691442158063
1100 7.941613402310488
1101 7.752161262753529
1102 7.44394856705556
1103 7.302594624776976
1104 7.0884878259195
1105 7.6995602590798375
1106 7.435024910772901
1107 7.3904690349827415
1108 7.381731011859254
1109 7.835960285843566
1110 7.545906939660125
1111 7.6754891290728455
1112 7.755469342958285
1113 7.613881722186798
1114 7.235746854589573
1115 7.980386148161244
1116 7.503078402249693
1117 7.439885965021238
1118 7.478232033726403
1119 7.451793052561059
1120 7.683135289484947
1121 7.7490242436173915
1122 7.577575853855697
1123 7.466728458160398
1124 7.618373241105432
1125 7.418603152500328
1126 7.597848745693927
1127 7.939567760554247
1128 7.65640334185347
1129 7.754196728377352
1130 7.8588164849183855
1131 7.61389943349614
1132 8.059622506385509
1133 7.593810203642079
1134 7.499594519343935
1135 7.902316466776823
1136 7.794594467442151
1137 7.485513526727488
1138 7.6044680485266465
1139 7.573738235687604
1140 7.611402310748005
1141 7.368534962516233
1142 7.470648828544168
1143 7.694231544757264
1144 7.535687179651235
1145 7.81901388342242
1146 7.159664596155206
1147 7.724755218664981
1148 7.508341750660886
1149 7.853572952811599
1150 7.335812730446354
1151 7.8712719585403
1152 7.367304292035342
1153 7.705523427009807
1154 7.764560558258454
1155 7.656903960142554
1156 7.601591125657276
1157 7.781235207861721
1158 7.4957705670901635
1159 7.531429841944315
1160 7.199338237530253
1161 7.432085237438404
1162 7.586564322429701
1163 7.599269448229203
1164 7.563667637655512
1165 7.940438104152356
1166 7.25400358020526
1167 7.567086567704351
1168 7.525447366254969
1169 7.604091904769277
1170 7.74711923174481
1171 8.023941852900046
1172 7.621466186478586
1173 7.891752870476331
1174 7.9355997726267695
1175 7.603538609434223
1176 7.5451587503594215
1177 7.595322047272633
1178 7.533765162663849
1179 7.447799842030202
1180 7.426418744069742
1181 7.183977834089272
1182 7.35797667230155
1183 7.542011813528958
1184 7.581649649385561
1185 7.424528295391389
1186 7.568325268797878
1187 7.275939308455185
1188 7.397244709828628
1189 7.483365744007775
1190 7.409406529507381
1191 7.623963795133785
1192 7.710145621119083
1193 7.521143599630753
1194 7.447297762817837
1195 7.704755933221019
1196 7.6941482463680675
1197 7.589162455392865
1198 7.743418014169319
1199 7.570319028192156
1200 7.733967242287861
1201 7.6724400306913765
1202 7.972795371171037
1203 8.040092130853465
1204 7.752304634524085
1205 7.276950645723887
1206 7.215600421576346
1207 7.2473935435164325
1208 7.625117347780594
1209 7.719286915238112
1210 7.815471451670546
1211 7.511970306665
1212 7.24155084334598
1213 7.712289029225976
1214 7.112450701523462
1215 7.595841620568314
1216 7.459637888796004
1217 7.609058870207786
1218 7.458098277475808
1219 7.681621140544414
1220 7.350027299143732
1221 7.431353753050993
1222 7.594160945422214
1223 7.390617987209553
1224 7.584281769678771
1225 7.371302665060498
1226 7.550407251922154
1227 7.134902461122963
1228 7.247102124819514
1229 7.624408029012827
1230 7.658187432499718
1231 7.6326627868864625
1232 7.3821142850751444
1233 7.909245080374443
1234 7.5900501098103454
1235 7.457759762067476
1236 7.943150819466588
1237 7.908025398877709
1238 7.674222364065791
1239 7.55062878508426
1240 7.520783609231544
1241 7.685376655446835
1242 7.975495836965959
1243 7.474899860178864
1244 7.949924775451229
1245 8.184997288723864
1246 7.68232656335972
1247 7.630583818340456
1248 7.682912400409106
1249 7.884915924043374
1250 8.310485722150414
1251 7.925844840333019
1252 7.703416784312468
1253 7.874488514437859
1254 7.813060728067997
1255 7.660334497216836
1256 7.694788774197026
1257 7.481579183497096
1258 7.552914847491558
1259 7.490498149920454
1260 7.259066437904881
1261 7.579086810640923
1262 7.559936722267701
1263 7.458277693806902
1264 7.398870088625034
1265 7.412606938082874
1266 7.837629482268566
1267 7.603146420756077
1268 7.436749330383545
1269 7.880715896208213
1270 7.728109541031018
1271 7.628725237282808
1272 7.684574100515698
1273 7.867407664492249
1274 7.676242945415368
1275 7.779642595616049
1276 7.354214758526891
1277 7.181954105766522
1278 7.407464623122878
1279 7.784209044974797
1280 7.746490120705532
1281 7.471695729183642
1282 7.582662915795649
1283 7.704026689487799
1284 7.223761117772727
1285 7.5621129413998345
1286 7.926883319071112
1287 7.578805270072992
1288 7.607026764991389
1289 7.48579292980713
1290 7.659100117160891
1291 7.913485014326948
1292 7.616191273040647
1293 8.04200206129309
1294 7.936308912623432
1295 7.655562795717883
1296 7.626081893940726
1297 7.613959151278783
1298 7.803769333233448
1299 7.888093352274349
1300 7.898454049322562
1301 7.779970997391528
1302 7.543739261694174
1303 7.8920559093312495
1304 7.58386983537258
1305 7.837356273685201
1306 7.497562852851475
1307 7.691098724717819
1308 7.7901354291118325
1309 7.571265787539472
1310 7.680654714984054
1311 7.519227828616275
1312 7.610623597987702
1313 8.039360475798539
1314 7.622852577646512
1315 7.907826021072461
1316 7.747920885774319
1317 7.736127400154536
1318 7.607742509854569
1319 7.858616064194273
1320 7.614133942735006
1321 7.833497898273632
1322 7.710731887251299
1323 7.860081015081376
1324 7.767770403360904
1325 7.62647788738596
1326 7.99131636897012
1327 7.641184082999533
1328 7.7988971819922
1329 7.423274275123795
1330 7.754608328753457
1331 7.338258950394989
1332 7.327294737262864
1333 7.984613712179567
1334 7.741556336329704
1335 7.998115072343562
1336 7.710896546291908
1337 7.723533394067649
1338 7.743516946198609
1339 7.625664925273205
1340 7.8305722035691465
1341 7.362110672069207
1342 7.730393161163218
1343 7.56280442194305
1344 7.33489075265358
1345 7.692603938986281
1346 7.416556933029612
1347 7.605083540149135
1348 7.158608003622689
1349 7.792304075974565
1350 7.257700404758553
1351 7.775949741212402
1352 7.752658791969646
1353 7.941397556502596
1354 7.8284580629095295
1355 7.284532649180643
1356 7.610681001305988
1357 7.411151041606663
1358 7.1822550871313675
1359 7.946966748742775
1360 7.652291773314596
1361 7.584601973681334
1362 7.896366478955061
1363 7.620714523050465
1364 7.348521246684254
1365 7.681288788749909
1366 7.487346686241138
1367 7.319753663554043
1368 7.6883849439192815
1369 7.958523218527302
1370 7.662184788841848
1371 7.513151104560194
1372 7.617417850569749
1373 7.446774651278424
1374 7.404053247525091
1375 7.759536333642427
1376 7.439226285935872
1377 7.678702899875442
1378 7.875833358825574
1379 7.936525460796947
1380 7.818714794818814
1381 7.666896117421545
1382 7.830126802883658
1383 8.085457081113422
1384 7.692780681008136
1385 7.573320247260314
1386 7.649149190988902
1387 7.51330398123098
1388 7.617371934301709
1389 7.69280776898156
1390 7.7672568168050615
1391 7.486455262381536
1392 7.923849660464646
1393 7.657698790186217
1394 7.948597327316701
1395 7.535295978270177
1396 7.63817792725081
1397 8.059910679327801
1398 7.878069709974133
1399 7.462380975455473
1400 7.831205670316836
1401 7.727664848932883
1402 7.519608067296343
1403 7.481262947048507
1404 8.024328753792053
1405 7.427301467101308
1406 7.457652946533787
1407 7.598275402876732
1408 7.756832883101381
1409 7.532441506297864
1410 7.747341230521269
1411 7.823731013543056
1412 7.798239737299939
1413 7.666830170091689
1414 7.906713899483256
1415 7.6584910674028
1416 7.834128060097015
1417 7.448596079590541
1418 7.582168821608574
1419 7.36106125207041
1420 7.170879584369513
1421 7.202720998110653
1422 8.07671906835135
1423 7.9053843715088945
1424 7.6160101523185055
1425 7.708569382570282
1426 7.63441045860453
1427 7.780440484051358
1428 7.838951553384219
1429 7.838811802155774
1430 7.6884643171011895
1431 7.513907797002447
1432 7.53081317274903
1433 7.85264269602161
1434 7.690988629682822
1435 7.540517176978201
1436 7.59860574295611
1437 7.698022201289533
1438 7.744720666301689
1439 7.693856459412814
1440 7.609318086642157
1441 7.765466724946446
1442 7.575004262922199
1443 7.445718481063629
1444 7.593429449170907
1445 7.635031504995939
1446 7.763779909303772
1447 7.596184475584297
1448 7.703823454989932
1449 7.514047843495957
1450 7.983973162379614
1451 7.7376079501178685
1452 7.65142458440139
1453 7.309170819371273
1454 7.323180555103278
1455 7.6944740411516275
1456 7.615322970838149
1457 7.973419011160241
1458 7.550550174533629
1459 7.707165128610955
1460 7.801527295978229
1461 7.922512842584917
1462 7.889779831354246
1463 8.04939091957724
1464 7.403185343227737
1465 7.427694727748205
1466 7.757643955381844
1467 7.860004024682764
1468 7.290643216827975
1469 7.507322593794005
1470 7.579659985457613
1471 7.576344540876638
1472 7.788442327202385
1473 7.985646132152548
1474 7.727677814563596
1475 7.574365650508803
1476 7.6673390550800775
1477 7.441067221398591
1478 7.763072063829511
1479 7.674043533356803
1480 7.599774025367777
1481 7.636739656530391
1482 8.014123163126339
1483 7.821580497559941
1484 7.968682008199787
1485 7.818970131931454
1486 7.9242748506446565
1487 8.070288197793287
1488 7.430010649047314
1489 7.983070473357955
1490 7.359483678372742
1491 7.518739495332265
1492 7.624133553187246
1493 7.9169084382243735
1494 7.805817100314671
1495 7.924007923983639
1496 8.130605904145355
1497 7.602091347786298
1498 7.761032210946338
1499 7.63994863562758
1500 7.550931505153646
1501 7.521721727903117
1502 7.697782318110055
1503 7.900166706246756
1504 7.777617155028622
1505 7.936473291651443
1506 7.755164966540762
1507 7.438121448158475
1508 7.980353904839376
1509 7.709079685361173
1510 8.02194661570884
1511 7.635788803500566
1512 7.683091446209698
1513 7.899393895112318
1514 7.702268159950308
1515 7.541215723514814
1516 7.775029767129633
1517 7.771204037829535
1518 7.837348797044114
1519 7.979464043096442
1520 7.579334358887213
1521 7.71029038805078
1522 7.5784205345429685
1523 7.913420861778588
1524 7.738614985068983
1525 7.733629060502782
1526 7.7495255695535565
1527 7.828821144431443
1528 7.823382670272879
1529 7.914370436862145
1530 8.122620702135102
1531 7.850321888587275
1532 7.5355165055495466
1533 7.53217354036958
1534 7.617828636460065
1535 7.900648782130762
1536 7.64641229531387
1537 7.678177905650208
1538 7.800262315215386
1539 7.661968206397099
1540 7.992538064200877
1541 7.56070394225694
1542 7.548253801640759
1543 7.434276204658795
1544 7.90804957431734
1545 7.358726062053924
1546 7.41922650317004
1547 7.882476861426924
1548 7.27758822344567
1549 7.687161499887056
1550 7.60206109414271
1551 7.57596080074593
1552 7.780589213136966
1553 7.5536201045211095
1554 7.509547244493897
1555 7.7050486516038
1556 7.643573838335288
1557 7.674891179153747
1558 8.044671767282356
1559 7.577851110957461
1560 7.474251257857125
1561 7.436858205721932
1562 7.553691729439808
1563 7.734198078846404
1564 7.620597966050851
1565 7.553900429289034
1566 7.606758100953854
1567 7.7157258830885205
1568 7.518326932241979
1569 7.711510476894076
1570 7.690756529021669
1571 7.819084808975895
1572 7.461345328385529
1573 7.554673315099229
1574 7.822310005334088
1575 7.670529957817273
1576 7.841453324467323
1577 7.559149416692322
1578 7.749480410995475
1579 7.687290149080026
1580 7.8189110284795715
1581 7.844219892445142
1582 7.881519276988223
1583 7.677797466988925
1584 7.394703664047717
1585 7.291599474834455
1586 7.691826881428052
1587 7.69966964014243
1588 7.668748332839677
1589 7.918801941029723
1590 7.387135856035647
1591 7.91780055810727
1592 7.681959426244107
1593 7.655418734504463
1594 7.753482100849341
1595 7.807852127433454
1596 7.847277348132058
1597 7.852186273843439
1598 7.81646991318075
1599 7.592012835796209
1600 7.684416110590046
1601 7.697737967537545
1602 7.777441813672155
1603 7.330606594909601
1604 7.869638457350724
1605 7.516819440162256
1606 7.461617134670976
1607 7.298108042556641
1608 7.846934118634808
1609 7.69227219610887
1610 7.799713324034991
1611 7.566272564792118
1612 7.715862971015575
1613 8.035364556815523
1614 7.737779858991277
1615 7.900498572365128
1616 7.969185955559155
1617 7.928685487395854
1618 7.6982566645034565
1619 7.464194838002164
1620 7.315318742675124
1621 7.293576529658947
1622 7.621314989796837
1623 7.650318245080812
1624 7.4103708922039875
1625 7.6777770211351735
1626 7.752293634184556
1627 7.724322836412907
1628 7.429554977091106
1629 8.026143682751806
1630 7.8476390265757
1631 7.483553553060425
1632 7.435750836510399
1633 7.657882676368764
1634 7.4625293768803
1635 7.4565847980815025
1636 7.409735103103759
1637 7.945386784016624
1638 7.938682500561825
1639 7.780369194595224
1640 7.90592837243715
1641 7.62663925361217
1642 7.68471760116016
1643 7.568685190606049
1644 7.56190590348836
1645 7.542395604620034
1646 7.758135235878276
1647 7.519227170422089
1648 7.797575084404458
1649 7.776498453481465
1650 7.651977440506122
1651 7.481473515399891
1652 7.515299055452816
1653 7.373275533260819
1654 7.474964876920697
1655 7.6701594626372405
1656 7.1884188979503225
1657 7.447947271353922
1658 7.687242093240775
1659 7.622231962612345
1660 7.890226036761155
1661 7.25861160519802
1662 7.211128554485383
1663 7.381246312501955
1664 7.299558604677656
1665 7.750250822967471
1666 7.712300010241409
1667 8.201140933425648
1668 7.872553446342368
1669 7.266556442591294
1670 7.446593014276954
1671 7.755582385692137
1672 7.5039941095325595
1673 7.944335554565792
1674 7.495471965551137
1675 7.735551628080319
1676 7.738178369915091
1677 7.549172845127097
1678 7.510029694513799
1679 7.73874575023751
1680 7.960588417548813
1681 7.546361547060372
1682 7.714407740401731
1683 7.599751076080063
1684 7.528490044429569
1685 7.5764324452814105
1686 7.7077985842292085
1687 7.471954297099636
1688 7.522132785858852
1689 7.606833199893971
1690 7.2513677160370085
1691 7.857284853776183
1692 7.810080744627754
1693 7.657332513723281
1694 7.292572784700369
1695 7.630460088126594
1696 7.574518341801945
1697 7.501199016885067
1698 7.526286268551952
1699 7.962087054541677
1700 7.7777119300828454
1701 7.766117235665139
1702 7.648949792497864
1703 7.637616605142485
1704 7.626394800090601
1705 7.7599066882637455
1706 7.897641038922872
1707 7.889230076626451
1708 7.808834035577178
1709 7.923140078416847
1710 7.695470130311916
1711 7.668295847718624
1712 7.8688489415745035
1713 7.634017171855816
1714 7.7408239258740945
1715 7.5801122407749455
1716 7.884496349193733
1717 7.668880305669923
1718 7.90695980135498
1719 7.615913770408641
1720 7.470067538519341
1721 7.792752546152553
1722 7.665798338864999
1723 7.771904883089471
1724 7.845997386365869
1725 7.934015728954799
1726 7.858285353003614
1727 7.6347304692118
1728 7.880265662335364
1729 8.152896956327364
1730 7.85053138387966
1731 7.724880936133822
1732 7.652096552121836
1733 7.90573927566153
1734 7.855914964325072
1735 7.646107467081231
1736 7.680083329070467
1737 7.933933769205888
1738 7.956275250915352
1739 7.44677581963126
1740 7.756840730386291
1741 7.323162929257703
1742 7.729592014339631
1743 7.852702374768419
1744 7.780593165311767
1745 7.469255713027286
1746 7.856064153078149
1747 7.670438759405048
1748 8.101852086633485
1749 7.893980022211946
1750 7.741867401124042
1751 7.703252013535066
1752 7.633877758378858
1753 7.84601162604777
1754 7.943814338823434
1755 7.631636321021251
1756 8.029820812222301
1757 7.472781464655964
1758 7.583671459016966
1759 7.924473938315319
1760 7.717590698701509
1761 7.528102789268452
1762 7.578685614014244
1763 7.794111474695848
1764 8.041276747902247
1765 7.770442254991293
1766 7.662435253165695
1767 7.670130484101201
1768 7.794882569255852
1769 7.466079867372406
1770 7.661284222385556
1771 7.661970077582559
1772 7.817134733585388
1773 7.933735448591232
1774 7.75574870121714
1775 7.746778370966843
1776 7.921265873595087
1777 7.766603311330144
1778 7.784623786979429
1779 7.644584056968769
1780 7.351678882811095
1781 7.62524765894326
1782 7.699806579856845
1783 7.761923141290998
1784 7.888983652942283
1785 7.181974510378267
1786 7.917055502779998
1787 7.607442006813289
1788 7.747609968651527
1789 7.495653173372851
1790 7.617727498111999
1791 7.587986024815429
1792 7.902497953025186
1793 7.3814784503026765
1794 7.688865935188307
1795 7.514272677286823
1796 7.258313320645819
1797 7.526958115196804
1798 7.702585050103645
1799 7.629911906098563
1800 7.919100585093
1801 7.6785872642954125
1802 7.8688420001878026
1803 7.652221937413676
1804 7.851029759506338
1805 7.823066730266333
1806 7.615099300404621
1807 7.540816697156396
1808 7.877505713684174
1809 7.812979460595325
1810 7.766350415703175
1811 7.8440146414482586
1812 7.763653572765484
1813 7.736580085690864
1814 7.707298459514313
1815 7.788072949615819
1816 7.63811248229552
1817 7.8930801407544715
1818 7.717379331242762
1819 7.754920204931237
1820 7.775583942404725
1821 7.524829850184672
1822 7.376404713171795
1823 7.89422637075714
1824 7.923784502682284
1825 7.832236395425542
1826 7.702829733570409
1827 7.667116413175995
1828 7.75043991027007
1829 7.645727636908158
1830 7.785040640595595
1831 7.867027928265837
1832 7.469007524015037
1833 7.690693058001939
1834 7.595525357216676
1835 7.743547717551291
1836 7.691252205574372
1837 7.7050002147538
1838 7.536408858235507
1839 7.846614430558419
1840 7.709030547202876
1841 7.707110080982255
1842 7.649517631219472
1843 7.6963564473133195
1844 7.711188015485199
1845 7.682982108825394
1846 7.739975817300813
1847 7.7970689269295255
1848 7.50685736134915
1849 7.412794216973343
1850 7.66212198819227
1851 7.4944643605718175
1852 7.765958007459197
1853 7.7122829589963855
1854 7.790601620477932
1855 7.483898726096689
1856 7.711965414092541
1857 7.653020353660484
1858 7.452664765211437
1859 7.709558546409387
1860 7.742004689540814
1861 7.62712264162463
1862 7.925523598847949
1863 7.751177478751084
1864 7.622083615833199
1865 7.667421429646634
1866 7.578878370937797
1867 7.791666375784803
1868 7.670578932158821
1869 7.7021239417809175
1870 7.537394222412433
1871 8.062472563156032
1872 7.563542707720731
1873 7.467837465432143
1874 7.633540720546085
1875 7.892255603918708
1876 7.936907744936922
1877 7.744153766251737
1878 7.67384182017181
1879 8.006798890965046
1880 7.681109049019309
1881 7.7250376326957095
1882 7.604273036862988
1883 7.829228727640921
1884 7.869913587537237
1885 7.842210572720012
1886 7.832181694678981
1887 7.841674613097196
1888 7.47347373479596
1889 7.863110066372622
1890 7.598800292327599
1891 7.7541808605400995
1892 7.610394137304938
1893 7.604744597841119
1894 7.882052394620944
1895 7.868617686156747
1896 7.801397574047524
1897 8.018726440765537
1898 7.786904238185409
1899 7.597164231740603
1900 7.889582639246997
1901 7.7602918612114635
1902 7.799505704830508
1903 7.81428332295643
1904 7.7446348106487335
1905 8.0110250643133
1906 7.836411791665521
1907 7.95769855252016
1908 7.559387240522197
1909 7.689613402526538
1910 7.636871665588914
1911 7.626476223151556
1912 7.901398464904075
1913 7.7880962810940595
1914 7.704097707034006
1915 7.904528539985389
1916 7.716531534483661
1917 7.489415624366882
1918 7.4746403749890655
1919 7.475471206940286
1920 8.047359146408168
1921 7.497646802040598
1922 8.01293767636121
1923 7.721556728350793
1924 7.905428425564119
1925 7.8383257329818115
1926 7.769712357799912
1927 7.890557360523566
1928 7.755752786155782
1929 7.674990964291696
1930 7.858912848438952
1931 7.673814221292125
1932 7.941732145492876
1933 8.094039664426054
1934 7.741907279181129
1935 7.6511522749692915
1936 7.814513345742567
1937 8.036247296853324
1938 7.700999097894437
1939 7.741349787069275
1940 7.635066843405945
1941 7.966468847692508
1942 7.891323084659657
1943 8.168263690150745
1944 7.831125062307595
1945 7.78872700172538
1946 7.687816200937338
1947 7.672435425670555
1948 7.933284580140438
1949 8.007868078383938
1950 7.646316395966596
1951 7.9311629204916745
1952 7.8633704487615015
1953 7.573073962206167
1954 7.656599621262889
1955 7.568638820304715
1956 7.919210972943546
1957 7.900521649180369
1958 7.813133380088114
1959 7.752891306747683
1960 8.045774502134213
1961 8.090538489231395
1962 7.954957810729026
1963 7.762932416849274
1964 7.867755230958049
1965 7.790087273644762
1966 7.76009564635218
1967 7.661391762506113
1968 7.908242673409585
1969 7.872178598231591
1970 8.136075351339878
1971 7.722442241574176
1972 7.558454011434698
1973 8.012234215659506
1974 7.78143357520198
1975 7.561156329907367
1976 8.122104142464687
1977 7.6178792196606535
1978 7.694285418952087
1979 7.905359854125388
1980 7.557281736552789
1981 7.543915051081343
1982 7.967725318354072
1983 7.680669357497445
1984 7.625356626952024
1985 7.743032586357462
1986 7.592202965779437
1987 7.513631048654199
1988 7.793766421654924
1989 7.695721465446328
1990 7.895035095241094
1991 7.742153566433456
1992 7.8194011730114275
1993 7.555815064381768
1994 7.819624220200714
1995 7.7817935662022
1996 7.767922220959803
1997 7.7451678085869355
1998 7.607873123451881
1999 7.571194719700839
2000 7.860121347880437
2001 7.6771673920253125
2002 7.848087421463978
2003 7.665127630357694
2004 7.504840290542779
2005 7.753942453963685
2006 7.637701259351111
2007 7.670859465374952
2008 8.029971692134923
2009 7.768130386685479
2010 7.797611566076526
2011 7.551941344636851
2012 7.41566130484674
2013 7.6501517128925105
2014 7.459144457272863
2015 7.70501992984574
2016 7.775975545782744
2017 7.622270705737915
2018 7.515118185909912
2019 7.840495174309053
2020 7.595101879570469
2021 7.762236430460784
2022 7.98720339151788
2023 7.848173475426855
2024 7.429697682290851
2025 7.8549314932841945
2026 7.60394897728701
2027 7.70864680021136
2028 7.757895154931741
2029 7.910554457366847
2030 7.475353924202867
2031 8.023725456051583
2032 7.776590031075386
2033 7.5509329013111905
2034 7.935231838160748
2035 7.712967627439856
2036 7.641236828828823
2037 7.713212679652246
2038 7.803752837460547
2039 7.653211655213029
2040 7.916420664846301
2041 7.443475310801242
2042 7.543824522669534
2043 8.026311936281157
2044 7.551827814220931
2045 7.637064832204595
2046 7.467430771394901
2047 7.705426247139136
2048 7.649474776662006
2049 7.707706611420727
2050 7.787610407263878
2051 7.64541706312128
2052 7.697184656581957
2053 7.597234622017486
2054 7.959880093111776
2055 7.649591008345492
2056 7.5684549033405215
2057 7.619859846211992
2058 7.71796259323542
2059 7.564627888471441
2060 8.030024991386714
2061 7.721766572340792
2062 7.725523862695991
2063 7.621641957761113
2064 7.669831419667395
2065 7.67852447764286
2066 7.7395567596025305
2067 7.86586383789769
2068 7.639085852731317
2069 7.907859631768018
2070 7.513619086825716
2071 7.546252463321577
2072 7.726743645037859
2073 7.710831788182753
2074 7.952612130152151
2075 7.890697913071856
2076 7.644117212656777
2077 7.8495065810008855
2078 7.517464982582882
2079 7.350733593791246
2080 7.61550145593366
2081 7.916051458371385
2082 7.845883875777276
2083 7.683622607183877
2084 7.800378433166826
2085 7.761062796280851
2086 7.672692203535668
2087 8.085533225194968
2088 7.753350143965261
2089 7.9078285002868025
2090 7.629276591007584
2091 7.75250637943688
2092 7.726546376838248
2093 7.5534345818800075
2094 7.5829205331591245
2095 7.951376686471249
2096 7.63238071696063
2097 7.61098442487852
2098 7.950042384821285
2099 7.816557819592281
2100 7.670490599334016
2101 7.659412348915227
2102 7.652246533316702
2103 7.694236247107317
2104 7.3689728140618955
2105 7.843970461743729
2106 7.843114672290363
2107 7.79033294882193
2108 7.5634492430640785
2109 7.5361736806654065
2110 7.877747280606578
2111 7.612828230241776
2112 7.815811153523796
2113 7.5482124070176475
2114 7.499594763819865
2115 7.672083081381509
2116 7.592475974950691
2117 7.859951749427492
2118 7.712112004185032
2119 7.660898909880275
2120 7.435882150004764
2121 7.181513096264526
2122 7.705843282529289
2123 7.616629113181282
2124 7.721409684982318
2125 7.730368406349791
2126 7.493979582639291
2127 7.788763749927826
2128 7.528132577343752
2129 7.8923613573909615
2130 7.506341401476259
2131 7.671717759151073
2132 7.582235430149327
2133 8.003166892556049
2134 7.74577993837276
2135 7.407751766224147
2136 7.745174270001901
2137 7.810286555171064
2138 7.6450891063470525
2139 7.375096863657083
2140 7.7644193293948485
2141 7.555992369109275
2142 7.27389271892294
2143 7.296533394021404
2144 7.93547919641816
2145 7.482580366207782
2146 7.778275092621768
2147 7.759452555919234
2148 7.83082560564046
2149 7.787751590155079
2150 7.87641041099376
2151 7.908308360445225
2152 7.771160633014303
2153 7.809600757977479
2154 7.629580546603621
2155 7.4168486813200785
2156 7.901161231607319
2157 7.699178742141129
2158 8.130596123701007
2159 7.688103575569658
2160 7.691862356912202
2161 7.802466436453712
2162 8.14585202493636
2163 7.684100305083889
2164 7.477742532784855
2165 7.6030985836563865
2166 7.644207578584509
2167 7.405978398552045
2168 7.646459307663189
2169 7.551899619153477
2170 7.595379892329787
2171 7.516552664802487
2172 7.645811986398663
2173 7.735133665406315
2174 7.521019492044783
2175 7.545614022111886
2176 8.106125783241257
2177 7.605626772540994
2178 7.624548323667589
2179 7.703478201716694
2180 7.816015327716841
2181 7.737888518636336
2182 7.502008936421704
2183 7.484897515977863
2184 7.83757455109432
2185 7.843496441628144
2186 7.778589947478785
2187 7.507053079599822
2188 7.607753624018097
2189 8.022963976995067
2190 7.877640816622315
2191 7.847585694067244
2192 7.826923796338085
2193 7.595913227096591
2194 7.643766182979629
2195 7.892018781862073
2196 7.74953004303117
2197 7.7304302455128235
2198 7.960963709973855
2199 7.84244262685546
2200 7.499632809653499
2201 7.604076564884444
2202 7.574773129844706
2203 7.326398982584594
2204 7.536439163740536
2205 7.552578471679971
2206 7.5675213122511416
2207 7.681387634798644
2208 7.9946470946291655
2209 7.844875984981542
2210 7.704200195773288
2211 7.555367899137225
2212 7.615975242826568
2213 7.567897915047815
2214 7.830220477366962
2215 7.619997800994701
2216 7.829979689669272
2217 7.94036087535645
2218 7.535382064850525
2219 8.032968706061176
2220 7.949698579789855
2221 7.7535523351176225
2222 7.899588780066846
2223 7.1993911753174125
2224 7.624966291303439
2225 7.937290317234045
2226 7.771575214572945
2227 7.351694180504685
2228 7.785906530234638
2229 7.737263013548362
2230 7.760447784234842
2231 7.748603377660416
2232 7.891253740545634
2233 7.641806910958951
2234 7.577645521295722
2235 7.560338609853724
2236 7.827176525421108
2237 7.580928749766399
2238 7.53656203188621
2239 7.643555515475352
2240 7.707804987861475
2241 7.8480956620796825
2242 7.763485670959295
2243 7.572459966342633
2244 7.745328115660023
2245 7.915957298851815
2246 7.730926693416369
2247 7.29233938487226
2248 7.3622547538522936
2249 7.561058724658025
2250 7.725946427192859
2251 7.931494821856593
2252 7.580284878410422
2253 7.423570165854877
2254 7.69106107748105
2255 7.294817748633379
2256 7.706800409183068
2257 7.365248432637982
2258 7.463556156272608
2259 7.413255947849815
2260 7.229661185079125
2261 7.603844107645582
2262 7.832997625873064
2263 7.714650889321761
2264 7.384830997746504
2265 7.539061759462679
2266 7.601522710882342
2267 7.722398080028816
2268 7.4336925720581135
2269 7.742957998529932
2270 7.5819041103427836
2271 7.685193922137104
2272 7.248659051403825
2273 7.761066300925376
2274 7.528313956386858
2275 7.579539536066771
2276 7.664636034059298
2277 7.464696347502898
2278 7.724774036236323
2279 7.248384769223314
2280 7.433189389827788
2281 7.527838815597899
2282 7.527508074941986
2283 7.6654358295179295
2284 7.564797529258811
2285 7.655892110570425
2286 7.563316105785974
2287 7.48216149069646
2288 7.784263256559481
2289 7.437138916170831
2290 7.947442916743354
2291 7.791541276467849
2292 7.60901786170318
2293 7.714405304306422
2294 7.293470280815635
2295 7.372797176418156
2296 7.520962202476018
2297 7.663112602977178
2298 7.625821666781824
2299 7.851989680073059
2300 7.378171458105125
2301 7.665582019050154
2302 7.440956220579298
2303 7.478662426862553
2304 7.584559312923051
2305 7.539969340179253
2306 7.301612480280157
2307 7.384870113236977
2308 7.650497948561382
2309 7.402426538962712
2310 7.444723266819866
2311 7.198618389880626
2312 7.4722726741398535
2313 7.352042201001411
2314 7.488651462180886
2315 7.79977618340389
2316 7.772750617499321
2317 7.445670205890227
2318 7.528927014374047
2319 7.73828847162443
2320 8.061731924135389
2321 7.909958912337374
2322 7.804309619481198
2323 7.125676931978038
2324 7.385328016547016
2325 7.622905532654278
2326 7.468092081076684
2327 7.466808563784975
2328 7.585255745220136
2329 7.596915419926265
2330 7.985575425665764
2331 7.511773445490668
2332 7.982898478369922
2333 7.7116603337382275
2334 7.575878870500978
2335 7.82916240764167
2336 7.72822147089368
2337 7.940207867212709
2338 7.75319873335692
2339 7.722265529658167
2340 7.696072137001039
2341 7.6804066932695365
2342 7.892738962471381
2343 7.369698423366495
2344 7.644763935647304
2345 7.748993695466012
2346 7.690648919544908
2347 7.456324057762784
2348 7.4646370736478955
2349 7.523194921736322
2350 7.862376334747702
2351 7.6980338569990225
2352 7.50431247934397
2353 7.740222592159378
2354 7.456107603482791
2355 7.59078163828497
2356 7.670292690871356
2357 7.665626218248745
2358 7.389488435064737
2359 7.594641259069866
2360 7.622471541862627
2361 7.648828253293253
2362 7.964543359418662
2363 7.872899272788109
2364 8.06094335109816
2365 7.832283283484072
2366 7.703449708409217
2367 7.6404346440051905
2368 7.221897790176381
2369 7.649362830401124
2370 7.257396596087323
2371 7.58580372745007
2372 7.479067393033813
2373 7.603610415694681
2374 7.468785362621194
2375 7.737775159917526
2376 7.3491594034990015
2377 7.507380110281105
2378 7.718826405719883
2379 7.6203007635688795
2380 7.719661759666181
2381 7.552566464323759
2382 7.476082488960022
2383 7.734545829326446
2384 8.020869494617582
2385 7.769666775063376
2386 7.891949004883489
2387 8.14066209713436
2388 7.474948156319499
2389 7.84712932214517
2390 7.507114553120431
2391 7.597852359784836
2392 7.7481289814755065
2393 7.638736812305236
2394 7.599899829328579
2395 7.534857460129972
2396 7.62041479065812
2397 7.617863729962259
2398 7.679045008213965
2399 7.676815723786463
2400 7.644354394882714
2401 7.6141991690928625
2402 7.955540610574237
2403 7.475220005475394
2404 7.597446553528544
2405 7.72775754272714
2406 7.671656390837138
2407 7.375078625403587
2408 7.63370795036623
2409 7.580706239444304
2410 7.495399741837078
2411 7.86401231526944
2412 7.349591619006031
2413 7.508851780204463
2414 7.872095698981263
2415 7.429450934355693
2416 7.2891548034358475
2417 7.500039596630819
2418 7.666513727036404
2419 7.71252761709687
2420 7.456952140035977
2421 7.773178169569056
2422 7.687690283594965
2423 7.354263281205603
2424 7.445727155030579
2425 7.547677579175581
2426 7.734903086519011
2427 7.593237424566967
2428 7.842858237613039
2429 7.6562157123589785
2430 7.589628133695394
2431 7.432461630334829
2432 7.528019003021253
2433 7.46059369807374
2434 7.482550334894484
2435 7.529381394448476
2436 7.452659574550052
2437 7.567938041737051
2438 7.681109354877993
2439 7.7185133078614685
2440 7.870456421617994
2441 7.749696704357992
2442 7.796612355417465
2443 7.716212964291403
2444 7.361299572022544
2445 7.438688228015604
2446 7.3885742842158155
2447 7.351296713118446
2448 7.912760636507865
2449 7.276337696910362
2450 7.771860848957577
2451 7.530235373589817
2452 7.7876901101334
2453 7.8631945002600725
2454 7.837497041329894
2455 7.560740352100232
2456 8.015030537161664
2457 7.7348820933933675
2458 7.834698738912864
2459 7.746728046055918
2460 7.8782346524293025
2461 7.595505007159953
2462 7.995364329129983
2463 8.06653341727477
2464 8.081139620068122
2465 7.535323436199158
2466 7.428933761856069
2467 7.47720392661498
2468 7.590756956839589
2469 7.597129219432995
2470 7.39164419014536
2471 7.778912693511189
2472 7.558662393474926
2473 7.564728126040555
2474 7.293000520264803
2475 7.055301242127525
2476 7.319819232415367
2477 7.834053410916748
2478 7.5731795042707475
2479 7.71227276663721
2480 7.707704032252849
2481 7.6951856641928424
2482 7.633863876115523
2483 7.7517822203828874
2484 7.762836096785318
2485 7.534074691554843
2486 7.3899034283442795
2487 7.7950508199188935
2488 7.7990097203042135
2489 7.65258797357139
2490 7.9348849602746165
2491 7.669542268273612
2492 7.821411056749262
2493 7.360613110948939
2494 7.614083452864361
2495 7.673347069998402
2496 7.50963991141653
2497 7.475119540728196
2498 7.505738128329589
2499 7.302102106752114
2500 7.705272578666016
2501 7.848644418720775
2502 7.5873137855396715
2503 7.545511133690747
2504 7.37000845397811
2505 7.534774838642412
2506 7.5116517610996345
2507 7.568361994117045
2508 7.724340845211494
2509 7.57751636384602
2510 7.653672066257317
2511 7.387677832013791
2512 7.566163822182592
2513 7.850557058040953
2514 7.905979940368324
2515 7.673801386765738
2516 7.724705951364041
2517 7.728376267315463
2518 7.886385245172928
2519 7.725612338286624
2520 7.643222051858135
2521 7.671935214537676
2522 7.733049274261583
2523 7.718025402321215
2524 7.754980147972283
2525 7.5233528574749915
2526 7.628158974048662
2527 7.559603835600408
2528 7.9721185191632635
2529 7.72494489153239
2530 7.843282922159326
2531 7.758803122361153
2532 7.9865630405954375
2533 7.60188068594651
2534 7.68835137869969
2535 7.803357994985071
2536 7.7288675252682575
2537 7.799845388863364
2538 7.580188823448622
2539 7.656677768433021
2540 7.461969038218846
2541 7.701699725123161
2542 7.679649447834415
2543 7.589468765106894
2544 7.628075687383496
2545 7.7881700257925175
2546 7.961296846871225
2547 7.719251792012588
2548 7.5938774058162615
2549 7.599780680158116
2550 7.647639942827088
2551 7.377230424999147
2552 7.8177584711958765
2553 7.996013755573655
2554 7.990758856012175
2555 7.794222036838196
2556 8.033908538114769
2557 7.960528702946223
2558 7.775142323692405
2559 7.614303342947902
2560 7.410993672790928
2561 7.428392749598395
2562 7.250703155006629
2563 7.657766462982834
2564 7.944737514732186
2565 7.767262750385635
2566 7.739918935373347
2567 7.858197381178232
2568 7.7124075496717985
2569 7.796381974750888
2570 7.687940656046088
2571 7.639464913830176
2572 7.550274804048349
2573 7.165311054201544
2574 7.65708323645485
2575 7.611698145472474
2576 7.594999308239108
2577 7.877295223943121
2578 7.576224744782734
2579 7.596983105239549
2580 7.628063389865294
2581 7.538825043035351
2582 7.835952009215385
2583 7.648397800483128
2584 7.396525566417608
2585 7.5902482203140345
2586 7.904573516300128
2587 7.724847904791832
2588 7.78165699949586
2589 7.355289409782947
2590 7.368321896352168
2591 7.554779892484571
2592 7.699300708076711
2593 7.336092367882983
2594 7.859327989333581
2595 7.809489933065351
2596 7.922020838667945
2597 7.8285859542731675
2598 7.7547942760456685
2599 7.3971036618011015
2600 7.576396120558854
2601 7.451532239552016
2602 7.887040227685026
2603 8.024054547880352
2604 7.748083002104782
2605 7.742815186435636
2606 8.110914403706431
2607 8.080414690080945
2608 7.868975169602343
2609 7.8865510541371195
2610 7.788419582832817
2611 7.788633574112013
2612 7.498653656833711
2613 7.717950517532959
2614 7.679547264931899
2615 8.012108734616245
2616 7.791781052053526
2617 7.797523403666483
2618 7.63190290905587
2619 7.478270110743125
2620 7.28486879448605
2621 7.8455258936808985
2622 7.57016458439403
2623 7.573847842444635
2624 7.6525924326202945
2625 7.892133118527819
2626 7.945795843854514
2627 7.792191353076075
2628 7.8481307021585245
2629 7.69911747792697
2630 7.92737601827439
2631 7.9453262868414605
2632 7.991488938456503
2633 7.933870050375091
2634 7.823396167665135
2635 7.492677261822724
2636 7.561851348761989
2637 8.188170988107153
2638 7.860331921982097
2639 7.852403469379659
2640 7.7734067362920625
2641 8.130805056554065
2642 7.616823418822553
2643 7.703570541495664
2644 7.568949138282712
2645 7.721039684576761
2646 7.89448924369479
2647 7.55505692450708
2648 7.696171418181431
2649 7.480006958253147
2650 7.539443971568847
2651 7.475044630148169
2652 7.645053131278723
2653 7.594494606114913
2654 7.830462359509051
2655 7.451639094403904
2656 7.477148099619957
2657 7.591941984671993
2658 7.450557833320206
2659 7.6902485415000505
2660 7.794953418481104
2661 7.665705786735588
2662 7.880529433106008
2663 7.932138608262389
2664 7.877266953416811
2665 7.821335615257943
2666 7.9969109994046255
2667 7.941328740510343
2668 7.88073539264577
2669 7.784981109572322
2670 7.9234233264473755
2671 7.7485824433383375
2672 8.007307743219572
2673 7.863410727775837
2674 8.101782829758712
2675 7.481472405943393
2676 7.640331404763178
2677 8.309684250177797
2678 7.805575057035151
2679 7.835563298441723
2680 7.63657029048052
2681 8.077042860656512
2682 7.885094268773609
2683 7.8568360067292975
2684 7.8352673641720125
2685 7.810692161819336
2686 8.107999528482717
2687 7.9023292907091935
2688 7.783986404657398
2689 7.853520473267186
2690 7.787449085709855
2691 7.672792610121148
2692 7.969125025255817
2693 7.738813626607918
2694 7.637225467283883
2695 7.567579561870342
2696 7.6214233476600315
2697 7.732097929997898
2698 7.803663411887436
2699 7.844499384340651
2700 7.924038867175771
2701 7.908191919628211
2702 7.683538815678882
2703 7.62573151036475
2704 8.02523989336129
2705 7.70823186291637
2706 7.870688739154547
2707 7.69306720935114
2708 7.882606287994858
2709 7.806870156954102
2710 7.741870869286199
2711 7.764432783131485
2712 7.647553111626121
2713 7.723042107532222
2714 7.909235380869542
2715 7.7595481948944185
2716 7.845561423032822
2717 7.921082740942438
2718 7.687982473516682
2719 7.874090866823018
2720 8.060952044637693
2721 7.855291483291035
2722 7.5069848674561195
2723 7.571402016739785
2724 7.989925498741425
2725 7.746976751304464
2726 7.494394011949037
2727 7.434818640726462
2728 7.643226490804331
2729 7.588231677504484
2730 7.593441217970878
2731 7.829909330525546
2732 7.560769212838057
2733 7.641685101495263
2734 7.986247522398056
2735 7.896073857111669
2736 7.691400446492937
2737 7.463095545594759
2738 7.656827348123809
2739 7.64948371995651
2740 7.662459397218083
2741 7.783013851894285
2742 7.878200234082671
2743 7.855297013838896
2744 7.8147179496451145
2745 7.946202500700836
2746 7.6965285862757495
2747 7.750644100528744
2748 7.701130196280073
2749 7.604211899231831
2750 7.940561333366866
2751 7.733719933679888
2752 7.523085504621023
2753 7.712082363174276
2754 7.71164190730259
2755 8.034139092953493
2756 7.700195537441918
2757 7.701248093311237
2758 7.784260788866548
2759 7.400113523170972
2760 7.7199976991933505
2761 7.891855897377104
2762 8.167772494352196
2763 7.9478039973486325
2764 7.712559104714391
2765 7.673984641875836
2766 7.58833046798253
2767 7.758785933803938
2768 7.868481179345921
2769 7.978853408716661
2770 7.8018880726121065
2771 7.975235586571121
2772 7.6956720286349265
2773 7.845054904400369
2774 8.057155129119264
2775 7.797495228917507
2776 7.733105328163686
2777 7.614098430787951
2778 7.866298516124672
2779 7.347731822397175
2780 7.331627871050128
2781 7.670083676093182
2782 7.98536467316621
2783 7.793570373544544
2784 8.121456114558594
2785 7.670280290780753
2786 7.63301907581188
2787 7.86371158657725
2788 7.794200285155451
2789 7.616708833475793
2790 7.96497331813508
2791 7.646493047825822
2792 7.85155529188361
2793 7.797697171039366
2794 7.269580869388089
2795 7.408221322277763
2796 7.81108821664331
2797 7.867252221929737
2798 7.777690321505696
2799 7.680153104519712
2800 7.475386414176262
2801 7.560688252703003
2802 7.65311805889858
2803 7.63991525818152
2804 7.713842855929421
2805 7.521665473237874
2806 7.722438416045196
2807 8.035028664833662
2808 7.621267133776161
2809 7.624098672711105
2810 7.612120351078887
2811 7.3834246227044895
2812 7.607240313448346
2813 7.983074246767198
2814 7.64535528154883
2815 7.627019764797861
2816 7.6620677847785865
2817 7.709835128094866
2818 7.601054678095778
2819 7.567391281017081
2820 7.863751993586352
2821 7.571318894546959
2822 7.908385629369529
2823 7.963283431523048
2824 7.764123018483316
2825 7.515902569584793
2826 7.7921722762635826
2827 7.566720773703849
2828 7.65574045735184
2829 7.562714343673706
2830 7.587864628620982
2831 8.089717560295954
2832 7.618331556891128
2833 7.484223898287865
2834 7.801249636490107
2835 7.806283222886403
2836 7.483990143771144
2837 7.51804009303196
2838 7.618781717161542
2839 7.317348490246846
2840 7.893330704546412
2841 7.726126979936392
2842 7.580396790362616
2843 7.61443855783276
2844 7.496287760609309
2845 7.67425579228036
2846 7.558744317610491
2847 7.744289608034505
2848 7.889302493485245
2849 7.4812082554473855
2850 7.531100461533011
2851 7.936584230324985
2852 7.424733052703299
2853 7.491737509075796
2854 7.607079055171009
2855 7.392356596013943
2856 7.679410595960451
2857 7.571279632641281
2858 7.615454377543117
2859 7.817520259588112
2860 7.483796900283353
2861 7.978325985163115
2862 7.676418632077718
2863 7.7737052428952715
2864 7.609012554058156
2865 7.535770188899013
2866 7.3466184757708
2867 7.827326723662653
2868 7.9059264796333775
2869 7.804703712538891
2870 8.0323204132745
2871 8.304111654333415
2872 7.916174160558631
2873 7.9075688199983
2874 8.021703675527474
2875 8.156642638004548
2876 7.769649509256948
2877 7.58589750393086
2878 7.734078053888331
2879 7.889419591205903
2880 7.6692088317966665
2881 7.840925899696152
2882 7.883042441819091
2883 7.936702845438831
2884 7.6782445669923485
2885 7.98525813486594
2886 7.825305794404122
2887 8.088458780430377
2888 7.765015059262206
2889 7.69327666398438
2890 8.159786940366054
2891 7.986076908457463
2892 7.644768387668797
2893 7.838700642531256
2894 7.926655737886775
2895 7.961215261038427
2896 7.683116093407901
2897 7.8836858265133385
2898 7.940420133107445
2899 7.907924056970003
2900 8.049615223805567
2901 7.682249018517811
2902 8.01969901795305
2903 8.181185036217348
2904 7.865275867318212
2905 7.933338874691817
2906 7.840783577703587
2907 8.093488715648483
2908 7.816353861021354
2909 7.693730961416925
2910 7.573493384948216
2911 7.541534560912946
2912 7.586456729462038
2913 7.935478226787504
2914 7.954193941763885
2915 7.699959791353059
2916 7.659946099227983
2917 7.684665645982874
2918 7.872770143571865
2919 7.954145636979013
2920 7.6323694551060814
2921 7.673524341700569
2922 8.012597353303143
2923 7.655349374385562
2924 7.701777060126273
2925 7.4489540773917025
2926 7.737753183743882
2927 7.629701501835643
2928 7.836617000378077
2929 7.6732559807143526
2930 7.751409604953384
2931 7.546502315195635
2932 7.922398408728284
2933 7.586232613561462
2934 7.796617613746527
2935 7.958094182346813
2936 7.91798479127537
2937 7.8182659731457065
2938 7.756756735940453
2939 7.796218989321606
2940 7.627501813710504
2941 7.922255554973908
2942 7.8945751287722725
2943 7.902316480596918
2944 7.740445239933972
2945 7.876291578073094
2946 7.954054982667873
2947 7.754516479441238
2948 7.9266278395249445
2949 7.720664280598491
2950 7.71692571105971
2951 7.735532818555289
2952 7.932960637158741
2953 7.924053124398758
2954 7.632917702607928
2955 7.796335203744658
2956 7.6605424623693406
2957 7.722647135765941
2958 7.844728962004886
2959 7.851714352443616
2960 7.95750572882123
2961 7.660346886760852
2962 7.8705881378921285
2963 7.657911403240158
2964 7.943046257106718
2965 7.937889434084771
2966 7.841523720110316
2967 7.601982664628335
2968 7.653832800594607
2969 7.49232591136054
2970 7.5872509469131915
2971 7.226365689578085
2972 7.4699174633120435
2973 7.3954664473870535
2974 7.291221076052627
2975 7.665804676510378
2976 7.2290840715991465
2977 7.422127171719877
2978 7.609959049563258
2979 7.097780892728937
2980 7.359336611417086
2981 7.236702941090683
2982 7.402793282737508
2983 6.93490065637723
2984 7.200720174705337
2985 7.560132762345654
2986 7.427444920922328
2987 7.258149321279356
2988 7.469841437543749
2989 7.2141211259538185
2990 7.751668650776515
2991 7.346158424042342
2992 7.490524887558034
2993 7.187217171472977
2994 7.098771798069443
2995 7.3404668526177685
2996 7.2436128811675164
2997 7.20472475131597
2998 7.349754099779817
2999 7.02943542816741
3000 7.400354134112072
3001 7.295358060802856
3002 7.39432953078964
3003 7.232068760542314
3004 7.242274943908314
3005 7.208270945261549
3006 7.198811667873878
3007 7.11882910912637
3008 7.53429393612203
3009 7.567019066320987
3010 7.050348230510366
3011 7.310531060849889
3012 7.242664239019453
3013 7.855558914659112
3014 7.798882528396755
3015 7.814674812414216
3016 7.606842141431389
3017 7.9181544558852615
3018 7.832907400366372
3019 7.867207368460432
3020 7.8390978695469915
3021 7.5801393700935265
3022 7.525227317782864
3023 7.845894609171187
3024 7.533120511378636
3025 7.342994229972567
3026 7.312439938786626
3027 7.484763886973581
3028 7.649099009557643
3029 7.777478536530225
3030 7.689892865373085
3031 7.753068406160549
3032 7.534417695955534
3033 7.433199634020852
3034 7.562749562654709
3035 7.360830531505102
3036 7.5970270526066335
3037 7.71443479960703
3038 7.550765703094233
3039 7.587585657585683
3040 7.935015092582448
3041 7.614429848468309
3042 7.450074589315245
3043 7.7459862957501295
3044 7.607294090113588
3045 7.812019609511433
3046 7.967974476306815
3047 7.749783243536703
3048 7.59156465818545
3049 7.390903299646461
3050 7.581533198075066
3051 7.872948680470084
3052 7.760937841247424
3053 7.747010443045159
3054 7.739374725187993
3055 7.73205788543336
3056 7.919688784146774
3057 8.030048140236993
3058 7.637252178031691
3059 7.596805917774132
3060 7.397680292086511
3061 7.64450195257754
3062 7.426815493080456
3063 7.23513648377054
3064 7.317208432609584
3065 7.157716652994667
3066 7.349483625890975
3067 7.871123373660926
3068 7.715589926965183
3069 7.950465620827161
3070 8.086483443329666
3071 8.047693218902358
3072 7.629391462591329
3073 7.623530456579263
3074 7.5747858725238375
3075 7.785603427432916
3076 7.846391334337059
3077 7.699726091999169
3078 7.755331367862247
3079 7.8479689225471025
3080 7.684407566540318
3081 7.75336188526835
3082 7.71402102136088
3083 7.549948277924975
3084 7.686389635407098
3085 7.377478100478994
3086 7.874645243872381
3087 7.722654318099447
3088 7.809458691938491
3089 7.893044389508254
3090 7.693464916902692
3091 7.5104562695432495
3092 7.849788699050386
3093 7.777966886274721
3094 7.695328429041415
3095 7.63559407700312
3096 7.6740549759655
3097 7.827993568649378
3098 8.28155004935103
3099 8.057872512265604
3100 8.122531281360914
3101 7.810708080224403
3102 8.158090243260206
3103 7.822283889912661
3104 7.909828061924089
3105 7.761087296691437
3106 7.821371320304212
3107 7.527328483281872
3108 7.742019609449992
3109 7.8497568344040705
3110 7.904085955336491
3111 7.997888235137225
3112 7.904159608664502
3113 7.6525354031410355
3114 7.604316152306441
3115 7.579788788689828
3116 7.952355736029114
3117 7.752758450779225
3118 7.481913801069629
3119 8.031130718239872
3120 7.8032786516106665
3121 8.053135658956041
3122 8.090875187492948
3123 7.951908922199511
3124 7.579104325855195
3125 7.594260522495909
3126 7.693909595613356
3127 7.420471398628504
3128 7.6581315416048135
3129 7.846382767523594
3130 7.9902483350303495
3131 7.795794478042048
3132 7.629475403168315
3133 7.586696221892026
3134 7.6414643462803316
3135 7.679151615463061
3136 7.834471897086241
3137 7.867605342454207
3138 7.749721853235936
3139 7.920564714354113
3140 7.945587634236493
3141 7.9123392211683115
3142 7.874400219958058
3143 8.003516823512248
3144 7.767332060261854
3145 7.7029032839121525
3146 8.031626740664825
3147 8.14547253967367
3148 7.494318412250479
3149 7.569053920321351
3150 7.6275358827845805
3151 7.934066939490399
3152 7.861798468885546
3153 7.57278015017551
3154 7.964429584958411
3155 7.5328129131244275
3156 7.685782432156832
3157 7.5379254546453796
3158 7.346399500362379
3159 7.67434981454163
3160 7.930413790033846
3161 7.524362863336437
3162 8.00895165226576
3163 7.96230325244922
3164 7.63739088125042
3165 8.122444709567864
3166 7.609287637278254
3167 7.506675636770461
3168 7.909361993663142
3169 7.6826257045632245
3170 7.971388961652936
3171 7.729771601716921
3172 7.339930720977691
3173 7.909700343100267
3174 7.632525411217506
3175 7.7873705800477895
3176 7.757511015837143
3177 7.817055542974686
3178 7.601993852642149
3179 7.759675859697531
3180 7.597295364602152
3181 7.4147005131023125
3182 7.465270734645623
3183 7.921418172244235
3184 7.3449016530101785
3185 7.568259548425133
3186 7.95123884702227
3187 7.585161437265455
3188 7.629178927565173
3189 7.747217456281657
3190 7.635330634157623
