0 12.544077509350647
1 12.291510959176476
2 12.83721867326633
3 13.319443231864494
4 12.754806705143412
5 13.139072058354866
6 13.128521735805847
7 13.479775093128524
8 13.307629329857882
9 13.239318404084749
10 12.960314907911481
11 13.70990311537559
12 12.798245358929051
13 12.983199228056288
14 13.145461034005335
15 13.130677379716579
16 12.779587129445448
17 13.323799401480194
18 13.360738694091065
19 13.025894281933507
20 13.265664200496435
21 13.785613476917154
22 12.978577771865371
23 13.211965997468782
24 12.493259974551526
25 12.884174457567058
26 13.361572451391256
27 12.863548005351353
28 12.400474133253685
29 12.96202986514753
30 12.670673756022794
31 12.621787060692686
32 12.961431378789019
33 12.995302987690675
34 12.537123194121458
35 11.972565559481245
36 12.406750328262213
37 12.246314850519184
38 12.558609406189854
39 12.23318657542854
40 12.632863690355782
41 12.45197859437921
42 12.65071902083322
43 12.2778741443899
44 13.102701412777467
45 13.030259001095743
46 13.11037982521425
47 12.945230321791685
48 12.854447981733385
49 12.495593787429296
50 12.988126354647614
51 13.046818754308624
52 12.797904327837404
53 12.527567418592016
54 12.409464075569634
55 12.78158602081227
56 13.424473061182827
57 12.985220677250124
58 13.216902895133842
59 13.039874008928146
60 12.980731557977434
61 13.324002771855552
62 12.996157351396441
63 13.09996837210561
64 12.809755370176847
65 12.184582063578624
66 12.399335650052945
67 12.439896259118658
68 12.486226520286245
69 12.823411215565615
70 12.355416247449599
71 12.584421187620459
72 12.852445144004841
73 13.165112064649554
74 12.787593195742037
75 12.918866540790638
76 13.027819150060191
77 12.75508121051921
78 12.375946624522522
79 12.841330494478166
80 13.301694337324653
81 12.840431467192643
82 13.316303040718115
83 12.988974554652456
84 12.706652438090769
85 12.964160840615811
86 13.123949363858443
87 12.27133981221172
88 11.959402603813606
89 12.54266374121615
90 12.908137559036694
91 12.913146248665168
92 13.486047251812552
93 12.898980305406432
94 12.491253676497156
95 12.981153754409078
96 13.15609186259998
97 12.752505146303559
98 12.732161427981412
99 13.316202565658322
100 13.070946716777215
101 12.917795523086392
102 12.664113085768902
103 13.05340416497559
104 12.273991613262027
105 12.45914328598189
106 13.207567135033848
107 12.651913492978256
108 12.39238375377126
109 12.307001928043638
110 12.68484926649232
111 12.81762131906758
112 12.660770479791935
113 12.52614108218352
114 12.880350341203476
115 12.66521123873548
116 12.393384835645291
117 12.259115143617658
118 12.818117595631977
119 12.173164811417125
120 11.862581377160689
121 12.31161952525751
122 12.662355743775052
123 12.598475232809372
124 12.213257527612086
125 13.419950416226783
126 13.29265489824476
127 12.86472292819845
128 13.058547398406345
129 13.084631200483448
130 12.979384039906712
131 12.447740845378284
132 12.878382824548117
133 13.349450321510812
134 13.189002902872101
135 12.448815801832867
136 12.757522312620736
137 13.043911900631688
138 12.665474766380216
139 12.764266243048986
140 12.894911953358935
141 12.741308212553987
142 12.501859204330987
143 12.59803646978232
144 12.107594281065252
145 12.236066662215217
146 13.18744243363014
147 13.013928966750424
148 12.652317504699523
149 12.120660352239709
150 12.282989549828477
151 12.165162519335139
152 12.395259261016808
153 12.83548491996841
154 12.257671796218938
155 12.17656161088159
156 12.117823842422103
157 12.82679785010844
158 12.518440360800463
159 12.626505213284098
160 12.752117119269121
161 12.094795166576143
162 12.326278945032973
163 12.51439274667992
164 12.733057902376375
165 12.738371944234459
166 12.096503701643059
167 12.192235911714851
168 12.945175182599531
169 12.970367140065582
170 12.765253184278887
171 13.331653959560148
172 13.06511204663209
173 12.547896806593151
174 11.89896383089932
175 12.252989119300501
176 12.319282592636927
177 12.3861031517369
178 12.734497780554443
179 12.615240455951122
180 13.357241745158944
181 12.486703679166453
182 12.878717998791933
183 13.481750270026442
184 13.542544832025973
185 13.121067581715215
186 13.071738569408419
187 12.682923824260756
188 12.627846000204425
189 13.489508507311665
190 12.732318465142857
191 13.178558272417023
192 13.133764202777824
193 13.204283825736102
194 12.50918797997726
195 12.516629638502943
196 13.189839635939222
197 13.315926958740018
198 13.336240855747032
199 12.613073690356758
200 12.606189277081253
201 12.47044913974524
202 12.223162274568466
203 12.490242832148406
204 11.696152435200439
205 13.312100940184793
206 12.81433993038298
207 12.544725738882201
208 12.758003678602368
209 12.689564302253702
210 12.573898347715925
211 12.44380452771478
212 12.414077055636858
213 12.623970103228633
214 12.342301943871817
215 13.201111002217642
216 12.918412707988855
217 13.512752792247458
218 13.050165187145247
219 12.445351038034744
220 12.015203597265748
221 11.85308171852737
222 12.356369837871304
223 12.076477806905825
224 12.431501444319165
225 12.313041456637999
226 11.921635028421743
227 12.62058598791779
228 12.403519159275344
229 12.03050460784636
230 12.480448523482222
231 12.385397058664156
232 12.231070375182883
233 12.085393277871423
234 12.082031433657871
235 11.818966172522478
236 11.934121616320102
237 11.797429204736066
238 12.179814145482208
239 12.21669534683641
240 11.85019421483376
241 11.88933241149736
242 11.67724807079469
243 12.222446004165665
244 11.515532179550119
245 12.507397997284155
246 11.937782132625442
247 12.427943788456178
248 12.07309740572409
249 12.097021739578894
250 12.512088045584521
251 11.905456738953712
252 13.140725213663162
253 12.074005420163422
254 11.871702843227416
255 12.213129816040778
256 12.500146572816249
257 12.614882938517068
258 12.671117588447533
259 11.602083314819792
260 12.22928871183979
261 12.300282991720977
262 12.705721561012687
263 12.642451693903476
264 12.540425807584455
265 11.618081868738038
266 12.567163000340505
267 12.304541819094213
268 11.837166569129055
269 12.007118919624643
270 12.069442006221903
271 12.212680585007174
272 12.045991468729913
273 12.324152032418867
274 11.81628053830894
275 11.881661922145929
276 12.148320128416106
277 12.432495962879724
278 12.32300616225908
279 12.373900871642551
280 12.344868497296257
281 12.4944279995665
282 12.426896119863692
283 12.500399117570977
284 13.168415577596145
285 12.39698095933095
286 12.71292208367554
287 12.482814235694159
288 12.460162473073355
289 12.337059182636642
290 12.260754179922738
291 12.681193747652124
292 12.5070426293013
293 12.411666380988358
294 12.326520455340827
295 12.505988194289179
296 12.496583869663088
297 12.46364353202483
298 12.39163253181183
299 12.472038491983739
300 12.860938646655221
301 12.501433694235194
302 12.577924448586831
303 12.933270351042538
304 12.806521362021874
305 12.55175050673004
306 12.134759652961886
307 12.809703467633083
308 12.46518610659883
309 12.403759185877059
310 12.22650483671573
311 12.783707612074677
312 12.786439510997841
313 12.298402598332016
314 12.667762081246723
315 12.797163494509734
316 12.995830849683967
317 12.697149228937855
318 12.97583695386381
319 13.06863122017173
320 12.840364631795483
321 12.909755246307208
322 12.730615233554216
323 13.386088167124974
324 12.88050243673373
325 13.062533538478275
326 13.131464774602742
327 12.96368925243888
328 13.272966746228322
329 12.97879345461334
330 12.946913963448727
331 12.307372802698886
332 12.823995341626048
333 13.197229140047678
334 12.870106818917723
335 12.550829356996438
336 13.098780646601579
337 13.242693138449194
338 12.540182229855116
339 13.376430968500697
340 12.694089563625495
341 12.861787277175864
342 12.8918785207134
343 12.644274628322734
344 12.466741953343197
345 12.85745656062361
346 13.231198231129342
347 12.975841361657794
348 12.78836098304818
349 13.002362631350916
350 13.191931902081182
351 13.377528507357326
352 12.933126045638973
353 12.780267658196703
354 13.049597974102586
355 13.07522657370277
356 13.087326541687077
357 13.095865990884022
358 13.081680671025511
359 12.898057050731362
360 12.044296856554258
361 13.16810092589484
362 12.228352311123007
363 12.733147377189889
364 12.718641852708721
365 12.722265396023412
366 12.147179108532496
367 12.105592821242803
368 12.521848332765856
369 12.211888421564346
370 12.542387335910371
371 12.351211309581027
372 12.368253792222143
373 12.090746621070375
374 11.897272000209435
375 12.434207880314771
376 12.75436342586372
377 12.521049645455804
378 12.701362341449666
379 12.180649940533229
380 12.61661421554033
381 12.36202496517193
382 12.633250862987094
383 12.996061077929788
384 12.410401133842743
385 12.790617457168427
386 12.136011511372036
387 12.523952706189727
388 12.169749528817304
389 13.150815118245136
390 12.445264369352747
391 12.489837974524514
392 12.809045322305552
393 13.04875065267004
394 12.726228399255
395 12.159843856542544
396 12.751537849585617
397 12.780177243266937
398 12.125300995291113
399 12.241096866896914
400 12.276477507988426
401 12.317875120030788
402 12.512613626729056
403 12.059685217207978
404 12.995495492400963
405 12.302797552068043
406 12.707879618370772
407 12.30033065816245
408 12.424758609698127
409 12.150051417693087
410 12.382122649047409
411 12.66660878294583
412 12.411771426691406
413 12.228175160724309
414 12.558114732452431
415 12.054907515689694
416 12.45943586041297
417 12.574606683036272
418 12.918424267170625
419 12.146441481385013
420 11.958569546933097
421 13.049964159428038
422 12.649100156208059
423 12.449557933510528
424 12.72772225484529
425 12.345943625681171
426 13.177972353305073
427 13.463584813841523
428 13.09669772758366
429 12.69164983986882
430 13.46267286702461
431 13.43717078042076
432 13.288696549534757
433 13.367234760868568
434 13.27080656092377
435 12.997992675544545
436 12.924329679747792
437 13.034045809791916
438 12.904967869693955
439 13.077571111855281
440 13.374150059370841
441 13.273492019238056
442 13.51798685466332
443 13.24910100649042
444 13.098964192958043
445 13.666075749338557
446 12.584931604533041
447 13.242851071185516
448 12.268068848312103
449 12.664068923523967
450 12.745543238448537
451 13.232628081046393
452 12.861043041023242
453 12.398759850725495
454 12.963868475432413
455 12.994441587768385
456 13.03889698773045
457 12.360362946431666
458 13.507492164826928
459 13.33716699622861
460 12.751413311208788
461 12.567281315169398
462 13.006085662338881
463 13.639890117555
464 12.955900959434818
465 12.638308691267728
466 12.543691405406742
467 13.013511395197906
468 13.061433090916939
469 12.969156709645238
470 12.792785645526607
471 12.655872733142726
472 12.90113724137022
473 13.409052869784203
474 12.66891714308306
475 12.635973393193613
476 12.681892574067618
477 12.613616836586328
478 13.280444307381861
479 12.700732017557735
480 12.7592147466111
481 12.718667189214678
482 12.850365879498819
483 12.742938476900642
484 12.685636466904985
485 12.74174886876332
486 12.573097238745905
487 12.262870956592025
488 13.220353299422772
489 12.930157051886688
490 12.80608559472771
491 12.639754114849048
492 12.50822678289251
493 12.832949342038695
494 13.146789417082843
495 12.40762646769123
496 12.480106237446586
497 12.641121120968402
498 12.479136902330698
499 12.515339051499083
500 13.04310473255868
501 12.900085904827447
502 12.738993757878971
503 12.3207555213082
504 12.645564963758197
505 13.048193995954215
506 12.6365547544613
507 12.75773481844415
508 12.54369524580195
509 12.780516159959586
510 12.346671628502033
511 12.753808990923151
512 12.894521695191816
513 12.403087007057561
514 12.509609482701482
515 12.289367664402583
516 12.350407017047573
517 12.413498315347017
518 12.624220644978092
519 13.089847807902487
520 12.559973694859949
521 12.333921212737593
522 12.570374574996436
523 13.20706238273498
524 13.48441136237387
525 12.447657032835513
526 12.686140035949336
527 12.564677498648626
528 11.964671461975637
529 12.071717728991974
530 11.975618870000657
531 12.298765815917381
532 12.68453735700102
533 12.493652160956131
534 12.383127860321116
535 13.23920467336217
536 12.582449090135343
537 12.053737300892797
538 12.872321231035015
539 12.435440423225005
540 12.586305696527983
541 12.654160930195129
542 12.652863364457259
543 12.807805715479526
544 13.147452519598616
545 13.499662840392931
546 12.83495823639427
547 12.577188429028155
548 12.981800119015366
549 13.459310884619892
550 12.664123330694009
551 13.133332376818835
552 12.51623031456216
553 12.919203753716456
554 12.438614410219001
555 12.457857642219661
556 12.667528845714122
557 12.411165628489611
558 12.599178066757052
559 12.618305561102195
560 13.137144637978896
561 12.801431279438887
562 12.342091815601075
563 12.613994104537875
564 12.586360711639209
565 13.065372238745383
566 13.402363471319454
567 12.391698298272104
568 12.517137131306278
569 12.536606633012251
570 12.8966806921235
571 12.944433186420861
572 12.474793257117069
573 13.251211976562546
574 13.045659132193862
575 13.520665300386488
576 13.38870437164508
577 13.007539530102934
578 12.809269903851616
579 13.021251488074665
580 13.352296733850542
581 12.8447029716496
582 12.605567235047362
583 13.983772040823144
584 13.076146227211277
585 13.448204485905512
586 13.454806402686478
587 13.178994015344658
588 12.848711475979718
589 13.622830232240402
590 13.336178089818379
591 13.41486892465317
592 13.48483479984336
593 13.220385054340898
594 12.888247042482021
595 12.864057359322663
596 13.231236310600933
597 13.092648629892182
598 13.208521956669978
599 13.29912406157502
600 13.538941937389536
601 12.945818104207492
602 13.341857373627624
603 12.652290869822862
604 12.43695300955037
605 13.193014067575474
606 13.48307559201715
607 14.173895204417455
608 13.575228835729131
609 13.462935683947123
610 13.46540641940673
611 13.237783734278551
612 13.260304179540702
613 13.002505387706822
614 12.992306734043408
615 13.177741652041044
616 12.885348152772533
617 12.768162438931991
618 13.06198856098776
619 12.665196242485118
620 12.621617997343899
621 12.84537020332265
622 13.434970241364027
623 13.1489072561664
624 13.007529654742974
625 12.445935119219186
626 12.839558445091072
627 12.648550615867398
628 12.981244779578898
629 13.456599215138285
630 13.230368684255717
631 12.69829118988221
632 13.353516673238941
633 12.568048425411202
634 13.25428639136469
635 12.904017957557635
636 12.961669677917776
637 13.023815102403312
638 13.094308474611912
639 12.83377035383341
640 13.150602147962395
641 13.072460359790377
642 12.610617326991676
643 12.704337604402733
644 13.112421578444495
645 12.717615210759945
646 12.957794274142197
647 12.645215537825546
648 12.975178686712983
649 13.092324569428031
650 12.875533124055893
651 12.740151092487832
652 13.065015535918702
653 13.251405810892068
654 12.895291119967414
655 13.30358613888856
656 13.207095126460903
657 13.311627090464922
658 13.200567597834645
659 12.900649539460382
660 13.10754052102238
661 12.86403605179435
662 12.693551423280018
663 13.359471999485917
664 13.363018321894803
665 13.526419998876113
666 12.96627789277423
667 12.818199140656452
668 13.01524536066762
669 12.882607511756206
670 13.223158579740351
671 12.711638463317497
672 12.735689450011057
673 12.899800974295156
674 13.059936909561237
675 13.1762542842742
676 12.54553640180329
677 12.831374059849079
678 12.316902991768595
679 12.677813340874945
680 12.918307510198936
681 12.682968165443366
682 13.10105976795471
683 13.171199932606328
684 13.27338448342952
685 13.097496507823076
686 13.204423161600783
687 13.238582815906428
688 12.886139727024865
689 13.21341606952154
690 13.017517508604806
691 13.113462058966103
692 13.070243710162789
693 13.33135332931889
694 13.26095416027994
695 13.44914325955041
696 13.102904636124437
697 13.051449280012381
698 12.579897131895295
699 13.083250622989626
700 13.103631876722284
701 12.53389512585965
702 12.596305989810077
703 13.127791718313052
704 13.068711077919598
705 12.666284213160061
706 12.688716189134507
707 12.905051120131255
708 12.67862586285113
709 13.43503704342828
710 13.309815889257063
711 12.735871443824783
712 13.688863339246545
713 12.585056419910705
714 13.205004491658789
715 13.107474077985872
716 12.729187678537533
717 13.09863838441494
718 13.258747615626312
719 13.098118260216637
720 13.162040471896342
721 13.260084574178856
722 13.094235901457683
723 12.993855255007677
724 13.094469513079732
725 12.970627198298608
726 13.160299312778777
727 13.430819655033568
728 13.05184637279023
729 13.284694154469802
730 12.718907378229643
731 13.449430125317232
732 13.365263922716867
733 12.805694522147707
734 12.534385444326164
735 12.497266089281643
736 13.043463370476848
737 12.83164650529969
738 13.328083182512238
739 12.819712871121578
740 13.060344077060133
741 13.242371493456247
742 13.341278159276943
743 12.773896259444305
744 13.007961065306436
745 12.823699628372882
746 13.302343868475935
747 13.266639810855242
748 13.046950362280798
749 12.967872770238058
750 12.51155019801768
751 13.194157011831807
752 13.160478765152734
753 13.266574840544925
754 12.75672420449155
755 13.086593386887557
756 13.06464964166797
757 13.33590226483483
758 13.500002707682814
759 13.8447388461859
760 13.189621513957384
761 13.124957013903565
762 12.93920369768069
763 12.160915525059673
764 12.972296731994476
765 12.557212203019837
766 12.651566197109004
767 12.448962028962852
768 12.478586668145535
769 12.89059552740055
770 12.169580414019475
771 12.544784386072424
772 12.398692780016578
773 12.871680018428664
774 12.631604191534247
775 12.671240742737698
776 12.629142630388083
777 12.54720137364672
778 12.428345906255668
779 12.95851367162026
780 12.541770193796708
781 12.757503985759646
782 12.839377257526756
783 13.053873476095045
784 13.003052097080158
785 12.84574519821318
786 12.40962320724504
787 12.661270392766307
788 12.817868186314353
789 12.909261502355978
790 12.349200665854413
791 13.105779866263882
792 12.584487370987066
793 13.077582528790966
794 12.885557397816768
795 12.75879939529431
796 12.631355125010474
797 12.659386638839514
798 12.54660478144757
799 12.674490134440935
800 12.433576978792772
801 12.505527265083032
802 12.907282211590237
803 12.69564124682298
804 12.891746117271277
805 12.689552661679583
806 12.715488119001021
807 12.466607664126894
808 12.569147175234999
809 12.868686819661423
810 12.651094405689454
811 13.282178497793744
812 12.751486302351907
813 13.00836490284819
814 13.198233860625486
815 12.773916903198195
816 13.15404256872626
817 12.74606634965256
818 12.642729556241605
819 13.051572530915486
820 12.571527649194106
821 13.00418189173788
822 13.271277835855194
823 12.551768270662691
824 13.132017857784959
825 12.92951644835919
826 12.806035733158902
827 12.65152419946929
828 13.045234339214229
829 12.826899037906907
830 12.498287708331302
831 12.837501524287548
832 12.773290297212995
833 12.964343591483631
834 12.972369169798075
835 12.814613544854863
836 13.138814653598153
837 13.026718205425905
838 13.165722167078377
839 12.98522666811339
840 12.934915406342256
841 13.123105353648137
842 13.31783581031861
843 13.235087015518243
844 13.029633483467762
845 13.377841707300435
846 13.244561620739821
847 13.401148885655807
848 13.467283621374797
849 13.518084175422572
850 12.830479381944357
851 13.53102110103379
852 13.523947862660497
853 12.732259249282926
854 13.301323001028752
855 13.96781489972897
856 12.950459946106957
857 12.912978064890796
858 12.955884747020134
859 12.886376341048638
860 12.678956234436033
861 12.726839804210732
862 12.767585059362581
863 13.197502967783949
864 13.134313823625707
865 13.191119063635007
866 13.521857243537042
867 13.323993534871814
868 13.29923448409669
869 12.538325073620248
870 13.384761673880993
871 13.34686884924856
872 13.301409480326521
873 13.218193896213334
874 13.214181601226898
875 13.857158199791517
876 13.007862882043193
877 12.924751736974464
878 13.773832466266384
879 13.441078696565704
880 13.600123633526852
881 13.743134325897234
882 13.288263234856169
883 13.491613952737868
884 13.813051244379194
885 13.51130826372635
886 13.566764668605947
887 12.747860000918932
888 12.697745086006849
889 12.88392663871972
890 13.531230433566142
891 13.27015722772019
892 13.171361902620376
893 13.812648352357888
894 13.054272085675649
895 13.468902032215524
896 13.223967770151114
897 12.90565389874174
898 13.518985609086712
899 12.834349986723838
900 12.903927830914805
901 13.662323225938044
902 12.907521936180654
903 13.25699787564049
904 13.204243405793324
905 13.028792592635748
906 12.800014273128827
907 12.301646591822538
908 12.66864727433929
909 12.504904027702537
910 13.004449546132951
911 13.166567738645984
912 12.65270737025692
913 12.07874451574575
914 12.892875356453626
915 13.087641807230256
916 12.7982055066976
917 12.677159335205758
918 13.160343418258641
919 12.755854671068342
920 12.444129602897881
921 12.616234433115766
922 12.49914727773322
923 12.694689072736006
924 13.241984273647725
925 12.618163773113473
926 12.642798001715642
927 12.382515165888572
928 13.01591073247089
929 12.412070551853
930 12.454600312737732
931 13.11606101725767
932 12.472561391934814
933 13.385450277558698
934 12.757602499096423
935 12.940286652923144
936 12.79941921533221
937 13.014357597729015
938 12.950659456860258
939 12.832834101624394
940 13.495654932777924
941 13.116073757279166
942 12.604618004823271
943 12.647838159612233
944 13.161504547336971
945 12.330692011477025
946 12.220966002844285
947 12.85428038154653
948 12.480941078908437
949 13.073897130378176
950 12.662144329156725
951 12.563231693314101
952 13.02918756774552
953 12.870192782344256
954 12.88480089977722
955 12.420205195060262
956 12.58633119829874
957 12.840968314195333
958 12.961724681450479
959 12.714728977807033
960 13.089095840913178
961 12.78590811767398
962 12.841532807496382
963 12.788003267779002
964 12.729889694387678
965 12.481103041620361
966 11.92171485125025
967 12.228713866543178
968 12.59997251076504
969 12.55953758445024
970 12.754818901545027
971 12.855252518471238
972 12.65875926511044
973 12.483195484369212
974 12.49012596004727
975 12.525697092543352
976 13.062415217750303
977 12.650338643111764
978 12.549208748469836
979 12.125389502115084
980 12.313856131966554
981 12.614192754760689
982 12.53565590119708
983 12.325857409653223
984 12.542137230028366
985 12.592696728224185
986 13.021491250951216
987 12.519438875596434
988 12.940843402789357
989 12.527429532648192
990 12.763257067715308
991 13.072999857648728
992 12.58667832900661
993 12.792505729959702
994 12.38083561182875
995 12.646054293811448
996 12.450351961824273
997 12.78412404060894
998 12.591771154528978
999 12.457595412496762
1000 12.844132315307798
1001 13.017643889339785
1002 12.944593295698253
1003 12.776634037173832
1004 12.562317589326677
1005 12.577203349585721
1006 12.707857928206106
1007 12.458555379786727
1008 12.921834298208312
1009 12.384542752831852
1010 12.539410950749918
1011 12.49492184344321
1012 12.520003691556722
1013 12.686802520872652
1014 12.582570988453215
1015 12.638547826807688
1016 12.288243961206323
1017 12.981806666748023
1018 12.960518362037687
1019 12.23835425860235
1020 12.802303301178412
1021 12.621589657438102
1022 12.422593221286201
1023 12.499076177430428
1024 12.984594525897037
1025 13.003527417303811
1026 12.960820906345834
1027 12.49976872584734
1028 12.451395512487423
1029 12.448384577514537
1030 12.677633632549416
1031 12.209647823203495
1032 12.944239166368874
1033 12.735913870559438
1034 12.609399314358958
1035 12.285478731725783
1036 12.533598363059125
1037 12.431689459717925
1038 12.993703090422487
1039 13.243490089769603
1040 12.74841205677339
1041 12.731682530227474
1042 12.972875363464095
1043 12.720135906767952
1044 12.730419729036088
1045 12.861648329644057
1046 12.875431895965821
1047 12.69049365841737
1048 12.727549506500738
1049 12.794148302000837
1050 12.643490208275812
1051 12.601299976161197
1052 12.315579153648192
1053 12.996203028547175
1054 13.144195768420898
1055 12.544026927675972
1056 12.561313066466768
1057 12.994285307532493
1058 12.735743219771456
1059 13.089638626135065
1060 11.87255494478297
1061 12.38925009565611
1062 12.764273550486024
1063 12.471433723927545
1064 12.108952270530152
1065 13.063786991044605
1066 12.386372223322928
1067 13.031711069667443
1068 12.542925862747916
1069 12.525489196053423
1070 12.884413873975664
1071 12.759075130196583
1072 13.010465053910332
1073 12.901168064406685
1074 13.14016501092672
1075 12.414670684681996
1076 13.222437412029437
1077 12.699830656702542
1078 12.782178373543097
1079 12.690689057318211
1080 12.456948642556673
1081 12.525448878329188
1082 13.083557085482212
1083 12.622625093333674
1084 12.500348642943765
1085 12.681516094033457
1086 12.440139012931377
1087 12.497760882473104
1088 12.691631721244375
1089 13.008424493394088
1090 12.525567793150133
1091 12.604910504797685
1092 12.663848690864869
1093 12.976267312095539
1094 12.598898822454155
1095 12.283258803623712
1096 12.336995320645475
1097 12.72296137715534
1098 13.19961569646684
1099 12.47805266711045
1100 12.414635131721042
1101 13.118923031982144
1102 13.117827597126917
1103 12.557577398484343
1104 12.45564319106899
1105 12.612566815864444
1106 12.504661506466642
1107 12.442248250187715
1108 12.686670277131249
1109 12.296381968652177
1110 13.402243148429125
1111 12.389048632046318
1112 12.390869522140434
1113 13.126227882192538
1114 13.144941938678407
1115 13.009850179779207
1116 12.36250924536664
1117 12.8645052328243
1118 12.857227870126378
1119 13.290956193348748
1120 12.594778616019353
1121 12.857930967905308
1122 12.801757938867166
1123 13.152508589964116
1124 13.24911022036659
1125 13.300308433109949
1126 12.952285989366846
1127 12.718296479685616
1128 12.842471570417201
1129 13.356819248647952
1130 12.72568005300271
1131 12.58622248830697
1132 12.9428537055288
1133 12.385765288154571
1134 12.97573858743815
1135 12.77851507777172
1136 12.267834512259347
1137 12.544169717488522
1138 12.93516490665821
1139 12.838350828270073
1140 12.85010342349084
1141 12.370437976559979
1142 13.308655757386372
1143 12.646848020943033
1144 12.718423467409716
1145 12.943426421957104
1146 12.835535016256873
1147 12.882128179796894
1148 12.723934548883005
1149 12.77437274353816
1150 12.778886965163023
1151 12.698416278895776
1152 13.124015868363925
1153 12.845444781073404
1154 12.964518543000338
1155 13.077052089568438
1156 12.918903272838511
1157 12.806026334700533
1158 12.603461835603046
1159 12.926675455455408
1160 13.088371870124403
1161 12.970797068277639
1162 13.493224182340768
1163 13.272518028683114
1164 13.174405814357584
1165 13.339401235117377
1166 12.781461092587568
1167 13.212506207947863
1168 12.472822319096899
1169 13.252739659632638
1170 13.40592177915285
1171 12.958430557704252
1172 12.811550377445803
1173 13.145858639617517
1174 13.39648306402203
1175 12.83519416400675
1176 13.44113528542518
1177 13.183426449683472
1178 13.509839835610004
1179 13.065135724491528
1180 13.223237385453874
1181 13.356248613800078
1182 13.37577384675129
1183 12.94251449167948
1184 12.861919212999673
1185 12.695736878418192
1186 13.433559431099516
1187 13.612093730170281
1188 13.278802809178272
1189 13.18385094881644
1190 13.278613805804639
1191 13.419295094890789
1192 14.006493365064575
1193 13.864410486734862
1194 12.576260734400565
1195 13.303944533775674
1196 13.493807775915126
1197 13.238533419689494
1198 13.044447962848018
1199 13.298840080005496
1200 12.844201577489175
1201 12.970477257183076
1202 13.39268482043563
1203 13.01120927538806
1204 12.874236266824939
1205 13.165133282887902
1206 13.168129282597835
1207 13.37258447454414
1208 12.934604628872036
1209 13.241777525703016
1210 13.155748474736674
1211 12.614160102493324
1212 13.272126040749468
1213 13.337941432678916
1214 13.344547391046307
1215 13.076575043170028
1216 12.916807379660165
1217 13.122594010765775
1218 12.880668065566459
1219 13.472276079360558
1220 12.99763357291452
1221 12.939832296142262
1222 12.344447155587025
1223 12.677811621481668
1224 13.046811467124515
1225 13.049915950447112
1226 12.91071455230299
1227 13.142151340346883
1228 13.038115130713704
1229 12.966970498685262
1230 13.145093107938346
1231 12.851198821786062
1232 13.026162931046114
1233 12.752626010004152
1234 13.223222491466023
1235 12.942708791444923
1236 12.777588361791334
1237 12.985773239468758
1238 13.202202770732733
1239 13.124897211369884
1240 13.378907021312802
1241 12.849259446437467
1242 13.751249063314988
1243 12.858009555878988
1244 13.121110977536144
1245 13.632118436107168
1246 13.777342998972722
1247 13.55439142366626
1248 13.349540717533575
1249 13.394704223344116
1250 13.322970850157756
1251 13.260716976590615
1252 13.117540138975217
1253 13.527797965856836
1254 13.605407460113314
1255 13.17622620847101
1256 12.951339836413075
1257 13.433592348642891
1258 13.107659721480161
1259 13.466240905578179
1260 13.265919827479904
1261 12.923171759599464
1262 12.880448075501945
1263 12.71222099137051
1264 13.205353550291834
1265 13.39755759714793
1266 13.305734314468015
1267 13.260899564585994
1268 13.39353385944428
1269 13.365117796231434
1270 13.149884082842199
1271 13.463086891276896
1272 13.1978396881167
1273 13.483147698274882
1274 13.035615842670351
1275 13.31965929203915
1276 13.540102326208347
1277 13.00493680797181
1278 13.171723518504303
1279 12.743854811369635
1280 13.045424926333324
1281 13.221758950944679
1282 13.21059950057233
1283 13.240131761538144
1284 13.126109011918032
1285 13.112983841255874
1286 13.188887086492645
1287 13.014330910344876
1288 13.091613043818947
1289 13.397747664864715
1290 13.83894211591296
1291 13.052480831239295
1292 12.976193862702948
1293 13.137172857269745
1294 13.135142500398562
1295 13.632604392607453
1296 13.358146644175825
1297 13.305398982159485
1298 12.902119173399845
1299 13.150637521656407
1300 13.129287128851765
1301 12.59349736744482
1302 13.281992488453106
1303 12.731831924018776
1304 12.122212389143627
1305 12.707433229096612
1306 12.974701312236691
1307 13.555819256092681
1308 13.361972737621798
1309 13.351218041983271
1310 13.60699774730652
1311 13.438397212502709
1312 13.188897123565262
1313 13.313805775382495
1314 13.396516761008865
1315 12.790566670830323
1316 13.194865861327203
1317 13.33539010120389
1318 13.436081762995883
1319 12.933080396311308
1320 13.400498409157535
1321 13.593383677350726
1322 13.313169658055916
1323 13.288466955062415
1324 13.166998892465614
1325 13.671141245084657
1326 13.587935874392459
1327 13.227770871237176
1328 13.127083087876013
1329 13.132793544585443
1330 13.415053620839274
1331 12.901986060199922
1332 13.21868144701135
1333 12.986057141599435
1334 12.821510078914047
1335 13.295718501213758
1336 12.97169638292297
1337 13.07844838228365
1338 12.606980324554623
1339 12.519227403868111
1340 13.00004081701869
1341 13.070865355484784
1342 12.906291125833327
1343 13.45534807139095
1344 13.349181359455738
1345 12.77349603269057
1346 13.210595692709493
1347 13.328299215932908
1348 13.887970605235788
1349 13.411992127582726
1350 12.986674038194142
1351 13.202764580315993
1352 13.054163956931314
1353 13.372306423723993
1354 13.196706205273172
1355 14.135150913575352
1356 13.495185073761302
1357 13.517818241109044
1358 13.445223648100075
1359 13.581545316389708
1360 13.217137354208976
1361 13.633208624556763
1362 13.210334501189891
1363 13.270364350436301
1364 13.38263635513649
1365 13.284630100059813
1366 13.165716491047277
1367 13.64648296175325
1368 13.596834130437992
1369 13.601335423605796
1370 13.558086773320724
1371 13.551427815343697
1372 13.522755549624456
1373 13.052893400883548
1374 13.52472315993624
1375 12.983972065671615
1376 13.094780642913713
1377 13.29831965736716
1378 13.072194799418808
1379 13.001506361966577
1380 13.179657069977173
1381 13.453003606566387
1382 13.088453798969613
1383 13.09812431860882
1384 13.278442109654346
1385 13.02662310949515
1386 13.242765438047595
1387 13.230216727894126
1388 13.3699764625743
1389 13.374078084192558
1390 13.218866593845183
1391 12.929543417865954
1392 13.339770572266026
1393 13.317475609817741
1394 13.117801477113908
1395 12.647928084010383
1396 13.495324145900772
1397 13.027125088081695
1398 13.565444862769949
1399 12.365762246765867
1400 12.984533847572232
1401 13.098581270065935
1402 12.964471357996226
1403 12.889029364651362
1404 13.580217439744949
1405 13.87786301874112
1406 12.879086291323855
1407 13.133769275006614
1408 12.556267833871091
1409 13.447664567827733
1410 12.934060157550118
1411 13.41183335550177
1412 13.093517261103786
1413 13.249332510588856
1414 13.248582678948988
1415 13.314691247506783
1416 13.248818400553022
1417 13.432776390008991
1418 13.036159688277001
1419 12.928774748309264
1420 12.768571745468837
1421 12.43295333856718
1422 12.967736743462398
1423 12.877875174003309
1424 13.010152507768664
1425 12.957334901243874
1426 12.859478229551689
1427 12.840775379956153
1428 12.956020639869044
1429 12.917064280930907
1430 13.028110512763327
1431 13.0062187836542
1432 13.244928955231597
1433 12.833049285246684
1434 12.860918232335562
1435 13.403043060906457
1436 13.389935703939594
1437 13.45790774113555
1438 13.4835614017108
1439 13.546626010085806
1440 13.489411205878763
1441 13.801146771604802
1442 13.508872605421773
1443 13.889488379390563
1444 13.44665100621617
1445 14.234431880785875
1446 13.892544776676516
1447 13.590477443644472
1448 13.98202896220656
1449 13.785833983570143
1450 13.537186290575898
1451 13.303276602599077
1452 13.547309053120435
1453 13.40928796952408
1454 12.855812716937123
1455 13.41947564290443
1456 13.16908375893744
1457 13.058534365710923
1458 13.40871370440092
1459 13.983393130384977
1460 14.229350732439352
1461 13.723853048941756
1462 14.012502838382957
1463 14.012939413778758
1464 14.346876195754552
1465 14.680650611864682
1466 14.168202691159978
1467 14.376803992662996
1468 14.484525078839669
1469 14.019270772701269
1470 14.335629774817665
1471 14.16884059871297
1472 13.822538568990197
1473 13.646469231596594
1474 13.556082660216967
1475 14.240618592342717
1476 13.723054164999786
1477 13.944707330937556
1478 13.566853488218326
1479 13.580676808777232
1480 14.053760038721983
1481 13.90662492171702
1482 14.258728656830204
1483 13.706241677303575
1484 13.696357812566848
1485 14.121874139937292
1486 14.411469170349836
1487 14.037894344104213
1488 14.193554646692444
1489 14.3115126943442
1490 13.884368045142368
1491 14.374701258621819
1492 14.251796315670598
1493 14.18340730991593
1494 14.044901978695867
1495 13.912446972105087
1496 13.836765061183364
1497 13.945237363690921
1498 13.687181755252052
1499 13.69881687216865
1500 13.455089829999382
1501 13.750364525360693
1502 14.146855610368112
1503 13.928320988000088
1504 13.938911378981738
1505 13.91158613860471
1506 13.693661185128057
1507 13.94933185376094
1508 13.953730877759051
1509 13.90980335935622
1510 13.983789059506917
1511 13.619224235332037
1512 14.02894790660724
1513 13.750344765854646
1514 13.425161893857837
1515 13.846465962366175
1516 13.763749893705008
1517 13.500606462250676
1518 13.088583911556617
1519 13.429882433096438
1520 13.170590255777284
1521 13.413500224499069
1522 13.698134253580184
1523 13.231566083144081
1524 12.626519204016944
1525 13.817539711955925
1526 13.667810438155428
1527 13.583576745197767
1528 13.967321950091716
1529 13.988114284066727
1530 13.718636725760094
1531 13.932790111899507
1532 13.533029330278946
1533 13.493280356864808
1534 13.58321918087343
1535 13.02263406464642
1536 13.393897348666659
1537 13.346396666853977
1538 13.33451365950143
1539 13.799473152901276
1540 13.957542026742631
1541 13.300183492103745
1542 13.510420445584257
1543 13.198060830922387
1544 13.226262588287982
1545 13.81205824829776
1546 13.105427464476335
1547 13.702127749544863
1548 13.673664044118665
1549 13.652406158954228
1550 13.524255784836747
1551 13.560891155928282
1552 13.785490888165281
1553 14.214928271740357
1554 13.58827732863749
1555 13.874654534422504
1556 13.445933405046844
1557 13.811093516820527
1558 13.767045797524124
1559 13.300303555664033
1560 13.745602689690998
1561 13.486856496442224
1562 14.126048370957777
1563 13.688808996399773
1564 13.129084159686728
1565 13.132995282641337
1566 13.245530822570695
1567 13.226050109633006
1568 13.520125993762306
1569 13.322931970569183
1570 13.292109373576647
1571 12.868928028660084
1572 12.754512709664153
1573 12.701644379150345
1574 12.587857824253192
1575 13.667396781875908
1576 13.166087284150546
1577 13.558567202634753
1578 13.463595216443684
1579 13.354815701660762
1580 13.079248228674167
1581 13.532198415352223
1582 13.46935925256067
1583 13.006496080048631
1584 13.170851776750984
1585 13.454126867387055
1586 12.880561439317695
1587 13.285054165838796
1588 12.612762959327005
1589 12.703545894534901
1590 12.94486050281953
1591 13.134152006444864
1592 12.639185373462702
1593 13.105081233039815
1594 13.078036293458247
1595 13.065959241714832
1596 12.354051615173457
1597 12.454465992556917
1598 12.919225694233589
1599 12.954741468854753
1600 13.147911593520128
1601 12.938225851478977
1602 13.167217121263823
1603 12.969625396795909
1604 12.619859819382816
1605 12.927264638113925
1606 13.137569381060178
1607 13.085321286133412
1608 12.686580479554772
1609 13.358327885948345
1610 13.288947951991195
1611 13.340892693235398
1612 12.92554162237807
1613 12.706440111881383
1614 13.273968380042604
1615 12.881083445894829
1616 12.841951276310379
1617 13.017500384477234
1618 12.91521481732612
1619 12.965596451197289
1620 12.992690057952526
1621 12.851420834027062
1622 12.761782828208911
1623 12.863866677568614
1624 12.811654413475408
1625 12.650428701499955
1626 12.701477983625692
1627 13.59367870926009
1628 12.769903071677673
1629 13.384258674975563
1630 12.985742035847615
1631 13.714379934916728
1632 13.016872161362729
1633 12.961607775555455
1634 13.450489938697242
1635 12.964346746560212
1636 13.041600013709646
1637 13.553980033934131
1638 13.372241747405477
1639 13.10942102252316
1640 12.846881596814177
1641 13.119878838370507
1642 13.144655542103523
1643 13.263985879062584
1644 13.056854770799669
1645 13.219662934868104
1646 13.547701778205312
1647 13.445500663736642
1648 12.98214022121037
1649 13.51244058303889
1650 13.049892642423902
1651 13.568450561791282
1652 13.25624851270779
1653 13.353598335733576
1654 13.252024861298668
1655 13.38001956299101
1656 13.041768952736234
1657 12.93461409992541
1658 12.961262366547382
1659 13.248924203141677
1660 13.702952368274149
1661 13.300208743755059
1662 12.534240049899218
1663 12.941746705068086
1664 13.618179224445113
1665 12.880675527392048
1666 12.784481881975012
1667 12.324813878323189
1668 12.789778103285087
1669 12.295136612518364
1670 12.619182153264626
1671 12.865854209843226
1672 12.42683308846508
1673 13.218802310362122
1674 13.257809958112844
1675 13.144343632804976
1676 13.409772358303359
1677 13.169706011300775
1678 12.943791409701458
1679 13.49145549116552
1680 13.304799502347155
1681 13.103356299676664
1682 13.848397430007491
1683 13.387913321793025
1684 13.204578227515569
1685 13.34478380995666
1686 13.603221843565516
1687 13.18072137874993
1688 13.607361913719897
1689 13.365331765034277
1690 13.667605212089834
1691 13.468460196969284
1692 13.637403833905525
1693 13.445288286524473
1694 13.546846543548087
1695 13.800712891723965
1696 13.670538560843783
1697 13.486687524220029
1698 13.437725276441554
1699 13.358276295813184
1700 13.636188723360343
1701 13.275869921627333
1702 13.401637674361918
1703 13.815343307743872
1704 13.297097916474197
1705 13.721564982952641
1706 13.767897404439537
1707 13.554978338551964
1708 13.353370797637782
1709 13.095399312227348
1710 13.128088508766416
1711 13.661969275739652
1712 13.690372861697593
1713 13.699578137834509
1714 13.785551505664982
1715 13.134916731692442
1716 13.051753083980223
1717 14.075064671120018
1718 13.90907794799955
1719 13.371550660406339
1720 13.709538874432077
1721 13.736301695348134
1722 13.131422642496293
1723 13.318594217504524
1724 13.59917187966223
1725 13.57841006256185
1726 13.992495322116678
1727 13.473655166590806
1728 13.642353591002754
1729 13.73314328711081
1730 13.128531438158877
1731 13.644145890212936
1732 13.648464713751597
1733 13.448310692064027
1734 13.57243857904998
1735 13.626568016479139
1736 13.984793738087872
1737 13.523494120930973
1738 13.05885878319202
1739 13.589325116493832
1740 13.499188991202756
1741 13.112401645980583
1742 13.836246033281018
1743 14.219564664843128
1744 13.157224467097762
1745 13.546607433045256
1746 13.42984531003419
1747 13.45390615565883
1748 13.61285555378156
1749 13.509994327038017
1750 13.138612269468261
1751 13.272493479383895
1752 13.204146284970717
1753 13.699279431186863
1754 13.311268643708331
1755 13.281123957909449
1756 13.24632835883103
1757 13.500369847761238
1758 13.723375120398128
1759 13.638182377772333
1760 13.691870634141392
1761 14.180774090921734
1762 13.093076072761042
1763 13.024164581463213
1764 13.546791613260527
1765 13.065129939502881
1766 13.290103426646928
1767 13.664816804204971
1768 13.151624345135158
1769 13.293368393272704
1770 13.548173039289098
1771 13.481605253892164
1772 13.461693973255743
1773 13.414356754783084
1774 13.537847680339684
1775 13.728302111241833
1776 14.044789701759294
1777 13.673370590432533
1778 13.970024603505664
1779 14.276497520607418
1780 15.23074476882794
1781 14.556089435211375
1782 14.419438329784064
1783 14.447759839719824
1784 14.13373691503217
1785 13.915185031978043
1786 14.163832146505708
1787 13.972731407199499
1788 13.809156258313967
1789 14.909956982775855
1790 14.713340684666885
1791 14.44118359643404
1792 13.560747912095326
1793 13.61192014589254
1794 13.12296233043175
1795 13.436636498348763
1796 13.821168486031526
1797 13.366449413227688
1798 13.612579381098314
1799 13.362686583267653
1800 13.798548855353358
1801 13.805523026723836
1802 14.499648421894076
1803 13.850273733994241
1804 13.807830107550512
1805 14.051439181095338
1806 13.57792327167859
1807 13.877345232246515
1808 14.21865011498337
1809 14.017995097399858
1810 14.894503218321043
1811 15.217953336994169
1812 15.410696854725412
1813 14.809376057514786
1814 14.959559209492042
1815 15.251574367929045
1816 14.53195212563164
1817 15.292799528543632
1818 14.938427886568526
1819 14.927535605818388
1820 15.06577746438539
1821 15.097471024518464
1822 15.029381376556032
1823 14.59931639926205
1824 14.704283281398023
1825 14.80535811072791
1826 14.384896586117339
1827 14.448617096764142
1828 14.778740925124549
1829 14.99551104174935
1830 14.795021652642218
1831 14.655312205414296
1832 14.64061222693439
1833 14.270598088690452
1834 14.529575495499731
1835 14.69073833973014
1836 14.977020331135831
1837 14.603749432668392
1838 15.261440566783786
1839 14.918390378429146
1840 14.89515798420125
1841 13.981442895093327
1842 14.274458242783732
1843 14.699078138643891
1844 14.708574364271085
1845 14.915463554786376
1846 14.511987108938975
1847 14.69253075222496
1848 14.849309642945721
1849 14.320982214317134
1850 14.455009411972428
1851 14.195220661059816
1852 15.059542874821792
1853 14.680176816928402
1854 14.985609977849961
1855 14.531047259709707
1856 15.303491354652781
1857 14.896957170695059
1858 14.774736657295268
1859 15.184192084377225
1860 14.859735664254512
1861 14.468616964984616
1862 14.973152700403064
1863 14.764527164841953
1864 14.72891301885193
1865 13.9141583997241
1866 14.591360165996855
1867 15.34358988539011
1868 15.252914023545912
1869 14.931472084924055
1870 14.930452611511763
1871 15.081237224634545
1872 15.530033699056
1873 15.22709658923804
1874 15.442022945866304
1875 15.060084148512102
1876 14.628747338500657
1877 14.830878227682977
1878 14.646932165365792
1879 15.264512744027051
1880 14.948802139655474
1881 14.865903703719262
1882 14.739123009258543
1883 14.415667004478177
1884 14.818761434247758
1885 14.374679474275249
1886 14.729666770200703
1887 14.490657166217588
1888 14.996597134965839
1889 15.324887774468968
1890 14.39166762522161
1891 14.849088158273263
1892 15.002699744451258
1893 14.683671227642426
1894 14.56996782292091
1895 14.983261535405399
1896 15.24935692416955
1897 14.91919966625803
1898 14.756310254328836
1899 14.429441852190275
1900 15.2451201014925
1901 14.52328112857756
1902 14.671246419309762
1903 15.008629679427214
1904 14.923777724115007
1905 15.338072574586667
1906 15.51940502880614
1907 15.284257643310564
1908 15.428903232628697
1909 15.019050419916143
1910 15.25746862125918
1911 15.153603415550249
1912 14.750029383695347
1913 15.645094479221827
1914 14.85400469802786
1915 14.840201143382158
1916 14.345221635795992
1917 14.98573099884711
1918 14.668952237243989
1919 14.537993981075937
1920 14.935106836495256
1921 14.300920302983723
1922 15.05821578622747
1923 15.587657824571558
1924 15.49222999649854
1925 14.658279651599926
1926 15.205753938138159
1927 15.180477853997195
1928 14.639919121244189
1929 15.138567367956936
1930 14.457228440393887
1931 15.09614839960435
1932 14.839284404930371
1933 14.484756495616548
1934 15.31982556067241
1935 15.237796385518624
1936 14.609235336945614
1937 14.790820076229934
1938 14.916972367397456
1939 15.114155309136496
1940 16.190332478122933
1941 15.022978122774983
1942 14.833776323666646
1943 14.382654379748372
1944 14.993097977444817
1945 14.667952507227968
1946 14.699450211996336
1947 14.325452549332299
1948 13.921853262245435
1949 14.423192383932044
1950 14.429815484548756
1951 15.38221662508298
1952 14.45673828544987
1953 13.807561784353172
1954 13.593191520112617
1955 13.767783974409369
1956 13.71314925282994
1957 14.156441100028454
1958 13.896719690020138
1959 14.883951448897168
1960 15.131043332781942
1961 15.914862093053813
1962 14.449431341544317
1963 14.03412272941534
1964 14.172959369415441
1965 14.520690435142138
1966 14.07144562886525
1967 13.596506703968977
1968 14.130508785170525
1969 13.441643640260741
1970 13.356353160989254
1971 13.251088092446892
1972 14.59407073525907
1973 13.870243911482072
1974 13.60477928684007
1975 14.17994110857141
1976 13.639174024226326
1977 14.17664604588825
1978 13.88034135600361
1979 13.978302213216962
1980 14.726966886146805
1981 14.072430802986748
1982 13.259059151235551
1983 13.796358855656141
1984 13.692051318629176
1985 13.41391045171829
1986 13.82377938679673
1987 13.969686295147907
1988 13.938959387225205
1989 13.763527085539081
1990 14.332852738434378
1991 13.137978496801534
1992 13.331781096619379
1993 13.62517281522351
1994 13.492143734340251
1995 13.112889818470652
1996 13.492494192330716
1997 13.60244249349717
1998 13.617454497636155
1999 13.636251116676425
2000 13.436195922610963
2001 13.61816776037375
2002 13.237746676682589
2003 13.464201068318205
2004 13.655256997014341
2005 14.161428347825174
2006 14.228008114303702
2007 14.250493077071967
2008 13.54285230180142
2009 13.86298999183505
2010 13.82315721364885
2011 13.959182663244524
2012 13.278013244463148
2013 13.80249964149417
2014 13.697313523973424
2015 13.78606853132038
2016 13.669479931391468
2017 12.997120706609318
2018 13.569711928263969
2019 13.656129634546023
2020 13.627633847365853
2021 13.619403173219467
2022 13.716725567100914
2023 13.644970150912641
2024 13.525330074773962
2025 13.689092113248952
2026 13.598171577777876
2027 13.530159337047973
2028 13.58993651501121
2029 13.246853201819604
2030 13.477439706737572
2031 13.297223239715564
2032 13.464921532556774
2033 13.64512136689678
2034 13.489519107412447
2035 13.260012656912695
2036 13.800100177202918
2037 13.476947145654341
2038 13.519355341430883
2039 13.655584836486529
2040 14.021940129958718
2041 13.398720733232766
2042 13.37372530201116
2043 13.907051697988242
2044 13.778754429971585
2045 13.656327968491347
2046 13.816883782274676
2047 13.42648827872384
2048 13.5544931714604
2049 13.792001588561005
2050 14.577458452078963
2051 13.776315473338666
2052 13.519023880500168
2053 13.908213457755842
2054 13.46191790050191
2055 13.690100843033335
2056 13.60681403274408
2057 13.70516859825785
2058 13.523012829481814
2059 14.342607160671669
2060 13.770443549397656
2061 13.592802537559331
2062 13.63246452775938
2063 13.498324259071557
2064 13.802799608713991
2065 13.32960738219698
2066 13.89631243568698
2067 13.336436385199715
2068 13.393249269374774
2069 13.503007658681883
2070 13.219406696091806
2071 13.188256933120512
2072 13.753761064365927
2073 13.39378930473256
2074 13.504248631555413
2075 13.439568804708129
2076 13.25960423058689
2077 13.283321019453243
2078 13.529175601389735
2079 13.794719288681247
2080 13.959000248868135
2081 13.654943748755406
2082 13.316631011332534
2083 13.417201946163761
2084 13.763597915779107
2085 13.257341163025409
2086 13.444336058707444
2087 13.390457339522168
2088 13.233388301050493
2089 13.679637558531102
2090 13.377233027674524
2091 13.40981844088331
2092 13.67213154517138
2093 13.134576746247332
2094 13.267575299353298
2095 13.422155907226077
2096 13.848270649065773
2097 13.657230663478083
2098 13.797744352593138
2099 13.770613759700549
2100 14.127836194322537
2101 13.414109205350016
2102 13.44093745961562
2103 13.617023661417248
2104 13.183756162405336
2105 13.700983610011397
2106 14.111602813556464
2107 13.603547451729218
2108 13.591348770488805
2109 13.243556865222928
2110 14.061225254184231
2111 13.374142043091666
2112 13.288582244528223
2113 13.786326251161105
2114 14.142373795652185
2115 14.026835224139795
2116 14.24286605098414
2117 14.110070097138216
2118 14.574656061858608
2119 14.461169886254819
2120 14.341840569102555
2121 13.957732346114136
2122 14.588746397785464
2123 14.273685569700179
2124 14.414911101297744
2125 14.098666044469788
2126 13.831792734428069
2127 14.430219457863497
2128 14.468293639225095
2129 14.002430327581454
2130 14.038225418635198
2131 14.793010907228938
2132 14.461470880688804
2133 14.40497225764668
2134 13.861962150457336
2135 13.583149518825097
2136 14.352180542484948
2137 14.329166994525954
2138 14.634419576652029
2139 14.377093176212892
2140 13.88317178671425
2141 14.189060233830167
2142 14.392675555562478
2143 13.616397300846447
2144 14.316412105914539
2145 14.654036163509998
2146 13.996974228525747
2147 14.614479727272327
2148 14.2849578305335
2149 14.468112048997872
2150 14.44703280659557
2151 13.924297141734835
2152 14.343785962491452
2153 14.345357811829484
2154 13.690964468665532
2155 14.47445434796308
2156 14.642730322801336
2157 14.608251195904078
2158 14.809749024928323
2159 14.968960317852252
2160 14.698113449247712
2161 14.359712743282675
2162 14.603146868739511
2163 14.38848157423085
2164 14.284547895779614
2165 14.001823411783827
2166 14.309370995375076
2167 14.683750472714287
2168 14.324645518147893
2169 14.497802904612039
2170 13.959836613550477
2171 13.96755290969228
2172 13.759230215431181
2173 14.208086313367732
2174 13.820663530147034
2175 13.765436243936003
2176 14.5285030021008
2177 14.870108924902173
2178 13.746093739053453
2179 14.726732086639375
2180 14.14705643360801
2181 13.807751472222915
2182 14.483979779792095
2183 14.461950882598737
2184 14.481977872542961
2185 14.146548534212249
2186 13.929098511071066
2187 14.027691679866745
2188 13.888291450626145
2189 14.268998654318793
2190 13.911365717639072
2191 13.136235192654762
2192 13.451080858023694
2193 13.38730236448889
2194 13.662871868745059
2195 14.035003079008032
2196 13.51981643936299
2197 13.431389099657185
2198 13.828834943619096
2199 13.666977195707673
2200 13.503084708705055
2201 13.755862809503437
2202 14.191627580541347
2203 13.971416738228841
2204 13.874490336556383
2205 14.113089850063897
2206 13.988033524111984
2207 13.92771557679111
2208 14.219391460260356
2209 14.318573031341892
2210 14.16983740642246
2211 13.921114580652489
2212 13.86843849279744
2213 14.431066277259264
2214 13.674002915372311
2215 14.006069812994875
2216 14.026297213409737
2217 13.637380940216477
2218 14.356989672608742
2219 14.440782080742663
2220 14.29887024237083
2221 14.14834788092432
2222 14.428130454609171
2223 14.527208250511368
2224 14.275971378555216
2225 14.452195363950405
2226 14.33852177220119
2227 14.115413813558527
2228 14.121543252547262
2229 14.446937833605102
2230 14.389318038130638
2231 14.477781881468916
2232 14.52979732697387
2233 14.261949221753373
2234 14.049985107717944
2235 14.451410446486836
2236 14.454812346205157
2237 14.169108161229108
2238 14.143165165526659
2239 13.782891868018446
2240 14.420553786641264
2241 14.231340530724621
2242 14.434475388055954
2243 14.386239953313751
2244 13.673398296925251
2245 14.048184613605356
2246 13.975933641258955
2247 14.279840064630203
2248 14.458939756251048
2249 14.11411166890375
2250 14.289044369964813
2251 14.38725144637993
2252 14.599800251220378
2253 14.451972444472975
2254 14.172978506452791
2255 13.904484353286554
2256 14.386748726599949
2257 14.282590004405739
2258 14.064821043572168
2259 14.448702624127518
2260 13.815589981536549
2261 14.04224183364455
2262 13.79209887774762
2263 13.962362525380115
2264 14.017857933920057
2265 15.079668160501562
2266 14.852403214801095
2267 14.459313973173911
2268 14.296301918604586
2269 14.604532216858955
2270 14.488663276127706
2271 14.266469753721186
2272 13.982386564147108
2273 14.314511292633608
2274 14.352872386568023
2275 14.562815284657747
2276 14.349899462070443
2277 14.22046986970925
2278 14.5149352733868
2279 14.66241998544948
2280 14.105182792958528
2281 14.30802687398303
2282 14.564108025672388
2283 14.948986379382355
2284 14.59654896875773
2285 14.108358181767786
2286 14.539720448489716
2287 14.75307983644686
2288 14.416169784571187
2289 14.688396698961732
2290 14.203735881103075
2291 14.213149071763166
2292 14.509049203046539
2293 14.617029505336285
2294 14.369410692728662
2295 14.424721924561782
2296 14.495548646267702
2297 14.400641090158716
2298 14.319010573232577
2299 14.349734314438246
2300 14.466423318006196
2301 14.54090098777107
2302 14.426882438241954
2303 14.22174370217183
2304 14.316765900128551
2305 14.45159380065266
2306 14.867222889231325
2307 14.455730839911956
2308 14.905139984700348
2309 14.079478565456114
2310 14.514710416023714
2311 14.589077807105852
2312 14.210043135509832
2313 14.750319657710637
2314 14.51373565929462
2315 14.306199627490216
2316 14.573587696913004
2317 14.677454157075143
2318 14.146239811737304
2319 14.208442082108023
2320 14.270642216605934
2321 14.479590745144796
2322 14.40435260532424
2323 14.438169458216677
2324 14.718134621554983
2325 14.513972315191488
2326 14.57826472109247
2327 14.434216366844902
2328 14.494788698945756
2329 14.10680495490746
2330 14.380992115702613
2331 14.344325208523482
2332 14.492918537764105
2333 14.357262282960676
2334 14.507867219899866
2335 14.297305819789333
2336 14.720858040646139
2337 14.575159929232246
2338 14.158291551163812
2339 14.774317466174175
2340 14.405072941891575
2341 14.802324207319629
2342 14.47241887067181
2343 14.540308200918838
2344 14.327728654356687
2345 14.639242434262304
2346 14.531642730750857
2347 14.343641390097586
2348 14.16970930584898
2349 14.225766226311151
2350 14.599693451006718
2351 14.016087845902536
2352 14.139243220242381
2353 14.63735168632714
2354 14.31744576584187
2355 14.556798825510622
2356 14.67797975788525
2357 14.767343997477852
2358 14.76123408086903
2359 14.160986715530937
2360 15.081564319268765
2361 14.502962004624106
2362 14.675733807305177
2363 14.394440716881153
2364 14.668370450407465
2365 14.616618024256683
2366 14.534848701340275
2367 14.182507592301086
2368 14.132981372956696
2369 14.402690493115404
2370 14.330780267886434
2371 14.375533757780953
2372 14.833491937928825
2373 14.466324541781654
2374 14.860802501230827
2375 14.527894924198081
2376 14.509349853198385
2377 14.63051966839513
2378 14.689187405235181
2379 14.607515486429374
2380 14.725196481142806
2381 14.683297509319864
2382 14.124197051709475
2383 14.671867026064316
2384 14.672043737929423
2385 14.880867838638592
2386 14.415143195414954
2387 14.530398523783685
2388 14.501717307493225
2389 14.623505549933316
2390 14.43879392711454
2391 14.444158538140135
2392 14.466804580339096
2393 13.928792793487247
2394 14.713672928604575
2395 14.557052289988723
2396 14.609695481449796
2397 14.678446497017347
2398 14.487940228168668
2399 14.61817595581957
2400 14.760066050994672
2401 14.697415398888444
2402 14.409374070061862
2403 14.562106930812208
2404 14.686566559299747
2405 14.227564236024673
2406 14.543314043388227
2407 14.654558281710612
2408 14.108292514838517
2409 14.484465014240387
2410 14.522285542619352
2411 14.49219147487432
2412 14.551326017316274
2413 14.299942793946707
2414 14.404590052258975
2415 14.649760253662663
2416 14.32389655109375
2417 14.717974454136336
2418 14.618220673017928
2419 14.410237795077812
2420 14.761398791824734
2421 14.590262568033213
2422 14.714794038772526
2423 14.530376346429229
2424 14.612926705933912
2425 14.542355923570225
2426 14.40130372685743
2427 14.452905589339235
2428 14.423868550173566
2429 14.448935252328276
2430 14.407177517339603
2431 14.308359438245636
2432 14.698139003990855
2433 14.58265629816944
2434 14.733975022219589
2435 14.65055060008685
2436 14.697707016724326
2437 14.64541427088237
2438 14.504629180045312
2439 14.690984348377667
2440 14.847564417117757
2441 14.04402224404129
2442 14.334819300262973
2443 13.96565674969778
2444 14.580157292713901
2445 14.789313450884729
2446 14.67475630546511
2447 14.64586131656682
2448 14.72214438078269
2449 14.52420236783594
2450 14.550872359578248
2451 14.402851698719756
2452 14.698507390230025
2453 14.442708561419764
2454 14.787989083610803
2455 14.450873977274671
2456 14.742109165572868
2457 14.384953861552074
2458 14.413174465552864
2459 14.459019457956979
2460 14.22575365920832
2461 14.356851630091297
2462 14.342004060267328
2463 14.34990534853017
2464 14.511280962607941
2465 14.311057860867288
2466 14.233126953095839
2467 14.553792763498295
2468 14.832725263867228
2469 14.426826271554106
2470 14.547919195497078
2471 14.066260776094204
2472 14.481165161237861
2473 14.536812201040318
2474 14.665084909649226
2475 14.594538296675932
2476 14.571836264793703
2477 14.470173796704668
2478 14.686503895700799
2479 14.805251382745903
2480 14.494519245475042
2481 14.515902922151593
2482 14.50316874661293
2483 14.525276772060886
2484 14.213836861547456
2485 14.665964379902984
2486 14.678085762316407
2487 14.525634804708865
2488 14.380051350479889
2489 14.513197961410407
2490 14.66535710136764
2491 14.658358231978522
2492 14.395785494380563
2493 14.354312762565447
2494 14.413493733422941
2495 14.658452015887505
2496 14.205095633999472
2497 14.486101157436039
2498 14.593475174698737
2499 14.449159359344707
2500 14.845338724334699
2501 14.62655737412511
2502 14.666713301170422
2503 14.552564870811652
2504 14.676693799774318
2505 14.793182858801703
2506 14.701360707943024
2507 14.563235261989059
2508 14.614514220837792
2509 14.560511663120256
2510 14.682263290435921
2511 14.891373825253
2512 14.791045574054786
2513 14.61725949372193
2514 14.238402131119948
2515 14.863290633268521
2516 14.554104031848402
2517 14.501354451262532
2518 14.645197469486865
2519 14.757824290782146
2520 14.362963556358862
2521 14.826848488390711
2522 14.399874709980304
2523 14.548571049110874
2524 14.280597964578309
2525 14.396072212250932
2526 14.537464796480288
2527 14.48164788190114
2528 14.422517909775959
2529 14.754477671963265
2530 14.68805815173644
2531 14.384844951801705
2532 14.461022421666186
2533 14.4178686867274
2534 14.362940125508624
2535 14.907087594495053
2536 14.375055768875596
2537 14.438286442015183
2538 14.539453122286877
2539 14.157385922843929
2540 14.456055908998806
2541 14.46860592316957
2542 14.361079067965875
2543 14.342993688137977
2544 14.230471320087062
2545 14.454195647825328
2546 14.638312843054324
2547 14.569094243421477
2548 14.23410926779797
2549 14.429937169192558
2550 14.41443825408823
2551 14.678415598337718
2552 14.334375291388456
2553 14.401953810524002
2554 14.119122071581119
2555 14.243144820367249
2556 14.333245733716312
2557 14.104293291889737
2558 14.413497325033832
2559 14.418095796001488
2560 14.22995121866781
2561 14.254672984917693
2562 14.27130322998864
2563 14.404448456439981
2564 14.218214675200445
2565 14.484627729057241
2566 14.61829502351863
2567 14.72528303730298
2568 14.514258100890519
2569 14.102455606758868
2570 14.44858294519118
2571 14.256811137791487
2572 14.481407868821513
2573 14.585374617473937
2574 14.498135090892806
2575 14.322786567113857
2576 14.426087647501276
2577 14.338129338659583
2578 14.06956097259256
2579 14.397037391982167
2580 14.265062273705295
2581 14.275545319853615
2582 14.783915817519187
2583 14.614325383118006
2584 14.701044642285702
2585 14.442792335637588
2586 14.807333653617956
2587 14.178450627906864
2588 14.273694244604627
2589 14.114376321135053
2590 14.284515350434328
2591 14.33946231299786
2592 14.737012956606245
2593 14.40018816402343
2594 14.412411315234728
2595 14.514146833087494
2596 14.080019220874938
2597 14.10768263009934
2598 14.408166482001311
2599 14.44229005084872
2600 14.156985525452516
2601 14.530856048751366
2602 14.342649213070555
2603 14.26562169276085
2604 14.719670342179727
2605 14.414463228381079
2606 14.188199039168692
2607 14.45422635440267
2608 14.108607480842291
2609 13.91667425694608
2610 14.188393138656226
2611 14.374299017879107
2612 14.143536415671198
2613 14.123492382074247
2614 14.132786738273188
2615 14.484169731459636
2616 14.283835467370015
2617 14.167687094921266
2618 14.490800232162394
2619 14.52723728586572
2620 14.454379985178399
2621 14.256637071141165
2622 14.015795857804413
2623 14.389474378567693
2624 14.354105811624214
2625 14.74030851663811
2626 14.494323704680948
2627 14.430062910125104
2628 14.41419251863469
2629 14.49740970087549
2630 14.525500685706946
2631 14.610647276612529
2632 14.275840683593525
2633 14.14292979282643
2634 14.360610870178482
2635 14.318521802647862
2636 14.187972263542557
2637 14.275399806155704
2638 14.308167763404557
2639 14.490957862349168
2640 14.391748971569893
2641 14.628065603199609
2642 14.146676444389971
2643 14.46419463730202
2644 14.521199385528197
2645 14.205627277286391
2646 14.402646065757267
2647 14.120974461166497
2648 14.501262786898065
2649 14.294479223044414
2650 14.807787519807984
2651 14.349296525569269
2652 14.32274892557474
2653 14.43510548526514
2654 14.402609184940882
2655 14.499665775345045
2656 14.680042624089976
2657 14.602753990299538
2658 14.488073742835631
2659 14.829660300756474
2660 14.737004022477311
2661 14.823488716450465
2662 14.581883744123788
2663 14.522677623209209
2664 14.742045456954443
2665 14.566579273362693
2666 14.632855845712367
2667 14.613273928820373
2668 14.589724197111915
2669 14.386491540296298
2670 14.666398441335206
2671 14.667654017940954
2672 14.496040635413685
2673 14.750880168878007
2674 14.757089838714677
2675 14.838069232160917
2676 14.592867720006197
2677 14.639008858490966
2678 14.410608221924292
2679 14.644265865429318
2680 14.949299761512247
2681 14.899628145424915
2682 14.936092465998726
2683 14.602330417821898
2684 14.47080653519007
2685 14.408473761605018
2686 14.627391391295792
2687 14.556545056410487
2688 14.385766760107074
2689 14.505778478587825
2690 14.30664481666755
2691 14.25724892395218
2692 14.541200701504557
2693 14.140948980498289
2694 14.731726465006616
2695 14.368086461208955
2696 14.745126224840329
2697 14.689908067892276
2698 14.289533359549985
2699 14.981220631389524
2700 14.864093041795703
2701 14.900355741420894
2702 14.314786403245561
2703 14.747444711405079
2704 14.809417601752536
2705 14.542640192511229
2706 14.664144809271333
2707 14.442065412412429
2708 14.4669544463388
2709 14.404520795649832
2710 14.420580859632521
2711 14.773479174160013
2712 14.793221308694807
2713 14.662472545627836
2714 14.760916274009453
2715 14.511753232356634
2716 14.723794714955327
2717 14.487797403735483
2718 14.514119139238767
2719 14.566168999388541
2720 14.752231697916233
2721 14.16890474236309
2722 14.473395176424226
2723 14.545822293565779
2724 14.854380869736842
2725 14.705076895500888
2726 14.378584515212637
2727 14.594399404882768
2728 14.73106403949522
2729 14.746440254955946
2730 15.022555147656583
2731 14.657876184492777
2732 14.696549130379124
2733 14.391262500232521
2734 14.643799364383451
2735 15.042470282501133
2736 14.763670402303445
2737 14.76658687183125
2738 14.77282995702926
2739 14.69773294772758
2740 14.967893817480153
2741 14.719997044946806
2742 14.526188073466983
2743 14.632690420699392
2744 14.476292157042899
2745 14.495697696256855
2746 14.676009825051928
2747 15.042464800015646
2748 14.569452811445359
2749 14.811484729069113
2750 14.72597002759074
2751 14.404433038599615
2752 14.867348644528496
2753 14.677755892262107
2754 14.482687952050863
2755 14.594490708123372
2756 15.043276247419971
2757 14.786782832314323
2758 14.914366901024517
2759 14.318023947481235
2760 14.461273275154994
2761 14.591115318728768
2762 14.839938712709644
2763 14.613903789814273
2764 14.686009970854464
2765 14.241853613412907
2766 14.872878901708544
2767 14.80760325529124
2768 14.738078089898773
2769 14.675444438929546
2770 14.436965324114063
2771 14.754084095723673
2772 14.719088362208373
2773 14.618780481227724
2774 15.03606950412433
2775 14.714738446147402
2776 14.877609483745557
2777 14.86386777169612
2778 14.794207532257674
2779 14.835146245642731
2780 14.699155746273853
2781 14.812613032616232
2782 14.81589148562167
2783 14.68699813442976
2784 14.555768186345718
2785 14.75663985566519
2786 14.676879602865947
2787 14.692922023854962
2788 14.867293635943339
2789 14.861541697175687
2790 14.811411755020655
2791 14.722118728136078
2792 14.669847611629663
2793 14.827179766754082
2794 14.790636949412605
2795 14.207351220540527
2796 14.733055670388659
2797 14.606057134827372
2798 14.708789288326114
2799 14.64753221304846
2800 14.18711642782194
2801 14.337923734776533
2802 14.448959149450646
2803 14.513698560055452
2804 14.56223442737701
2805 14.67823559439246
2806 14.249417796247734
2807 14.556199122202502
2808 14.763204789407952
2809 14.821666292302577
2810 14.63687291007814
2811 14.61292765094485
2812 14.705790750890717
2813 14.503500588535564
2814 14.655690123343646
2815 14.847055012611929
2816 14.65015390007119
2817 14.819261365060603
2818 14.949781179688085
2819 15.05940655052676
2820 14.667055339635708
2821 14.832933695539264
2822 14.469363664045206
2823 14.51312432880911
2824 14.380034506821335
2825 14.593631735822436
2826 14.505939768382722
2827 14.65691501559245
2828 14.5261310017201
2829 14.537015720598534
2830 15.037715559212703
2831 14.740507937683622
2832 14.690787808901378
2833 14.917942436802763
2834 14.755513353428949
2835 14.575721786594892
2836 14.473995877623366
2837 14.588649243132915
2838 14.452206527666844
2839 14.935204442328853
2840 14.76913781213879
2841 14.259808854632832
2842 14.673731694705795
2843 15.061254707260826
2844 14.599930403390125
2845 14.447198304486125
2846 14.43950544786721
2847 14.684625560633922
2848 14.508571490206503
2849 14.604581152341673
2850 14.554038103950928
2851 14.274323234769456
2852 14.29209370091397
2853 14.608774846217269
2854 14.583962223194984
2855 14.53977425379889
2856 14.842156546206327
2857 14.689561412490411
2858 14.670276261803144
2859 14.160554355712243
2860 14.566548358105328
2861 14.740703857442762
2862 14.47228213419059
2863 14.677895081085396
2864 14.692310592809521
2865 14.596370681335031
2866 14.5336104564431
2867 14.533807921201419
2868 14.475883221680004
2869 14.309605800931783
2870 14.421456444516565
2871 14.676468375008293
2872 14.452845289339228
2873 14.343144383572627
2874 14.227219531981916
2875 14.641741713861414
2876 14.459590506635005
2877 14.404004393863413
2878 14.452148717107464
2879 14.441477659589344
2880 14.483850893389542
2881 14.283539029423208
2882 14.519838835145471
2883 14.392661448014493
2884 14.283768352573933
2885 14.42476981878304
2886 14.55439313227049
2887 14.119343439879138
2888 14.16134185372418
2889 14.217141839492948
2890 13.623523896889983
2891 13.944554695094581
2892 14.467625941005238
2893 13.978568960397391
2894 14.545077469040113
2895 14.478868199190027
2896 14.407811751591716
2897 14.688017626565337
2898 14.420819636941935
2899 14.397015547044415
2900 14.14120057204473
2901 14.622004227625894
2902 14.60491340425813
2903 14.451544046795629
2904 14.580109456563182
2905 14.698877018643223
2906 14.440808002957459
2907 14.292690255131301
2908 14.404679161988449
2909 14.288121959086403
2910 14.496289694959733
2911 14.32756844452957
2912 14.565942735374124
2913 14.431996473103151
2914 14.403111206569912
2915 14.675012738426107
2916 14.804597351005153
2917 14.700251073600029
2918 14.183568507909643
2919 14.196163964137357
2920 14.784188345847985
2921 14.557585715580444
2922 14.732487102927234
2923 14.242215336361387
2924 14.502327272997233
2925 14.494320493402974
2926 14.252773779043684
2927 13.988273782064407
2928 14.588595306559554
2929 14.12184782168538
2930 14.561516050712564
2931 14.34469645298595
2932 14.259212595342635
2933 14.193371628246558
2934 14.031947274425518
2935 14.030763653159942
2936 14.287309474735668
2937 14.372908051233473
2938 14.519790340221773
2939 14.622977903070398
2940 14.191608742310056
2941 14.386587208064306
2942 14.986772384396632
2943 14.605251717702082
2944 14.369629123702094
2945 14.24254503735636
2946 14.79513935312634
2947 14.38734213970663
2948 14.36356730265239
2949 14.493191161469275
2950 14.44310280687014
2951 14.265704868036568
2952 14.642446005649324
2953 14.360317195881557
2954 14.136369749479513
2955 14.513996464681524
2956 14.574516510776865
2957 14.179549451191821
2958 14.582740618568844
2959 14.167013167959146
2960 13.871514210378095
2961 14.555624673404683
2962 14.260945740842134
2963 14.335351926094653
2964 14.333908925089338
2965 14.401742497947389
2966 14.257300320745834
2967 13.897976773815266
2968 14.532386744036463
2969 14.57279927938829
2970 13.878266871893803
2971 13.9673564379544
2972 14.02475835442602
2973 14.273659719850064
2974 14.559089315083147
2975 13.988875114289845
2976 14.372538460864842
2977 14.45357726321026
2978 14.019235252577195
2979 14.40414550922724
2980 14.249718938662516
2981 14.295194332645915
2982 14.564242158218775
2983 14.051412596676743
2984 14.417868355366247
2985 14.22130110608794
2986 14.269013517330578
2987 14.526297589382551
2988 14.319741671230345
2989 14.091606043323425
2990 14.332081984285596
2991 14.070320053051589
2992 14.536273752575477
2993 14.283978101357723
2994 14.35719507139364
2995 14.270649051292823
2996 14.07784435395196
2997 14.076508510302604
2998 14.285547170040703
2999 13.883519440475805
3000 14.32052382989607
3001 14.213917043445488
3002 13.874522627824465
3003 14.217011845334977
3004 14.380926869516658
3005 14.165975950944965
3006 14.186695519419615
3007 14.394871390868724
3008 13.983131882322786
3009 14.25281321293791
3010 14.17752862287465
3011 14.35665079176975
3012 14.366852226789629
3013 14.245953653071833
3014 14.157712264636794
3015 13.939927534754185
3016 13.930730945345417
3017 14.361277105034981
3018 13.968842322089525
3019 14.044923116118149
3020 14.246572996061094
3021 14.370455040616664
3022 14.164163509953921
3023 14.25701924312063
3024 14.206873179944607
3025 14.269729357179418
3026 13.96756298144698
3027 14.233911671375697
3028 14.364556628718626
3029 14.333399361264116
3030 14.358041603046582
3031 14.552896568797657
3032 14.16181518957303
3033 14.716326196342903
3034 14.345540713090212
3035 14.465976653483711
3036 14.158911226038015
3037 14.185768748888169
3038 14.461571918495002
3039 14.138340964434954
3040 14.180142340758593
3041 14.444952529003562
3042 14.476642582063624
3043 14.131209469706516
3044 14.409017039669266
3045 14.26728157649029
3046 14.164266665728894
3047 14.546836938825285
3048 14.680478867985537
3049 14.299752360726188
3050 14.484763873003903
3051 14.24606454966413
3052 14.222941478711046
3053 14.015247543167256
3054 13.892001498408456
3055 14.006077615644442
3056 14.172536779454884
3057 14.002734887769995
3058 14.149820637155104
3059 14.138052552503579
3060 14.397576113809786
3061 14.193916359122811
3062 14.328501491282896
3063 14.137746067396517
3064 13.957651486310827
3065 13.941072782233633
3066 14.39938884546933
3067 13.986513958033134
3068 14.40193798974939
3069 14.229967996552125
3070 14.206268384299959
3071 14.155415571320638
3072 14.305461386148721
3073 14.024084457260221
3074 14.296491746472256
3075 14.279161498765239
3076 14.521591448869533
3077 14.544265255509226
3078 14.214640125754975
3079 14.041888008065397
3080 14.133153300004846
3081 14.02328086659589
3082 14.284638311927129
3083 14.182764443466308
3084 14.221910628760849
3085 14.300066636134046
3086 14.073586461434212
3087 14.265519248532321
3088 14.309528207122517
3089 14.656228576874419
3090 14.603515455050632
3091 14.516140982382993
3092 14.264804988374415
3093 14.445644119654135
3094 14.36186651126379
3095 14.604823136456025
3096 14.243420876374751
3097 14.098835833349975
3098 14.422130937427147
3099 14.21837929777659
3100 14.248857627060742
3101 14.385099207729299
3102 14.34258689674482
3103 14.296648877579003
3104 14.025866147418798
3105 14.385967332635037
3106 14.181360836413257
3107 14.519130062303647
3108 14.426169524856121
3109 14.573832813498854
3110 14.112493614358003
3111 14.540817324794068
3112 14.45531934944844
3113 14.627813191957417
3114 14.381155146167067
3115 14.236135486131515
3116 14.462182867159019
3117 14.295967516471489
3118 14.800710808721842
3119 14.682066539739507
3120 14.507587690036479
3121 14.764352593677355
3122 14.531306880914283
3123 14.70363957795062
3124 14.596154237339519
3125 14.46404662096511
3126 14.505569532537805
3127 14.575197156346263
3128 14.650694955538889
3129 14.60250987327637
3130 14.546120789113253
3131 14.589764636353387
3132 14.50987686591012
3133 14.523876069453541
3134 14.61003325025026
3135 14.583189753291167
3136 14.569590499156135
3137 14.692884034169401
3138 14.164431420505043
3139 14.300844109386935
3140 14.187946512135483
3141 13.955832895927236
3142 14.00015548412086
3143 14.099674094067938
3144 14.280656192979206
3145 14.313101248357206
3146 14.040890067830635
3147 14.055855905979918
3148 14.330453193356208
3149 14.412439204358252
3150 14.405650878995653
3151 14.022981450288244
3152 14.15338085434558
3153 14.475227121378845
3154 14.123247781433603
3155 14.300092540798358
3156 14.650113922532082
3157 14.368602764122114
3158 14.567685124723274
3159 14.217095326644833
3160 14.136318463858979
3161 14.429942745001881
3162 14.383656838117458
3163 14.515420400857678
3164 14.441747531634068
3165 14.101573000147472
3166 14.129331908232704
3167 14.13696942949006
3168 14.161620557290332
3169 14.260686990293266
3170 14.064547052828992
3171 14.038992515756055
3172 14.202430143208293
3173 14.159440897019389
3174 13.977213786029345
3175 13.975122194994453
3176 14.270070697272475
3177 14.572093152501534
3178 13.968448787177543
3179 14.225743408260328
3180 13.969239118928291
3181 13.956159024760337
3182 14.126130548039166
3183 14.111721199139593
3184 14.122452909913324
3185 14.20468840272622
3186 14.35949230700032
3187 14.037050317522889
3188 14.026410628216677
3189 14.356936677509864
3190 13.833212396804845
