0 6.187696004550709
1 6.214915127658094
2 6.156784864760097
3 6.149519890942196
4 6.230492820333159
5 6.567147687571358
6 6.070535179536565
7 6.405305230065733
8 6.028250002736405
9 6.872211497947759
10 6.66466871582672
11 6.575726255715013
12 6.312141801908008
13 6.213783556254326
14 6.498039591783534
15 6.61950979907837
16 6.32838279833427
17 6.311807237128019
18 6.557228611444286
19 6.5536733253963035
20 6.508740048379021
21 6.161596419311376
22 6.176989847050756
23 6.157199308900061
24 5.9517155466714025
25 6.372426762609753
26 6.087134244698051
27 6.216372147553043
28 6.069434272618968
29 6.389768794004229
30 6.326821206147377
31 6.09203806195801
32 6.339140379551464
33 6.274242969889016
34 6.314167730158039
35 5.764552336391789
36 6.427094108651269
37 6.273688124095386
38 6.217454652118986
39 6.636069284255631
40 6.3464250486394125
41 6.273282809688871
42 6.351389591129587
43 5.929461586184899
44 6.40198383352221
45 6.134543352007126
46 6.270983171931975
47 6.504439333518655
48 6.289326738396308
49 6.2023842946680725
50 5.813280888868831
51 6.117753637398447
52 6.4901436640213195
53 6.081179100905383
54 6.093626901315948
55 6.3801146614761235
56 6.311208386221044
57 6.427421372256845
58 6.019662955052407
59 6.143866924213097
60 6.329263407731307
61 6.608144259533735
62 6.272832432181381
63 6.2502310559425345
64 5.931640742448837
65 6.015665107277888
66 6.422414378635022
67 5.988485230272406
68 6.4419299436905915
69 5.871911259114173
70 6.023194291329584
71 6.270804524841879
72 6.39379487778976
73 6.328412278828641
74 6.496780535110237
75 6.188833655749235
76 6.071931954231033
77 6.012660693988833
78 5.971164441817569
79 6.041359284631509
80 6.383005850530352
81 6.267931734667485
82 5.912807348061441
83 6.106224703898273
84 6.272025183282467
85 5.9718181406141815
86 5.748158506890718
87 5.746134476422183
88 5.678420335618464
89 5.758708443867097
90 6.16014098368386
91 5.821902429081013
92 5.939376260955802
93 6.07401471360338
94 5.770053251560695
95 6.238601582509132
96 6.405532283809208
97 6.066564885661833
98 6.119925974184723
99 6.248789036907066
100 6.030233985226694
101 6.056070193153633
102 5.639004897997498
103 6.2917472471319815
104 6.4877239333969845
105 6.104172363098876
106 6.108755757119887
107 6.241172981088092
108 6.456137238708824
109 6.140420693020376
110 6.131076396588834
111 6.137503804816815
112 6.219168376839068
113 5.835812500574312
114 6.421522868507158
115 6.019261495712487
116 6.260126416155052
117 6.564121515133566
118 6.490769002235899
119 6.2273476868840705
120 6.252521704986205
121 6.275375322100981
122 6.200849280626783
123 5.816901738291963
124 6.066105348682659
125 5.810931998142598
126 6.296214379772043
127 6.1552752973446205
128 5.843274150163115
129 6.131927000984791
130 6.26098170063581
131 6.050336142411263
132 6.277622618160674
133 6.68067726711202
134 6.183737452637282
135 6.660658651262304
136 6.519608428290766
137 6.153783743160595
138 6.759957256122288
139 6.134040044694808
140 6.463532952810322
141 6.43810797118858
142 6.271615583833622
143 6.384724528058315
144 6.548538383149274
145 6.555993216936685
146 6.373888618217818
147 6.753463638380909
148 6.4391441825619
149 6.312893835987223
150 6.226330962952654
151 6.21202685168405
152 6.259361569202862
153 6.164402067210736
154 6.28273754760528
155 6.329551179102325
156 6.114348606764219
157 6.1001516026202225
158 5.818645456982521
159 6.04168057197499
160 6.215240053749875
161 6.157938682603895
162 6.091308865656245
163 6.337259933489464
164 6.182585577438671
165 6.232674544493057
166 6.247710651116611
167 6.451039079213169
168 6.20312380780377
169 6.68483730553778
170 6.265959337043958
171 6.4280937334677475
172 6.542496300008323
173 6.205621899052049
174 5.939225339866348
175 6.188890363422787
176 6.64429227360386
177 6.418548658656392
178 6.051430848862906
179 6.104017090312064
180 6.184020984923945
181 6.423185557502781
182 6.235108483872263
183 6.284836345491597
184 6.4858807444571935
185 6.012956061674187
186 6.357837253041561
187 5.943865461142352
188 6.400930836251133
189 6.337991198657885
190 6.2772791332325015
191 6.124339018944502
192 5.807616755816075
193 6.648496257969473
194 5.937696842667063
195 6.036920907256547
196 6.147495637127267
197 6.21255901569224
198 6.237945265753739
199 6.258688406893319
200 6.4571397918114295
201 5.952330729915941
202 6.024390683667098
203 6.31172054667958
204 6.1474563382008025
205 6.406014636977238
206 6.287493359846876
207 6.50506842173644
208 6.099683588769112
209 6.0705238888226765
210 6.11708693848617
211 6.166036125250529
212 6.101923060865482
213 5.824062534830738
214 5.953915316741421
215 6.344705315526722
216 6.064394964419073
217 6.169080723409091
218 6.204154875301558
219 6.169419594630741
220 6.201905155077016
221 6.114272812307132
222 6.127068459730776
223 6.219989009781772
224 6.196846371830081
225 6.326654355760462
226 6.179538850487136
227 6.488510085005969
228 6.537464202709005
229 6.130672818891101
230 6.197979082663187
231 6.001969510009737
232 6.313058808565212
233 5.894026457417271
234 6.4008140717977415
235 5.986616106551173
236 6.12130106106528
237 6.465258705294776
238 6.2582565786042395
239 6.1155794085227715
240 6.310221662631402
241 6.294447040951369
242 6.278131101889509
243 6.366290448227337
244 6.427309060522734
245 6.74786805568871
246 6.460258492069028
247 6.126362447159895
248 6.526937479707868
249 6.546932322489314
250 6.395141852604496
251 6.410045914390221
252 6.6564116238530096
253 6.445449215927582
254 6.302055679585984
255 6.762260947129339
256 6.216486675518333
257 6.680899329908071
258 6.331570896313325
259 6.2902035374158105
260 6.182879891449563
261 5.981598541321536
262 6.026886918906356
263 5.973295239448218
264 6.149149561072078
265 6.739133299461433
266 6.082297181134523
267 6.308661793738456
268 6.307598772196676
269 6.27715941394725
270 6.29404324361632
271 6.511231930536498
272 5.973793708056298
273 6.339234221455587
274 6.231321176896564
275 6.0198759117150535
276 6.334505266561692
277 6.518029290450921
278 5.844296609401931
279 5.885659496375619
280 6.4143832185573935
281 6.177775755353731
282 6.015322636273139
283 6.234657663019184
284 6.468587459068071
285 5.980090400735035
286 6.332045322209647
287 6.376488882566313
288 6.634247734845501
289 6.279795017437974
290 6.402835917831788
291 6.551406277292106
292 6.313813415654491
293 6.4315487662476265
294 6.049503640206917
295 6.464049764845698
296 6.184437787790754
297 6.460143994565915
298 6.227384696153098
299 6.15817396242754
300 6.137923860757957
301 6.049883201670155
302 6.209366745491232
303 6.600295950768475
304 6.79497331455958
305 6.531348733124389
306 6.805835254437587
307 6.584327970789365
308 6.6112996319446005
309 6.604166367065831
310 6.5677474756225775
311 6.537758474333925
312 6.64593875480655
313 6.56029473821244
314 6.868553359367358
315 6.687025401640765
316 6.6941307012907085
317 6.667277570214758
318 6.786381707416893
319 6.191157584542012
320 6.061108335161836
321 6.28511414165802
322 5.773364228496542
323 6.166814665050284
324 6.285480160161225
325 6.225871146663003
326 6.25555031978628
327 6.621538205128745
328 6.218472716101031
329 6.2995131097503405
330 6.2755634705569
331 6.065128935869211
332 5.850994866530416
333 6.03838256308039
334 6.181276358082759
335 6.073170494001019
336 6.134733000963366
337 6.3166413873707405
338 5.963406823183773
339 5.902263855885646
340 5.948687939105192
341 5.745570449744762
342 6.116930330477159
343 6.523843933908013
344 6.472176637056918
345 6.230578316066267
346 6.060296029561981
347 6.064003498435503
348 5.813453401334713
349 6.624809606052115
350 6.077120911095238
351 5.998543436642166
352 6.702515215570197
353 6.630995104695918
354 6.030173529282608
355 6.342741116887638
356 6.462699417993798
357 6.638317812601118
358 6.552399456177897
359 6.5452576633533655
360 6.347787336553472
361 6.586421082263484
362 6.404256168529528
363 6.646324076025786
364 6.980381513958044
365 6.475218193764816
366 6.1829954278657935
367 6.81394166159189
368 6.547551344784091
369 6.49852213453111
370 6.550550036585606
371 6.887391553704769
372 6.212721271134523
373 6.902709954490067
374 6.763080879867372
375 6.707176873963729
376 6.533939181679669
377 6.453813873311441
378 6.73615112513802
379 6.72741890981615
380 6.520043609322196
381 6.460756054101498
382 6.628609971124068
383 6.907952310068475
384 6.446336047690361
385 6.768438687785679
386 6.574958118476629
387 6.670983354899247
388 6.495849991673192
389 6.6170144233258
390 6.699448514106803
391 6.661064127969201
392 6.155216864510493
393 6.440704258385648
394 6.436914927510046
395 6.635885883507115
396 6.283605206225589
397 6.468071879640801
398 6.42700086331688
399 6.522672910499016
400 6.590879887285714
401 6.256923759389269
402 6.145200421486979
403 6.196078835855393
404 6.4390542290521156
405 6.293929417433826
406 6.3990921463947705
407 6.599972882954169
408 6.191786329893595
409 6.746889905177717
410 6.397570018843939
411 6.723099555602151
412 6.5276292318731475
413 6.77112487976153
414 6.723329560052561
415 6.847624246442972
416 6.549986168633048
417 6.563506125454823
418 6.748598506578577
419 6.525652833360235
420 6.461290460880198
421 6.199413979885851
422 6.463867706849923
423 6.698773465629687
424 6.54207037764636
425 6.4054533691752535
426 6.692891760267593
427 6.7548640040512895
428 7.033079160633983
429 6.932728704723883
430 6.349861487075284
431 6.696166747875821
432 6.533994763936218
433 6.695220884739554
434 6.639332422497661
435 6.479060290414965
436 6.984530103709647
437 6.453031034619802
438 6.427265091067272
439 6.689375013081436
440 6.469967898330399
441 6.683973463338663
442 7.230886546856959
443 6.789587653440985
444 6.810668982199638
445 6.835751562385142
446 6.66491019666557
447 6.746118899181386
448 6.805138696034517
449 6.6101844906485905
450 6.7997479223501545
451 7.034956049472723
452 7.046773360647623
453 6.83318504811094
454 6.401186024007024
455 6.881130677232822
456 6.761931454029944
457 7.300948964829877
458 6.818717371914667
459 6.437825109803039
460 6.8347381273805015
461 6.9874427375083465
462 6.77598579924808
463 6.989149799617433
464 6.944299908618765
465 7.0147495838702465
466 7.084005303541944
467 6.6430895093504745
468 6.771870939722029
469 6.820156342671408
470 7.135636496169222
471 6.717080664272463
472 6.468084437246385
473 6.428746598446731
474 6.49543570982719
475 6.090119029154352
476 6.102779637066311
477 5.979912384971302
478 5.87553353478806
479 5.617109562555091
480 5.4415670109677015
481 5.431022180802102
482 5.727007491122984
483 5.89766182619716
484 5.671587841147361
485 5.930313639985758
486 6.019705399463152
487 6.146799000876195
488 6.013203648035447
489 5.705362669004677
490 5.941866545016263
491 5.976670371527536
492 6.035816152953031
493 5.806850467917641
494 6.108401224886337
495 5.946746717729551
496 6.249058919999646
497 6.069174965015655
498 6.022820048906306
499 5.78815007568738
500 5.489898489225846
501 5.7760635607090105
502 5.814433354424139
503 5.97314761154019
504 5.91829191350474
505 5.926386158438278
506 5.8031718729557875
507 6.004681139701684
508 5.729104894897555
509 5.779286474293926
510 5.98840623788827
511 5.574133852646786
512 5.618581102122219
513 6.312963306867766
514 6.321950777499955
515 6.529300251048266
516 6.9221623494343065
517 7.00765201677671
518 6.860127339237212
519 6.357821054796116
520 6.5065680286895144
521 7.188424399027781
522 6.273072704714119
523 6.993544582228111
524 6.810036481886669
525 6.747556057602404
526 7.074435181621087
527 6.812223232462393
528 6.491986907258419
529 6.482401003204211
530 6.532695913764825
531 6.526700207444526
532 6.734047394138041
533 6.941689002231995
534 7.213698735366657
535 6.59617401150707
536 6.591061348422874
537 6.433555619122016
538 6.570065407936165
539 6.231089649637335
540 6.3515080926285075
541 6.614405019176805
542 6.5047944483495
543 6.596686528885166
544 6.961417866249016
545 6.775686742475709
546 6.533699575184012
547 6.312373193235104
548 6.623094459336163
549 6.441383758011122
550 6.191183574943208
551 6.475531418005123
552 6.190056086270127
553 6.032715827409356
554 6.263668042061056
555 6.041375841271912
556 6.304828335228958
557 6.14211772827857
558 6.284670690752042
559 6.518454699137938
560 6.455468255092203
561 6.29079701567131
562 6.534261268793803
563 6.213135912768091
564 6.567584269478337
565 6.31473469327685
566 6.455855365898465
567 6.397828109805555
568 6.603360256028894
569 6.622214917438353
570 6.586480955145814
571 6.782551619420197
572 6.3929781247848405
573 6.516846518085549
574 5.9782088457144935
575 6.064367491671615
576 6.263124666952252
577 6.370504851582904
578 6.418771260016883
579 6.901598878066623
580 6.618518649663053
581 6.801559679533831
582 6.277389793163074
583 5.9701412430232095
584 6.433449932409632
585 6.523591869170792
586 6.572850696733633
587 6.542100949536674
588 6.5614369243584445
589 6.506694965937731
590 6.654444954977073
591 6.389058572090477
592 6.743864710223938
593 6.74240768578155
594 6.364795880311647
595 6.3527940427097995
596 6.5619562018438415
597 6.52603002323241
598 6.747200750170777
599 6.507015277651676
600 6.358839760929402
601 6.213029982517366
602 6.5122875465719074
603 6.650726760267053
604 6.248736696813064
605 6.60730805207465
606 6.149839272985933
607 6.166982832024858
608 6.186326092051401
609 6.758519289585865
610 6.641327858587717
611 6.167290352249438
612 6.100559490658453
613 6.662403751873665
614 6.673776904352194
615 6.4005803705826345
616 6.574335295520052
617 6.62101707811083
618 6.551776497775439
619 6.1383364319424345
620 6.184838186045682
621 6.393611584447764
622 5.987374946559218
623 6.128859190364165
624 6.584417514041986
625 6.031482941011097
626 5.81360257909358
627 5.547551464635036
628 5.822499227921209
629 5.609887386398056
630 5.706306392087882
631 5.572079815401073
632 5.753944354470122
633 6.027716848291973
634 6.076421049636478
635 6.330684037679979
636 6.638635569623257
637 6.713992098785565
638 6.6013291737534745
639 6.493570640686839
640 6.327640662434465
641 6.352434918927525
642 6.901626059004649
643 6.6685754112146745
644 6.308480231402434
645 6.6688525543475965
646 6.523766626612277
647 6.934425797950485
648 6.931577173621491
649 7.019155160558577
650 6.702971939846965
651 6.7281409968947585
652 6.544045800757967
653 6.800595314626011
654 6.389924684805215
655 6.399549537808671
656 6.825785102468842
657 6.449077666845362
658 6.699555321927521
659 6.82461262364634
660 6.71290843427001
661 6.327241613510742
662 6.37206028130586
663 6.6300951028812065
664 6.517447933432369
665 6.439856046712924
666 6.498994923637278
667 6.529698098769274
668 6.347265149012403
669 6.252934799405198
670 6.610268688210792
671 6.612188077088297
672 6.309346478660219
673 6.486929392202833
674 6.242286493128499
675 6.754620747111075
676 6.461312739303876
677 6.502290668731593
678 6.989608890886145
679 6.4724103431217594
680 6.215305215956434
681 6.4891046737692015
682 6.97930204045328
683 6.705477930154433
684 6.743736092100007
685 6.517550981744359
686 6.737675771239636
687 6.6791906085726795
688 6.5684698187532975
689 6.805373692315133
690 6.73683233706022
691 6.3095126114465145
692 6.519767838615601
693 6.4142795537032145
694 6.597034272501822
695 6.463261894749863
696 6.6652852585865245
697 6.902577024315094
698 6.617838597466075
699 6.275964674457245
700 6.540702123181951
701 6.1846426271802155
702 6.585037354592891
703 6.455633983411331
704 6.61416834461034
705 6.78201803775739
706 6.705995572822221
707 6.57386467069889
708 6.8630481839108795
709 6.605756143956894
710 6.575920531824394
711 6.686799752082194
712 6.42608073186621
713 6.977099087012544
714 6.43574478467199
715 6.765728777818821
716 6.625907551281206
717 6.400977539437772
718 6.309891662464983
719 6.501461055754604
720 6.580661678223047
721 6.669658666998348
722 6.732616428848303
723 6.412275468871354
724 6.5626176483371
725 6.322981547858253
726 6.554456109744082
727 6.504423569044219
728 6.621084182608587
729 6.375939109537592
730 6.484976508784436
731 6.080383861718379
732 6.57855526235979
733 6.540271718313799
734 6.369498891914799
735 6.505337387991367
736 6.59638021561303
737 6.613335359147209
738 7.1492677953585515
739 6.8036086993417495
740 6.569762922674051
741 6.556924100771748
742 5.969576352947915
743 6.351877111660189
744 6.679560144100714
745 6.418294072617795
746 6.6879146750511165
747 6.820387876287271
748 6.4794624316687495
749 6.7884299088733755
750 6.557455596017856
751 6.623434212363983
752 6.787381513418571
753 6.286144532011602
754 6.723248234966533
755 6.24217157645455
756 6.4831383895671015
757 6.945058752003328
758 6.567143472218978
759 6.648333113859165
760 6.194336912488796
761 6.501872997763543
762 6.5730485239178655
763 5.892705168782701
764 6.303034344138652
765 6.488182469487513
766 6.381203974398631
767 6.515250759098446
768 6.359741449346922
769 6.328910720236153
770 6.366365159985719
771 6.2312709012854075
772 6.004063612727897
773 6.354897303608794
774 6.554826628684711
775 6.380360314599304
776 6.3344440291000526
777 6.646704198821918
778 6.361593770483904
779 6.708481562296877
780 6.042157349357117
781 6.120479610620012
782 6.7874554039977975
783 6.561822434806711
784 6.64335381482127
785 6.2001692043990495
786 6.48702032051885
787 6.5159398969497575
788 6.174382043755902
789 6.553133952260786
790 6.337374591684726
791 6.052093257130538
792 6.437457677615478
793 6.505573615147742
794 6.392893934020081
795 6.4415088001342955
796 6.504626146891161
797 6.547667836814713
798 6.184766104827481
799 6.270466612543064
800 6.755792395660612
801 6.736476895200245
802 6.452945779333628
803 6.665353020193728
804 7.124193163458838
805 6.843840745461283
806 6.497924539215054
807 6.805356636474045
808 6.476609938333854
809 6.844562501408964
810 6.17909374321434
811 6.45041119376241
812 6.321568816600816
813 5.960024526775984
814 6.0810433116080045
815 6.18625549305867
816 6.382019970225834
817 6.369493675943078
818 6.50203113468474
819 6.688356035030941
820 6.506636168884149
821 6.6329703294168585
822 6.235481096246902
823 6.038351250018352
824 6.213326180169203
825 6.668976308007168
826 6.607398819413757
827 6.273491033553918
828 5.927096745529704
829 6.81869205582396
830 6.353525797136146
831 6.242833659985476
832 6.220098176050002
833 6.430633419712561
834 6.541894965985941
835 6.3779716945958045
836 6.5427515103709455
837 6.288264850488762
838 6.43585535583605
839 6.101579361283635
840 6.299301788319591
841 6.911518476430889
842 6.2858105084525375
843 6.576844964180794
844 6.363257301037805
845 6.6416760316543995
846 5.920766967060166
847 6.136263001110292
848 5.859081804231651
849 5.913614160608639
850 6.8853643853155795
851 6.041409607760417
852 6.817114874979018
853 6.597885408436378
854 6.451227389499586
855 6.965380962999403
856 6.947878883706588
857 6.830879616349463
858 6.412987580769324
859 6.370146217217098
860 6.550782646421976
861 6.543018629822367
862 6.2430627707941335
863 6.641727262726049
864 6.7613272593156655
865 6.113217712041844
866 6.171007844448632
867 6.148848540236684
868 6.5725707833867375
869 6.487694814555894
870 6.290318953758924
871 6.3131418676495885
872 6.6027504229960154
873 6.1100128377221194
874 5.9069728734554685
875 6.23891989593373
876 6.757402618883957
877 6.803585380213893
878 6.588829211890376
879 6.586796720280423
880 6.138644212126959
881 6.817263303512708
882 6.569454161311079
883 6.306319460940014
884 6.691841155447479
885 6.429148320780644
886 6.354748925980342
887 6.290016253034488
888 5.964867610204952
889 6.701934849600307
890 6.236472935758821
891 6.395906359883533
892 6.940351866656455
893 6.724988964070189
894 6.599849621175979
895 6.638191601459578
896 6.7949468385129315
897 6.931186082981048
898 6.964676548406773
899 6.840856065061499
900 6.440561369584132
901 6.457937004466605
902 6.772276217484192
903 6.452086910068772
904 6.39072849442767
905 6.571616805724994
906 6.271062740690544
907 6.254871649113551
908 6.295948422118008
909 6.337872745089329
910 6.403446670113001
911 6.009004142666746
912 6.405350175399379
913 6.256142622831278
914 6.4205882930585245
915 6.406511883795686
916 6.06324591693484
917 5.971769208592671
918 6.258862448447797
919 5.933117735533082
920 6.185305722868177
921 6.163433206701618
922 6.21976667975286
923 6.283471677053105
924 6.365089359475888
925 6.533105094952326
926 6.113090967279726
927 5.759169047979154
928 6.071380565438954
929 5.705890077140598
930 6.021670491971015
931 5.971833166349784
932 5.76942080771966
933 5.894067326159006
934 5.582531437842479
935 5.9814060719167506
936 6.430401493510936
937 6.210745149524626
938 6.425732643094348
939 6.238821026362629
940 6.438155479212337
941 5.642710110354393
942 6.0870867282478915
943 5.9449241591876
944 6.542592082586037
945 6.507679578207172
946 6.289110027149244
947 6.533998763262842
948 6.60492553171149
949 6.048633714616734
950 5.722430122306292
951 6.218858254871215
952 5.757040124519161
953 5.553119148128792
954 5.974680273209486
955 6.087252784688261
956 6.272096385778999
957 6.0085330745368895
958 5.976250110453602
959 5.950024886912199
960 6.050274999797137
961 6.018364311747592
962 6.050651689649529
963 6.29703592222435
964 6.46393872897843
965 6.206573530888734
966 6.2190637359771035
967 6.0020042916887775
968 6.191131407166174
969 6.235595492884495
970 6.091512149620357
971 5.84977792892787
972 5.948029806958077
973 6.228365902438298
974 6.20559184475853
975 5.939482055834434
976 5.895399513638306
977 6.08904581998394
978 6.123299921241278
979 6.145871222785192
980 6.789216748921894
981 6.2895601436934525
982 6.5151094983789335
983 6.112972192019502
984 6.568959950633998
985 6.257877976975016
986 6.066626106281083
987 6.0953213635966375
988 6.177026550505144
989 5.897477242848631
990 6.241804281191755
991 6.629760936986138
992 5.895478615340415
993 5.66931288591973
994 5.836321550644012
995 6.087694575248177
996 5.935978003799056
997 5.896025436825873
998 6.058901698299653
999 5.740753194576459
1000 5.8371824273196165
1001 5.762775760783582
1002 6.1134513702687014
1003 6.493834234554813
1004 6.260266160337679
1005 5.906464512112419
1006 5.7801436347555235
1007 6.169970310019298
1008 6.036633223305324
1009 6.073018567370784
1010 5.960256954407775
1011 6.106376266943955
1012 6.103005616437526
1013 6.147486606176327
1014 5.704893133581811
1015 6.0013489278495
1016 6.254058840765163
1017 5.693993589054175
1018 6.58727355789634
1019 6.218231602852345
1020 6.141322030443583
1021 6.281561319096247
1022 5.993536564919084
1023 6.0011461029627675
1024 5.894852969658271
1025 6.175090413814592
1026 6.208013857754521
1027 5.931969644882474
1028 6.17643262456195
1029 6.169945935430421
1030 6.086937111617261
1031 6.1136964168462296
1032 6.058319508076992
1033 6.247699654654184
1034 5.9208069943193005
1035 5.872934469543165
1036 6.1304285256973445
1037 6.035124232674922
1038 6.169066942950695
1039 6.026121787992452
1040 6.058029339811571
1041 6.176263261897785
1042 6.081410219312527
1043 6.420476107509334
1044 6.2485297606743275
1045 5.601456408470869
1046 6.227156219792139
1047 6.174749565205697
1048 6.2650480196824665
1049 6.425582855170722
1050 6.477739946632362
1051 6.222933061222911
1052 6.161403837026474
1053 6.090015435858054
1054 6.428984075973929
1055 6.434563642209632
1056 6.336629819880027
1057 6.42293898301333
1058 6.1300058378449
1059 6.37067082651012
1060 6.072592189084708
1061 6.23027650398064
1062 6.313899566038048
1063 5.926029308125048
1064 6.453240727149881
1065 6.09454126362113
1066 6.019953121433805
1067 6.1661948033168885
1068 5.991631992088325
1069 6.6898597709353105
1070 5.9392677102377816
1071 6.2215921145057065
1072 6.055510460878549
1073 6.544781445304226
1074 6.506541833922501
1075 6.262710879282619
1076 6.052287913462023
1077 6.062509001821054
1078 6.375562377178205
1079 6.474976671438599
1080 6.152788131996985
1081 6.40846998936931
1082 6.003417399455624
1083 6.567962329653273
1084 6.309626293836838
1085 6.565244905288903
1086 6.491262154382678
1087 6.251126518192774
1088 6.054714952974095
1089 6.540028330578447
1090 6.308329458500414
1091 6.42503323921868
1092 6.6519099892121885
1093 6.307384681527772
1094 6.46062299447436
1095 6.233560401612268
1096 5.981977154085384
1097 6.141922679263934
1098 6.482471439354865
1099 6.350011506485659
1100 6.232371142548663
1101 6.392777760730564
1102 6.248352966555811
1103 6.299767024960128
1104 6.256395888559747
1105 6.787278415615245
1106 6.367692247876592
1107 6.398850708382091
1108 6.5757718904877684
1109 6.4234568140747665
1110 6.2596994365093375
1111 6.214535556791415
1112 6.202734846130894
1113 6.307970362357053
1114 6.097848234102327
1115 6.14555505689254
1116 5.956797103768236
1117 6.29376191763106
1118 6.20828321503935
1119 5.676571017864714
1120 5.816836431379648
1121 5.652489828448628
1122 5.94401418120285
1123 5.78977738726564
1124 6.144384824852181
1125 5.9600990232156885
1126 5.909626273729784
1127 5.850564712476774
1128 5.894331401966525
1129 5.799432350438516
1130 5.964799662663674
1131 6.148285718259724
1132 6.249706579480108
1133 6.444173863664439
1134 6.283699785618127
1135 6.052246840001865
1136 6.260065596861811
1137 6.026205636629449
1138 6.0649228169813085
1139 6.477403220938276
1140 5.935933518631312
1141 6.207381111892728
1142 6.068968946628488
1143 5.758635374188377
1144 5.748460850571055
1145 6.073492450682717
1146 6.271573012264122
1147 6.2284501140252395
1148 5.568972090863896
1149 6.014104253982127
1150 6.140160896116759
1151 5.949515622217764
1152 5.829589388378097
1153 6.0767420558404055
1154 6.258956823884801
1155 5.938693503053997
1156 6.110808852197739
1157 5.981888989164457
1158 5.9802939335213114
1159 5.909169335002848
1160 5.896255494572053
1161 5.812148459546233
1162 5.722133875969706
1163 5.857984867429077
1164 5.929281082582324
1165 5.955955078672633
1166 5.799932716262027
1167 5.90084815009577
1168 5.921674889324901
1169 6.0766242907396135
1170 6.1395834462256484
1171 6.147035096913255
1172 6.132846641685146
1173 5.727455792752982
1174 5.959930544503959
1175 5.976092538903124
1176 5.8343013937571575
1177 6.341072977893628
1178 6.027661336673235
1179 5.980535473268944
1180 6.341866121669606
1181 6.121518119684169
1182 6.547611471798669
1183 6.0038452027301465
1184 5.862260132133963
1185 5.963871512076202
1186 6.183222180836796
1187 5.8582515546799065
1188 5.913097717680921
1189 5.785441953978399
1190 6.375427230814692
1191 6.108320462713747
1192 5.8355479519203834
1193 6.010840954809985
1194 5.752866978844216
1195 5.721308326273657
1196 5.839524516155967
1197 5.682203261812924
1198 5.811483507618176
1199 5.75096075201105
1200 6.055659601923179
1201 6.280638471815335
1202 5.764363115487598
1203 5.971897939296757
1204 5.929437287692382
1205 6.109913849808637
1206 5.80540857023596
1207 5.778857369607003
1208 5.895050787248272
1209 6.110239581760029
1210 5.999638083760394
1211 6.003296898400505
1212 6.066713277216177
1213 5.601097781824729
1214 5.732562129389909
1215 5.869297793416766
1216 6.186687341383243
1217 6.257049617455544
1218 5.68383911583982
1219 5.51534712006779
1220 6.162509337913009
1221 6.112173889746653
1222 5.873699669422553
1223 6.205280986794216
1224 6.0947380476213215
1225 6.054001625992694
1226 6.655268240512539
1227 6.044672707652243
1228 6.25630418981601
1229 6.56449627691213
1230 6.458281440370041
1231 6.481016138939605
1232 6.36840536597391
1233 6.1439777678471446
1234 6.60021166735216
1235 6.348424136325546
1236 6.3046512343769825
1237 6.571335874059053
1238 6.307000950408189
1239 6.520131123785835
1240 6.317951348453256
1241 6.349749035877959
1242 6.735100511875961
1243 6.619680101894162
1244 6.257263775941951
1245 6.4594767484926985
1246 6.671087882904026
1247 5.99553622767972
1248 6.116431051680634
1249 5.875686540885576
1250 6.031482524519611
1251 6.726310470040875
1252 5.782918384589841
1253 6.076354392495962
1254 5.85181549127083
1255 5.98323913175181
1256 6.233718684353459
1257 6.245359561397562
1258 6.272476819445411
1259 5.968653609537124
1260 6.034410217107053
1261 5.8851846946358775
1262 6.037269126737745
1263 5.930059417167551
1264 5.6733534065272915
1265 6.313565815569901
1266 5.866940835765363
1267 6.168814420991583
1268 5.974897506807458
1269 6.242093287695732
1270 6.104143915623782
1271 6.052075546489951
1272 5.957302268464787
1273 6.094918505315726
1274 6.341270089462275
1275 6.384468797548928
1276 6.445846589972604
1277 6.033873549554634
1278 6.650272303946567
1279 6.6667282800406475
1280 6.308816423833576
1281 6.36764170521924
1282 6.222410130992308
1283 6.573220810587326
1284 6.11605972658214
1285 6.090306247174004
1286 6.414444551450355
1287 6.0186227782018085
1288 6.046282736814822
1289 6.2532080164566635
1290 5.772340307415889
1291 6.256841092521754
1292 6.389966187462019
1293 6.4332155777303
1294 6.377958545967907
1295 6.211819976237543
1296 5.95578132364712
1297 6.368685870058002
1298 6.425747444704817
1299 6.426591555515418
1300 6.073978993405367
1301 6.009584318354451
1302 6.058743707164062
1303 6.308984707241639
1304 5.999623565269817
1305 6.010702402685735
1306 6.301181240072805
1307 5.909574941503122
1308 6.326037080513338
1309 6.385828567026746
1310 6.494299707425493
1311 6.320963736125974
1312 6.181315421462792
1313 6.461219715505515
1314 6.234600056054306
1315 6.295533621439377
1316 6.285154314770721
1317 6.47557818251989
1318 6.311863208997092
1319 6.0798256865009845
1320 6.316732025147351
1321 6.417920017087923
1322 6.5359840372867115
1323 6.444118848486811
1324 6.09471452487657
1325 6.436294173283472
1326 6.165243969337109
1327 6.320079369644726
1328 6.255641496541257
1329 6.432049556789028
1330 6.522642122410456
1331 6.06865870198559
1332 6.289931467564042
1333 6.312716326331822
1334 6.267898299583237
1335 5.960210221224493
1336 6.149998173949559
1337 6.130407771185458
1338 6.396829137370363
1339 6.342301197648449
1340 6.380366931183329
1341 6.70321511943377
1342 6.438736812311028
1343 6.312740341152492
1344 6.0128615364454765
1345 6.38753350369644
1346 6.509376178560111
1347 6.5021900485513235
1348 6.1986715717269005
1349 6.156777779673761
1350 6.39282692113168
1351 6.432929667658515
1352 6.326582989249949
1353 6.518139836171779
1354 6.462250060956166
1355 6.40033863173012
1356 6.127623417535789
1357 6.313677282211289
1358 6.4424793269847065
1359 6.265562737037083
1360 6.734607663451394
1361 6.622863095703382
1362 6.336296139178928
1363 6.336706903215537
1364 6.28256666068008
1365 6.248608422712542
1366 6.301722964379407
1367 5.964016661170797
1368 6.175395129732427
1369 6.014555816736323
1370 6.141365201968405
1371 6.119621512255582
1372 6.226388560880479
1373 6.2871765346915955
1374 6.076614302576394
1375 6.045368983093018
1376 5.935696379231111
1377 6.137078556864113
1378 6.0167566741851735
1379 6.020815334762394
1380 6.209163471768441
1381 6.172622614580069
1382 6.628338764306823
1383 6.486042607519046
1384 6.391643137964002
1385 6.20498531548914
1386 6.647605266628916
1387 6.13341400750476
1388 6.048821386582415
1389 6.150303915240184
1390 6.2172758451825905
1391 6.012594429565959
1392 6.432475938541913
1393 6.268168042972163
1394 6.138845689534824
1395 6.452881482283719
1396 6.109854007909723
1397 6.005936387644358
1398 6.03550498092517
1399 6.038907483594395
1400 5.88938130800579
1401 6.17032597081648
1402 5.949999822706323
1403 6.081032002672507
1404 5.989206328559742
1405 6.008716778006291
1406 5.962241473070885
1407 5.737854266764272
1408 5.994202099265046
1409 5.999673981533917
1410 6.164365810407645
1411 5.906935335920176
1412 5.685892692952431
1413 6.145336405460386
1414 5.929651864974562
1415 5.959870005690089
1416 6.116634348235729
1417 5.794511526563282
1418 6.229525981057793
1419 5.62733266848509
1420 6.225708919508445
1421 5.799594452906688
1422 6.203774976095978
1423 6.34580188183787
1424 6.033980838426106
1425 6.157421325634643
1426 6.510931337383501
1427 6.3874900791902265
1428 6.294960053991696
1429 5.952136092920309
1430 5.9177337452659415
1431 6.046102487495617
1432 5.995429893528702
1433 6.070571913588558
1434 6.252073561859737
1435 5.962218372392077
1436 6.3074169792892345
1437 6.136567724051926
1438 6.278692208687037
1439 6.1483863905812335
1440 6.575203936744788
1441 6.307777291092359
1442 6.190474116122337
1443 6.333235089620816
1444 6.146137937204287
1445 6.279445343083156
1446 5.760601019717409
1447 6.473368971667573
1448 6.436280807264969
1449 6.166488885276573
1450 6.102231000520355
1451 6.127753400118273
1452 5.99651857488321
1453 6.383618297752721
1454 6.3455215938972485
1455 6.09582589898889
1456 6.08955250094396
1457 6.309674816080997
1458 6.262805168406399
1459 6.178945643721351
1460 6.23539204120642
1461 6.272073659753531
1462 5.891718633049296
1463 6.02377067761024
1464 5.978136445452268
1465 6.252015409936631
1466 6.024564566287832
1467 6.040316430355164
1468 5.760363860047443
1469 6.1435963035549275
1470 5.793160032239103
1471 5.76819249208465
1472 6.1259120478148015
1473 6.041551307920313
1474 6.162975562941601
1475 5.95757312895183
1476 6.1116748850465346
1477 5.852200631807125
1478 6.120482399573999
1479 6.4742523143905695
1480 5.987251538802005
1481 6.027501923753034
1482 6.06623912963262
1483 6.11600189588405
1484 5.8567378173699485
1485 5.7769019008499525
1486 6.755237419302142
1487 6.029547406072712
1488 6.54894775192803
1489 6.484425345301449
1490 6.347909095125739
1491 6.2438785553589975
1492 6.128783298343422
1493 6.330655238458715
1494 6.095648248085874
1495 6.321758372935263
1496 6.154860405171893
1497 6.576123969758699
1498 6.695521165555331
1499 6.214794015061523
1500 6.427803712597731
1501 6.083974278142466
1502 5.71642039038374
1503 6.3351605819600945
1504 5.8934182359086345
1505 5.690401740627448
1506 6.391117578683632
1507 6.031883291413389
1508 5.801434789012543
1509 6.028886143241894
1510 6.27862501113879
1511 6.589787053787134
1512 6.345399041812692
1513 6.300143800175705
1514 6.551646004705392
1515 5.916710136542421
1516 5.948298694981872
1517 6.4805565873322095
1518 6.389512804552564
1519 6.211307594967307
1520 6.114466637385293
1521 6.332289327541934
1522 6.168401715618427
1523 5.97926005817722
1524 5.97694124234937
1525 5.88235875885777
1526 6.164000889405574
1527 6.261588376612924
1528 6.1062192486387445
1529 6.254419124512544
1530 6.249837130387736
1531 5.813862660821746
1532 5.68919035304627
1533 5.974322792924914
1534 6.023185665400106
1535 5.6773344715845
1536 5.767009842266123
1537 6.5989825337471
1538 6.68316732202577
1539 6.466901500273176
1540 7.045076342212924
1541 6.394950141415811
1542 7.082767896046361
1543 6.628256411371508
1544 6.783556008527925
1545 6.362603241049677
1546 6.712452502375773
1547 6.347148371585246
1548 6.383559845168462
1549 6.373219442131554
1550 6.982498205377993
1551 6.674987035027069
1552 5.822689208210157
1553 6.386560369491756
1554 6.023053349855845
1555 6.074886525899724
1556 6.201850470385817
1557 6.305576652186615
1558 5.793528306733146
1559 6.166523297542805
1560 5.8640580633217665
1561 5.90754755789559
1562 6.0085239743360255
1563 5.628952480031404
1564 5.824640976175799
1565 5.975428554964642
1566 6.258036983981351
1567 6.129577826520668
1568 6.061991196660304
1569 5.94877950323446
1570 6.24538741156847
1571 6.21673326307109
1572 6.37164940658297
1573 6.3155247085706945
1574 6.800303560067669
1575 6.239000436918764
1576 6.631614222947258
1577 6.386515215853838
1578 6.208924553809859
1579 6.522174725131
1580 6.521115247220561
1581 6.418246598963202
1582 6.105123304197462
1583 6.132407651498735
1584 5.993704207690957
1585 6.014953040234962
1586 5.952646001933107
1587 6.3111505864821416
1588 5.85652722281522
1589 5.691122480822007
1590 6.111953187046855
1591 5.685237595725079
1592 6.1011627592024515
1593 6.439774036983463
1594 6.402610769017117
1595 6.310984470034883
1596 6.476895682147184
1597 6.282832413218333
1598 6.333608285486218
1599 5.897520901186171
1600 5.6500174229471645
1601 5.997358845681294
1602 5.922202194966708
1603 6.054083540668424
1604 6.017935996503691
1605 6.3113287598975285
1606 5.7403937183968115
1607 5.8410890178418615
1608 6.070574643735393
1609 6.25708361831211
1610 6.012012243657464
1611 6.000732829029406
1612 6.1593151637121
1613 5.903872967563087
1614 5.70978549172926
1615 5.721177046360839
1616 5.946003883366754
1617 6.22911694183699
1618 5.665750933619373
1619 5.5538362585737024
1620 5.8831042130900855
1621 5.76468967237469
1622 5.782791126563941
1623 5.584253944814319
1624 5.7141251803810915
1625 5.9724327167447795
1626 5.529294554564085
1627 5.53161716742985
1628 5.729244701550398
1629 5.691828316389279
1630 5.916997542118198
1631 5.892312149638428
1632 5.7874295966704565
1633 6.207355067202468
1634 6.0054384509776755
1635 5.713540463698062
1636 6.1386123906944805
1637 6.114686283354756
1638 5.692781622215578
1639 6.112166113897218
1640 6.344620913728756
1641 6.084539558845693
1642 6.2165745663118726
1643 6.56086694216749
1644 5.94635788491035
1645 6.267500641279494
1646 5.859357217317161
1647 5.919702650031701
1648 5.7695661043091455
1649 5.964711014167723
1650 5.813647594356882
1651 5.635959818331116
1652 6.186414667325341
1653 6.211475121901224
1654 6.111669430861263
1655 6.037326107454073
1656 5.931573570741008
1657 6.052678721447782
1658 6.134231026067722
1659 6.42479979521868
1660 6.02549385094783
1661 6.131171042541233
1662 5.927391060090217
1663 6.04806211499733
1664 6.492953959131154
1665 6.2984794061005775
1666 6.210784323462995
1667 6.214161934932238
1668 6.246111155767379
1669 6.504617160887397
1670 5.989283000716154
1671 6.300626807979438
1672 6.4904957889372685
1673 6.1860108757937615
1674 5.617449793317624
1675 6.292195192294066
1676 6.200987777386083
1677 6.499682235056424
1678 6.151869453026889
1679 5.904478713468344
1680 6.275817371234573
1681 6.4038220040579175
1682 6.546249019067769
1683 5.634805256064885
1684 6.093288556824958
1685 6.559625793381768
1686 6.22948756118909
1687 6.356629364094192
1688 6.2889962142644285
1689 6.26063232152305
1690 6.125955985749652
1691 6.1972944155011405
1692 6.295986429692605
1693 6.336683370599698
1694 6.124738952470534
1695 6.063693003439759
1696 5.988691506473409
1697 5.9863289434924845
1698 6.028946835597427
1699 6.065667463193966
1700 6.177714899543893
1701 5.948860305362362
1702 6.22687468320833
1703 5.963942453694653
1704 6.333133679089046
1705 6.274164861433341
1706 6.408549559514102
1707 5.903930795890328
1708 6.127313286414038
1709 6.399967658290669
1710 6.223117086602887
1711 6.22671179543606
1712 6.421198872693651
1713 5.76346623684501
1714 6.349219161054398
1715 6.003786408166226
1716 6.078811082301488
1717 6.03970408626961
1718 6.135564955188566
1719 5.899537683328623
1720 6.1701463259186955
1721 5.908862124787097
1722 5.967221626570608
1723 6.014355121018013
1724 6.1644795785231805
1725 6.242203595717326
1726 6.4806824830488505
1727 6.055910828806127
1728 5.895819699621473
1729 6.152684847354451
1730 6.161221575294642
1731 5.7935272529105255
1732 6.449338933210096
1733 6.044576585354111
1734 6.033161995841186
1735 6.368094652748616
1736 6.4061289867306375
1737 6.284492614185474
1738 6.448407434492729
1739 6.0529585778535875
1740 6.178791947945468
1741 6.171966893570383
1742 6.382789790615662
1743 6.270969769204311
1744 6.087624829395416
1745 6.435429879533949
1746 6.292576128109365
1747 6.1775154688048035
1748 5.997060239300582
1749 6.2181543810590805
1750 6.159989805700505
1751 5.934461369952927
1752 6.4437940685976445
1753 6.169157445511955
1754 6.617257480311139
1755 6.118078089645552
1756 5.947256662313341
1757 6.034289823239651
1758 6.436374754008459
1759 6.314132703712007
1760 6.070472914659275
1761 6.424309214388375
1762 6.052019476502419
1763 6.156527921955871
1764 5.964963047489586
1765 5.934484082113712
1766 6.287165120117321
1767 6.317306410938408
1768 6.064597481957119
1769 6.100075715642115
1770 6.580405529770847
1771 6.501941182795205
1772 6.401581774758778
1773 6.060381735377235
1774 5.934097450445072
1775 6.145845703834014
1776 6.1634037249037
1777 6.398997898861369
1778 6.483386781553894
1779 6.167090739521934
1780 6.171392825896714
1781 6.428781083937282
1782 6.292540858403529
1783 6.114929488992316
1784 6.163250667100496
1785 6.118989891682035
1786 5.577320122024849
1787 5.780308961409821
1788 5.8325981920596535
1789 5.866623637109566
1790 5.91882941364746
1791 5.971551997256034
1792 6.085090257796293
1793 5.911585766217457
1794 5.72422168447261
1795 5.767302436331295
1796 6.013483373044453
1797 5.79399345852316
1798 5.957205719397902
1799 6.020568388243845
1800 5.654750924254718
1801 5.941324381312329
1802 6.141144829312797
1803 5.885872387603545
1804 6.008592068381361
1805 5.9509799966795205
1806 5.830754614415385
1807 6.1154009413856025
1808 5.95186835444878
1809 5.790099754379996
1810 6.044868088377835
1811 5.898155552228292
1812 5.695103228911058
1813 6.365409930674313
1814 5.769272078798678
1815 5.704209975129826
1816 5.8372516196301785
1817 6.174429071081207
1818 5.863656249984544
1819 5.968953479205202
1820 5.668703781270266
1821 5.639970760719379
1822 6.087814277167574
1823 5.736268807372882
1824 6.2371554942414
1825 6.120780114814423
1826 6.020548086666712
1827 5.778320938591758
1828 5.780891025923311
1829 5.675601486434034
1830 6.253098210961439
1831 6.132931623125201
1832 5.710939062968725
1833 5.933396373828148
1834 5.956602604075569
1835 5.47631087839972
1836 5.834092484964062
1837 6.28103605489018
1838 6.022555358508146
1839 6.1546145994610475
1840 5.97166779351562
1841 6.262858716409334
1842 6.018554225652917
1843 6.0088105466766315
1844 6.507114635250094
1845 5.842611569050065
1846 6.4319379344512395
1847 6.242467666908584
1848 5.979879606019915
1849 6.247673092439699
1850 5.871087131385477
1851 6.40990583486328
1852 6.111743781846125
1853 6.5286417687502585
1854 6.009574062981251
1855 6.084390784527987
1856 6.06571149478014
1857 5.858874852336067
1858 6.111941544412955
1859 6.563790228148784
1860 6.168194661903551
1861 6.071931096714573
1862 6.066199197588622
1863 5.982005316537951
1864 5.734542734338382
1865 5.80841109953431
1866 5.962483341797816
1867 5.747014641350978
1868 5.745188589376697
1869 6.319573751571776
1870 6.16866621442259
1871 6.181026061323785
1872 5.7676431260436605
1873 6.124093107910944
1874 6.23768925650759
1875 6.066846068873978
1876 6.129980553520876
1877 6.1199602321539235
1878 6.066012098937089
1879 5.9872522670574115
1880 5.819111556403953
1881 5.672689403192573
1882 6.180395078170301
1883 6.1673832387447
1884 6.2267390064927595
1885 5.950158950601885
1886 5.909187215533104
1887 6.183464777484978
1888 6.023891283305063
1889 6.122673499751606
1890 6.083559552029032
1891 6.2955574919480135
1892 5.8445620786589885
1893 6.281527832430475
1894 6.469159529274834
1895 6.135650565285893
1896 6.347484986530619
1897 6.293229235358677
1898 6.155873313377482
1899 5.811745402620059
1900 6.231539286764948
1901 6.16921753919032
1902 6.135685015550063
1903 6.328939692093748
1904 5.859325960528402
1905 6.135715168647267
1906 5.51629024497271
1907 5.621967148187672
1908 5.55205138565086
1909 5.854138738860501
1910 5.552785821040108
1911 5.91684187363206
1912 5.884054977777627
1913 5.494120775691077
1914 6.105484738854714
1915 5.432420093474462
1916 5.553457254707171
1917 5.651517230705682
1918 5.888290536872821
1919 5.987296913739878
1920 5.746860723400191
1921 5.759747425434359
1922 5.821159305979385
1923 6.203357722165312
1924 6.178348585786647
1925 5.712254452303194
1926 5.522741929899789
1927 6.195361521588793
1928 5.7962075635618096
1929 6.07162999115015
1930 5.7229218697256625
1931 6.004665306822512
1932 5.438949406491387
1933 5.777426392990004
1934 5.748727373455182
1935 6.483644939295398
1936 6.207233986072357
1937 6.090190995502624
1938 6.101052330309864
1939 6.085872876435843
1940 5.977394583878758
1941 6.131876360802153
1942 6.372627823759606
1943 6.043606038311079
1944 6.155449422857632
1945 6.306802957114373
1946 6.236615225196347
1947 6.287472499159769
1948 6.076217257124325
1949 6.447269454259929
1950 6.282217027055159
1951 6.013693436267074
1952 6.164120759542609
1953 6.396080296622011
1954 5.982631269140923
1955 6.316726137393119
1956 6.110064485953773
1957 6.246125913061128
1958 6.137428265681571
1959 6.375395996462631
1960 6.096699478368037
1961 6.213186549322557
1962 6.382296943258235
1963 6.314037453192724
1964 5.825277800953537
1965 5.838651624906241
1966 6.256928662606799
1967 6.315547604527773
1968 6.429564115746195
1969 6.399578571398367
1970 6.229813218432364
1971 6.683065913238785
1972 6.274086143515668
1973 6.27082254768251
1974 6.049448785995019
1975 6.225577418019753
1976 6.5004203143636285
1977 6.175810976946256
1978 5.890459890887684
1979 6.237728931313051
1980 6.143884233256988
1981 5.778501983167593
1982 5.798622475798118
1983 5.977051333067464
1984 6.202813274573868
1985 5.747238525168868
1986 6.501080732169905
1987 6.341375017184329
1988 6.274440845816129
1989 6.238120906194308
1990 6.007242996148607
1991 6.046825266493839
1992 6.272484884279488
1993 6.298901446552425
1994 6.309964754429881
1995 6.286902422522977
1996 5.913934984465757
1997 5.979456379669414
1998 6.177951039420316
1999 6.041959384877225
2000 6.14334280784314
2001 6.044163142087052
2002 6.096341406463643
2003 6.167661008378156
2004 6.088073159984399
2005 5.935731965970118
2006 6.255620800904162
2007 5.60499340460694
2008 6.267776006678846
2009 6.221336600345841
2010 6.05570110837115
2011 6.257413043928922
2012 6.220931629585286
2013 5.7563146565983585
2014 6.038096640083025
2015 6.163335982957123
2016 6.187209780672456
2017 5.875892575791007
2018 5.900805550237188
2019 5.885417425240333
2020 6.130690102233391
2021 5.68546827779636
2022 6.0635520181367895
2023 6.311809523358105
2024 5.973967421599467
2025 5.685531976468725
2026 6.157748617296453
2027 5.4582046354240115
2028 5.436149040296865
2029 5.716065663241025
2030 6.315895171266825
2031 6.120787971239383
2032 6.064219489179194
2033 5.8055344659786865
2034 5.918029007292333
2035 5.9030409763093035
2036 5.688594072763485
2037 6.013848661144163
2038 5.524372987269221
2039 5.756613358067646
2040 5.281816292005586
2041 5.667868358042916
2042 5.6477260420626365
2043 5.67965547704634
2044 5.889152544143374
2045 5.87945261266375
2046 5.808742768519874
2047 5.908573535385501
2048 5.980024008750899
2049 5.7173792757962465
2050 5.557977229062476
2051 5.886858500324218
2052 5.69737276834677
2053 5.491243601545269
2054 6.046778346085905
2055 5.87675485746751
2056 5.866257905124925
2057 5.514284613488407
2058 5.583060428328482
2059 5.93365378619982
2060 5.7861252395583875
2061 6.23858241587607
2062 6.050053023505763
2063 5.544506437702058
2064 6.051593028610093
2065 5.941793199061485
2066 5.795379002915092
2067 5.555283615722255
2068 6.347330152792327
2069 6.000619686150421
2070 5.820311011818919
2071 6.403832478372038
2072 5.603050383082691
2073 6.0844620366171736
2074 6.314093129141839
2075 6.007424500722706
2076 6.274938999170939
2077 6.042426957881484
2078 6.054970605158634
2079 6.032170222964745
2080 6.2213257428366155
2081 6.020169083408955
2082 5.90890857546426
2083 5.886746091887576
2084 6.111134660191751
2085 5.870781790822739
2086 6.288722812300913
2087 5.585084137547685
2088 5.832300204947883
2089 5.547150194355108
2090 5.860338782542166
2091 5.907410085657658
2092 6.327240190508016
2093 6.088462837489432
2094 5.780675874348089
2095 5.791209988212141
2096 5.81199855448244
2097 5.6611918206244365
2098 5.932387522914831
2099 6.059402864451587
2100 6.261421347896992
2101 5.88633379396704
2102 5.9912147988299305
2103 6.500109776429286
2104 6.253448804098453
2105 5.932237046039436
2106 5.716996981145459
2107 6.216155414222799
2108 6.040812754918675
2109 6.12158775757506
2110 6.053962801983171
2111 6.005523540057519
2112 6.3061938782691085
2113 5.6746968425034865
2114 5.45378791073231
2115 5.928987396795124
2116 5.841779199161811
2117 6.26922674349128
2118 6.087674016687564
2119 5.839967561114989
2120 5.806139953343004
2121 5.727773430729635
2122 6.17005896997901
2123 5.936294577058879
2124 6.215290979156942
2125 6.4208516493506265
2126 5.997201054343994
2127 6.7026377430132245
2128 5.844746701975971
2129 6.161292572270983
2130 6.1946903775692945
2131 6.164930606982503
2132 6.344797909129072
2133 6.404031558137971
2134 6.253076699898555
2135 6.027101215001388
2136 6.458047074049469
2137 6.411905751275699
2138 6.024459994990325
2139 6.663281301173724
2140 6.34423149321817
2141 6.016756024296022
2142 6.647381762337587
2143 6.157733078120111
2144 5.970186620185743
2145 5.77227787021968
2146 6.332682127596166
2147 6.349102376353909
2148 6.153595135091291
2149 6.021950551027984
2150 5.899091006374746
2151 6.150667498070529
2152 6.021544387182921
2153 6.402887277871042
2154 5.72065464473309
2155 6.295668541731033
2156 6.173044657911129
2157 6.4895636533802685
2158 5.996493715326978
2159 5.958391948632589
2160 6.132999893218439
2161 5.937695272463098
2162 5.917903561103843
2163 6.12429093877698
2164 6.095785488297933
2165 6.217587008129606
2166 6.303557309474476
2167 5.938818934552958
2168 6.181394966230884
2169 5.64196692113512
2170 6.215314186546234
2171 6.176339455665232
2172 6.126830355545082
2173 6.0055881573040235
2174 6.149061697127765
2175 6.005442369102161
2176 6.09278840195969
2177 5.546640003623935
2178 5.890696047905752
2179 5.850490075615279
2180 5.889963795371963
2181 5.769315338128826
2182 5.669553775861281
2183 5.656923856946579
2184 5.874409715472232
2185 5.419419326772254
2186 5.551178862338789
2187 5.397515323230762
2188 5.954329472245678
2189 5.924927337157781
2190 5.555664532406488
2191 5.534643260218069
2192 5.49949426852619
2193 5.833162776629416
2194 5.67863247883051
2195 5.824508946938824
2196 6.093946874852965
2197 6.052746272531719
2198 5.7579828199035665
2199 5.784717077166916
2200 6.081653523437831
2201 5.830386830254715
2202 6.119265942023229
2203 6.0043417965548045
2204 5.908410449632
2205 5.356929969263129
2206 5.758476060282565
2207 5.594972636588857
2208 6.009346477341447
2209 5.893505438638274
2210 6.340918746454549
2211 6.160887267243098
2212 5.7210896765892745
2213 5.682998244890792
2214 5.733365957188583
2215 5.90155899943013
2216 6.260447736855671
2217 5.979171282458334
2218 5.779282421654464
2219 5.740208887573509
2220 6.001822867910552
2221 5.936316138858057
2222 5.749493529186967
2223 5.912872209643248
2224 5.859176799506524
2225 6.175154510688834
2226 5.954512021026649
2227 6.159522134508366
2228 5.925153298746932
2229 5.509076849126485
2230 6.168582927546652
2231 5.775991178769085
2232 5.654673145059743
2233 5.6994396077308185
2234 6.066555019829542
2235 5.764035225971729
2236 6.302289719852566
2237 5.991201686842046
2238 5.82897920446294
2239 5.590860722585661
2240 5.823210526549725
2241 5.606437912126449
2242 5.711425996554147
2243 5.527718801009182
2244 5.844006558938138
2245 5.699431187909152
2246 6.207726674385957
2247 5.814777136734202
2248 5.830493075138363
2249 5.642547101616505
2250 6.126578940787438
2251 6.129279367092309
2252 5.984149385575027
2253 5.995675637786174
2254 5.91343987491538
2255 6.069989302117433
2256 5.956896051274655
2257 5.824089496767521
2258 6.311297150390904
2259 5.8984298916225475
2260 5.985318887846754
2261 5.9380998415814865
2262 5.898254007228413
2263 5.95378957409504
2264 5.846454372750966
2265 6.012958908544853
2266 5.905574264870183
2267 5.851847142231693
2268 6.164720866899685
2269 5.840324519784527
2270 5.972993236898537
2271 5.6045394540122375
2272 5.777617975790334
2273 5.868126441798515
2274 6.082031331584336
2275 6.012456472937689
2276 6.1668481684046155
2277 6.309410687781076
2278 6.1047099825226345
2279 5.78854160372812
2280 6.140925453398876
2281 5.801922040222674
2282 5.616308832829593
2283 5.644963049349419
2284 5.793067573023213
2285 5.345761963979754
2286 5.985001327140253
2287 6.091850233850525
2288 6.043218139727567
2289 5.9735195737586935
2290 5.9006316151760245
2291 5.722902742646086
2292 5.767371975219315
2293 5.62628758677157
2294 5.665233789763183
2295 5.9563716962961974
2296 5.419523793275479
2297 5.881463416308504
2298 5.601224511849153
2299 5.652425519816679
2300 6.210239446873457
2301 5.73275010934944
2302 5.754976995916721
2303 6.364605241667227
2304 6.423766962353566
2305 6.0343323289457445
2306 5.850988612344508
2307 5.877341910267045
2308 6.098675446823537
2309 6.360969787932046
2310 6.3413096659568415
2311 6.072395596336849
2312 5.661496249823131
2313 6.190775160323778
2314 6.184967844650844
2315 6.1688631066114015
2316 6.086447726169356
2317 6.402863118194801
2318 6.120881829743152
2319 6.068273211587322
2320 5.723100037496297
2321 6.170878444357574
2322 5.921246767441691
2323 6.242985262591982
2324 5.916888114524828
2325 6.022633578057028
2326 6.203998133318344
2327 5.718810314152681
2328 6.216217691667051
2329 5.672856682025899
2330 5.655050996693904
2331 5.67080451595074
2332 6.615567465914322
2333 5.785348408157855
2334 5.888365746651885
2335 5.477400346609153
2336 6.015315489091027
2337 6.104694389890451
2338 5.947622815687989
2339 5.990705191722642
2340 6.419499996391326
2341 6.139807131481996
2342 6.215378037368065
2343 6.114213256425266
2344 5.934184534703688
2345 5.6895701593287455
2346 6.0345943619944125
2347 6.132976424388475
2348 6.079227649163554
2349 6.315587065193973
2350 6.510787217134686
2351 6.209314202432004
2352 6.2869414604612786
2353 6.392300365962815
2354 6.195433185443072
2355 5.974358998191105
2356 6.181786129785385
2357 6.029939318939439
2358 6.044984906362738
2359 6.484011230943508
2360 6.457843450628904
2361 6.375335811105631
2362 6.366648477442606
2363 6.474051210513959
2364 6.212978287171914
2365 5.8566424035485065
2366 6.233501923971958
2367 6.132882716396906
2368 5.989062776935519
2369 6.05289481399987
2370 6.071693230200223
2371 5.935321250752065
2372 6.411085495477534
2373 5.968101774677398
2374 6.2020192496849935
2375 5.857416337357158
2376 5.8065349130291
2377 6.070843738233643
2378 5.864797883249577
2379 5.8532926925843904
2380 5.759117590743663
2381 6.006880747836927
2382 6.000653749402895
2383 5.774781643830106
2384 6.313874152924433
2385 6.074908450114876
2386 6.117315916803352
2387 6.171181831709665
2388 6.338159246284246
2389 6.65689787290779
2390 6.4243380128459355
2391 6.528550017259326
2392 6.158376889004289
2393 6.254720084254341
2394 6.090526389572739
2395 6.030910404215328
2396 6.422576094520547
2397 6.249374595632495
2398 6.352777486422946
2399 6.522864748770151
2400 5.74776683839261
2401 6.145122666175118
2402 6.092652407927205
2403 6.018084149068291
2404 6.001038050434141
2405 5.988424837864761
2406 6.215654606785411
2407 6.355747395073037
2408 6.461758793756355
2409 6.2943870648244395
2410 6.131392292114562
2411 5.609494372669224
2412 5.85804666838658
2413 6.285760456092427
2414 5.93904917329571
2415 6.528647762064085
2416 6.573145845189298
2417 6.117589195674877
2418 6.0013451980759545
2419 6.142859059633359
2420 5.905108991403188
2421 6.269704267458207
2422 6.320592282636443
2423 6.60120664028632
2424 6.42746297263797
2425 6.408382461767484
2426 6.275840043889471
2427 5.858518865027089
2428 5.782770318609394
2429 6.211751269168191
2430 5.783541667698464
2431 5.708748104362768
2432 6.08470144250322
2433 6.016891289926686
2434 6.232748084624473
2435 5.952569554097472
2436 5.869816806082472
2437 5.842556725461962
2438 6.108700210198489
2439 5.984089595009616
2440 6.583727801907066
2441 5.98054849343214
2442 6.113698733227819
2443 5.427787109623854
2444 5.969318737602765
2445 6.051153781652382
2446 5.8404942682458545
2447 6.077397514653355
2448 5.5645418940250035
2449 6.309911556186882
2450 6.204302114310704
2451 6.089729456800168
2452 6.102162075113932
2453 5.763505044974498
2454 6.078503744639436
2455 6.178030154373407
2456 5.813037615475005
2457 6.176202618402425
2458 6.001430555749245
2459 5.868899402559873
2460 6.36560916214307
2461 6.391034246560381
2462 5.999267610515757
2463 6.003245129309435
2464 5.792999313181055
2465 6.3982989553157505
2466 6.472377461460689
2467 6.38698660127731
2468 6.283205038171351
2469 5.952392355928107
2470 6.118402867124233
2471 6.362697983414688
2472 6.081451813634124
2473 6.057335667744325
2474 6.260601034084189
2475 6.352648393076072
2476 5.858114757706096
2477 5.90787037489891
2478 6.139872971225088
2479 6.05701079114837
2480 5.881163916883542
2481 6.107732333592852
2482 5.951283043579991
2483 5.98686558037402
2484 5.769796540419221
2485 6.010017456612952
2486 6.145319722375103
2487 6.221471789254638
2488 6.2776804563190165
2489 5.854386711307389
2490 5.753144441213541
2491 5.744889333046073
2492 5.957796386130878
2493 6.13254668283606
2494 5.825368006568408
2495 6.169919808044988
2496 6.019388973589861
2497 5.780500375591864
2498 6.1271960958036535
2499 5.815679183620573
2500 6.047070965112517
2501 6.325461288109888
2502 5.63963556890089
2503 6.034431057220121
2504 6.104942672471673
2505 6.124691229692745
2506 6.140317199232444
2507 6.010630053895791
2508 6.173227519588045
2509 5.829407256733562
2510 5.746226779198705
2511 6.095495851380059
2512 6.273737825392839
2513 5.974517862549445
2514 6.153298624091257
2515 6.058712896333068
2516 5.889744862552503
2517 5.9659919944191975
2518 5.7865372272237
2519 5.916623169520892
2520 5.970824021134591
2521 6.367871602993253
2522 5.931160490414217
2523 5.957017137442839
2524 6.010824727928645
2525 5.973822780604276
2526 6.0647143985758225
2527 6.24335380948637
2528 5.864743936521564
2529 6.097209296948657
2530 6.26327454528466
2531 5.843068737207715
2532 5.9003309564378075
2533 6.023283900353279
2534 6.222668977065735
2535 6.319552545500059
2536 5.859684484453335
2537 5.902104541813009
2538 6.0079765146983215
2539 6.128746049140518
2540 6.149140341466066
2541 6.231598348896464
2542 6.055784653743061
2543 5.935552975813784
2544 6.108295183421663
2545 6.160218578814208
2546 5.778245716327147
2547 5.897335611278794
2548 6.166536765502261
2549 6.185217213931409
2550 6.568545827933126
2551 6.5849057692510256
2552 6.460552740600934
2553 6.447839283677026
2554 6.390243033338545
2555 6.1979339735173635
2556 5.950826779824799
2557 6.248899083706897
2558 6.882222735008641
2559 6.4717991397712336
2560 6.428434878610419
2561 6.26378184871288
2562 6.290476630833102
2563 6.076961507505632
2564 6.439828431736933
2565 6.300040399500863
2566 6.329176017678706
2567 6.190460416000856
2568 6.4697679008234985
2569 6.663983025949989
2570 6.240739828884856
2571 6.012084175971486
2572 6.170574792353355
2573 6.454733286025099
2574 6.168444059683242
2575 6.173665148442677
2576 6.41292403025951
2577 6.140948359170972
2578 5.9253930840710725
2579 6.154797746861263
2580 6.582777306504128
2581 6.672068146795926
2582 6.272682478597209
2583 6.192070177506201
2584 6.064104336252225
2585 6.255698919355941
2586 6.188414936169828
2587 6.127276408120001
2588 6.4731053346795235
2589 6.358740725083883
2590 6.076622164823332
2591 5.691958161371528
2592 5.95558846172127
2593 5.694426046501056
2594 6.002740689704242
2595 6.542990979664421
2596 5.9956905456742415
2597 6.190934442247078
2598 6.130261861440496
2599 5.674545853887672
2600 6.163279965602751
2601 5.672736907445341
2602 5.77143463132655
2603 6.109683214654916
2604 5.7623750095759245
2605 5.967083071360774
2606 5.9856532425607885
2607 6.082913843694121
2608 6.140338307711962
2609 6.186726132142533
2610 5.91103210234425
2611 6.4453818239675185
2612 6.392914322761488
2613 6.393074228138567
2614 6.011387096803392
2615 6.0264911684668
2616 6.500220754570501
2617 6.1262933691163575
2618 6.109014735656505
2619 6.151732199454087
2620 6.096824008596919
2621 6.014946887757709
2622 5.910034085467779
2623 6.013257116486836
2624 5.978825874157173
2625 5.662291262585845
2626 6.06398985006428
2627 5.931627254604108
2628 5.976977394657642
2629 6.342482112845171
2630 6.621477916878872
2631 6.572202289388039
2632 6.431281681134804
2633 6.602358938670652
2634 6.425090716029998
2635 6.638262846598857
2636 6.125691832149166
2637 6.26652816606546
2638 6.6452459636424335
2639 6.375746762305604
2640 6.299969618836256
2641 6.289567131751136
2642 6.347494543206074
2643 6.034427391716421
2644 6.063105797840452
2645 6.314671369269969
2646 6.481186336709696
2647 6.52868783440438
2648 6.291502316057739
2649 6.430041561928042
2650 6.037956027118017
2651 6.413515171663303
2652 6.14488598229492
2653 6.240614190399307
2654 6.078145111514415
2655 6.029133599062656
2656 5.90370492166486
2657 6.104432414411408
2658 5.977514534823398
2659 5.91497258475374
2660 6.061366222542015
2661 6.063367280330091
2662 5.956217281613544
2663 6.643961684536409
2664 6.469855671595295
2665 6.160295858216068
2666 6.073641117566574
2667 5.959007423673572
2668 5.809599253476523
2669 6.0182655134250265
2670 6.052624137243239
2671 5.896110049306752
2672 5.877120509353582
2673 5.8858335356438936
2674 6.15868903660259
2675 5.67603744263632
2676 5.97680686870061
2677 6.58352800193271
2678 5.909070730661779
2679 5.745057391978715
2680 5.890798130569737
2681 5.7865866001337825
2682 5.970770051592276
2683 6.050566434233897
2684 6.089808325308634
2685 5.9075091068837615
2686 5.973287058393305
2687 6.317471058421813
2688 5.906296534184974
2689 5.995938563657633
2690 6.070864991155378
2691 6.130906180112162
2692 6.177309853012945
2693 5.905538691633048
2694 6.043928205470833
2695 5.811507707063968
2696 5.770137398047473
2697 5.6355897444229
2698 5.856863589869294
2699 6.113892603887754
2700 6.358185573166538
2701 6.302634893375963
2702 6.148147908796726
2703 5.968040608466847
2704 6.1519005278005245
2705 6.118715982134647
2706 6.285884485712579
2707 6.294325912848821
2708 5.960088328874626
2709 6.790107336659779
2710 6.053508392615389
2711 6.047974333074702
2712 6.266958727338051
2713 6.02593466620965
2714 6.268436025451048
2715 6.325214509450541
2716 6.028137190774478
2717 6.2510558374310845
2718 6.140602697237519
2719 6.404056371599374
2720 6.233332137813672
2721 6.156622685565009
2722 6.329930039298376
2723 6.322955887959792
2724 6.012049503629861
2725 6.160767925450693
2726 6.264826565835284
2727 6.27369757504438
2728 6.324960960452767
2729 6.245759279550899
2730 6.273841074907412
2731 6.12474787497969
2732 5.959837034570321
2733 6.180418553354324
2734 6.061870964375038
2735 5.907618788068216
2736 6.2451344866735905
2737 5.921512667618245
2738 6.077871792035892
2739 5.808525367078037
2740 6.10369467996999
2741 5.994212492998874
2742 5.996773497411085
2743 6.106391894406899
2744 5.9925088681960865
2745 6.465575223313305
2746 6.28082775113845
2747 5.5226389189145655
2748 5.835525464641613
2749 6.1525573894757954
2750 6.15025418566232
2751 6.283552043505712
2752 6.325966435059864
2753 5.9815208338067976
2754 6.386250957052212
2755 5.879654063030554
2756 6.44828827470365
2757 6.373711346553656
2758 5.705266149241901
2759 6.0640989437541455
2760 5.9873037577744705
2761 6.350886844503055
2762 5.757514593033164
2763 6.220210998257587
2764 5.726264967979726
2765 6.169749193562943
2766 6.0449340680626555
2767 6.209351077321118
2768 5.989151606092185
2769 6.131510240581399
2770 5.846964015570644
2771 6.072187666592429
2772 6.328246767300825
2773 5.949646157152678
2774 5.912128207300706
2775 5.865693046019075
2776 6.055532005283352
2777 6.2773182445946505
2778 5.9762867428236754
2779 5.755230258399301
2780 5.716012802478501
2781 5.75638559714901
2782 5.7990668949976
2783 5.971062495281289
2784 6.130752101158659
2785 6.277534901652228
2786 5.9165496097868955
2787 5.849801333742575
2788 6.079043491572215
2789 6.040163927666913
2790 5.659615161625407
2791 6.1287206922326245
2792 6.203914114638287
2793 5.746681180230124
2794 6.116162984353709
2795 5.931282480357125
2796 6.116768892276606
2797 6.028550170066958
2798 5.973071504058841
2799 5.8425250582410095
2800 6.2838172788949676
2801 6.202040529675215
2802 6.06096565378956
2803 5.845820920385634
2804 6.756876011422424
2805 6.425005261703443
2806 6.569494329267236
2807 6.266259335015227
2808 6.174915683072292
2809 6.129289370499776
2810 6.654504099449442
2811 6.5545135180451926
2812 6.578424266085711
2813 6.687137389669632
2814 6.630729562780691
2815 6.336845469856382
2816 6.19167643791874
2817 6.540089489483068
2818 6.547504541681321
2819 6.866701370021036
2820 6.031767496654267
2821 6.118297233501856
2822 6.60325961848799
2823 6.3811442416191335
2824 6.296040467070325
2825 6.34844621733057
2826 6.563561125413775
2827 6.095197190231821
2828 6.276448700915696
2829 6.337809479643012
2830 6.380354881825374
2831 6.461367473730229
2832 6.523953587879284
2833 6.050452153243044
2834 6.233572778227194
2835 6.252274169403147
2836 6.636933889112119
2837 6.1402683629509
2838 6.537406213986655
2839 6.500227883933395
2840 6.6160948815322325
2841 6.495592064792264
2842 6.522462089227092
2843 6.467067431628042
2844 6.3477019110955
2845 6.724462401971648
2846 6.736469500364671
2847 6.299642223472968
2848 6.685372300817156
2849 6.217282674149112
2850 6.910724334447576
2851 6.230044928330049
2852 6.2140925018173325
2853 6.4799076387882275
2854 6.134095438408788
2855 5.896952885953261
2856 6.281016926502687
2857 6.418259426212269
2858 6.520105707735877
2859 6.1794589874633195
2860 6.023702097435053
2861 6.53281054212627
2862 6.585148669136624
2863 6.158303028532545
2864 6.483707748311834
2865 6.288751308538641
2866 6.286073977474835
2867 6.41652785180474
2868 6.361921493650723
2869 6.514816734706843
2870 6.706300742209233
2871 6.471049998209519
2872 6.253838215958657
2873 6.599425777653858
2874 6.0334734740799405
2875 6.104646439388484
2876 6.526348949271798
2877 6.540095248408404
2878 6.566202982507419
2879 6.548187271932373
2880 6.240057937063174
2881 6.4210484206483525
2882 6.316090220803097
2883 6.398037551061816
2884 6.2404528460105935
2885 6.409629941561236
2886 6.307316360404395
2887 6.194941320486485
2888 6.434547888410398
2889 6.566293757445018
2890 6.454402627217124
2891 6.288699146810519
2892 6.245424758298302
2893 6.316398839104041
2894 5.984394595001272
2895 6.393623878556096
2896 6.240513207093282
2897 6.105795876480476
2898 6.4404470914614675
2899 6.685495139510637
2900 6.034408263436328
2901 6.645321060196356
2902 6.029162513753361
2903 6.183793599546313
2904 6.245056952918811
2905 6.542234849111599
2906 6.18823587128445
2907 6.050563751337718
2908 5.86179900407343
2909 6.24135339858774
2910 6.5248278029602815
2911 6.255343511241438
2912 6.367504781190071
2913 6.455854577960824
2914 5.996129033541631
2915 5.947327896674101
2916 6.275990284886619
2917 5.944917269165894
2918 6.201897199772262
2919 6.351911333058983
2920 6.087952835108925
2921 6.27915285016606
2922 5.967704529205072
2923 6.270014950675429
2924 6.1804684239492795
2925 6.417856662274996
2926 6.455450824327855
2927 6.008195578630856
2928 6.313226940147563
2929 6.587763908840553
2930 6.017033898464465
2931 5.594623905486908
2932 6.190384471340681
2933 5.9242069598085525
2934 6.494621530490307
2935 6.180481032866978
2936 6.302975922909285
2937 5.946613306462969
2938 6.272945773775614
2939 5.865277025167964
2940 5.724405550742573
2941 6.13907238571332
2942 6.1237011315304235
2943 5.980377997632857
2944 6.353708317386434
2945 6.002198070721017
2946 5.9399285101467765
2947 6.15323707135604
2948 6.095276456850814
2949 5.749956638668798
2950 5.821258081665112
2951 5.706353436866611
2952 6.286326553614184
2953 6.160749480902053
2954 5.802702032149598
2955 6.419681401908792
2956 5.584941165945647
2957 6.169020783758064
2958 6.026706515164969
2959 6.461814727606581
2960 6.097038699334398
2961 6.767189140507249
2962 6.306968163946629
2963 6.084514680720346
2964 6.6227875402303855
2965 6.55845377888207
2966 6.228878383684975
2967 6.3467353172948044
2968 6.609074449528937
2969 6.3279549115285
2970 6.396844678619822
2971 5.742517446890154
2972 6.104851969296817
2973 6.297441300554636
2974 6.322362447558321
2975 6.326459566943669
2976 6.4196320190106375
2977 6.47981673121226
2978 6.283324481924325
2979 6.365362415971378
2980 7.091778238179183
2981 6.25730737945996
2982 6.251221478142464
2983 6.49032394988037
2984 6.214327466355305
2985 6.6788915858088
2986 6.3079919755175595
2987 6.3287929984454765
2988 6.184020203439475
2989 6.455740817765919
2990 6.519952703717804
2991 6.276440107800906
2992 6.231544751506377
2993 6.462207810610568
2994 6.151307834044013
2995 6.420310960346812
2996 6.644702566398187
2997 7.015868626842736
2998 6.563099252963512
2999 6.3959288001826184
3000 6.279683766684352
3001 6.004469105722339
3002 6.286826673182212
3003 6.511172224501835
3004 6.434349179267529
3005 6.760441472213392
3006 6.586021481134412
3007 6.159594638786261
3008 6.275485316086907
3009 6.398315299377178
3010 6.597208813842437
3011 6.574869044282487
3012 6.328204613575279
3013 6.311034698629847
3014 6.724307451874351
3015 6.636420122230682
3016 6.048203600998874
3017 6.11139294644513
3018 6.252661627785131
3019 6.114404326667627
3020 6.1324467522126085
3021 6.360396331171037
3022 6.3534244488317695
3023 6.5690222707052275
3024 6.56660426667092
3025 6.459450801299764
3026 6.310024807131618
3027 6.520450726180887
3028 6.555364489366775
3029 6.293976029420069
3030 6.762879108666712
3031 6.339688166358315
3032 6.410574971867763
3033 6.153248273492018
3034 6.250766601310583
3035 6.586465338961251
3036 6.117800830333838
3037 6.284544731242356
3038 6.10045790314271
3039 6.445378113850048
3040 6.465644905428303
3041 6.7717051961481
3042 6.4472752798804525
3043 6.54920853295782
3044 6.883651563807672
3045 6.624574030639518
3046 5.738227926268022
3047 6.4955273000154925
3048 6.210870760583083
3049 6.624402797545858
3050 6.826481619873502
3051 6.97899295863284
3052 6.7634860045070875
3053 7.1172261615266885
3054 6.657286233587819
3055 6.538349098493998
3056 6.305082834955169
3057 6.482272612433782
3058 6.264755868753717
3059 6.40478126076079
3060 6.014330297148706
3061 6.109384337029266
3062 5.900973281346303
3063 6.024250233049366
3064 6.338937205320781
3065 6.361767597687339
3066 6.148169073802332
3067 6.20246434385364
3068 6.268978782879008
3069 6.272127833204613
3070 5.934605622427864
3071 6.162332960820948
3072 6.352089515398406
3073 6.266379013256944
3074 6.217380007873381
3075 6.067466367757701
3076 6.453996272651882
3077 6.133937674160776
3078 6.394965074402569
3079 6.554749962344421
3080 5.947227318956502
3081 6.420854216146455
3082 6.367503573609791
3083 6.288640335173481
3084 6.221498702542158
3085 6.417630656406512
3086 6.363700267205176
3087 6.588777527797135
3088 6.320161475668378
3089 6.303463101642551
3090 6.10287998945851
3091 5.900264294683132
3092 5.6978572113685315
3093 6.108228553169552
3094 6.2965480079675835
3095 6.059839568034604
3096 6.245979993497516
3097 6.783497468258696
3098 6.4421441954409735
3099 6.407559628023379
3100 6.361533264585441
3101 6.333801218334095
3102 6.305161421809591
3103 6.514249734448874
3104 6.845212929184429
3105 6.40267400586963
3106 6.312417713815396
3107 7.067003616059216
3108 5.975432611960488
3109 5.878775547717561
3110 6.30091554968192
3111 6.550967531401608
3112 6.511328547972786
3113 6.263629657206227
3114 6.401216324590168
3115 6.3748108154789795
3116 6.357465539847729
3117 5.891482555357923
3118 5.606353190318081
3119 5.746279331097426
3120 5.787726214416585
3121 6.101611921091488
3122 6.210711053723081
3123 6.336282090859106
3124 6.029422879593144
3125 6.449167221575355
3126 6.219330050730441
3127 6.334657769034219
3128 6.429022668544206
3129 6.099253832200214
3130 6.461476480261254
3131 6.183755072849929
3132 6.22712416505004
3133 6.411156471262131
3134 6.530165496623454
3135 6.264105662860826
3136 6.263824048882437
3137 6.444723538254788
3138 6.345546842269384
3139 6.487460033042469
3140 6.436502473365596
3141 6.693307205888966
3142 6.207651878299671
3143 6.369430801809144
3144 6.039492681667797
3145 6.248820321352014
3146 6.034804434017437
3147 6.058680019346963
3148 6.286159591821978
3149 6.224764700469804
3150 6.325755036496985
3151 6.223728994084142
3152 6.241226629269268
3153 5.9558057571426515
3154 5.717555755095586
3155 6.335241479611377
3156 6.072932029923981
3157 6.021171218139985
3158 6.67714041108056
3159 6.102505387844547
3160 5.484707957629766
3161 5.960486522437871
3162 6.4403225315856885
3163 5.875159232177
3164 6.4610682169576785
3165 6.250603062853067
3166 6.475309506866984
3167 6.016151421248326
3168 6.111800122860679
3169 6.2099159503378
3170 5.939612314522532
3171 6.6848053742580795
3172 6.37688452475909
3173 5.989647513924642
3174 6.126368679560222
3175 6.275481112310208
3176 5.909111857823444
3177 6.102445740981253
3178 5.939724616417393
3179 6.261084353366555
3180 6.1427762912348935
3181 6.165302645337428
3182 6.05886745130798
3183 5.730713108122482
3184 5.901965593234307
3185 6.105749477196025
3186 5.66764114533862
3187 5.670740909612987
3188 5.989711945245184
3189 5.823313365836557
3190 6.104549634041934
