0 14.264656730711716
1 14.43665729182866
2 14.390615948411494
3 14.501864313862185
4 15.2955845505067
5 14.260710991083636
6 14.37353049222771
7 14.143223622743673
8 14.892680817730016
9 14.549136286310851
10 14.400364162531039
11 14.391816004594158
12 14.088366872231111
13 13.681722086294943
14 12.863887411861576
15 14.33989907193543
16 14.627178533531723
17 13.970114958996632
18 12.97267670157761
19 12.64095574130721
20 13.473116000092874
21 14.314380397558756
22 14.058273622155209
23 14.627209352914452
24 13.409526430961385
25 13.774258118498993
26 13.097407754751641
27 13.092382873579913
28 13.246952791647248
29 13.735653546846324
30 15.062545248239928
31 14.203100141971495
32 14.672805684568685
33 13.430303359711319
34 13.526321997581839
35 12.186170328943835
36 14.435888541391998
37 13.606032447535883
38 14.346506913133249
39 13.282942727940414
40 12.486644328289344
41 13.09922625035869
42 12.714308928725035
43 12.980691540263816
44 14.194405700021882
45 13.739871517965899
46 14.217154513611538
47 14.355884562372278
48 13.237782614868205
49 13.287020401665279
50 13.200513115289512
51 13.363687034492921
52 13.547756065436179
53 12.935533309572694
54 12.8671061850146
55 13.009384632519005
56 12.458553528931342
57 13.064462766814625
58 12.999382204408759
59 12.756024295420653
60 12.249985859531902
61 12.737254839687447
62 12.70448738439959
63 13.075419978533445
64 13.692902344729664
65 13.098100600179531
66 14.156550076750523
67 12.12286807851888
68 12.94764766460222
69 12.635398643785372
70 12.786139646284628
71 12.177217925981134
72 13.571344885697195
73 13.395247957259746
74 13.768140488475476
75 13.35363975781259
76 13.818721349790234
77 14.065808588619744
78 13.685206294479329
79 13.727887597195815
80 12.52355706769583
81 12.902204149603309
82 13.588637663425631
83 14.08209699076522
84 12.94276083537713
85 13.01228404538716
86 13.114000733936868
87 14.724193472140833
88 15.054025051827061
89 15.195395664347481
90 14.540836240154643
91 14.997439344354316
92 14.23108321850921
93 14.200163065182485
94 14.599515997533246
95 13.856657986386342
96 14.263612743027366
97 15.328966374542723
98 14.601223162849665
99 14.31989981395564
100 14.711961034628562
101 13.373598223289354
102 14.967989267055803
103 14.533566049278102
104 14.097876306106254
105 14.681935940760065
106 14.975298728669555
107 13.701374069515303
108 14.406687236848073
109 13.649571387370129
110 14.319454218143171
111 14.65354951790617
112 14.206198409306008
113 13.56116054402175
114 14.22845073173697
115 14.139968465266838
116 14.979310509884964
117 14.415600436848921
118 14.776311072336405
119 13.870941279432165
120 13.023180990096458
121 13.508855661826752
122 13.327119536113514
123 13.61858166897442
124 13.734351069389191
125 14.112959959039681
126 13.215869760708136
127 13.596743866550392
128 14.052949289559312
129 13.210789886266031
130 13.251820844408748
131 13.353031991807805
132 13.09628178695113
133 13.53877119462084
134 13.526171571996716
135 14.039418879291723
136 14.085710130585394
137 13.715683092244578
138 14.589495401883909
139 13.627621899879939
140 14.235376515768523
141 13.570138412040013
142 13.886380014319952
143 12.277411317193414
144 13.667621708162205
145 13.123467757250562
146 13.580181608915595
147 13.130401423695512
148 13.029411169913113
149 13.052238454631468
150 13.219314070985098
151 13.196385803224427
152 13.459402025388385
153 12.882879057647694
154 12.744554336112264
155 13.575066195034111
156 13.35757169789751
157 12.754133662441431
158 13.05233233902292
159 12.70735936277943
160 12.878412708019143
161 12.016893990763814
162 13.761775748348857
163 13.036976528698498
164 12.81910815738345
165 13.175128878531769
166 11.300946487248543
167 12.429865328074149
168 12.082980715575856
169 12.465530105560832
170 13.617946958474132
171 13.546545947965386
172 14.155433916213148
173 11.48470321281524
174 12.522208547349504
175 12.16662227250066
176 12.171440423262224
177 12.747849942873968
178 12.767710379809964
179 13.171050781740208
180 13.095910336689851
181 12.142767060162898
182 12.349815144791787
183 11.948708640013068
184 12.54333170547127
185 11.611753715164683
186 12.46252518057895
187 12.537832121643202
188 13.698073117770848
189 13.698532462272258
190 13.10182303996239
191 14.186698627736922
192 13.382513237619156
193 14.710020426902057
194 13.997760819112322
195 14.014094824286309
196 13.25477780164637
197 12.974948625035305
198 13.670590224170668
199 13.453882288697558
200 13.611534694583705
201 14.108692394114351
202 13.41442280789986
203 13.808584641841533
204 13.194829501882772
205 13.167337422273466
206 13.40257232658789
207 13.95377441457919
208 12.654039296982234
209 13.915000081226967
210 13.100898761383846
211 13.082520306137784
212 12.018584374228169
213 13.429484751125562
214 12.598294388016301
215 13.334675240113427
216 13.785638779081925
217 12.355630630181013
218 12.881020566623949
219 14.172396210164955
220 12.832190243747347
221 13.621092783430958
222 13.402193577129548
223 13.236256277656459
224 13.377427129378525
225 13.645615257396331
226 13.477820775484798
227 13.182701280083686
228 13.225958488856481
229 13.943363866556846
230 14.386245057655104
231 14.289656819675612
232 13.719444277485792
233 13.51935449152229
234 13.57649568090658
235 13.572062700614849
236 13.883754549903683
237 13.830566741245361
238 14.092240818362065
239 13.395751338624878
240 14.88536778522684
241 14.39820398116504
242 14.239481924776477
243 14.585628957281251
244 13.805769407257056
245 13.397117966151777
246 14.548906227054426
247 13.92800420513869
248 13.955510798066184
249 13.048038166549505
250 12.479548997411255
251 13.078254784096314
252 14.151899858914259
253 12.852844309706002
254 13.087597425524375
255 11.78403940447131
256 12.9474308275115
257 11.788762686973454
258 11.962708417079488
259 11.13580385381183
260 12.895401037162394
261 13.558639420217869
262 12.549395183536667
263 13.347128246270003
264 13.32173661793518
265 12.849687338412474
266 13.365519699279258
267 13.305924728781825
268 12.268655120664535
269 12.318321838777223
270 12.599556720270773
271 12.27100758090176
272 13.129930088180979
273 12.438573635411302
274 13.701466866323502
275 12.684182427161813
276 13.096961838201258
277 12.641996164044892
278 13.381618983669354
279 12.101970162225735
280 13.184512932890602
281 11.960092623920325
282 12.777968946832122
283 13.108931550640513
284 13.236332778777273
285 13.77370158271323
286 13.017347587025876
287 13.201884368839814
288 12.294391190807506
289 12.804582431930399
290 12.414229357477526
291 12.781533425459237
292 12.936181390526741
293 12.905711110078192
294 13.668131858703454
295 14.288800856466535
296 14.068516689808893
297 14.34426402337927
298 14.066233678092532
299 13.99544559372501
300 13.987310417390416
301 13.722782668147438
302 14.450368160718844
303 13.56278550658536
304 12.738506077299677
305 13.954465022010126
306 12.861856587361194
307 11.911627407117289
308 12.260384335275944
309 12.629034509851989
310 12.783290735455045
311 11.510631820127037
312 12.047463185851417
313 11.086229535162023
314 11.303476203599937
315 11.497459237203163
316 10.548033958039051
317 10.947711913953691
318 11.100954406120454
319 11.201579281098265
320 11.698439402339103
321 11.626148619278364
322 12.293237905808008
323 12.582744919332683
324 13.215301153732018
325 11.793142198932395
326 13.315599990549048
327 12.38748657866047
328 12.414836692013333
329 12.26701874308307
330 12.052155999961903
331 12.470643136753896
332 11.88155304551542
333 12.814427501544365
334 12.465681337258314
335 14.217491296661711
336 13.235595932211558
337 12.783464950807103
338 12.48077160982691
339 12.734688478816402
340 12.623806319034612
341 12.978385994728841
342 13.539115839278454
343 13.733038343717283
344 13.389440876401375
345 14.668995315152236
346 13.851928441503132
347 14.213965246080061
348 14.060730387445975
349 14.036733211046908
350 14.088911423842855
351 13.657659777103005
352 14.761501972851272
353 12.764640866700379
354 12.400721193765712
355 13.359740299480999
356 14.138204440651517
357 13.154894260220646
358 13.352851417447539
359 12.775204548899499
360 14.463913898344632
361 13.551119544113428
362 13.29084644012939
363 13.391884632222322
364 13.041621895778091
365 13.668456910223279
366 13.503952458905108
367 12.955407693627876
368 13.707577323768017
369 13.599063507206099
370 13.073731337971852
371 14.114046319467937
372 13.486628901903158
373 13.55695593841518
374 13.194229114902377
375 14.444085281890937
376 14.177456926730445
377 12.35549823605387
378 12.893108383714509
379 12.666298160012056
380 12.34527189660798
381 12.74160268056608
382 11.880225696238444
383 11.795104860566724
384 11.781554266385879
385 11.239245520569884
386 11.551911095920262
387 12.02220906235906
388 12.180886767100331
389 11.935181642648896
390 12.147446163866322
391 12.006955565355726
392 11.761357639293864
393 11.989380393916386
394 13.089514867433488
395 13.972340894704406
396 13.09696157098903
397 11.81074142909295
398 12.87506752790387
399 12.63819603105236
400 12.182604366540172
401 12.07555021440874
402 12.659968444105557
403 13.48786794255804
404 12.733109644305639
405 12.905224759191983
406 12.939718755495118
407 12.712863057570077
408 12.758671162418507
409 12.927394527530609
410 12.983725375876423
411 13.22299350345753
412 13.011950419990415
413 13.206115597211266
414 12.680204656593531
415 12.533335835695384
416 13.024968420253957
417 13.238336347704122
418 12.947900060730975
419 11.69353636337073
420 12.885352731631421
421 12.282643267516729
422 12.433420337482476
423 11.853340515005264
424 12.549027031601922
425 12.109206145642316
426 12.87294470830919
427 12.273698320588862
428 12.591232842902802
429 13.411174762573355
430 12.754314188882029
431 12.534439857097878
432 13.860996900264809
433 12.673786979310977
434 13.115965396822308
435 13.730760609992098
436 13.78578393094475
437 13.516011527269306
438 12.685715538006901
439 12.756206716156575
440 13.138052891161678
441 13.402353574276518
442 13.206086017979336
443 12.536572171077363
444 12.977735634461132
445 13.245260733264557
446 13.081816988044858
447 13.04388889713576
448 13.424026792464918
449 13.144316641956072
450 13.303557967699701
451 13.25339694046548
452 13.250562927867
453 13.112729789680936
454 13.621155839815307
455 13.970126775118281
456 13.476064471088662
457 12.655873421105905
458 13.023430355842404
459 12.984023008385758
460 13.662449745508752
461 13.3765609653443
462 12.217332329354837
463 12.912180990370528
464 12.749905216020766
465 12.66891367380219
466 12.335908929158496
467 12.581164838462534
468 13.18599200260542
469 12.72960979967886
470 12.465933636273295
471 13.524842218118057
472 13.817780211309056
473 13.819294683520383
474 14.426105092878604
475 12.825602835478923
476 13.483550644958793
477 12.900999576210133
478 13.592389592771786
479 13.423893031903896
480 12.927197592403438
481 13.347449005154191
482 13.521018286310008
483 12.951179137405193
484 12.911268711828134
485 13.311428592143232
486 13.085190520140353
487 13.175862801046867
488 12.818867290864551
489 13.378271555952393
490 12.618807177692204
491 12.986975019612983
492 13.269306042705457
493 13.532576644974428
494 13.041118185071268
495 12.810838835465585
496 13.555179041274785
497 13.313153058684513
498 13.861608432500548
499 14.086673157283732
500 13.595479718567717
501 12.434381346627466
502 13.946983491494679
503 13.104972502315565
504 12.998315272083353
505 13.266318087815678
506 13.166045477958688
507 13.105013298730558
508 13.095610206259002
509 12.917230454365532
510 13.4548823281256
511 13.413741281517215
512 13.393483525388843
513 13.247632063309068
514 12.474024548324916
515 13.363111968979972
516 12.587485598770497
517 13.36298433846176
518 13.731781421729606
519 13.215732289383519
520 13.082914000371341
521 13.112013036376027
522 14.181731860355674
523 12.849982673368869
524 13.572386176555135
525 14.077974718752618
526 13.21724816585965
527 13.357417162118697
528 13.32491737033747
529 13.161638765053564
530 13.0662340043263
531 12.751990549216023
532 13.549657128076278
533 12.546994838752942
534 13.391188098306635
535 12.76046587346923
536 13.892544313864468
537 13.666111189741006
538 13.25210681322558
539 13.389514945920466
540 13.745873563784842
541 12.837051907508673
542 12.856625641357036
543 13.132493786550423
544 13.182544418077589
545 13.239538088793587
546 13.26707652992488
547 13.332574713758156
548 13.038480986621186
549 13.490450539592437
550 13.442992724253688
551 13.612055928710108
552 13.757405991913757
553 14.144586029219482
554 13.369993378144313
555 13.38603081847935
556 12.25047546118737
557 13.329176027231574
558 12.788220712588197
559 12.205028957979803
560 12.195041061327188
561 12.998858812419607
562 12.644812624490461
563 12.833270281976882
564 13.32268469173034
565 12.91019722147981
566 13.43561082664306
567 13.912381113884516
568 13.00874642800777
569 13.034049835874999
570 12.85690695790148
571 13.20563334157219
572 13.297689275771837
573 13.59747831411077
574 12.467294468074684
575 12.35835771312415
576 12.633916262846002
577 12.762313431985008
578 12.514753513802994
579 13.029629964006473
580 12.95451063949811
581 13.939007321423329
582 13.571926070650719
583 12.854671613863593
584 12.983105958682714
585 12.312575161998529
586 12.882731631023802
587 13.063148414010689
588 12.71556826838257
589 12.51311520215985
590 12.106625060057361
591 13.019653052936988
592 12.803897847058568
593 13.408944814221051
594 12.826392796052566
595 13.337053963917102
596 13.247658627965512
597 12.715920425677112
598 12.612103781330665
599 12.842684441786062
600 12.491790851139484
601 12.265997249406512
602 12.913828162660426
603 13.168119448579771
604 12.938067507838065
605 12.30074772123447
606 12.609019633510256
607 12.350381804650452
608 11.883374566923308
609 12.703188908071365
610 12.855062330062632
611 12.60470169363411
612 12.098798530457044
613 12.288583954886702
614 11.983446975772308
615 12.370867046254043
616 12.188274731781464
617 12.176303804927937
618 12.13815207869801
619 11.230212006101588
620 12.300475125576147
621 12.156837943509043
622 12.238929261648085
623 11.618962253414054
624 12.28018853959015
625 10.95269819622682
626 12.364609613432785
627 13.22222033857191
628 11.850815046389183
629 11.413368569526916
630 11.47323083246371
631 12.309875382569707
632 12.128673344178587
633 11.685472563441344
634 12.276085164408517
635 12.197977744440983
636 12.184304590620307
637 12.172488001179111
638 11.912949950603345
639 12.045034583446318
640 12.720459531977719
641 12.123507050259098
642 12.630492926054831
643 12.158827855494195
644 12.174363784081132
645 12.719077428364148
646 11.892716870076137
647 11.960203326182796
648 11.896951433315119
649 12.307546775115966
650 11.892021960370387
651 12.640005059923277
652 12.353364575463498
653 12.690164138718664
654 11.515183736755722
655 10.95129314741565
656 11.89132868025297
657 12.539819334785422
658 12.60059337882815
659 12.22445311292562
660 12.396749840692278
661 12.240406191717804
662 12.898036160254923
663 12.055471438534454
664 12.000120248530697
665 11.381351775291822
666 11.982612889275792
667 12.106288102480514
668 11.972956607156581
669 11.941920286755836
670 11.87517894407182
671 11.834374267025558
672 12.492813445958777
673 12.192399398228758
674 12.299682110260957
675 12.34228181621251
676 12.824566433892938
677 12.452150288840446
678 11.865822674500196
679 11.79507681403405
680 11.96840673624695
681 11.701161821541664
682 11.903337976337195
683 11.70863989227236
684 12.394376794298271
685 12.348369491339753
686 12.085707510771037
687 12.42883471967286
688 13.022432933928892
689 12.23342962142388
690 11.825850748316462
691 12.613045185014656
692 12.2520204539132
693 11.33589257529461
694 12.311399221971202
695 11.913593281349044
696 11.752936760133181
697 11.887509641969384
698 11.694971499675013
699 12.137178224849947
700 12.395297481807331
701 12.17676997086346
702 12.019918829850461
703 11.882730375478804
704 11.999886485214276
705 12.286664448706226
706 11.78973521970115
707 11.437166014609357
708 11.6166160823069
709 11.980134721921845
710 12.286393004690952
711 12.172576417270479
712 10.946236419198128
713 11.84589821178913
714 10.818324932481199
715 11.676057551351708
716 12.500170242891663
717 13.21936841704264
718 12.847790738235455
719 11.801693316635195
720 12.34090164570886
721 12.732385492642349
722 12.697548733864773
723 12.774158847950924
724 12.641792500691995
725 12.318386145753559
726 12.72695225037993
727 11.989946017669737
728 13.374827264343212
729 13.11956865027241
730 12.720536400947704
731 12.131632467933548
732 12.937242096235149
733 12.917341267351743
734 13.164659215555991
735 13.30274281108006
736 13.518427488430053
737 13.69658193748559
738 13.34805755624229
739 13.039031881337182
740 12.866652105441123
741 13.222784776133361
742 12.63710218690157
743 13.46910684853071
744 13.839138076044062
745 13.866502857844587
746 12.684169369082094
747 13.626366646113109
748 12.946560830338615
749 12.29191562376069
750 12.752152619088383
751 12.829614511416509
752 12.333813476846117
753 13.229864235352762
754 13.128497411023842
755 12.839826286581195
756 13.10272406615703
757 13.257049249686524
758 13.008415930515998
759 13.048721440992303
760 13.63056878706869
761 13.450838266843691
762 12.994256557382224
763 12.940600788763915
764 13.231199426361915
765 13.78951359850481
766 13.444094894647378
767 14.028467073214063
768 13.207044967679282
769 13.581747520397009
770 12.874120968608288
771 13.079458368344975
772 12.516308690580725
773 13.277684361696041
774 12.363351712664139
775 12.961057598374241
776 12.518316239419082
777 12.411177360091623
778 12.856033786222746
779 12.153425652776804
780 12.718007184368739
781 14.32653617670916
782 13.025346651590885
783 12.7342351243984
784 13.00533331459919
785 12.637058957060784
786 12.524684056546617
787 12.48518313448585
788 12.216995787000732
789 12.401013136608727
790 13.486806206039883
791 12.773593142240259
792 12.035904482168817
793 12.025822000606086
794 12.41798657225704
795 13.857470550700242
796 12.843713822760035
797 12.405045625427014
798 13.310700215534517
799 14.095637259186018
800 13.135487902272544
801 12.502178211638661
802 12.19733253504022
803 12.634871509461163
804 13.39259970291813
805 12.65078318077901
806 13.201457912596481
807 12.794885703573264
808 13.928398839945867
809 12.797012901717817
810 12.560594148789606
811 12.292225370751195
812 12.387033002840578
813 12.486876002264495
814 12.045357373571163
815 13.018422347333985
816 12.957861215263424
817 12.393814061032371
818 13.22064478368042
819 13.057435400007837
820 13.272874570084262
821 13.445100415415496
822 13.630189955872158
823 13.537326584034451
824 13.408768319886068
825 13.78074821368581
826 13.788947897592259
827 12.789744387969424
828 13.10433896256748
829 12.765189266467804
830 13.333884610291703
831 13.607416344467127
832 13.403203474130757
833 13.756078544476539
834 13.713080973150785
835 12.97468677068372
836 12.899457647667745
837 12.308847446463023
838 11.93384746624373
839 12.39814316730392
840 12.340423153689335
841 11.83637061736895
842 12.206520780199986
843 11.516555423484519
844 11.131122285773873
845 10.797708785844275
846 11.88491964811596
847 11.39044474905428
848 11.135754220324419
849 11.460029835952847
850 11.25207290124397
851 11.705207460095442
852 11.840028670574565
853 11.408869810352996
854 12.504934732385975
855 12.72671056457352
856 12.2933979772213
857 12.468061438067801
858 12.616169281316898
859 12.779560677890485
860 11.709176495600925
861 13.772553192958036
862 11.902589411309943
863 12.276447333355677
864 12.669237941020356
865 13.276441579462492
866 12.652105619828127
867 13.068685450709843
868 12.836205508726577
869 12.788875303383199
870 12.543810760953942
871 12.810445215736285
872 12.654585291975998
873 11.727476885001979
874 12.27561976992636
875 12.886309421056994
876 12.984898717484986
877 13.595767932209453
878 12.864888619585786
879 13.113396730560066
880 13.43721224663646
881 13.727470414854096
882 13.0566625043462
883 12.924079900440612
884 13.647948783077085
885 13.05881065167286
886 12.79274016938917
887 12.719242683730391
888 13.069441219044819
889 12.321677616403223
890 13.601919118816465
891 12.648839701029228
892 12.30163975301463
893 13.436459654829621
894 14.100780163305188
895 13.04744783311159
896 13.20606639742352
897 13.248263019548906
898 12.47729999273432
899 12.750400492277224
900 12.107225590028316
901 12.730774701333582
902 12.594724696572516
903 12.305854688074962
904 13.050752404159455
905 12.517659214218233
906 12.12528476571722
907 12.277882354607247
908 12.994393963560377
909 12.365421407615742
910 11.540701069271144
911 11.564762732970904
912 12.238305622080054
913 12.037309252028003
914 12.557009550162416
915 12.511935549052428
916 12.36610979105345
917 12.362710374064878
918 11.945567031046934
919 10.855285198912851
920 10.863560184104923
921 11.353101828124855
922 12.130516002726251
923 11.819889443591887
924 11.380780281217994
925 12.316975380845689
926 11.606403781702276
927 12.54366523091344
928 11.475865704596137
929 11.438166732607991
930 12.458133495798444
931 11.53541922423394
932 11.211584255179279
933 11.770537491613522
934 11.390621857563895
935 11.869689802498185
936 11.557052729015888
937 11.93455510595987
938 11.869241365896325
939 11.319522789922395
940 11.340729992761272
941 11.379493751958742
942 11.056345989438062
943 11.268770879817906
944 11.854849050796805
945 10.99000581467702
946 11.23692639387289
947 11.930314297486449
948 10.967175032208534
949 11.242766336283347
950 11.206024749570696
951 10.890825458959554
952 10.665078885586768
953 11.212673334132097
954 11.018285543784302
955 10.882026156391357
956 10.758697082508556
957 10.267796949576585
958 10.967083249542679
959 11.081388827949802
960 11.242452997822907
961 11.730670991392195
962 11.170350215383223
963 10.87943983817623
964 11.002548108444097
965 10.496067134483624
966 11.02673809567562
967 10.512570386132197
968 11.432169627840453
969 12.213834195617956
970 12.731223633821763
971 11.583300544063682
972 11.337779781377646
973 11.319702889222766
974 11.372041260489787
975 11.489548854154107
976 11.382631097135269
977 11.012681642581091
978 11.690886674879414
979 11.314389131287923
980 11.104356877133167
981 11.370844669583162
982 12.113855324684186
983 11.637399034285627
984 12.476373489223866
985 11.885008293366743
986 12.253711885657129
987 12.72260288966025
988 13.519070541130363
989 13.077943023277731
990 13.292616362504695
991 13.068129625669117
992 12.910725467033211
993 13.121277373093355
994 13.06387046587376
995 12.607500795498344
996 12.803229853641245
997 12.694013528174057
998 11.787071882315882
999 12.251280765831543
1000 13.064093665054697
1001 12.360850552881308
1002 12.612350864397893
1003 13.341487303655176
1004 12.5292569349382
1005 13.31275208241236
1006 12.773541869876892
1007 11.790966954615692
1008 11.655089556183867
1009 12.848749697798269
1010 13.013576425820197
1011 11.440513015838258
1012 11.72516543370426
1013 12.0062074175137
1014 12.339460738418353
1015 12.321665342108101
1016 12.055479631435558
1017 12.965664734598105
1018 12.659736703155055
1019 12.44086439844288
1020 12.156083103217775
1021 12.230537115936855
1022 12.976503661513878
1023 13.180703820534953
1024 12.319194335867522
1025 12.689293076962244
1026 12.613433959826935
1027 12.2582105192103
1028 12.416576866575584
1029 12.526938839909091
1030 13.134537561867798
1031 12.261789673333436
1032 11.374541021587994
1033 12.460142167400535
1034 12.203587128308767
1035 12.83878473244749
1036 12.706006639885889
1037 13.271062546791994
1038 12.940382234456711
1039 12.891381960299404
1040 12.712281372847784
1041 12.35309163869896
1042 12.664290970239763
1043 12.776552175328145
1044 12.892377869649556
1045 12.461610647020406
1046 12.5288501545595
1047 13.415812718706025
1048 13.48810539252335
1049 12.293910248348295
1050 13.228238727283921
1051 12.676713469030169
1052 13.090627149351189
1053 12.397969015732317
1054 12.555464002474988
1055 12.559829742603988
1056 12.906650408205467
1057 11.528977700612915
1058 12.50549087855813
1059 11.944115137283275
1060 12.909187885373546
1061 11.998288694426977
1062 12.79936420378621
1063 12.36234329484125
1064 12.750293292362551
1065 12.59718276214633
1066 12.454635973529633
1067 12.926523702186284
1068 12.678913430980998
1069 12.87894475845496
1070 12.615194599041514
1071 12.456798691269226
1072 13.018726835354851
1073 13.506673812706119
1074 12.615038263592684
1075 13.202251493238151
1076 13.082909614369722
1077 13.500623580439326
1078 13.246238424272653
1079 13.001107236371602
1080 13.010571066537901
1081 12.588124282328934
1082 12.493175511072886
1083 12.286401380543357
1084 13.009644513011587
1085 12.051267252361216
1086 12.158187006992417
1087 12.293345878411847
1088 11.960293441350021
1089 12.200398025793676
1090 11.339322647666402
1091 13.247756632130352
1092 13.113038444359008
1093 13.21715772739242
1094 12.521216637587136
1095 13.173136604861961
1096 13.445301978029512
1097 13.740012884285637
1098 12.783840777763736
1099 12.861143680286268
1100 13.267448169906135
1101 12.137042633355142
1102 12.78999811338615
1103 13.287157417084835
1104 13.08062320255078
1105 13.5250931725552
1106 11.438941837792168
1107 12.18877184403126
1108 10.92621990977444
1109 12.3410746968129
1110 11.978155600217114
1111 12.57723011407349
1112 11.873261784780993
1113 11.920392924253974
1114 12.246543569961434
1115 11.72544534761823
1116 12.405318630635033
1117 12.42301758429311
1118 11.994128245133012
1119 12.712690596727693
1120 12.28086903327926
1121 12.056138431835382
1122 11.84418392858435
1123 11.188678608676906
1124 12.116516805147826
1125 10.734326463767779
1126 12.522853196808889
1127 11.517883376291119
1128 11.759128379464448
1129 12.461858188577294
1130 12.197252726892394
1131 12.039789012095682
1132 12.806801276988228
1133 13.131761286601831
1134 13.738652552943375
1135 13.606501831349089
1136 12.807908434541087
1137 13.710863969152756
1138 13.443178708767217
1139 12.823220954946098
1140 13.110537701514174
1141 12.85754693262382
1142 13.04616342800566
1143 13.289405959871905
1144 12.889519485612526
1145 11.940374809326876
1146 12.196672813055345
1147 12.028032442236361
1148 12.518841199845587
1149 13.172594934035141
1150 12.310486650870276
1151 12.754002977849385
1152 12.774158299758124
1153 12.80616005322924
1154 12.153547108969496
1155 13.074679985715498
1156 11.719099517564828
1157 12.89137962500908
1158 11.998606463773886
1159 12.670058357682523
1160 12.443945907779975
1161 12.85435047860552
1162 12.618809918121787
1163 12.854394584229901
1164 13.220396638863289
1165 12.804139863491638
1166 12.337447665288042
1167 13.199627126950748
1168 13.124235576331055
1169 12.838329594144351
1170 12.115133019557604
1171 11.531190295294861
1172 12.0901956659615
1173 11.959045978551382
1174 12.587115842988977
1175 12.823355747121017
1176 12.21095460250888
1177 12.26045475450649
1178 11.975099892961934
1179 12.891873398801213
1180 12.474590789942903
1181 11.74215967152447
1182 11.920739050239234
1183 12.361478994481958
1184 12.663427557846159
1185 12.641971961482994
1186 12.26752283982441
1187 12.302048491708053
1188 12.13857336311985
1189 12.595912966032147
1190 12.63410673197582
1191 12.665844274028698
1192 12.31309718879911
1193 12.643878466793444
1194 12.532726538158665
1195 13.601499802934253
1196 13.139761948426624
1197 12.672258628855829
1198 11.751907380167731
1199 12.537579594920357
1200 13.299910149479516
1201 13.0221224370972
1202 12.777964841921175
1203 13.377861059482385
1204 12.621008074423509
1205 12.596475428723766
1206 13.220432503298058
1207 13.947061924912578
1208 14.601818415887765
1209 12.545120911924068
1210 13.43737355080028
1211 12.659129797327479
1212 12.777398617791208
1213 12.67481720429245
1214 12.623338552083867
1215 12.293544376678753
1216 12.77559244325749
1217 12.759429608889619
1218 12.850168115702376
1219 12.585613920253374
1220 13.248264632203407
1221 12.484536032913482
1222 13.229980941528893
1223 13.165270412945896
1224 12.949203834858551
1225 13.485111247984829
1226 12.755109695414598
1227 13.354912382323485
1228 12.719459351115207
1229 11.838017943464907
1230 12.219084782864284
1231 12.02188117514358
1232 13.19085182641625
1233 13.880281016008148
1234 12.818173801166536
1235 12.779823052960412
1236 13.361732109628715
1237 13.423961426041439
1238 13.167798237545517
1239 12.678376824383518
1240 13.204772674010114
1241 12.862074285053373
1242 12.529867351462379
1243 12.217040555163782
1244 12.672452347239018
1245 12.34975692355554
1246 12.891701794397067
1247 13.523330658579345
1248 12.443348639794127
1249 12.269201954307004
1250 12.125712820922704
1251 11.912210189324709
1252 12.197734624635808
1253 13.271704697300137
1254 13.056378458340731
1255 12.606529196454158
1256 12.886077475271543
1257 12.952175592038717
1258 12.318845416591655
1259 12.726806738402846
1260 12.164093701454572
1261 12.880548455313145
1262 12.090034216862698
1263 12.221528719666006
1264 12.784033638478281
1265 12.253541119446739
1266 12.183262381807031
1267 12.341736688905337
1268 12.928206920772489
1269 12.018900131318546
1270 13.619945042393626
1271 12.29507819863275
1272 13.786519487613448
1273 12.301863167601713
1274 12.731487260810734
1275 12.170799266614647
1276 12.80993415323449
1277 12.350740531204199
1278 12.99364619174558
1279 12.762500446638269
1280 14.062109037855217
1281 12.146943628153418
1282 13.055728458724412
1283 13.459370459598127
1284 12.35140011056143
1285 12.95700914176732
1286 13.422668036383078
1287 12.843728620025669
1288 12.589712415567377
1289 13.187015509360547
1290 12.3896411188531
1291 12.71009175313414
1292 12.77830417280724
1293 13.099088300503116
1294 12.538372780079424
1295 12.741848278505985
1296 13.264981425758078
1297 12.850108910293272
1298 13.312703611768102
1299 13.754233092054578
1300 13.259970340196439
1301 12.881903296698873
1302 12.544143774695726
1303 13.122401657281818
1304 11.997660598630398
1305 13.090501929598966
1306 12.146261461341554
1307 13.098820532000598
1308 13.178346319464334
1309 12.861853817841714
1310 12.68993774177892
1311 12.541232838635494
1312 13.632618621926458
1313 13.055344713167003
1314 13.575966654184159
1315 12.763651420277391
1316 13.560791955343916
1317 12.955568818450885
1318 12.760924031816224
1319 12.621111995151354
1320 12.905640490867354
1321 12.913178711857881
1322 12.66444642834501
1323 13.280108313045368
1324 12.780426571192926
1325 13.11994087581356
1326 13.602827960351577
1327 12.664444578233189
1328 12.744430088178683
1329 12.992979863562875
1330 12.760632313955375
1331 12.873380258105405
1332 13.483510530882075
1333 12.902543389627345
1334 12.717417442873236
1335 13.432645246565897
1336 13.357133874457839
1337 13.257577171885817
1338 12.798787665871465
1339 13.253561533277757
1340 12.960558986526866
1341 13.557971307053252
1342 13.147095992973702
1343 13.62446850061212
1344 12.565380021260973
1345 14.643179142280983
1346 13.29411748704486
1347 14.33185679043033
1348 14.315799657619616
1349 12.73289999227415
1350 13.289011428372367
1351 13.361071487524764
1352 12.029643561698148
1353 12.68348126871889
1354 12.962626604134046
1355 12.753032257776312
1356 13.137177720555037
1357 13.326088426646798
1358 13.128985861567106
1359 13.23565587897008
1360 12.727833492127209
1361 13.37856859237886
1362 13.154178527318104
1363 12.641411775699957
1364 12.897703074111877
1365 12.735437891976973
1366 12.888429621058334
1367 13.791157638153477
1368 13.062092799435709
1369 13.419060105890866
1370 13.304057769037016
1371 13.30906522241152
1372 12.259786270765675
1373 12.634217791415413
1374 12.065818343495323
1375 12.04522933573044
1376 12.3300409209143
1377 12.77739088536617
1378 13.063028250003779
1379 13.409779166822247
1380 12.363660006893646
1381 12.171443289246268
1382 12.669802694407716
1383 13.036522850182749
1384 13.403792423714725
1385 12.313703229267272
1386 12.580932071982362
1387 13.20670513023199
1388 13.022430563539102
1389 13.84740471640724
1390 12.995556550863942
1391 13.638829105105529
1392 12.781702102492813
1393 12.914642995180317
1394 13.365381262785515
1395 12.977129412134028
1396 13.605709822103556
1397 12.598304155624346
1398 13.839330841417533
1399 12.464830396867368
1400 12.467865994848054
1401 13.017335935161976
1402 12.4786767919615
1403 12.894626277369797
1404 12.60250026438748
1405 12.762077595412133
1406 12.878738093540502
1407 11.995273510364896
1408 11.875648697462797
1409 12.510113595554921
1410 12.929294399706764
1411 12.775263025926106
1412 13.432361783326447
1413 12.00720660563909
1414 12.360487164644242
1415 12.791813087928398
1416 13.318791924589377
1417 13.330409584302151
1418 12.362305615393147
1419 13.11896643886855
1420 13.879782021621866
1421 13.221103397099602
1422 13.127452311687588
1423 13.273667690405395
1424 12.95481372004053
1425 13.118911833591142
1426 13.180178123684433
1427 11.434182214379561
1428 12.810904175829316
1429 12.355846982969561
1430 12.533921024087466
1431 12.779102953628284
1432 12.487409448736233
1433 13.62783913966813
1434 13.151702268682156
1435 13.20360677977705
1436 14.151467285702086
1437 13.287685200830103
1438 13.774722200418775
1439 13.149162228735284
1440 14.02892990888291
1441 13.1079334266212
1442 13.11630741567758
1443 13.421495162932686
1444 13.165335491514023
1445 12.80648676222615
1446 13.288880891656426
1447 13.434788189707678
1448 13.86227631153572
1449 12.716463677394723
1450 13.661427605893925
1451 13.630946922081845
1452 13.035583766002947
1453 13.330260627682915
1454 13.679826211240293
1455 13.663879675021283
1456 13.542056683384661
1457 13.660605490866665
1458 13.080066825822962
1459 13.093344502477276
1460 13.388592415438373
1461 13.173951585129693
1462 13.17566250706481
1463 13.096221376941605
1464 13.690698811797597
1465 14.379755281466142
1466 12.851473299071516
1467 12.463227322310617
1468 12.971594515008302
1469 14.020378065498477
1470 13.06939371811542
1471 13.49164516117974
1472 13.17803598433837
1473 13.908422102041651
1474 13.470819035367013
1475 13.228905019548877
1476 13.626283459400934
1477 13.281428903769202
1478 13.868347998226525
1479 13.826472520799351
1480 13.442405501884721
1481 13.694458877074934
1482 13.75764223121048
1483 14.18851679750521
1484 13.533535303006794
1485 13.657469010382444
1486 14.054770835730857
1487 14.154895582960984
1488 13.820649505555288
1489 13.04151536681206
1490 12.518895243614434
1491 13.14959683184047
1492 12.814323394459507
1493 11.132797741402092
1494 12.45208793181757
1495 11.745763677692368
1496 13.004260694214315
1497 12.475839571781975
1498 11.781297901154673
1499 11.829664383437857
1500 11.544159812440071
1501 11.529028246906195
1502 11.90883250877056
1503 12.08281073575981
1504 11.430487807466417
1505 11.67639789220616
1506 12.84703271863323
1507 13.35556625785005
1508 11.969696332921252
1509 11.876972472583912
1510 12.404546218281826
1511 12.291868657211017
1512 12.45673273188985
1513 12.557311403234168
1514 11.707850936907484
1515 11.243066459272502
1516 11.880025315780095
1517 11.893788276453101
1518 11.902867285447153
1519 11.960326199696183
1520 12.11964327218693
1521 12.440767644535846
1522 11.947661346438077
1523 11.310231336581255
1524 11.51327368081958
1525 11.542608937659088
1526 12.750126999626913
1527 11.536267031091727
1528 12.710249465588769
1529 12.277825926258
1530 11.792119216906055
1531 12.1383024759245
1532 12.846658842718922
1533 12.496772630692247
1534 13.26280793340335
1535 12.174532291143674
1536 12.149669168893407
1537 12.402839406275746
1538 11.758027229670496
1539 11.692962063843261
1540 11.75673115157014
1541 11.075825366680991
1542 10.878288538954743
1543 11.970032759152529
1544 11.20427051912519
1545 11.519853851529017
1546 11.848256073620538
1547 12.322207528034534
1548 11.511460145590863
1549 12.801247628862223
1550 11.500519118906782
1551 12.494056505131718
1552 12.931036136189173
1553 12.945595012947651
1554 12.842145589116186
1555 12.021060144428244
1556 12.2560008417272
1557 12.063449902451667
1558 12.846910739357876
1559 12.380979749873065
1560 12.83977494891283
1561 12.622287824097288
1562 12.41512600042449
1563 12.304543593966502
1564 11.76781222512488
1565 12.191524876648671
1566 11.971001832824209
1567 12.793111662859157
1568 13.225727247145782
1569 12.146055461493596
1570 11.770208938506359
1571 12.713633035698766
1572 11.823214512933841
1573 11.315773664898897
1574 11.642401884245434
1575 10.707282196937296
1576 11.255417928750811
1577 11.19805420930788
1578 10.904956024192948
1579 10.454009198082847
1580 10.602127101870073
1581 10.692880053362178
1582 11.441899181861528
1583 11.21096868474755
1584 11.077107297986306
1585 11.354944560087754
1586 10.882034464523251
1587 12.1275998457404
1588 10.99067266439304
1589 11.43515280725271
1590 10.65161244998712
1591 11.267317628208083
1592 12.933460228408363
1593 12.318959860013589
1594 12.85992654939885
1595 12.607686497438522
1596 12.69239861004633
1597 12.372330511506215
1598 12.373074315786042
1599 12.216662299492182
1600 11.905144515528914
1601 11.758217846463273
1602 11.530931469970236
1603 12.302344824570456
1604 13.557911886019127
1605 12.752610497221152
1606 12.915380653315752
1607 13.649122445902226
1608 13.445503960542116
1609 12.767868771608923
1610 12.941176661061142
1611 12.777230767348565
1612 13.545107128580115
1613 12.45325197703695
1614 13.081503641053162
1615 13.671605109897802
1616 13.197642643423842
1617 12.906512951372235
1618 13.151966157799025
1619 13.534737949591547
1620 13.23959385019162
1621 13.114868713985336
1622 12.940275595110984
1623 13.083635399397995
1624 12.726875490855155
1625 13.05097610310282
1626 13.325840469015073
1627 13.163962400927197
1628 13.392832010497091
1629 13.154723069143092
1630 12.643526546766903
1631 12.798052839680304
1632 12.92170801452965
1633 13.831924701606019
1634 13.219010160845196
1635 12.424269861030584
1636 12.978440878090275
1637 12.984886161322384
1638 13.093659366205287
1639 13.090313333061712
1640 13.277126783840636
1641 12.98415277816738
1642 13.93926466391335
1643 12.917362223990802
1644 13.283149133915767
1645 13.125502383494977
1646 12.742668141509242
1647 12.447768088747956
1648 13.40784014594214
1649 12.959687481691535
1650 13.534764430107655
1651 12.812691152982163
1652 12.756764187477302
1653 12.903313657326832
1654 12.063216113523925
1655 12.747537186916034
1656 12.737490320882545
1657 13.058904568473592
1658 13.100932754569834
1659 12.831479560253966
1660 12.562710544464531
1661 13.593582552670203
1662 12.623440447725233
1663 13.359628412110062
1664 13.2572286621293
1665 12.49067833833784
1666 12.928497750459277
1667 13.545608329401244
1668 11.833930811602423
1669 12.784456757863799
1670 12.361018001571352
1671 12.981758414220712
1672 12.409222977678908
1673 12.680021364822199
1674 12.544662536141463
1675 12.36663670757174
1676 12.350673389210064
1677 13.17503528387901
1678 12.933345402408307
1679 12.320448706652586
1680 12.920745652216386
1681 12.834274002898704
1682 12.398661846285764
1683 12.641430655100507
1684 12.207406567663666
1685 13.337433483404785
1686 12.734984882500255
1687 12.562587185074877
1688 12.651535712986275
1689 12.97177311219651
1690 12.352673440079547
1691 12.600635349672006
1692 13.563696703020996
1693 12.713242863722652
1694 12.329024754457599
1695 12.467822936156058
1696 12.59153544478925
1697 12.212154055402715
1698 11.572025432484166
1699 11.855068806083807
1700 12.218655438755084
1701 12.520770075404663
1702 12.312645863803779
1703 12.882522560635941
1704 12.71657805293232
1705 12.441077826110568
1706 13.02656149089166
1707 12.569457061882138
1708 12.77271601301153
1709 12.525364236805181
1710 12.287014821771162
1711 12.991601997014557
1712 12.575533936013679
1713 12.525782153241966
1714 13.494135191558133
1715 12.160844584370157
1716 13.72634188809846
1717 12.84266634539965
1718 13.033755575548975
1719 11.867164037599585
1720 13.218049761785597
1721 12.902148134599688
1722 12.66608144574705
1723 12.787978677085707
1724 13.428035319564588
1725 12.895466149396066
1726 13.224855975376586
1727 13.073582232127011
1728 12.852400662956024
1729 12.924736432861991
1730 13.224052259002924
1731 12.98498500347379
1732 13.308247360713796
1733 13.33281246041842
1734 12.796535882661876
1735 13.75906590761808
1736 13.386340717226394
1737 13.066950708005699
1738 12.81989780799131
1739 13.279497141458874
1740 12.992057096877987
1741 12.864896863538563
1742 12.931226691384895
1743 12.849259716396384
1744 12.589136646667438
1745 12.525217055137002
1746 13.406414774906724
1747 12.860044855727619
1748 13.036898233969614
1749 12.679197896242645
1750 13.693132357633587
1751 13.418163833004206
1752 13.374332429421981
1753 12.968078746868576
1754 13.04855771663534
1755 12.834824346936262
1756 11.780484295534169
1757 12.806231638492804
1758 12.611136588512283
1759 12.204545656612117
1760 12.735525252745207
1761 12.437565786625031
1762 12.933484247737551
1763 12.464564605003126
1764 13.802254698216915
1765 13.713291346081716
1766 13.196015060306896
1767 12.610779057068365
1768 13.28903361956209
1769 12.015437849402542
1770 12.331368575651435
1771 13.108272619988249
1772 13.151555563828802
1773 13.328773765221218
1774 12.411062360880015
1775 11.685170127157091
1776 12.264899314155478
1777 13.01577614038431
1778 12.947717431333553
1779 12.703996579769324
1780 12.889864935674549
1781 13.358907428851998
1782 13.371446419240206
1783 13.052462115651224
1784 12.259723899931183
1785 12.441773303622604
1786 11.548903814957223
1787 11.311375543521414
1788 11.508969370678996
1789 11.14384117837359
1790 11.757846664558143
1791 12.81247812382881
1792 12.649581789193059
1793 12.508354240016024
1794 12.239908419060692
1795 11.826004932527244
1796 11.854658425484121
1797 11.97714913502266
1798 12.843420029167067
1799 13.39462374345402
1800 12.998644523410798
1801 12.3248722577883
1802 13.237047238526202
1803 13.040803022232494
1804 12.466091442547997
1805 12.583733134114095
1806 13.3053591089464
1807 13.320605755044829
1808 12.715574001355913
1809 12.809563750592723
1810 13.116924607163961
1811 12.607415347336454
1812 13.058894439798811
1813 13.048191476111446
1814 12.84639776993006
1815 12.842591263595565
1816 12.443071399266085
1817 13.002954601999033
1818 13.113101799810654
1819 13.32294844603728
1820 13.356357614624491
1821 12.649224757214835
1822 11.739196503974357
1823 12.187526730564848
1824 12.094724284933735
1825 12.686917968952493
1826 12.009210605685908
1827 12.007160044924692
1828 12.316061394270086
1829 13.017665691374765
1830 13.352423433670943
1831 12.876741295647033
1832 12.492933086946024
1833 13.413339563096558
1834 12.849346836137116
1835 12.308238589712513
1836 13.16860608293042
1837 13.098070646816442
1838 13.064898911060766
1839 13.087602817996459
1840 13.123603965091474
1841 12.212756559992785
1842 12.321481103066107
1843 12.207717944124921
1844 13.192166032884936
1845 12.55054295801578
1846 13.389867397706466
1847 13.457247464886885
1848 12.947291974279976
1849 13.351722008791626
1850 12.824286767223093
1851 11.577268312286975
1852 13.173621846834306
1853 11.805548263383729
1854 12.750944199880964
1855 12.99079399804282
1856 11.373466063816497
1857 12.193683874433926
1858 11.256773584779891
1859 11.510017710517785
1860 11.50954453769539
1861 12.029470219105017
1862 12.308998355655692
1863 11.894706424036118
1864 12.568816911084896
1865 12.887844395499911
1866 11.661156567035425
1867 11.93750839846959
1868 12.086143198305795
1869 11.462020890016296
1870 12.001775649565248
1871 12.317886602900055
1872 12.207465118568308
1873 13.123330089952212
1874 13.232525414076433
1875 13.551051633622809
1876 12.60959017979663
1877 12.528672252445087
1878 13.078834656234799
1879 12.392241991877853
1880 12.334377435238693
1881 12.090840811104465
1882 12.664494114804082
1883 12.506501358494637
1884 12.182413339304556
1885 12.405585657964659
1886 13.3732427288212
1887 13.513854243310046
1888 12.614740704584856
1889 12.850418207859908
1890 13.23779490587182
1891 11.923545434301891
1892 12.424265424143782
1893 12.732649332330691
1894 12.151484991648596
1895 12.142332496836943
1896 13.032966861960125
1897 12.10130401891144
1898 12.484696028500197
1899 13.025711769547584
1900 12.67452747648379
1901 13.24311688177242
1902 13.104523909207826
1903 12.300745113773642
1904 12.688154960013602
1905 13.163204870209908
1906 12.63956033699625
1907 13.021017290850656
1908 12.356758262569102
1909 12.417951165376358
1910 12.393544032398042
1911 12.849502195168613
1912 12.635071793704737
1913 12.339013883585695
1914 12.0166617529277
1915 12.244598622731456
1916 12.700767145440485
1917 12.809253906799944
1918 12.2130866387128
1919 12.331268391337838
1920 12.706928804369081
1921 12.800370306350585
1922 11.8359376478284
1923 12.66318455481372
1924 12.868012262608802
1925 12.358377610843599
1926 12.218492990030876
1927 12.163689331073018
1928 12.860638371031353
1929 12.625387559502196
1930 12.954607211253332
1931 13.114131501334592
1932 13.330744615424605
1933 11.92709502970292
1934 12.94372972367922
1935 13.102278484593885
1936 12.366190204409618
1937 12.816794507193018
1938 12.615964478260016
1939 12.789459911892207
1940 13.13922342954257
1941 12.813747188047337
1942 12.32485913238797
1943 12.793794342128548
1944 12.743013871841892
1945 12.38883686618308
1946 11.587488446298039
1947 12.042821871281122
1948 12.0480693350897
1949 13.354474410244487
1950 12.741213080656195
1951 12.297970142780972
1952 13.233165675936815
1953 12.710094904977442
1954 12.287405590406141
1955 12.934304040009028
1956 12.445180298126331
1957 13.314147126367285
1958 12.729970045354328
1959 12.726192050170658
1960 12.899332983464177
1961 12.22309491925803
1962 11.796034451289398
1963 12.53704119789852
1964 11.208765433354998
1965 11.501027473931003
1966 11.705585527461395
1967 12.536380581047936
1968 12.23140044666811
1969 12.994585582116331
1970 12.252576744027978
1971 12.425673113903798
1972 11.691157015733985
1973 13.21547183281244
1974 12.491918744254003
1975 13.001149738536032
1976 12.959681794300872
1977 12.638021262020487
1978 12.758816120517182
1979 12.925168034830389
1980 13.65970890636596
1981 13.06083291123681
1982 12.67554478809869
1983 12.448345998811046
1984 12.519239816311751
1985 13.522605266715049
1986 13.28985297175777
1987 13.897750860078435
1988 13.157867897919601
1989 12.06228266411194
1990 13.26626093835315
1991 13.16603818796924
1992 13.2581426432916
1993 12.407837524626771
1994 13.392694693764167
1995 13.282235486188608
1996 12.723176029948135
1997 12.703942550480704
1998 13.037286976881504
1999 11.574086748310249
2000 11.802168104936985
2001 12.047270778830969
2002 11.779631567706103
2003 12.283063158174173
2004 11.942034173951786
2005 11.05096212649697
2006 11.61673604957128
2007 11.117208793384432
2008 11.702906044951128
2009 12.557011229048845
2010 12.456217118369983
2011 12.64217327584283
2012 11.673342671972849
2013 12.499858963015473
2014 12.415420383034926
2015 12.477385057374159
2016 12.128475589132542
2017 12.229527897967028
2018 11.90547949756807
2019 11.933422089145305
2020 12.27758811721149
2021 11.436884461189125
2022 12.333177817652317
2023 12.59622667822525
2024 11.644969284604903
2025 13.314126710596106
2026 13.033662949922102
2027 12.565125806658992
2028 12.245188265322938
2029 12.039752703974614
2030 11.955747545370233
2031 12.296273815007261
2032 11.639368472496287
2033 12.487638942388344
2034 13.441681547277621
2035 12.766549146066698
2036 12.393307266758073
2037 12.446823751529415
2038 11.791231526742406
2039 11.99594515897526
2040 12.406650011114829
2041 11.990136545269118
2042 12.072420760930987
2043 11.495363797557447
2044 12.75217869541727
2045 12.08848950899709
2046 11.659215178875762
2047 12.096603596222643
2048 11.129678081050747
2049 11.40048450440145
2050 11.586916078771871
2051 11.669802373198715
2052 11.553184100727474
2053 11.256633450636606
2054 12.447120418867016
2055 12.188055675410153
2056 10.88228511864606
2057 11.530652783344472
2058 11.730642473304858
2059 11.35712793397733
2060 12.480834386982703
2061 11.696352038354247
2062 12.854509593728555
2063 12.592889384308958
2064 11.746761555123355
2065 12.318498161098573
2066 13.020193854268303
2067 11.95071938401252
2068 12.677612060542327
2069 12.23323153268499
2070 12.747003975761972
2071 13.11783090803662
2072 11.768029344900519
2073 12.405378086451648
2074 11.74315632322792
2075 12.242961225562551
2076 12.265531342671451
2077 12.94169282754734
2078 12.528176161944927
2079 12.917228721938685
2080 12.577143481667878
2081 12.99241131393475
2082 13.326096745870666
2083 12.236207471457138
2084 12.6899798316314
2085 12.581022235782378
2086 11.98675600318265
2087 11.896989056245252
2088 12.272652092340467
2089 12.375511552441374
2090 11.456153285126662
2091 12.249214819612797
2092 11.485503957461255
2093 11.678888005431507
2094 11.642709245614858
2095 12.471932448145516
2096 11.937818179117038
2097 12.307496862538404
2098 12.132193815010917
2099 12.09753898278806
2100 12.597952167558976
2101 11.685188309142935
2102 11.995356124030028
2103 12.187972160855747
2104 12.084341494424727
2105 12.303638213507638
2106 12.855172830447666
2107 12.442653073345124
2108 13.219765067062337
2109 12.831328352661014
2110 12.987741626339508
2111 13.996451239337633
2112 12.577488344996821
2113 13.018854595463317
2114 12.104967906366939
2115 13.016907821625926
2116 13.139085549332071
2117 12.848841530035724
2118 12.997897112198533
2119 13.172189121423916
2120 12.596108126357855
2121 12.008813484741946
2122 12.175968181109411
2123 11.764678381819978
2124 12.854837861871903
2125 11.310937313512882
2126 12.15613049885628
2127 12.740401821896421
2128 12.475924678308724
2129 12.787496631566375
2130 11.711862165930002
2131 13.511372062847315
2132 12.543163849092803
2133 12.975617501131643
2134 13.195309225093501
2135 13.260431975815022
2136 13.149008202314093
2137 12.536714794530996
2138 13.257453500086122
2139 13.190471154653748
2140 13.164164641777703
2141 12.642008443867743
2142 12.688694021288674
2143 12.626644880480551
2144 12.544232371131839
2145 11.919978249432987
2146 12.087302715411166
2147 11.505361406188538
2148 11.771619026546599
2149 11.703153365400896
2150 12.44030481869045
2151 11.727955350039977
2152 12.527597998636878
2153 12.233337792034822
2154 13.031235591092505
2155 12.937031359808026
2156 14.456208693784111
2157 14.207128383868573
2158 13.680811612400944
2159 14.060188235119355
2160 14.626709525926158
2161 14.415901906346795
2162 14.587804662524208
2163 13.742837847315458
2164 13.033972701074894
2165 13.236608235015359
2166 12.879236425511557
2167 13.169512626304412
2168 12.222851733856691
2169 12.454358934487402
2170 12.995282881538117
2171 12.85157075715892
2172 12.223155881266921
2173 12.722979184568672
2174 12.15249127363987
2175 12.90843489051108
2176 12.834974015818373
2177 12.140780116216286
2178 13.1649812828365
2179 12.8205023024381
2180 12.2892239429502
2181 12.876576518026333
2182 13.482038772917518
2183 12.49652013502519
2184 12.804674767771841
2185 12.621818253483541
2186 13.16264728712932
2187 13.3941602942974
2188 12.599628801734953
2189 12.318018893854559
2190 12.665425976595728
2191 12.950398058666957
2192 13.03813863595848
2193 12.40495969154633
2194 13.602806927404698
2195 13.223400449781485
2196 12.40205959143215
2197 12.651067290270195
2198 12.90417099871183
2199 13.024144412434275
2200 12.469515658482427
2201 12.815986109184315
2202 13.148747182553466
2203 13.07077087303654
2204 13.547148901886386
2205 12.91649942530608
2206 13.001780722196667
2207 12.872354648674095
2208 12.836106238551956
2209 12.858090869026958
2210 12.22770060884126
2211 12.43479465362031
2212 13.270276827498659
2213 13.834109866673069
2214 13.5009680921962
2215 12.462183823474787
2216 12.926904639404107
2217 13.56372922026808
2218 12.931061594774722
2219 13.952056398534731
2220 12.110373011293394
2221 12.635996443964547
2222 12.018046744726302
2223 12.639551616358434
2224 12.543215518603166
2225 12.472314212048614
2226 12.703231579118595
2227 13.067260766681526
2228 13.195718211144007
2229 13.677069510374182
2230 13.443922965973293
2231 12.94929795559141
2232 13.342007507401542
2233 13.037940793523765
2234 14.413109432942322
2235 13.691713908918631
2236 13.695976600342702
2237 13.611377657878855
2238 14.09404567342867
2239 13.783228988346298
2240 12.454508572395156
2241 12.453293950451743
2242 12.314730041136386
2243 12.08800146819991
2244 12.256887559033991
2245 11.894735763826342
2246 12.614959292187475
2247 13.41714951359541
2248 12.878585933481538
2249 12.236754685997855
2250 13.133524561669775
2251 12.50238569789736
2252 13.12800077754354
2253 13.53751153380219
2254 12.292365867106342
2255 13.090238924067428
2256 12.644326807616167
2257 12.589785302187025
2258 12.849454699682813
2259 12.077844308681259
2260 13.259583318880146
2261 12.140244980972993
2262 12.559943840877578
2263 12.467802265242709
2264 12.381555721128676
2265 11.975800387481836
2266 10.20765710050049
2267 11.222980031301544
2268 10.948334740769788
2269 11.728604613765677
2270 11.416115261900515
2271 11.86811351506833
2272 11.983753346987674
2273 11.888170602879422
2274 11.44047913794708
2275 11.665951954548985
2276 11.75963899219205
2277 11.384594749612846
2278 11.608227039132522
2279 12.046099300344906
2280 11.438263254537526
2281 11.654761535443235
2282 11.506877161248477
2283 11.532605440553855
2284 10.983901803480558
2285 11.04082039219874
2286 11.480790657805517
2287 12.007674188916278
2288 11.897975040206065
2289 11.577876654137436
2290 11.897385284300455
2291 11.774369423670963
2292 10.704159285247373
2293 10.906264118193512
2294 10.69487545011333
2295 10.785029584988157
2296 10.691186675985685
2297 10.262700305768153
2298 11.308581607133934
2299 12.090298706151431
2300 11.33363226451135
2301 11.121841088759991
2302 12.174161939686861
2303 12.152090834606692
2304 11.620928997009724
2305 11.387810180549142
2306 11.078896910992503
2307 11.881381803078638
2308 10.761660260190709
2309 12.153803737840722
2310 11.92482398881354
2311 12.559223830895192
2312 12.610367077967974
2313 12.040976796509138
2314 12.835338474529387
2315 12.604205838012586
2316 12.962247872124737
2317 12.988017823454763
2318 12.8428384870598
2319 12.107465045123345
2320 12.21660914609683
2321 11.327123577307757
2322 11.306579432805128
2323 11.609624788643824
2324 11.58589348260139
2325 11.76363467155492
2326 11.82778849912383
2327 12.40938972501782
2328 11.995308361119399
2329 11.713818397486266
2330 12.965924334047548
2331 12.345625852912116
2332 12.212209606938558
2333 12.147848226328618
2334 11.892375197021835
2335 11.766950312504061
2336 12.107819605577125
2337 11.110218360157468
2338 11.684700768539024
2339 11.12644890739075
2340 11.003389466317687
2341 11.303810984624036
2342 11.926801280618978
2343 11.633909934052717
2344 11.284878003086947
2345 12.605187724105125
2346 12.380982717227218
2347 11.528521077471659
2348 12.102190683012385
2349 11.049649442969788
2350 11.399340882683907
2351 11.591756565284069
2352 10.80324214795494
2353 10.721419746352868
2354 10.861547926591752
2355 11.276639153125364
2356 11.046239663237836
2357 11.332696147378725
2358 11.240941136531879
2359 11.295346067084234
2360 10.96155701961873
2361 11.514066558368837
2362 11.80942802410393
2363 11.76491453609945
2364 11.2168099431749
2365 11.006101398345177
2366 11.374319738263338
2367 11.7757796897481
2368 11.531212801585008
2369 12.29868493893772
2370 11.425225208525326
2371 11.930775782032944
2372 11.606918183452017
2373 11.247937164334187
2374 12.910704429931078
2375 11.930510038441236
2376 12.90957112535874
2377 12.563432255091566
2378 12.255039929034288
2379 12.200953079457344
2380 11.546923803599954
2381 11.751700301161206
2382 12.094454945397665
2383 12.259656089681927
2384 12.758377735284446
2385 12.745531400087712
2386 12.473757138705775
2387 12.799312672051887
2388 13.244711359773394
2389 12.891313398297326
2390 12.750865181640954
2391 12.226890284068892
2392 12.158847895760948
2393 12.306851744250993
2394 12.012865222727253
2395 12.559482651732898
2396 12.211225711588613
2397 11.708877777795648
2398 12.812610637929463
2399 12.454671987876397
2400 11.810021310363908
2401 12.471849053429434
2402 12.154828020545535
2403 13.136261938119896
2404 12.931333585402639
2405 12.678886620612474
2406 13.252532988712545
2407 12.811777479389074
2408 13.158751285370446
2409 12.152745208342136
2410 12.83133238162579
2411 12.61779224237729
2412 11.986750182209974
2413 11.967598135933795
2414 12.542713731587147
2415 12.298314506198725
2416 12.31306826680047
2417 13.101463442606091
2418 13.238328257950688
2419 13.026613145369614
2420 12.047491878373515
2421 12.613844412243012
2422 12.578741675628038
2423 12.863802770875976
2424 12.538937435149679
2425 13.540131012177152
2426 12.946975843232021
2427 12.505293267094398
2428 12.763717693226674
2429 12.506098606846754
2430 12.088480602392378
2431 13.490393020122585
2432 12.488944955955493
2433 12.707514521425656
2434 13.171797297168755
2435 12.957858574215265
2436 12.256706234335812
2437 12.161407520272178
2438 12.029056043193137
2439 11.848211729612956
2440 12.835385654472615
2441 11.990012696927062
2442 12.383796536981222
2443 12.651693438758143
2444 12.091995729883454
2445 12.383016355204962
2446 12.279371665591796
2447 11.687378539294786
2448 12.312064720715522
2449 11.780174454136752
2450 11.463741335646324
2451 12.241931023825748
2452 11.363873370501297
2453 11.271919895397728
2454 10.523902390395683
2455 11.374342481991903
2456 10.9660480666458
2457 12.060928472642349
2458 12.264751552357618
2459 13.273238525121084
2460 12.023296303903376
2461 12.757221746640475
2462 12.453426185084052
2463 12.26867922766582
2464 12.609717576565115
2465 13.001497857501569
2466 12.276001203469109
2467 12.728956343461594
2468 12.340448220030375
2469 11.99107895741623
2470 12.549789588101325
2471 12.361331267095121
2472 12.285294595833369
2473 12.329260482166639
2474 12.149838044242445
2475 11.832202126451724
2476 12.39241736325445
2477 11.32760819763159
2478 11.161042202441461
2479 12.06113652148286
2480 11.85517030056257
2481 11.463216976840398
2482 11.608838198745152
2483 13.13792168957135
2484 12.741962962430337
2485 12.480793013172343
2486 13.146001585195782
2487 11.953123213801387
2488 12.590643210823096
2489 12.736254105710886
2490 12.620030734589532
2491 12.367858817475469
2492 12.864718787793754
2493 13.310035580330757
2494 13.219845303989269
2495 12.74523054942144
2496 12.23580679809763
2497 13.710023626581755
2498 12.43698376413554
2499 12.247371102651016
2500 12.391715430218389
2501 12.560811029141354
2502 12.710462133310399
2503 12.966544148153707
2504 11.802159904996266
2505 12.010874563153298
2506 12.612118386925271
2507 12.770707262747628
2508 12.194750190859866
2509 11.919387758762715
2510 12.246235804247616
2511 12.579528184177798
2512 11.89743406884075
2513 12.203716018198822
2514 11.958868498450048
2515 12.432905703588848
2516 11.521706613693505
2517 12.044597877366938
2518 11.546555692522695
2519 11.684736283885687
2520 12.023740628486511
2521 11.60855105934514
2522 12.332593111497777
2523 11.243834408033965
2524 11.659320164313142
2525 11.830529431964907
2526 11.537934000846324
2527 12.336993568548849
2528 11.918649833259769
2529 13.023187341093594
2530 13.016588916775563
2531 12.339237061471977
2532 12.617200642628902
2533 13.071547357822677
2534 12.807875037784049
2535 12.52754929040775
2536 12.511851335817525
2537 12.432396580785102
2538 12.214004733816276
2539 12.372383823716424
2540 12.295241563930706
2541 12.419306249663126
2542 12.390912202241443
2543 12.263443502669306
2544 12.598718342326515
2545 12.382085879519868
2546 11.580984704599132
2547 11.147200436145846
2548 12.254464110074666
2549 12.729086682839135
2550 12.95167495802435
2551 12.349736688753387
2552 12.7405001735194
2553 11.917125919889642
2554 11.831841824167446
2555 12.073117032267554
2556 12.30455802246545
2557 13.43231825679514
2558 12.934220623784306
2559 11.853145590292652
2560 13.860164187649543
2561 12.149393296065432
2562 11.85408215240108
2563 11.376821798777431
2564 11.867637544945653
2565 12.610747170059733
2566 11.7964325120608
2567 12.469724471207362
2568 11.543106303317561
2569 11.209550125602588
2570 12.15904803114261
2571 11.862694403452274
2572 11.505353288238762
2573 11.934498668727496
2574 10.844192055930716
2575 11.656510018028179
2576 12.196212418348656
2577 11.24133111049253
2578 11.540195666792112
2579 11.49367420894486
2580 11.947455609780274
2581 12.796376399885036
2582 12.398820678539623
2583 12.607491505787422
2584 12.314767422752293
2585 11.752602758025578
2586 12.403109174674828
2587 12.102772018170057
2588 12.517872504985501
2589 12.677614369614794
2590 12.909490658192738
2591 12.627069209579158
2592 12.521009423218315
2593 13.033419707292333
2594 12.539524451288445
2595 12.523308204747073
2596 11.93867878690563
2597 12.581056746735081
2598 12.369436677614829
2599 12.898904658344733
2600 12.314116623908287
2601 12.345089962093008
2602 11.983669509972458
2603 12.08719876081531
2604 12.83646476009754
2605 12.783411656846736
2606 12.299953209934108
2607 13.027375408659328
2608 12.684962726032866
2609 12.776842409277986
2610 12.223438460382384
2611 11.981554501066247
2612 12.869080433210845
2613 11.312334178444388
2614 12.998434190285526
2615 12.826470873266128
2616 12.716830619148833
2617 13.50891262973663
2618 13.309072148787596
2619 13.908625480372875
2620 13.27929932447129
2621 12.409465240166313
2622 13.056362256931047
2623 13.24705116984006
2624 13.348835697984574
2625 13.289170779234599
2626 13.820263806688589
2627 12.791154221259127
2628 11.653434268808473
2629 12.141140552764558
2630 12.103532044998461
2631 12.331500960944586
2632 11.645360197323415
2633 12.387585699893984
2634 11.590247363511482
2635 12.920910678364665
2636 13.398182337256399
2637 12.91404756359668
2638 12.536964794684327
2639 12.768922367865198
2640 12.208086670078721
2641 11.634533357765092
2642 11.795470529934953
2643 12.404653898672096
2644 12.33584667947995
2645 13.165862554467436
2646 12.052650187566865
2647 13.635001725173375
2648 13.173883302553467
2649 12.123963009540754
2650 12.847921304213749
2651 11.995144973573504
2652 13.541816412906797
2653 12.725229873372875
2654 12.379974797191947
2655 12.451754389649734
2656 13.234781128943414
2657 12.877446032433681
2658 12.56013005802703
2659 12.182780689775957
2660 13.526290015609781
2661 12.426734554860897
2662 13.06310885576564
2663 12.576539614987867
2664 13.27207441936568
2665 12.870640035669293
2666 13.321319399395813
2667 13.338020484102655
2668 13.863612324043967
2669 13.564567128879288
2670 14.031074835351937
2671 13.16805221555005
2672 13.367532578232977
2673 14.039681989585207
2674 12.929802799062056
2675 13.06903270356936
2676 13.752772410851012
2677 13.826100119012924
2678 12.823585681565188
2679 13.193530262462628
2680 12.713535211452013
2681 12.628421564479972
2682 12.725847568695766
2683 12.457766194956108
2684 12.531327912507107
2685 13.436089903880468
2686 12.456385460465778
2687 12.426949610478314
2688 12.376082921158085
2689 11.871126958053068
2690 11.995420468352755
2691 12.469640966396
2692 13.312809594167568
2693 12.75877846045987
2694 12.603011548898639
2695 12.045520196360862
2696 12.168800237042754
2697 12.262616291212137
2698 12.712588674068348
2699 12.838157459261577
2700 12.680091161295177
2701 12.484148201417986
2702 12.478673548311216
2703 12.916331449650528
2704 12.516976169213008
2705 12.04963780601982
2706 12.85266374475373
2707 11.98560142999944
2708 12.707905091470641
2709 12.379384107200247
2710 13.69357434714677
2711 12.33181485150343
2712 12.732924750556917
2713 12.68397660005278
2714 12.63092021269435
2715 12.77591504600022
2716 12.514486995751565
2717 12.638462230021451
2718 11.311689150610063
2719 12.128587584126093
2720 12.788292198054636
2721 12.882712757210857
2722 12.358562971053823
2723 12.496944621086323
2724 11.737231170968073
2725 12.068250516485259
2726 11.131670033674606
2727 13.26748041617775
2728 12.865275391136663
2729 11.843397331465107
2730 11.509675659043825
2731 13.067070070577193
2732 12.562692320116069
2733 12.926078737637244
2734 12.606403081616605
2735 13.02744733252848
2736 12.377269236222737
2737 12.302124476265917
2738 12.554036873329018
2739 11.913408613962426
2740 12.299541639563282
2741 12.480090288008919
2742 13.18218527892118
2743 12.592421450586107
2744 12.300662539804026
2745 12.55164135169996
2746 12.8456210135017
2747 12.269908061550836
2748 12.543000705461914
2749 12.911502580743628
2750 12.279415028199624
2751 12.399584110958063
2752 12.838234382084643
2753 11.92761606039217
2754 12.58741310427327
2755 12.241449617994782
2756 12.39332133336632
2757 12.124131623999691
2758 12.894181335006888
2759 12.265227184530621
2760 13.674783858177745
2761 12.255951446120703
2762 13.166877379531645
2763 12.469088535183763
2764 13.468626375788892
2765 12.480482582514217
2766 12.734811489892301
2767 12.425857025256708
2768 13.366672109513793
2769 12.058990637383749
2770 12.683118347135593
2771 11.931177196004093
2772 11.983945774925933
2773 12.573575958285922
2774 12.224994495742534
2775 12.568091706299992
2776 13.100270598374326
2777 13.139923112875822
2778 13.109132667828863
2779 13.671061221161318
2780 14.353735361967683
2781 13.773943829594447
2782 13.131778496770734
2783 13.564620992706532
2784 13.891534524393242
2785 13.79156643616424
2786 12.862396746340341
2787 14.42299667078208
2788 14.016933350421269
2789 13.748099600114406
2790 14.050675856432234
2791 14.23535769341509
2792 13.598838069946861
2793 13.96472377707772
2794 13.76502716217876
2795 14.008161269996497
2796 13.339521890904653
2797 13.818275678539479
2798 13.523587752380113
2799 13.876570132992034
2800 13.722517729765057
2801 12.674090521512602
2802 13.28275526848656
2803 13.252128907498482
2804 12.97285368387434
2805 13.43882231255629
2806 12.84253228262808
2807 13.653934014504248
2808 13.18211924514315
2809 12.604545618869048
2810 12.849222838294494
2811 13.092151591313236
2812 12.971632389884041
2813 14.035941899787263
2814 13.875884128014189
2815 14.087394050857663
2816 14.966590696640377
2817 13.869236428296258
2818 14.157739777248294
2819 14.853528440987274
2820 13.571815772379408
2821 13.381661407074022
2822 13.2647561094247
2823 13.614994134983947
2824 13.201995209962679
2825 13.81554824348766
2826 13.568743971373596
2827 13.569977165565275
2828 13.319126357591285
2829 13.687249365256013
2830 13.551670611100501
2831 13.267988022722575
2832 12.590877660084804
2833 12.33117305085381
2834 12.994415752444585
2835 13.302547865813938
2836 12.50327230762474
2837 12.30287590084842
2838 13.366603464420075
2839 12.383300787488881
2840 12.696210387226628
2841 12.796151958914704
2842 12.454250134061288
2843 12.183710395063825
2844 12.746779821879281
2845 11.630992434913493
2846 11.852799154653859
2847 12.29301836972718
2848 12.494180316916726
2849 11.590631513495634
2850 12.953339686716085
2851 12.512504591411897
2852 12.236683377869603
2853 11.848899979023788
2854 12.476208496036786
2855 12.336840402092466
2856 12.56828705921155
2857 12.516734222541471
2858 12.417455620191022
2859 12.805677074453993
2860 12.405102222690768
2861 12.71994716985149
2862 12.836801564162668
2863 12.133227753979066
2864 12.594004853842854
2865 12.391028678689015
2866 13.015019043567648
2867 12.836060742529334
2868 12.45286956047044
2869 12.618822248492235
2870 11.931280895577238
2871 11.888115394233095
2872 12.178476163760651
2873 12.297775890157403
2874 11.871735968661211
2875 11.372643433535687
2876 13.036521343576753
2877 12.11613424685039
2878 12.635313359517106
2879 12.097073548655912
2880 12.129465029798356
2881 12.745173981781514
2882 12.618401604699391
2883 13.220455072455307
2884 12.20056709110001
2885 13.103896021204513
2886 13.810964200344879
2887 13.346557328173114
2888 13.8670906178989
2889 13.764239524165797
2890 13.641826481245811
2891 12.9146281305085
2892 13.515550618276372
2893 14.0758737229879
2894 14.297075254244392
2895 14.925515017712868
2896 13.991730439859248
2897 13.40921526284775
2898 13.396440473021189
2899 14.462817865127269
2900 13.63926200113462
2901 13.687200832302818
2902 14.006733420153868
2903 13.19953950860747
2904 13.830660382446714
2905 13.216990529549163
2906 13.819281107096142
2907 13.44202832735592
2908 13.295853240082288
2909 12.58491857851311
2910 14.108437918060126
2911 13.671239889582061
2912 14.08368733622996
2913 14.630020603072689
2914 14.217537429694659
2915 13.336930918735508
2916 13.773215061625788
2917 14.115647651425084
2918 12.912153618686474
2919 13.475788546483697
2920 13.135731373356407
2921 13.429336644553437
2922 13.68387966533456
2923 14.070177351741028
2924 13.391731292053754
2925 13.311039935767488
2926 12.210844282902876
2927 13.451738942349312
2928 14.218619284608758
2929 12.398201745255578
2930 13.314377984283993
2931 12.636094106232322
2932 13.390053220909387
2933 13.504387389502256
2934 13.377576027634522
2935 12.892657410988466
2936 12.722187381892391
2937 12.964307045681629
2938 12.938802142341453
2939 13.805345528247388
2940 13.555360512995172
2941 13.943231006413667
2942 13.914964242694888
2943 13.329939216157332
2944 13.64648949491287
2945 13.84027268031093
2946 13.610394518632791
2947 12.685164636140588
2948 13.406169737578104
2949 13.218551123599685
2950 12.749164237624695
2951 13.916221321413866
2952 13.098748496617667
2953 13.23678500663433
2954 13.694839017782002
2955 13.563977430780607
2956 13.504915845855109
2957 12.923189923549206
2958 13.342115328615279
2959 13.323643512101476
2960 13.644168652002854
2961 13.582500796455967
2962 14.041572362008587
2963 13.444222995816677
2964 13.112065147566335
2965 14.636242260000827
2966 13.194543758251509
2967 13.32429919001125
2968 13.575164363168033
2969 13.118083325270524
2970 13.031652006833548
2971 14.054474947136383
2972 13.792798215049023
2973 13.683483971628512
2974 12.969770586890066
2975 13.906659966140706
2976 13.607556037832364
2977 13.689804541805625
2978 13.623461664106104
2979 14.890349101321444
2980 13.98442451976663
2981 15.078367455806891
2982 14.981562651670703
2983 13.95622261734307
2984 14.21162813261336
2985 13.503178491732907
2986 13.47626013053698
2987 12.840894740008517
2988 13.30498913792606
2989 12.53872200376431
2990 11.361180779149695
2991 11.685862690326912
2992 11.783713833115518
2993 11.787422914161617
2994 12.71508414817125
2995 13.484367555109996
2996 12.693942431609274
2997 13.440196545635581
2998 13.887354930912524
2999 13.944549536619315
3000 12.376037546925508
3001 12.296397012950335
3002 12.866271067886885
3003 13.977945540438494
3004 12.928210867904319
3005 13.06553361721404
3006 12.718084577092554
3007 13.409219219099715
3008 13.429849244834296
3009 13.618590522532848
3010 13.456398629622147
3011 13.124297223089915
3012 13.979837265363585
3013 13.63538665071418
3014 13.547734649125115
3015 13.825531130575056
3016 12.988759153931813
3017 12.781273334530836
3018 12.613462705015511
3019 13.135286654114388
3020 13.079191435669562
3021 12.987915344226995
3022 12.634889284269878
3023 13.087450608230826
3024 13.690742280544224
3025 14.008090032813707
3026 13.427110478983794
3027 13.669447467996312
3028 12.706826110820488
3029 13.410798120874773
3030 13.846657549095026
3031 13.466608357095385
3032 13.270425246691431
3033 14.00046474126425
3034 14.016918938493326
3035 13.352388161753654
3036 13.80411505640048
3037 13.908501000656019
3038 13.546570426562361
3039 14.325832431561283
3040 14.100032790199808
3041 13.613358579436019
3042 13.769072918305268
3043 13.302164781070786
3044 13.546569294653148
3045 13.182229987463025
3046 12.874687420329883
3047 13.965961119992725
3048 14.032652581427032
3049 13.83972906976787
3050 13.713728630911161
3051 11.834366079419816
3052 12.776395287726764
3053 13.240226167058582
3054 13.01738168060273
3055 13.416088140920454
3056 13.723415842007519
3057 12.56382990009232
3058 13.835194406069848
3059 13.182587567913718
3060 14.339993619875951
3061 13.879123378923275
3062 14.746307219607226
3063 14.39363510943398
3064 13.499916199972807
3065 13.297679568080095
3066 14.302125776600125
3067 14.132112085823799
3068 13.936744380597252
3069 12.623505421939624
3070 14.560245610234627
3071 13.758393300914637
3072 13.852235275565995
3073 14.336665785759118
3074 14.2372873526654
3075 14.03723954897092
3076 13.395028644842414
3077 13.158216133426526
3078 12.484244500030409
3079 12.80302377118537
3080 13.662964055193058
3081 12.249113008961412
3082 13.617061588580743
3083 12.814196293341265
3084 12.725318876588227
3085 12.72155734139344
3086 13.663114442037315
3087 13.63514178774639
3088 13.8569075243816
3089 14.401176541301197
3090 13.20256787656867
3091 14.101975555640674
3092 12.879629824004953
3093 13.319083188393995
3094 13.578226467249273
3095 12.510728509991779
3096 14.343928204386366
3097 13.947684224034587
3098 13.855048480325928
3099 13.205890645753996
3100 13.774740687836058
3101 13.861138063427362
3102 13.353255781487501
3103 13.60750718933438
3104 13.494096285426144
3105 12.721820333638213
3106 12.194177806418551
3107 13.563533566052596
3108 13.263108496872967
3109 12.138416820246716
3110 12.074287645592488
3111 12.690073586205322
3112 12.598218837433851
3113 13.257309204387239
3114 13.341653724952309
3115 12.346548241498192
3116 13.71111666610315
3117 13.41191536171163
3118 13.09688387009382
3119 13.246012947348879
3120 13.702893847281056
3121 14.472551301487258
3122 13.571252435808644
3123 15.151611820419754
3124 13.999925466719397
3125 13.553381659068483
3126 13.977855006538778
3127 13.743914263283989
3128 14.175458382891966
3129 14.784687478821628
3130 12.458710628567871
3131 13.526943833575258
3132 13.566110074599353
3133 13.81782514541377
3134 13.441404828132212
3135 13.354397183393166
3136 12.605374740581688
3137 12.642977041907338
3138 13.75121153819708
3139 13.833340626062492
3140 13.487672964083183
3141 13.347679992633223
3142 13.650964085586034
3143 13.782653411684326
3144 13.641021072067636
3145 14.220833550846628
3146 14.0596377800106
3147 13.558558190602799
3148 13.052315567265635
3149 13.048131122130012
3150 13.338620625914643
3151 13.618464437071571
3152 14.080284002180461
3153 13.889031335236169
3154 13.51340613199728
3155 13.730728124994563
3156 13.463927433798847
3157 13.286182572899964
3158 12.888089938637526
3159 12.687411681818306
3160 13.394266312527181
3161 13.587650941604492
3162 12.989413269949452
3163 13.864825443684207
3164 12.775441108484726
3165 13.824155225202421
3166 13.749057142036555
3167 13.07488753529791
3168 13.004367299410251
3169 12.965264138199496
3170 13.062816922777985
3171 13.659372694837012
3172 13.379068526942646
3173 13.418411748203692
3174 13.221689602649723
3175 12.933460942224643
3176 13.693196482969087
3177 12.80310421211225
3178 12.529263945246601
3179 12.95059544489821
3180 13.065914714794763
3181 13.755899661881001
3182 13.011323090247352
3183 13.179599263074879
3184 13.098152236094634
3185 13.121720829095265
3186 13.798795719094677
3187 13.982462169913651
3188 13.907168307173126
3189 13.65304091689052
3190 13.268730855387405
