0 10.607542800729995
1 11.442531984298524
2 10.684117191939851
3 11.671855256718953
4 11.447781644822498
5 11.765890681213635
6 11.281494645460555
7 11.839470880059414
8 11.668463764413069
9 11.210570084507095
10 11.531459492038525
11 11.626363772042021
12 11.597865106638713
13 11.88505822031894
14 12.362637004037342
15 12.210725066212172
16 11.865787986612434
17 10.90086436419175
18 11.794111027662233
19 10.791477535868594
20 11.055004144116563
21 10.81195972842468
22 10.809684661537982
23 10.894460012113957
24 11.149097132874841
25 11.625918237173877
26 10.851764397077513
27 10.793082317120113
28 11.641404227384326
29 11.405574100412707
30 10.784054841149542
31 11.562298537214001
32 11.70163310391314
33 11.304316262446024
34 12.451821396182181
35 10.775190940980547
36 10.839476786069655
37 11.295474283989753
38 11.565160356376099
39 11.29626253801363
40 10.955986382410268
41 10.583537230244634
42 10.604215737798391
43 10.452440846861593
44 10.446318334296485
45 10.303699452926034
46 10.480956998526626
47 10.484062190485494
48 10.264726005902725
49 10.991524169883084
50 10.694597468482202
51 10.811570411223762
52 9.954817509312484
53 11.161912082313068
54 11.121944641748858
55 11.195020757502014
56 10.205476905032173
57 10.394743703593582
58 10.023679792534054
59 10.21613386917246
60 10.418510962154826
61 11.114102727181074
62 10.681276580261093
63 10.920353646012273
64 11.037599537003311
65 10.832904078908618
66 11.824149973919077
67 11.593811524984464
68 11.571051002411465
69 11.744296944422187
70 11.599414243368592
71 11.020761219793636
72 11.45280471633183
73 11.513437782854076
74 11.217898454348143
75 10.94785625452003
76 10.866068575637053
77 11.184240011318318
78 11.24865228468216
79 10.745119147652066
80 11.588275088037
81 11.14261267856299
82 11.468091877344271
83 11.14224068709064
84 10.394431473283007
85 11.229213750351652
86 10.828899840489408
87 11.804272779715957
88 11.782012888224129
89 11.494746236350311
90 11.763548371904317
91 11.659837381552526
92 10.81539060115563
93 11.262315993233958
94 11.762606466398637
95 10.66191369029188
96 9.431830014496864
97 10.32728401330584
98 10.582294986015768
99 10.641941054741883
100 10.643111309533317
101 10.926635727600805
102 11.398207285965029
103 12.080453719866487
104 11.84997048521021
105 11.946998550443368
106 11.915585650693037
107 11.664973194709377
108 12.046244905278925
109 11.823893180016725
110 12.310680975460325
111 11.542296549203101
112 12.110265579830106
113 12.361008875621966
114 12.252289447137787
115 11.498966331315813
116 11.709983009950543
117 11.453627125332488
118 11.707832574815809
119 11.893557724479631
120 10.99537517670533
121 12.369212424048337
122 11.428075327592559
123 11.910418426386466
124 12.392774368084464
125 12.120098720655406
126 11.85125519970782
127 11.66747040731091
128 12.003021457199736
129 11.834191038847106
130 11.65280952939065
131 12.110893595901993
132 11.750003002708837
133 10.4988407858274
134 11.116617218729532
135 10.855501432067703
136 11.289214261910317
137 12.349065513586497
138 11.996309210770313
139 11.755815939910406
140 11.56125541820508
141 12.842754879149473
142 11.593106387778127
143 12.046132776591936
144 12.080106188129282
145 12.14650233528769
146 11.797690010897325
147 13.156453750677215
148 12.429651313283566
149 12.510864471211015
150 12.247518012919283
151 12.155842698166532
152 12.484398458774569
153 12.821263937920914
154 11.520278688906366
155 11.296810552912634
156 11.624807745414339
157 10.900748612869497
158 11.82690043797705
159 11.423587591300956
160 11.470313174909627
161 11.56160941697168
162 10.129235984800623
163 10.737111763118834
164 11.300001480538905
165 11.440292400647083
166 11.682210463994318
167 11.981818635048803
168 11.113111929894622
169 10.902730332831403
170 10.870883912247947
171 10.100002087066544
172 10.847889234478581
173 9.913661883308734
174 9.950749386877789
175 12.309462860318288
176 10.133542754181951
177 10.320152579155856
178 10.875510204800651
179 10.573604747346161
180 11.474663450721922
181 10.867577574167148
182 11.926824912062276
183 11.819489400849443
184 10.768984643379188
185 10.839359316540062
186 11.51684109033653
187 11.303440245326781
188 10.710861864987574
189 10.876949596613867
190 11.105657827260002
191 10.880227436533975
192 11.305305894893763
193 11.580755888530506
194 11.175040772238674
195 10.65621675960295
196 10.58698042732083
197 11.325191959615044
198 11.19371419982865
199 10.718580812791952
200 10.50165924183536
201 10.971481899826278
202 10.876156225348991
203 11.239842124841173
204 11.34367500556145
205 10.981192734725065
206 10.868727527466667
207 11.072114810028536
208 10.300213809795364
209 10.596800284237084
210 10.615011890118941
211 9.781878716970464
212 9.804340104930128
213 10.290360420213855
214 10.965561764385965
215 10.65394073581554
216 11.182446240559175
217 10.782226180320881
218 10.687071157942126
219 10.236157495014961
220 10.790297090131139
221 10.65837267863575
222 11.12199531871033
223 10.561650382438659
224 10.472127763398156
225 10.997732578540793
226 10.26520358199261
227 10.96963580624299
228 10.723083013826965
229 11.137965945934644
230 10.7487777361831
231 10.835299872762967
232 10.901035932778251
233 10.902808311939667
234 10.909336590445118
235 11.215493613270505
236 11.03174289474645
237 10.9398334196883
238 10.65323856023142
239 10.573684815412927
240 10.60447682652003
241 10.912159874369552
242 10.955447504982684
243 10.433665216196134
244 10.591539487143951
245 10.093888391423404
246 10.781962709428958
247 11.31597220827695
248 10.59764794661732
249 11.065900953968175
250 10.70212101384384
251 11.091665183962773
252 10.820175932919954
253 10.712967054945837
254 10.68318276025785
255 10.984704319091493
256 10.675159624265103
257 10.894124862960314
258 10.975770889423885
259 10.74262997080831
260 10.358092024633155
261 10.439190063859995
262 10.707844325409328
263 10.362914112756583
264 10.84813933271509
265 10.712011945592325
266 10.276089544386357
267 11.073469726455597
268 11.307846314224216
269 11.670488902324516
270 11.616528090203115
271 10.876210860888902
272 11.13111038488779
273 11.59448988301969
274 10.747783122413503
275 10.798175856140562
276 10.167655639523668
277 10.979143401210356
278 11.66555005684233
279 11.116287433206702
280 10.766797070935645
281 11.165539332778032
282 11.399935880379061
283 11.287672626189568
284 11.436792691713103
285 11.398358446806844
286 10.792131335582678
287 11.046015915048688
288 10.433929239364799
289 11.465149800686818
290 10.778630727615399
291 10.59775130587992
292 11.087629971796083
293 11.658867970449531
294 10.782866591728526
295 10.933063536455306
296 11.318386899158513
297 10.474184687235706
298 10.974430836025602
299 11.357595682303717
300 10.860096631973466
301 10.94050401054243
302 10.926224159928456
303 10.71326297574678
304 10.430917975635923
305 10.736365743203423
306 11.22819811768934
307 10.905005227868877
308 11.05787449520836
309 10.884618814150379
310 11.010498265146703
311 10.469087319179007
312 10.758941403587807
313 11.253710256692758
314 11.550432546880115
315 10.817627898697447
316 11.140804276687742
317 11.212519179855716
318 10.79066966415116
319 10.7789877251428
320 11.257385933159263
321 11.573112115552298
322 11.289047965419446
323 11.011237004828615
324 11.311870651324394
325 10.937576291124754
326 10.958548822030549
327 11.27371119156015
328 10.96929441725978
329 11.407795822653066
330 11.158085344156657
331 11.751182622393735
332 11.491230843315666
333 11.108170665923934
334 11.078603787518551
335 10.733368835042288
336 10.83740307526708
337 11.008114525545922
338 11.223701550519229
339 11.23108868062542
340 10.645786145062694
341 10.692137559010538
342 10.620273884894626
343 10.791487696393494
344 10.783119145435272
345 11.166370726611563
346 10.910255679224951
347 11.048682202387468
348 11.049804933028069
349 11.269667983530963
350 10.672310467760786
351 11.044512165642562
352 11.011830042525075
353 10.990352393644597
354 10.988200799534088
355 11.625459040996802
356 11.800520622674846
357 10.66630389466534
358 10.871680184585037
359 11.033891287282575
360 11.066604637914764
361 10.94360132944114
362 11.441749967459591
363 11.726946695771533
364 11.998344111517962
365 11.32208033571719
366 11.52709361366834
367 11.150323621830806
368 11.310138825413455
369 10.575627298615162
370 10.524900813004384
371 10.973547106317197
372 11.764518929646025
373 11.31052898507836
374 11.257853042768339
375 11.022372927240585
376 11.091871751723616
377 11.52570580412278
378 11.897465008803
379 11.338056865612181
380 11.783661960798618
381 12.156015410829013
382 11.115641373844449
383 10.814676646344173
384 11.268371085341792
385 11.3127773599413
386 10.80563786727245
387 11.909690176320787
388 11.446544844091814
389 11.884781002255131
390 12.13085939536078
391 11.56362300825601
392 11.9576301991623
393 10.935373831233331
394 12.13070243896791
395 11.830005684332384
396 11.579046834571221
397 11.874023297012068
398 12.121619227122947
399 12.425032747125824
400 11.83942112223383
401 11.708698057986556
402 12.128787110520285
403 11.976298088446493
404 10.704762882196412
405 11.566751636625638
406 11.609636874462343
407 11.659911440436117
408 11.666997767908267
409 12.633403388963673
410 12.074731582674337
411 12.684387392433583
412 12.66538873524743
413 11.850734051916332
414 12.294718209135558
415 11.362802981222298
416 12.130939453534113
417 11.978240938301706
418 12.071485101045365
419 12.309462243208758
420 11.499913035501287
421 12.489301727311625
422 12.096024767837926
423 12.423458312502724
424 12.195811731342834
425 12.033047825483772
426 12.504094459091487
427 12.916351085563827
428 12.232638010873869
429 12.279536034914527
430 12.221411899700854
431 11.904848390567935
432 12.164276848261085
433 12.181230218146926
434 11.9721669944759
435 11.820361664512031
436 11.915159585927825
437 12.120871020281244
438 12.362078356998564
439 11.699770835535592
440 12.608017806206975
441 11.236603218273915
442 12.192287248969638
443 11.41776928786564
444 12.392917754753315
445 12.955205951315639
446 12.78355895528066
447 13.187030458727941
448 12.481960068192816
449 12.912692213140538
450 12.275391626794832
451 12.063730905321828
452 13.311293714181925
453 13.164623956772658
454 13.291740230828044
455 12.880355629299254
456 13.219768560350833
457 12.641971288026772
458 12.524310548789968
459 12.733916738306322
460 13.095311110525097
461 12.83990199944797
462 12.431664634738212
463 12.783812640453196
464 11.738890914225792
465 11.844424945053987
466 13.002807908369439
467 12.30976986449641
468 11.486490151633188
469 12.917548427683872
470 12.904776412080599
471 12.57991550808788
472 12.641529833932339
473 12.054351045274663
474 13.124201407360296
475 13.037645242345775
476 12.139304694875475
477 12.052049356251123
478 11.485592564241289
479 12.189408243817551
480 11.670177678945679
481 12.561290196100476
482 11.936621107886385
483 11.852208714464412
484 11.748455841936794
485 11.524195724587674
486 11.98343683396146
487 11.929985164293972
488 12.692524821435326
489 12.950475357989168
490 12.456460533737456
491 11.941272774935307
492 11.057385816941716
493 12.1036037880509
494 12.539417606762584
495 12.541468617342389
496 12.25913097295731
497 12.244605821369312
498 11.876585687292518
499 11.462336974907357
500 12.039324741865357
501 11.459464487000707
502 11.96951363299041
503 12.170175647314641
504 11.857258344749809
505 11.880258471458172
506 11.316543305568173
507 11.62861157385486
508 11.625534484686453
509 11.734812646383206
510 12.046176125745825
511 11.675358207539862
512 11.748021300626544
513 12.411671204816667
514 12.370926732140985
515 12.148664517728761
516 11.620174542942916
517 12.110004791994164
518 12.461253721853549
519 12.34062664688899
520 13.097905304678266
521 12.181843360170776
522 12.161470573386556
523 12.102398178283893
524 11.921104078681674
525 12.682845724623325
526 12.408137569639466
527 12.321918992053929
528 12.092421631486975
529 12.191549314001598
530 13.283078088771356
531 12.94991705768365
532 13.775708033836336
533 14.34284516515542
534 13.0599946685593
535 12.450529341012484
536 13.240740109643545
537 14.194851000838813
538 13.904141339442859
539 12.644118258872945
540 13.940727352753987
541 14.327514649422596
542 11.817847764214035
543 12.22257459853268
544 12.097405744924004
545 13.121963534383985
546 13.046479631488648
547 13.514754722327996
548 13.1585219892493
549 13.04550106324955
550 12.647277161619135
551 12.20483938963049
552 12.93761349584411
553 13.733287367083685
554 13.97957637967332
555 13.500364286493927
556 13.653415534794647
557 13.70432309446935
558 13.053765007386945
559 13.334506867608425
560 14.203502002577077
561 13.451739016250402
562 12.698745763408958
563 12.790249538095859
564 13.137131072550496
565 12.245729126515627
566 12.810951147184364
567 12.126416807111406
568 12.210664676397192
569 13.167486507018435
570 12.442269493805414
571 12.35397354703255
572 12.903012752370337
573 12.77180964125341
574 13.655581519607662
575 12.364566890253933
576 12.483415680707793
577 12.948440346125723
578 12.900879321241671
579 12.456782124349333
580 13.250094860652373
581 13.037395751688932
582 12.11413495121809
583 12.72586573967869
584 12.230079280085494
585 12.140104259592373
586 12.878426635482208
587 12.718758106911329
588 13.650872386505688
589 12.659662345910673
590 12.751234703543306
591 12.54377127070689
592 13.324177471865783
593 12.988681386277802
594 12.840746026463368
595 12.230727029338286
596 13.022167711965288
597 12.479850446496869
598 12.547155408713202
599 12.29456337193708
600 13.050391870304978
601 12.490787846132639
602 13.137291908935
603 13.33191552380516
604 13.285681227518996
605 12.863304438927138
606 12.99009500482205
607 12.688451172854224
608 12.859217090473205
609 13.24244055405276
610 12.92765461993519
611 12.514454795988069
612 11.931340842388728
613 12.642412852156598
614 12.794597257428862
615 13.082056934892853
616 12.313237331456818
617 13.194913941315987
618 12.592268050006405
619 12.94864152097649
620 13.05822276153661
621 12.915467216201169
622 12.609976595615915
623 12.502266227942206
624 13.186805973491131
625 13.31298604724439
626 13.459949177194895
627 12.968791106646197
628 12.564265546464275
629 13.873149392216169
630 14.195112221833199
631 12.885920274242313
632 13.112264373082345
633 12.584015943031366
634 14.680760658195194
635 13.72127721068652
636 12.950003827115614
637 13.024128251255918
638 12.578581297038028
639 13.312447477700081
640 12.906720721959164
641 12.362523424063193
642 13.468501303981721
643 13.458981394696343
644 12.997159193725878
645 12.80710078159682
646 12.746123778187826
647 12.497125199720061
648 12.657330261149784
649 13.257767845780185
650 12.74401408457219
651 13.255589468708262
652 12.366309706786907
653 12.042316509808007
654 12.220904585514761
655 12.35086370697659
656 11.775577474326843
657 12.41856468092638
658 12.254032332737284
659 12.35508085073869
660 12.336342808919873
661 12.321661784462467
662 12.182421233025492
663 12.015634272638334
664 13.612122237215022
665 14.486836537127484
666 13.575648852689886
667 13.707316060246619
668 14.105153024226983
669 13.108362973933145
670 13.026176918717072
671 12.522566609419798
672 12.961469212195679
673 13.791482715096164
674 13.938262331261667
675 14.161313372603935
676 13.726054956498526
677 14.394027335085081
678 14.351515558364783
679 13.244853740350692
680 12.92588917246077
681 13.945662965635966
682 13.55875815669972
683 13.953023294162861
684 13.674046400051951
685 14.097358625044183
686 13.714029645702258
687 14.106907835681838
688 13.448900301124104
689 12.456217321668623
690 12.078997256488883
691 13.065483905188723
692 13.730000041115973
693 12.154983680031528
694 12.586556735112442
695 12.17321157308629
696 12.441102056416213
697 14.458903883634305
698 12.475297677852382
699 12.700555546501324
700 12.047435844354434
701 12.610848385759331
702 12.559595707287647
703 13.107231355056822
704 12.228270000332962
705 12.380373739693058
706 12.25334218081095
707 13.595214074047476
708 13.074415213266814
709 13.086538491809932
710 13.451876041296984
711 12.814202202086706
712 12.6841759698009
713 12.333866852017593
714 12.750464444651952
715 13.434140978000645
716 13.763231334174172
717 14.488792233448866
718 13.063600825247843
719 12.664653918404735
720 11.73983348870055
721 12.04671268778795
722 11.741841580080205
723 12.607352662677958
724 13.498209028618042
725 13.70536659154731
726 12.651184056280258
727 13.709315277999046
728 13.218017047219826
729 14.031335841913412
730 13.384166212935117
731 13.480274687283844
732 14.130022636595001
733 13.184011494340853
734 13.7464404658252
735 13.733929576202424
736 13.770145910357614
737 13.538591116254423
738 13.830277285077791
739 13.04495452232353
740 13.596963945603395
741 11.752897606296715
742 12.206584984989709
743 12.409021201555849
744 11.693283989734805
745 11.736699505678905
746 12.653067352142381
747 12.093631102128976
748 11.687536273914766
749 11.65390692425701
750 12.273284738579175
751 11.998085740394108
752 12.687609980279884
753 12.030520546464398
754 11.5173982871041
755 11.663329756755019
756 11.949154476383939
757 11.168456326195832
758 11.307751304851756
759 11.959608243042272
760 11.31787049054723
761 12.22169816424917
762 11.155077774380915
763 11.866671527573747
764 12.055082496969682
765 11.658377673983935
766 10.929595555450344
767 11.896303337171219
768 11.719081220685842
769 11.775881634749643
770 12.07782385233009
771 11.681169412015931
772 12.331721340530255
773 12.332082877745137
774 11.891975115217729
775 11.876802249605921
776 11.91349156958301
777 11.759933251898778
778 12.246542456242427
779 11.927546337574176
780 11.749581401458943
781 12.169212091392417
782 12.54928572011429
783 12.408384107163593
784 11.95990070282899
785 12.253961238249756
786 12.394214378698067
787 12.080287095890858
788 11.628446798357487
789 11.601451658490584
790 11.800648768653598
791 12.192137535223486
792 11.591847991455458
793 12.436455689160104
794 11.299489574694045
795 12.333068539864877
796 11.638726515123334
797 11.692626562550478
798 10.77252609183616
799 11.613214899384237
800 11.670667442775306
801 11.516900094863106
802 12.353630765282931
803 11.682835153327753
804 12.205592097259903
805 11.214662309013118
806 11.753340090890852
807 11.681222899112202
808 11.13880557821119
809 11.838202424428522
810 12.32940754093719
811 11.136948640764047
812 11.599623733068617
813 11.688208538625236
814 11.74039318394376
815 11.955881592996816
816 11.558533630705002
817 11.749252958108427
818 11.436450042621864
819 11.578666654893432
820 11.661668238475025
821 10.77674682427967
822 11.266261185724664
823 11.128040427001748
824 12.473575485272592
825 11.483871821279882
826 11.57667941520281
827 11.93869111290283
828 12.453353018514141
829 12.145649745866695
830 11.957381146874852
831 12.720601911809007
832 12.712702235397641
833 12.537577675849462
834 11.5818340806705
835 11.69123518746197
836 11.843022407270764
837 12.866891319191282
838 11.19025741277037
839 12.142050574985745
840 11.36511456206463
841 11.605732940008318
842 11.453957408398692
843 12.18648962173551
844 11.233924564388907
845 11.646569531869943
846 11.365328401421213
847 10.881103130499067
848 11.973291313532785
849 11.854881691426158
850 11.954268765561688
851 11.966305228493898
852 11.98500300727869
853 11.822858771426956
854 11.715448233013674
855 11.416002388754189
856 11.844612432256548
857 11.610663696554079
858 12.064825691817923
859 11.228687614881911
860 11.79644373531112
861 11.841495729969608
862 11.630150893938366
863 12.40644306662435
864 11.866869359510929
865 11.22853063398974
866 11.692630589452689
867 12.215255586107206
868 12.427967437309109
869 12.509882113587944
870 11.753830657425011
871 11.751653262395912
872 11.779180445060188
873 11.407227193675494
874 12.313644799257263
875 11.606627014717086
876 10.725729849205354
877 11.634631185340538
878 11.49676748044255
879 11.584568431721726
880 12.329941073846808
881 11.565693192191196
882 11.792513578635903
883 11.799614988034538
884 12.176497285519693
885 12.052484037977436
886 12.310324022147002
887 11.634841069326077
888 11.348013963336646
889 11.81344978302217
890 11.24321899830081
891 11.870712678513241
892 11.577921528977372
893 10.722386831903643
894 11.705761616744836
895 11.339313055529718
896 11.759933885862507
897 10.869311380193276
898 11.037250950284395
899 11.801504569062876
900 11.892468472681157
901 11.51382506382304
902 11.760461490536365
903 11.760680325978644
904 11.733469107125957
905 11.629461396191987
906 11.215603539633145
907 11.860130838459229
908 11.65542881810929
909 11.720040347664009
910 10.846960550764209
911 11.681831741555769
912 11.99482664547891
913 11.923552501455662
914 11.524297085737203
915 11.388077532408776
916 11.980543405916974
917 10.913075454319923
918 11.457486424360585
919 12.363077956095069
920 12.428363518505703
921 11.673959757085942
922 12.228156697659056
923 11.230604169221058
924 11.69340324672964
925 12.297991575581428
926 12.234524589795887
927 12.10682563687962
928 12.02151227566277
929 12.528003996902095
930 11.95352891005836
931 11.983473752044159
932 12.251990965774846
933 12.473601712969641
934 11.703144432729781
935 12.309471268703275
936 12.284328547043625
937 12.264762373674012
938 11.822792312987001
939 12.132396929425093
940 11.835707749692048
941 11.932838323219064
942 12.38684702859763
943 12.003838343078572
944 11.712615045015323
945 11.641680705495602
946 12.265815661175605
947 12.54807131531082
948 11.672851482773122
949 12.24204771452863
950 12.336866407696391
951 11.907958411006755
952 12.03317596210341
953 12.364871853638956
954 11.951899659034202
955 11.017377476820016
956 12.144064536500453
957 11.933158864368316
958 11.98821933074553
959 11.940088878222022
960 11.139017267442725
961 11.55292677152461
962 11.46542018276435
963 12.770048332780654
964 11.247610227190696
965 11.74314327723
966 11.822175394363807
967 11.106760092449013
968 10.864548791542594
969 12.834372827192666
970 11.191931627722969
971 11.750783295266029
972 12.322156667330667
973 11.661480865436982
974 11.210952653968686
975 11.307439990558054
976 12.129782507384931
977 13.025474829967829
978 12.536374524220255
979 11.738161581504514
980 12.089352116852671
981 12.307506447383796
982 11.895398345644532
983 12.189149181017122
984 12.442996565883746
985 12.581112705335496
986 12.154593978070396
987 10.900429240096853
988 12.573790637105965
989 12.063027069674924
990 12.74997348266786
991 12.092447784071314
992 12.209862689340625
993 11.815528657271628
994 12.904345176689255
995 11.918570562166348
996 11.518953340374498
997 12.699377779299455
998 12.075997637776716
999 12.15372498409015
1000 12.083460421076932
1001 11.786671177646138
1002 11.61431585602812
1003 11.636054565940626
1004 11.44834986587989
1005 11.488411644568604
1006 11.92490818167165
1007 11.584963076020708
1008 10.866599978931212
1009 10.760241762067418
1010 12.05504468135161
1011 11.683804591044762
1012 11.767537175622119
1013 11.79147576656673
1014 11.694491866043954
1015 12.355680338630131
1016 11.466169756403117
1017 12.14218160243477
1018 11.395998172012197
1019 11.665711920973225
1020 12.105696723068728
1021 11.706766539276611
1022 12.179248504501285
1023 11.56308328656976
1024 11.932604019661952
1025 12.099355521012088
1026 12.340096294044546
1027 12.11379908949779
1028 12.242268998645162
1029 12.603306486203252
1030 12.244523680775991
1031 12.566293232108471
1032 12.42416610886238
1033 12.571135566609815
1034 12.334296806714756
1035 12.744271811628018
1036 12.283593818812518
1037 11.719153001468323
1038 12.56270143733247
1039 12.196738843796702
1040 12.14018924972154
1041 12.413991247138313
1042 12.327593278291852
1043 12.335469431564924
1044 12.06534304727381
1045 12.708006825053983
1046 12.336313892483078
1047 12.937759132263968
1048 12.684352855137627
1049 12.277603258455171
1050 13.009597489541745
1051 14.006473687679046
1052 12.869654365813078
1053 12.160294868917685
1054 12.285520385739458
1055 12.745964075537975
1056 12.006916534267326
1057 12.304839263376001
1058 13.132851909377093
1059 12.6549504045504
1060 11.815956905320906
1061 13.328307595901721
1062 11.91425950978004
1063 12.328977972751007
1064 12.500630857938175
1065 12.678168310299387
1066 12.152432270510229
1067 11.98338917213159
1068 11.774817047322859
1069 13.263008451118049
1070 12.701118793889162
1071 12.40463393198662
1072 12.853703215943982
1073 13.228127706624488
1074 12.559917821219083
1075 12.070179855645074
1076 13.035678708844584
1077 12.149100978175676
1078 12.89611054414004
1079 13.027102368552518
1080 12.332024088656114
1081 12.929045732708252
1082 12.032826250789364
1083 12.19753757738975
1084 12.540369651671057
1085 13.66661035332752
1086 14.127122221617492
1087 13.670560818877078
1088 13.793657550271654
1089 13.412160585847117
1090 13.604927848563689
1091 13.565310058373294
1092 13.234440120453211
1093 13.730034449739787
1094 13.593430808860752
1095 13.037995802003055
1096 13.022769035740808
1097 12.29143998208721
1098 12.929829436573709
1099 13.088823944315065
1100 11.881442424537186
1101 12.623362908024552
1102 12.774794816734298
1103 12.934662061336542
1104 12.605974809424035
1105 12.304989650443478
1106 12.27645769793086
1107 12.322886371812288
1108 12.285837622924806
1109 13.097362827153951
1110 12.280099289628883
1111 12.254759476416572
1112 12.049673542393823
1113 12.588273693056925
1114 12.663521057128474
1115 12.404013170554933
1116 12.087174314007218
1117 12.951053813386041
1118 12.460987726968522
1119 12.37311408087977
1120 12.603450739736704
1121 12.418815553882594
1122 12.887396295773902
1123 12.374809600364063
1124 12.025460644543347
1125 12.238391316730219
1126 11.572407072234205
1127 12.102948770917148
1128 12.030019513369012
1129 12.900615781039297
1130 12.67245098178991
1131 12.512501999251427
1132 12.41623252391145
1133 12.84764827184789
1134 12.465894031059536
1135 12.645243594660924
1136 12.661979476449323
1137 12.751777527788738
1138 11.553457295498035
1139 12.512624337074506
1140 12.024525664658816
1141 11.951852483302286
1142 12.045093135929351
1143 13.405448671889301
1144 12.933319819364433
1145 12.810045167833541
1146 12.070981554437065
1147 11.96010193315485
1148 13.28446230409325
1149 12.939100056468412
1150 12.519892440777705
1151 12.7882945255911
1152 12.32553488557258
1153 12.275496434621253
1154 12.874488998060796
1155 13.870865417248648
1156 13.992881444846894
1157 13.72156886980536
1158 12.353443610146266
1159 12.571466660189564
1160 13.020468177101117
1161 12.556453888859668
1162 12.649030381437882
1163 12.665653120623587
1164 12.020783479988244
1165 13.043511716514429
1166 12.018680675818668
1167 12.311735014057923
1168 12.42308208341744
1169 12.313625107280078
1170 13.318200905661365
1171 12.327296497044285
1172 12.247144401608647
1173 11.95829802641572
1174 12.31683396116723
1175 12.155618510647978
1176 13.048275815723448
1177 12.055813238704285
1178 11.79577877191945
1179 11.753366318166085
1180 12.643493511398255
1181 12.15434644908506
1182 10.092788334978662
1183 11.648795016485291
1184 12.436504011833806
1185 12.17229491500226
1186 12.165203249531782
1187 12.431549703071203
1188 11.741674896246705
1189 11.977586301792423
1190 11.579630558275568
1191 12.593540133290858
1192 12.836415512595629
1193 13.063576983151933
1194 12.83533915038877
1195 11.741868915153457
1196 12.603793095465418
1197 12.09299445823367
1198 13.07804078137907
1199 13.39373582623904
1200 13.042707191151905
1201 13.303843010924442
1202 12.971495906096612
1203 12.931050413515964
1204 12.69775035934528
1205 11.417113691010456
1206 11.689411155688731
1207 11.965810549216295
1208 11.925368087155642
1209 12.054050471947118
1210 12.322393751276515
1211 12.522304363059122
1212 12.228156345268026
1213 12.66601220075366
1214 12.799429003766523
1215 12.407059365026702
1216 12.462649038656991
1217 11.90775945940778
1218 12.074364823381083
1219 12.743976869928675
1220 11.851672452618297
1221 12.182055723860666
1222 11.898728343410086
1223 12.359708264871712
1224 12.349081756277597
1225 11.514006352182752
1226 11.505186055356388
1227 12.02406007460647
1228 12.411778016205673
1229 11.40585087340667
1230 11.39744083860429
1231 12.807849792403555
1232 12.462135911243966
1233 12.961157926655181
1234 12.374963682430252
1235 12.542759049408478
1236 12.127369146216129
1237 12.585819801210468
1238 12.659694551050684
1239 11.27374900530635
1240 13.211211016440378
1241 12.973002313566223
1242 12.556000302660106
1243 11.709506969566094
1244 12.309150932549054
1245 12.930070588036301
1246 12.756873805571072
1247 12.674154087374502
1248 11.675659549083521
1249 12.704896948272438
1250 12.731001726198139
1251 13.178959856411513
1252 12.733849373269843
1253 12.206330740007683
1254 12.479643456543904
1255 12.900668244281102
1256 12.356989113207455
1257 12.731934186999645
1258 12.350726251591697
1259 12.310850990058016
1260 12.407512501053642
1261 12.34769352532368
1262 12.923436979173943
1263 12.238884645569925
1264 12.351205749763865
1265 12.236425723968665
1266 12.891505683824843
1267 12.008474048503176
1268 12.387743665625903
1269 13.334603326888969
1270 12.710872326576492
1271 13.407588495073238
1272 12.42053197144629
1273 10.795553686466778
1274 12.010542776376933
1275 11.066909759796452
1276 11.816808772770313
1277 13.048595551519446
1278 13.653665641244832
1279 13.57275756987477
1280 13.439416608962587
1281 13.051651111453193
1282 13.385742570989272
1283 13.291287582236011
1284 13.26750203382975
1285 12.907077451738653
1286 12.478172645680372
1287 13.371454243370835
1288 12.6388936150206
1289 13.493056065084067
1290 12.508920109010969
1291 13.257387527065644
1292 13.649404874890799
1293 12.736616020251743
1294 13.390389181366789
1295 12.532547625195425
1296 11.979429001731347
1297 13.535363825536718
1298 13.170163825964613
1299 13.355376960882436
1300 12.88610471044796
1301 12.310664216756757
1302 12.176843684918403
1303 13.327104878534058
1304 12.955767189965789
1305 13.029948986530837
1306 12.979886869953303
1307 13.316612907807993
1308 13.570601078987801
1309 13.06039816401042
1310 11.95998634393034
1311 12.97911156080891
1312 13.487243837698651
1313 13.294605287944028
1314 13.14605331892082
1315 13.32649207709527
1316 13.177440354501762
1317 12.629600937065716
1318 12.204614519649306
1319 12.701141846904626
1320 13.020319486933404
1321 12.787277604584938
1322 13.63790779115184
1323 13.65802961266323
1324 12.727537801062992
1325 12.441469553385286
1326 12.873574698655107
1327 12.123749774411518
1328 12.218011596456652
1329 12.958705869520866
1330 13.05457755514634
1331 12.798610997107472
1332 12.207243628318906
1333 12.723228831715806
1334 13.129244111901803
1335 13.744209273962456
1336 12.960592749179431
1337 13.920157152868915
1338 13.833819116396056
1339 13.58286425880038
1340 13.378041075013858
1341 13.031087762691946
1342 13.930590753394606
1343 12.476554698850848
1344 12.834551758040371
1345 12.194570600318421
1346 12.699402910861833
1347 12.973273416189944
1348 12.51123324686036
1349 12.838470165158393
1350 13.114282456021341
1351 13.492219056922695
1352 12.734888823234634
1353 13.406044913493938
1354 13.030287467027845
1355 12.47201589299307
1356 12.908849324011591
1357 12.89136676018919
1358 12.845079835478625
1359 13.468208928939497
1360 13.045997421640845
1361 12.632389497855982
1362 13.383572320005962
1363 13.737905240107123
1364 12.586616270903088
1365 13.207116622847268
1366 14.661526967519643
1367 13.47759768316275
1368 12.475192421763689
1369 12.885121350061556
1370 12.32534465810514
1371 12.506991704403847
1372 12.41566465193086
1373 13.815972415555335
1374 12.789381721129194
1375 13.723498778491505
1376 13.7037123680268
1377 12.34017398368813
1378 12.017846684460881
1379 12.709480842585032
1380 12.723477178478351
1381 12.394026068679235
1382 12.149059628175282
1383 11.800008768616204
1384 10.98647608550862
1385 10.922419221746237
1386 11.88628585329766
1387 12.177264714192047
1388 12.321855223472753
1389 11.900270767797323
1390 12.161296223770751
1391 12.187487948013821
1392 12.20217907097968
1393 12.431487548495259
1394 12.164759197801255
1395 11.393011422459907
1396 12.04359596800998
1397 12.926860541085066
1398 13.333233380542051
1399 12.489237014997167
1400 11.841738804292975
1401 12.440113592577395
1402 11.657011477952299
1403 10.942995596192418
1404 11.882470906954842
1405 11.44363340718704
1406 11.453485523602446
1407 12.65013862853502
1408 12.710225380865348
1409 12.323454164152276
1410 12.444199544476133
1411 12.861043441848429
1412 12.266808813544909
1413 12.794896832373809
1414 11.781780105627815
1415 13.37224209205104
1416 12.789605630441324
1417 12.210068066578934
1418 13.006914171267743
1419 12.009560129616382
1420 12.029610172677197
1421 13.03444178374714
1422 12.993566614567465
1423 13.25854010610279
1424 12.280170251600243
1425 12.858150475206296
1426 12.7215303685894
1427 11.977578365974129
1428 11.900650237572576
1429 12.267721858809901
1430 13.057518643024126
1431 11.847535558497254
1432 12.834346112721626
1433 11.947290690178287
1434 11.946163538543274
1435 12.487223322108907
1436 13.799313140158949
1437 13.479639599295943
1438 13.69031040270799
1439 13.759098629483018
1440 13.204952048201935
1441 13.845844170368007
1442 13.48083212260501
1443 14.150200763184413
1444 13.786400736546408
1445 13.71244294347577
1446 13.283441479345289
1447 13.734566028850297
1448 13.623157599786143
1449 11.764659047767656
1450 13.390711445290215
1451 13.58250741629283
1452 14.173460530020497
1453 14.283225844919516
1454 13.436973401092393
1455 13.757856684448859
1456 13.818643645663824
1457 12.941062105736059
1458 13.495053555939208
1459 13.653438558659305
1460 13.756626186368994
1461 13.587180880929816
1462 14.057136927826065
1463 14.14437140682243
1464 12.869894003478052
1465 13.39319092977783
1466 13.335775943551758
1467 12.252686370190368
1468 11.68042603584027
1469 12.533131752798388
1470 11.79584135289391
1471 12.135083651760972
1472 12.142414859015178
1473 11.969392509456574
1474 12.34413417380057
1475 11.374258629236305
1476 12.469137471534005
1477 13.291858457050402
1478 13.586382989581237
1479 12.361942756990905
1480 12.495392965928017
1481 12.308273743894292
1482 13.299497672083017
1483 13.182350335529163
1484 13.22537243785938
1485 13.29605587215952
1486 13.504995412752022
1487 12.114144151587535
1488 12.416486385376391
1489 12.648382333338462
1490 12.71839819010255
1491 12.217947237114075
1492 11.999339935387372
1493 12.38510066732719
1494 13.17164664628564
1495 12.973638462769246
1496 12.587446628585017
1497 13.169322233718583
1498 12.293237799140615
1499 13.33269648209579
1500 13.011755549397787
1501 13.390622156288027
1502 13.048278549430552
1503 12.487868959930763
1504 12.971859834806729
1505 11.876277941396829
1506 12.83887873974512
1507 12.786080027790542
1508 13.896462861309486
1509 13.60561445809032
1510 12.852347057125957
1511 12.85967516272788
1512 12.329515616618275
1513 12.634379624796575
1514 12.936370958629325
1515 12.38244843964669
1516 12.068036092023226
1517 12.112021724901416
1518 11.948228337673658
1519 12.103099632239587
1520 11.572230533723985
1521 12.607737198550682
1522 11.878181980791194
1523 13.055315245905229
1524 11.880445924005283
1525 12.642966448749648
1526 13.753565857220725
1527 13.11648435412113
1528 12.8713825883787
1529 12.889163773199565
1530 13.240632228888265
1531 12.35628640625794
1532 12.433175606715315
1533 12.747815784529474
1534 13.192100055036802
1535 12.256554222637758
1536 11.877755467698695
1537 12.270429987943404
1538 12.433896262201309
1539 11.846961508130692
1540 11.60311525303304
1541 11.995864560925009
1542 12.024296680360141
1543 12.671336317245165
1544 12.949539877295923
1545 11.11061951890843
1546 12.284929453016284
1547 13.044641111166111
1548 12.044656461210216
1549 12.232671383635804
1550 12.7025472564147
1551 13.033702929848163
1552 12.024124596155847
1553 12.828348318083515
1554 12.056089877909322
1555 11.912570072022456
1556 12.168569555951468
1557 11.949083737070492
1558 12.356884691868913
1559 12.448029522327232
1560 12.210974816581565
1561 12.473821971598266
1562 12.84259052340193
1563 12.235851490381503
1564 12.392637871133413
1565 12.939266330172307
1566 13.556637384373452
1567 13.596021978051045
1568 12.308982836188392
1569 13.189314285543166
1570 12.17038952127969
1571 12.81761734813463
1572 12.788755806561623
1573 12.91525591978723
1574 13.780861279512903
1575 13.377747412339914
1576 12.711190849101678
1577 12.654885511132393
1578 12.490260457416866
1579 13.00836265375599
1580 13.044517407146726
1581 12.560099523884027
1582 12.35173146779844
1583 13.343627816850848
1584 13.629569592969776
1585 13.198753215888237
1586 13.550662705178256
1587 13.690416136147187
1588 13.316122492195122
1589 13.374633129775386
1590 13.290959212749211
1591 13.793792291696835
1592 12.867591968213848
1593 12.890469359043983
1594 13.908812537508922
1595 13.334197912099095
1596 13.273595847676837
1597 13.525229960444056
1598 13.035216117356871
1599 12.937474970956748
1600 13.71979447075038
1601 12.59991899262911
1602 12.589798211265881
1603 12.312275326266061
1604 12.05523764465742
1605 13.480712590434484
1606 13.572571908819873
1607 13.378350830828355
1608 12.82723851062637
1609 12.955976339772402
1610 13.493204448094916
1611 12.47933595801321
1612 12.502030320198903
1613 11.90051668739958
1614 12.92080942624521
1615 12.459628733395228
1616 13.361973326164755
1617 12.700009627601686
1618 13.101833406330133
1619 11.958748457891184
1620 12.278587789632768
1621 12.838285206442608
1622 12.611980717935069
1623 12.689657005426247
1624 13.333873871775193
1625 12.920209012482262
1626 13.090078747243785
1627 12.617046190436152
1628 11.894690426348154
1629 13.267774816136148
1630 13.465119356552503
1631 12.896722746579703
1632 13.120063970061135
1633 13.18970582410243
1634 13.747376447603978
1635 12.9758671293419
1636 13.442172605583874
1637 12.787852039007477
1638 12.850285796002517
1639 12.848800493493215
1640 13.183028803270986
1641 13.82671950749215
1642 13.33268206853424
1643 13.595560288188093
1644 13.569666059885806
1645 13.512909406314707
1646 13.262735967384652
1647 13.382931655242842
1648 13.230443899897173
1649 13.629494613235032
1650 13.445877735548498
1651 13.40793365055794
1652 12.82418729621348
1653 13.550717373719088
1654 13.975003385653128
1655 14.230412164941674
1656 12.771931659816119
1657 12.25617230559405
1658 12.35186615623544
1659 12.890940279426403
1660 13.48825776750711
1661 12.308188049661554
1662 12.444127373077135
1663 13.525986993934575
1664 11.455343333567491
1665 13.114272455269225
1666 12.573943081869471
1667 13.315179501265103
1668 12.101381076430494
1669 13.358041402297172
1670 13.516816269378603
1671 12.807549669742297
1672 13.023780718034171
1673 12.764247920890382
1674 12.820342735604745
1675 12.215404872774677
1676 12.613444843032525
1677 12.337724620211436
1678 13.74540731906296
1679 12.472028971121244
1680 12.155489701271886
1681 12.803303612616897
1682 12.307216132671748
1683 13.373640489963115
1684 13.031437375585845
1685 12.53936293637296
1686 13.068920750084464
1687 13.277617604458376
1688 11.714010458663966
1689 11.896937994739524
1690 12.166950714215734
1691 12.734722149127952
1692 13.388147375709595
1693 12.53640743558744
1694 13.928373766960478
1695 13.507987558196609
1696 12.837601413411381
1697 12.033717862091526
1698 11.375011829683894
1699 13.211969900905052
1700 11.782661052789914
1701 12.428554222442644
1702 11.570503532208143
1703 12.501873512132105
1704 12.537302311352292
1705 13.000131101677232
1706 12.060465710152624
1707 12.261784096942336
1708 12.686057519036433
1709 12.600508816404021
1710 12.555775102335394
1711 12.856682675264247
1712 12.710017305788254
1713 12.528283047088374
1714 12.414986932990272
1715 11.936343623590172
1716 12.08139617419438
1717 11.928121089942232
1718 11.566440124038868
1719 11.881393949071082
1720 11.592202505208988
1721 11.468966662045942
1722 12.832958017867567
1723 12.29603722449938
1724 12.293885590759643
1725 11.687369058251521
1726 11.385483693169299
1727 11.516204211944364
1728 12.013470268176548
1729 11.620035795278739
1730 11.639730141144154
1731 11.466105751747373
1732 11.205163955761202
1733 12.826482421290713
1734 11.650735509260953
1735 11.734377136762928
1736 11.757524912297516
1737 11.651199586370975
1738 12.807753671045118
1739 12.554840227839156
1740 12.386777474292995
1741 12.592831334953518
1742 11.83297169920527
1743 12.4753475365478
1744 11.817667190879753
1745 12.091465012027895
1746 11.924352302258564
1747 11.800369288040748
1748 11.816603202710589
1749 12.247540426851307
1750 11.67056971881777
1751 11.415719749349977
1752 12.839381197088123
1753 12.440463192588034
1754 11.977897402935213
1755 11.843669425552331
1756 11.74259815234314
1757 11.49458153438508
1758 12.172691531495706
1759 12.093925699988658
1760 12.183129578851837
1761 11.90029450277387
1762 11.95253268274271
1763 11.583927979680572
1764 12.236403746312238
1765 11.623601046869164
1766 12.709919950072235
1767 12.405422116452863
1768 11.998796769510404
1769 12.09441877659782
1770 12.150364488435308
1771 12.223942359252225
1772 11.59206222710884
1773 11.82363066441038
1774 12.321022807324786
1775 12.094046489212996
1776 12.070370046467053
1777 11.706001284360829
1778 11.880586352254925
1779 12.346818443451939
1780 11.855739473213529
1781 12.295536450348397
1782 12.583836777070212
1783 12.128491380123394
1784 13.15439550906912
1785 13.256246206160432
1786 13.3872387934077
1787 12.087290723393936
1788 12.903143360616248
1789 12.226022389330737
1790 12.56258455228001
1791 13.004185359430092
1792 12.512756955638352
1793 12.381350773847316
1794 12.838449424190879
1795 12.42588117688427
1796 12.919515465019128
1797 12.477406312173667
1798 12.996073229899654
1799 12.578584205388232
1800 11.897725930736907
1801 12.392526610084602
1802 12.190288607038742
1803 12.96626953861985
1804 12.637798643579513
1805 13.667949681082755
1806 12.202566009589294
1807 12.911171625534353
1808 12.595283537998274
1809 12.223850379968995
1810 12.134299500924943
1811 12.324192755130857
1812 12.70172211765149
1813 12.656385452226722
1814 12.634405762256186
1815 12.188964818076343
1816 12.096098015812549
1817 12.264048941095723
1818 12.948016510545783
1819 13.583067711283318
1820 12.920494430416397
1821 11.828919825130074
1822 11.773436923513822
1823 12.351558598989692
1824 11.954865055398702
1825 11.776246407047271
1826 12.441946519898636
1827 12.122634014457589
1828 12.62485989952262
1829 12.191825130520307
1830 12.272630615770385
1831 12.445217184834489
1832 11.961522086446045
1833 11.81282797593821
1834 12.108249458303726
1835 11.97169844836328
1836 12.030897947816793
1837 11.550165133415403
1838 12.22448848356239
1839 11.827126227373594
1840 11.56117688688965
1841 12.088563676981273
1842 11.979571351397686
1843 11.41568232845269
1844 11.5648412840792
1845 11.935127312392392
1846 11.83546587720139
1847 12.118341516634185
1848 12.111232964263822
1849 12.348781267508345
1850 12.130304712315986
1851 11.737899938136659
1852 11.518098559483375
1853 12.050408947255518
1854 11.876377656805209
1855 11.799123710092104
1856 11.865125267270127
1857 11.575829972882058
1858 12.36779706624424
1859 11.8019204228378
1860 12.038390093427058
1861 12.134926592564462
1862 12.010729309460613
1863 11.649943113731908
1864 11.955510999017552
1865 12.122619338181867
1866 12.053559014294196
1867 12.396875697608182
1868 12.16099021450059
1869 11.677225746115349
1870 12.217255156019254
1871 11.888751166053328
1872 12.149314703136886
1873 12.596106606791341
1874 11.932908573455688
1875 11.795593716624763
1876 12.496467470858622
1877 12.691959455874079
1878 12.613754874114997
1879 11.246624531619007
1880 11.876982788698236
1881 11.966209396883677
1882 12.142330699315073
1883 13.263801080792344
1884 12.85852689085587
1885 12.786528625352966
1886 13.112203388205318
1887 13.054867149253466
1888 12.490223396036491
1889 12.432801886743409
1890 12.76492344607027
1891 11.766680845812251
1892 11.69065378790135
1893 11.888327206307103
1894 12.717506845381118
1895 12.732908420808068
1896 12.700998506776596
1897 12.648860786861238
1898 12.24636857305808
1899 11.715544994028711
1900 12.170625431777689
1901 12.699288593051714
1902 11.852566767906296
1903 11.439099348831704
1904 11.490611847473433
1905 12.040442736512984
1906 11.98192482716641
1907 12.161854295739342
1908 12.269889645794018
1909 11.068458313314387
1910 11.6036038050693
1911 11.483381704043897
1912 11.540095241563407
1913 11.122245636441408
1914 11.812411880699258
1915 11.869332095157205
1916 11.903140752499265
1917 11.004556232184493
1918 11.320721984258162
1919 12.091550898512809
1920 12.141255050337774
1921 11.61374135838726
1922 11.664666827057511
1923 12.152910899584077
1924 12.391927384804202
1925 11.845562536470279
1926 11.977534609737738
1927 11.4558521911375
1928 11.78232641037141
1929 11.936450536979187
1930 12.522000166020455
1931 11.825152811507701
1932 11.662500105461232
1933 11.78891209665561
1934 11.774241193652383
1935 11.455517382496142
1936 12.09817428108946
1937 12.137268588275054
1938 11.250019348861775
1939 11.773313915569393
1940 12.141609698557803
1941 11.611828173928858
1942 12.394258465618332
1943 12.26726312789745
1944 11.71856537748247
1945 11.556365406965824
1946 11.836491406510095
1947 11.208391822709403
1948 11.05322890868861
1949 12.034340432297427
1950 11.420659971954025
1951 12.330290883164402
1952 11.386088949234232
1953 11.338518643888435
1954 11.796299417754103
1955 11.367025692778268
1956 11.534715943606544
1957 11.583848253244193
1958 11.370756798465157
1959 12.262171999189464
1960 12.380230397080133
1961 11.666166737449919
1962 11.936306112575457
1963 11.167146234402448
1964 11.507619613950292
1965 11.792423091903645
1966 11.598563667016778
1967 11.948066851337073
1968 11.525038926589596
1969 12.2276764308571
1970 11.914004464457754
1971 12.683292277053399
1972 11.781057285928897
1973 12.417951035134271
1974 11.7418177734632
1975 12.358987543814154
1976 12.188920449072471
1977 11.206857333199135
1978 12.15171537023853
1979 12.213577076367534
1980 11.848020843659445
1981 11.528272763566717
1982 11.94357921673109
1983 12.056432907393525
1984 12.579039664895934
1985 12.301839784259414
1986 11.976491349214266
1987 11.215300667454985
1988 12.16162864630282
1989 12.574894878273467
1990 12.277645477565232
1991 12.076709427484687
1992 11.88318384113034
1993 11.43044709128835
1994 12.053004790198399
1995 11.892724869698728
1996 12.414919368368723
1997 12.73752349950456
1998 13.326149511027966
1999 11.543309013198181
2000 12.051669805491105
2001 12.439049548139662
2002 11.646634142674166
2003 12.554909457883491
2004 11.816968505262864
2005 11.602584966206487
2006 11.680379961525285
2007 11.769879039110146
2008 11.535940555882405
2009 11.445072187069892
2010 12.299782002646943
2011 12.303043920939697
2012 12.088435560581885
2013 11.976576460456657
2014 11.778247348469808
2015 11.912462391575032
2016 11.269050423259063
2017 11.7534781801309
2018 11.577700466988928
2019 13.126363067040124
2020 12.369553465498894
2021 11.331263000534339
2022 12.141173429615845
2023 11.953059016405396
2024 11.442044529171124
2025 11.405992030676464
2026 11.922494189048132
2027 11.800631038627216
2028 11.672802622648991
2029 12.42430703148835
2030 11.609592993321849
2031 11.8196156089183
2032 12.109066019120661
2033 12.258604149591822
2034 12.271989255767123
2035 12.282695632602318
2036 11.867330009227858
2037 12.165098663147134
2038 12.23717049969849
2039 11.59428210154882
2040 12.940208656006298
2041 11.678793481680012
2042 12.728738616161873
2043 12.200451685212027
2044 12.21269778276315
2045 12.294875270839906
2046 12.130446887581337
2047 12.079442056684401
2048 11.539650821736043
2049 12.066164408123338
2050 12.419874316366487
2051 11.870039271723162
2052 12.166958886619051
2053 11.804836841301123
2054 11.431371238751806
2055 12.411704481777926
2056 12.125250473774521
2057 11.698605926322703
2058 12.278559162239816
2059 12.343181919900791
2060 12.050706588756556
2061 12.065136767644008
2062 11.697120489804872
2063 11.763688179662292
2064 11.81235798868674
2065 11.194347812181512
2066 11.502072832049768
2067 12.534438439019219
2068 11.717064302569074
2069 11.760337597413033
2070 12.062299989444467
2071 12.404580754170205
2072 11.910673904236399
2073 12.09115295212167
2074 13.033315932461079
2075 12.440928434211902
2076 11.663567075423115
2077 11.696702014305936
2078 12.23280818449958
2079 11.988013317022096
2080 11.548121929398661
2081 12.636710595854531
2082 12.330685058808045
2083 12.058150463241548
2084 13.025629887130457
2085 13.052744741198651
2086 12.560772122784245
2087 11.997683892394848
2088 12.811801525345418
2089 12.272246414384115
2090 12.677757097097125
2091 12.346594208375528
2092 12.464260768966628
2093 12.197760215548195
2094 11.886740432324505
2095 12.415846376268469
2096 12.840208035674804
2097 12.396983086723797
2098 13.032046989774349
2099 12.7039299387483
2100 12.416787327353882
2101 12.53034407980678
2102 12.42972508894256
2103 12.226765026749506
2104 11.787822847452311
2105 11.678305367940109
2106 12.01929606213496
2107 11.760731396459201
2108 11.51517851958521
2109 12.405163230914125
2110 12.054215587420904
2111 12.23168664830044
2112 11.980032760859089
2113 11.437316534071233
2114 11.731233235338223
2115 11.98569430829146
2116 12.953097808010067
2117 12.115585342280415
2118 12.778552274171629
2119 11.729281561462274
2120 11.549950209652327
2121 12.141366946489537
2122 12.207481328300215
2123 12.123410582577721
2124 12.646618461721962
2125 11.981771023972374
2126 12.11353956249825
2127 12.076536912274022
2128 12.379930199341011
2129 12.171935825536345
2130 13.150365476831556
2131 11.561652246251782
2132 11.944989185021235
2133 12.360107138370596
2134 11.917726652573268
2135 11.936497439435685
2136 12.654828058428881
2137 12.069344592359494
2138 13.672808772108732
2139 12.284573501926353
2140 12.12034877198211
2141 12.674465666913614
2142 12.889875948298995
2143 12.44451577308404
2144 12.489357120666492
2145 13.270826607459147
2146 12.242056210403337
2147 12.049759387270429
2148 12.663358004861058
2149 12.490983865113812
2150 11.932224119843525
2151 12.198661610683589
2152 12.084309683145246
2153 12.197430452422624
2154 12.495456587365918
2155 13.086716779019836
2156 12.79045405903499
2157 11.964337072250192
2158 13.789925052884477
2159 12.296361045827823
2160 12.321449605338465
2161 13.42088954568166
2162 13.14974145588061
2163 12.595099676922993
2164 12.101081484632001
2165 12.889746782876946
2166 12.324387869946616
2167 12.848104725882312
2168 12.142249340988583
2169 12.275696426149944
2170 12.378408048696816
2171 12.46105244884232
2172 12.574219490789295
2173 12.480272770956194
2174 12.192361453484608
2175 11.59691139382887
2176 12.425742934260546
2177 11.731739082491567
2178 12.515519575651624
2179 11.719533314520216
2180 12.593799932221998
2181 12.008100559765776
2182 12.349613982928867
2183 12.361391767675025
2184 12.03533514852245
2185 13.088886069783886
2186 12.611391398589772
2187 12.737414866454147
2188 12.89954324505868
2189 12.617860791472506
2190 12.36393703442686
2191 12.18861854787906
2192 12.466640097757619
2193 12.39607486200413
2194 12.812259686019434
2195 12.647677049510698
2196 12.734503323631625
2197 12.549084497096247
2198 12.528651510225869
2199 12.211428463316317
2200 11.988204153882668
2201 12.3977716629185
2202 11.961719238842857
2203 12.087783376826154
2204 11.95779499966923
2205 12.21655442771739
2206 12.241197722112647
2207 12.329400912290769
2208 12.628528110059479
2209 12.191714839570118
2210 12.411864867354323
2211 11.736783915178544
2212 12.262010984601972
2213 13.458593128178004
2214 13.540197657436435
2215 11.830754043834776
2216 12.29332424517459
2217 11.793022152173915
2218 11.583969276499754
2219 11.870792839234353
2220 12.184132564507793
2221 12.076295059190402
2222 12.81412740257313
2223 12.000873331468705
2224 12.770189960308938
2225 11.26148431797531
2226 12.407112266138116
2227 12.055909071809467
2228 12.072216841086512
2229 11.891210272706768
2230 12.477216972302683
2231 11.401524225787737
2232 11.69554605957973
2233 11.704974300982531
2234 12.13111735806982
2235 11.41290981849666
2236 11.790470332130479
2237 12.230011652127159
2238 12.343792933823707
2239 11.514566500972315
2240 12.003683389070238
2241 11.2660526172721
2242 12.657795279490767
2243 11.594138360781397
2244 12.203900945211112
2245 11.561744500446414
2246 12.469580488779336
2247 12.276405841102255
2248 11.681313907052349
2249 12.62593948613269
2250 12.69887147778286
2251 12.229411504426702
2252 12.723748083116032
2253 12.113075829033368
2254 11.82413443681289
2255 12.06584644611234
2256 11.649064025989551
2257 12.038672050906547
2258 12.108807967820264
2259 11.68064865347469
2260 11.777210476670625
2261 11.240162388341945
2262 11.922245777739972
2263 11.827588012962833
2264 12.074692308940163
2265 12.508006715844525
2266 13.225068600635327
2267 12.086665630813123
2268 12.141056134256964
2269 12.852074337066691
2270 12.753371660007112
2271 12.556067369715926
2272 12.863586742399264
2273 12.215500245333082
2274 12.961593878222306
2275 12.462214139270715
2276 12.001685279233143
2277 12.180163645364965
2278 12.839508223452594
2279 12.764546524889496
2280 12.608079625405145
2281 12.443358677731736
2282 11.642521248410244
2283 13.247445391484465
2284 12.5903231307404
2285 12.275486833523463
2286 13.13016372845541
2287 12.3276236138324
2288 12.991752817708255
2289 12.4095342326958
2290 12.473482164353376
2291 12.645463129861847
2292 12.988921748728494
2293 12.642134735608623
2294 12.531565756501468
2295 12.355320907817681
2296 12.614305616228323
2297 12.396334945680344
2298 12.839882124909423
2299 12.585959777653928
2300 11.991946018642116
2301 12.286063694209513
2302 13.24083101712515
2303 12.54390717915598
2304 12.869542827190442
2305 11.828566637967121
2306 12.620290345917471
2307 12.804582377754603
2308 12.750459564468128
2309 12.350824909209512
2310 12.724597108445106
2311 12.828897343022238
2312 12.20772899794971
2313 12.257892967760236
2314 12.833022979788552
2315 13.206674559103005
2316 12.566191355050405
2317 12.396335584752572
2318 12.241741235685561
2319 12.440697129909722
2320 11.782144674798614
2321 12.876653817446703
2322 11.925481524950305
2323 12.459177797869069
2324 12.08138804390533
2325 12.499638547791522
2326 12.048710722903262
2327 12.167324438685457
2328 11.389262324955869
2329 12.400370891093157
2330 11.82436341972656
2331 12.157210271029628
2332 12.185337060029065
2333 11.683970022563877
2334 12.109672510965673
2335 11.678957428782592
2336 12.434231622457848
2337 11.843173205432358
2338 12.863199619755267
2339 11.973100230937225
2340 11.974543589361073
2341 11.87399879112921
2342 12.74628749375945
2343 12.46048224472104
2344 12.937489862523828
2345 12.611269849103229
2346 12.420577489738735
2347 12.216816212505366
2348 12.614081604162713
2349 11.741960585393038
2350 12.6054322052211
2351 12.525731290169198
2352 12.825185976957302
2353 12.01879618031411
2354 11.662683886729011
2355 11.962717900945924
2356 11.814075762098009
2357 12.453605057343198
2358 11.712031690629749
2359 11.892196646778116
2360 11.687265421403557
2361 11.903271554404913
2362 11.706592345981674
2363 11.98141309262417
2364 12.454983626278453
2365 11.987170527493866
2366 11.377634215676348
2367 12.229620210142917
2368 12.099464825319005
2369 12.204527734086133
2370 11.688587568724294
2371 12.253216454419816
2372 12.243844334506342
2373 11.73487646915854
2374 11.992345746827851
2375 11.865728504249617
2376 11.904997256621929
2377 11.691967785508904
2378 12.243102116596326
2379 12.791725693425619
2380 12.399078199525775
2381 12.962121654093815
2382 12.456624557295067
2383 12.453060481227537
2384 11.941851959671913
2385 12.271157314834396
2386 12.015212044910148
2387 12.071074516074077
2388 12.05897944916789
2389 11.95836297691338
2390 11.380009746262001
2391 11.7356609496935
2392 11.88072870092218
2393 10.651523035936112
2394 11.588502698516665
2395 11.783417302640906
2396 11.892509513153602
2397 11.721605615392841
2398 11.74947806391855
2399 11.658554801041562
2400 12.132340648958943
2401 12.50829539353662
2402 11.915147311855424
2403 12.040957218127495
2404 11.784538778581378
2405 12.315485674479156
2406 11.89058524933357
2407 11.816475763149862
2408 11.98648961190997
2409 11.813147548924798
2410 12.076560589192399
2411 11.539120455733423
2412 11.77616157958185
2413 12.009786838841986
2414 11.40866537444734
2415 11.998619440468236
2416 12.14564226924127
2417 11.730795509412316
2418 12.041303198816307
2419 11.179353989455654
2420 12.152394614212326
2421 13.086946254966549
2422 11.838845771216642
2423 12.106754214811442
2424 12.33809426498392
2425 11.883380042056663
2426 11.76658676129336
2427 11.83325756494297
2428 12.014544678303551
2429 11.89891667308998
2430 12.146526913390993
2431 12.213659809496287
2432 12.40655635079298
2433 12.150910859014491
2434 12.441506427143342
2435 12.761215633264491
2436 11.876883380694743
2437 13.682749343778799
2438 13.607817771901704
2439 12.424206209402943
2440 11.549371287581375
2441 11.721214112280986
2442 12.356333108341452
2443 12.398185346885876
2444 11.81606339954349
2445 12.928216342125515
2446 12.276392352635629
2447 12.87340193085464
2448 11.986861330445233
2449 11.754190905427308
2450 11.587260284373482
2451 12.52780012304195
2452 13.39384363968974
2453 13.3048183883486
2454 12.263567154205683
2455 11.868981865226672
2456 12.321795117148016
2457 12.161632229790511
2458 11.664421732303035
2459 11.058470245179853
2460 11.013027726541441
2461 12.163836770037515
2462 11.474399499276133
2463 11.397209512731827
2464 11.728212386673416
2465 11.675678223444933
2466 11.064471576395633
2467 11.37522859948221
2468 11.715348157258132
2469 11.897654069223574
2470 10.63435218339518
2471 11.601762916033621
2472 11.368188421447293
2473 11.092190187999217
2474 11.206125264349108
2475 10.963482661345367
2476 10.590764477721406
2477 12.515769069120083
2478 10.883697128383643
2479 11.390251271821922
2480 11.026999094962644
2481 10.447525797622225
2482 11.435714549663034
2483 10.603751931672745
2484 10.37412982013622
2485 10.355901983704957
2486 10.361247649148963
2487 10.6328542851592
2488 10.521261471010122
2489 10.398496995415938
2490 10.338417590686111
2491 10.403400822691188
2492 10.621558119614239
2493 10.725806864471439
2494 11.060544649898945
2495 10.317316098938685
2496 10.69722599790451
2497 10.530673875007697
2498 10.612000151177012
2499 9.979532860479996
2500 10.31648099542869
2501 10.599384958059428
2502 10.720965621844933
2503 11.282625961146051
2504 9.884137388059628
2505 10.384432404868132
2506 10.52069173336055
2507 11.084761468618492
2508 10.959583108047715
2509 10.638127764769527
2510 10.451788096656115
2511 10.113534077121802
2512 10.396299229678277
2513 10.57325588199344
2514 10.852433054047642
2515 10.199166738344601
2516 10.892012769861985
2517 11.259781989198304
2518 10.996849728769906
2519 10.720725396117261
2520 10.95229925290179
2521 11.179262452244094
2522 10.43110864745796
2523 10.40275260936073
2524 10.749913421918318
2525 10.609271852172945
2526 10.668020319526093
2527 10.410057937615985
2528 10.283781911320004
2529 9.813339926565305
2530 10.455312582303858
2531 11.067760862223855
2532 10.441802646565217
2533 11.038457386604819
2534 10.453851370382065
2535 10.923942928734865
2536 11.281090853171943
2537 11.551006751034917
2538 10.742266713179685
2539 10.313562200584174
2540 10.21587212170301
2541 10.533133329411045
2542 10.921810843544927
2543 10.469435198634008
2544 10.735053219260958
2545 11.03229412424322
2546 10.701683565974
2547 10.81377764270852
2548 10.8933067572538
2549 10.632100423075896
2550 10.792787833205871
2551 11.303572338242915
2552 10.13278631937346
2553 10.558832653622849
2554 11.21822145299361
2555 10.37075398725653
2556 10.753271557413973
2557 10.359172214905069
2558 10.359738765605908
2559 10.981840508096921
2560 10.519483611331149
2561 10.926525589835244
2562 10.306801038829636
2563 10.792737696241351
2564 10.313873724461258
2565 10.701523009422633
2566 10.34781106933467
2567 10.774326143314488
2568 10.61096493873898
2569 10.719846576562691
2570 10.512414830955374
2571 10.368913470496327
2572 10.563262048534538
2573 10.267698518515322
2574 10.914112265442645
2575 10.502246700455279
2576 10.350042173882278
2577 10.483982639720445
2578 9.970850671540445
2579 11.27419933939224
2580 11.504601198181664
2581 10.987607632790064
2582 11.084149899743009
2583 10.44756217296022
2584 10.325136708340713
2585 10.151344713083658
2586 11.06109917114951
2587 10.600042816699625
2588 10.854411046014606
2589 10.90926798193729
2590 10.680491690730218
2591 10.718019806918578
2592 10.82462609268239
2593 10.732061809192405
2594 10.869651855348263
2595 11.151197307101704
2596 11.019438773494368
2597 11.094326187910209
2598 10.133102848786109
2599 10.627406494729362
2600 10.361328210290011
2601 10.784798845876912
2602 10.585222800289731
2603 10.769108833789929
2604 9.75282998078765
2605 10.964925289456255
2606 10.707517991478635
2607 11.147587767937463
2608 10.820077582712072
2609 11.311384535641302
2610 10.48268213177181
2611 10.773864707830041
2612 11.580674384938654
2613 10.39820836264128
2614 10.484811843529839
2615 10.695467197913787
2616 10.403541383313673
2617 10.262588838113698
2618 11.277346189508128
2619 11.025517446831874
2620 10.5091303362417
2621 10.778083505598161
2622 10.672459948802222
2623 11.185109630092112
2624 10.540153665697417
2625 11.177836270465386
2626 11.070591008178727
2627 11.283747017484636
2628 11.165772857629245
2629 11.909947235522345
2630 11.03496812288737
2631 11.047160592933315
2632 11.054260604957873
2633 10.635978137901857
2634 10.48498233520501
2635 10.525042482174591
2636 10.955395614328953
2637 11.636086998668315
2638 11.429757625323758
2639 11.44723128774132
2640 11.101991330822525
2641 11.309833305902462
2642 10.675249565468416
2643 10.75422701816266
2644 10.785167214179681
2645 11.270532890072205
2646 11.728554790642681
2647 10.226153089445926
2648 11.148884035814511
2649 11.054622415526067
2650 10.999011302510487
2651 10.90340289008241
2652 10.282044463831035
2653 10.719395118511343
2654 10.702810519195666
2655 10.50568012550331
2656 10.829796969501158
2657 10.564912594747883
2658 10.477369162531831
2659 10.796950085021946
2660 10.802890832928968
2661 10.871342292489334
2662 10.74876411712415
2663 10.993017360452587
2664 10.269346890569096
2665 10.893810701111246
2666 11.043752579619587
2667 11.106526936452088
2668 10.746703471779977
2669 10.18976667224002
2670 10.42705738084065
2671 10.292226369040776
2672 11.356636561865782
2673 10.078885486008772
2674 10.452936955842686
2675 10.849424674912319
2676 10.99372092463259
2677 10.909294687887428
2678 10.98597061213298
2679 11.14487266932255
2680 10.737487651904457
2681 10.88572401788621
2682 10.890170828343201
2683 10.620990486809047
2684 10.727636409897892
2685 10.585030259718847
2686 10.927383201066986
2687 10.577334672674738
2688 10.672791601006903
2689 10.458699399612376
2690 10.514021796871713
2691 11.137401261094178
2692 10.827839617646505
2693 10.664809849581456
2694 10.67924464052833
2695 10.710312340909107
2696 10.230959478710007
2697 10.897567690200924
2698 11.250431639674405
2699 10.467309582858405
2700 10.601033367298866
2701 11.335656372157914
2702 10.933873893453976
2703 10.738894773551463
2704 11.541631434637534
2705 11.253461705710178
2706 10.955358090225669
2707 11.408278171843817
2708 11.625674840795627
2709 11.221162230846266
2710 10.863215313997845
2711 11.284123568657325
2712 10.331799316570985
2713 10.812756459981365
2714 11.467846774441435
2715 11.300860098097969
2716 11.209668645013783
2717 11.056342116388697
2718 11.61539324231741
2719 11.789677020191617
2720 11.477460515022738
2721 11.133281483987886
2722 11.063032757157512
2723 10.716329482369524
2724 11.618296598522855
2725 10.95795289903802
2726 10.61089343425084
2727 11.432341463961235
2728 10.723373491017199
2729 11.325190602498564
2730 11.25035180170835
2731 10.986078465629314
2732 11.219790587423212
2733 11.669060088930431
2734 11.255438449437454
2735 11.303800496115528
2736 11.276352415115225
2737 10.904277557016961
2738 11.101828136453305
2739 10.922063941599898
2740 10.430242928926763
2741 11.258763508224385
2742 11.19471338274144
2743 11.216235760474843
2744 10.892154868288145
2745 11.128378758379716
2746 11.851986976836823
2747 11.059442234104253
2748 10.73894936636147
2749 10.643927917283412
2750 11.415376647356354
2751 11.44660667038191
2752 11.155381068032362
2753 10.967461162418513
2754 10.74341276685163
2755 11.221996747858114
2756 11.29864347843262
2757 12.095617504412498
2758 11.023035223468037
2759 10.757235711211571
2760 11.18129136763679
2761 11.74508852650014
2762 11.49901062697471
2763 11.240380989231191
2764 11.297097797378784
2765 10.84708110094318
2766 11.206543080120937
2767 11.044673383367158
2768 10.702892281246156
2769 11.837418569977519
2770 11.74728042545536
2771 11.694716419235117
2772 11.13721991565633
2773 11.466082852104499
2774 10.688700825295331
2775 11.355670730885842
2776 11.81577243819475
2777 11.068729864132607
2778 11.528013325747569
2779 11.313977847976487
2780 10.449762019417436
2781 10.998523933895855
2782 11.626062991965549
2783 11.169175333404693
2784 10.529612000173486
2785 10.487202161771219
2786 11.09789751527455
2787 10.767361274112243
2788 11.050290427361473
2789 10.130290836596723
2790 11.006033733872622
2791 11.240451973570808
2792 11.438336316732993
2793 11.770572155837355
2794 11.093299206235914
2795 11.196415125308292
2796 11.234580176315974
2797 10.972315499153869
2798 11.106521995618367
2799 11.114468447447775
2800 11.224600099736685
2801 11.581337182086846
2802 11.31624517258573
2803 10.493740807599384
2804 10.989029782911084
2805 11.506682089948312
2806 11.132947605913134
2807 10.711140591086089
2808 11.471424205416373
2809 10.952300691216847
2810 10.756110205071163
2811 11.295983835868705
2812 11.175692702588401
2813 11.992065761595317
2814 11.639248269185705
2815 11.785774943269875
2816 11.311172845388773
2817 10.941070199033241
2818 10.8653275424711
2819 12.431429493084613
2820 12.111481265318941
2821 11.055029012824694
2822 11.334890888587191
2823 11.855131083284236
2824 11.741240680286658
2825 11.734377978095345
2826 11.493962087142176
2827 10.773561970019202
2828 11.668587815036403
2829 11.19180374818583
2830 11.05579120317144
2831 11.842310795765506
2832 11.760193109153368
2833 10.82196798816443
2834 11.640918616801054
2835 11.33629314927271
2836 10.924552033089055
2837 11.582027075169123
2838 11.25822471574249
2839 11.215298221981882
2840 11.310589273287828
2841 11.44223128527235
2842 11.118509376952796
2843 11.097385673413735
2844 11.603397689079033
2845 11.208975014147493
2846 11.22812558817808
2847 11.258293957974628
2848 11.523231982265935
2849 11.56462884662837
2850 11.123373969561328
2851 11.93530479283554
2852 11.850661623064488
2853 11.495278216125811
2854 11.320101215041555
2855 10.235545998307046
2856 10.639517124711755
2857 10.431534798521607
2858 10.912252550474351
2859 11.7554414780279
2860 10.701598517448275
2861 11.531855734504393
2862 11.300723941912912
2863 10.896790192932322
2864 11.572624402628785
2865 11.786355938749365
2866 11.276434220407483
2867 11.534228793594037
2868 11.85989915581923
2869 12.095492661413349
2870 11.606366698911115
2871 11.758859789095526
2872 12.060063244325555
2873 11.620393498980613
2874 11.980403059191058
2875 11.333168825784307
2876 11.176097695955354
2877 10.761414015240883
2878 10.761902017517642
2879 11.474845735792238
2880 11.134273144693609
2881 11.784689094905444
2882 12.042793260045347
2883 11.680144964405116
2884 12.056860618588528
2885 10.908170512583359
2886 10.64752735080889
2887 11.557162750273308
2888 10.763140079237317
2889 11.018510975632168
2890 11.146108753512332
2891 11.200114944300736
2892 11.471981641354978
2893 11.191394545640495
2894 11.036893008723284
2895 11.73945231752964
2896 11.671138649801277
2897 10.871285844500234
2898 11.422879896185421
2899 12.143525015580448
2900 12.3760697021768
2901 12.021075477797629
2902 12.354345126395884
2903 12.310379459691811
2904 12.038779978433825
2905 11.813381195503807
2906 12.213952862373727
2907 11.691583137920075
2908 12.015784518441771
2909 10.775646338480229
2910 10.670444338705549
2911 11.64125114842097
2912 11.832729081643278
2913 11.56042911415816
2914 11.430503228877237
2915 12.094935223105418
2916 11.562557661882964
2917 12.224959316181158
2918 12.061835410124559
2919 12.099967115320839
2920 11.763874826081645
2921 11.841178140392994
2922 12.998363685874187
2923 11.835177729722293
2924 11.641661826667518
2925 11.439518512806869
2926 10.99985869389116
2927 11.419280366405298
2928 10.600696231608442
2929 11.632837498435176
2930 11.249527977978245
2931 11.28330078395582
2932 11.392034143529628
2933 10.479800608326038
2934 11.118777641030245
2935 11.77302648102812
2936 11.870358671643453
2937 11.116620916282793
2938 10.824443192664226
2939 11.209654389470026
2940 11.3558522834392
2941 10.765431009579324
2942 11.75595155642918
2943 11.75528074418167
2944 11.437831361474364
2945 11.317983542924406
2946 11.745944061294582
2947 11.261820358497033
2948 11.534936711250262
2949 11.184713117807952
2950 11.958268485229386
2951 11.96398118389699
2952 12.115795664845214
2953 10.766392821744056
2954 11.41478353829483
2955 11.571218297254552
2956 11.419790867450116
2957 11.767591877294189
2958 11.102396666979292
2959 11.137401600897471
2960 11.604052837105995
2961 11.410138544432813
2962 11.495047301142373
2963 11.41840881254743
2964 11.236206758060264
2965 11.37468266323006
2966 11.307262129348782
2967 11.246293256699804
2968 11.599214854087101
2969 11.670879972193813
2970 11.384283363637618
2971 11.175994067595658
2972 11.294591437576184
2973 10.849612315361007
2974 11.888835239317366
2975 10.678976210170116
2976 11.09492508257863
2977 11.111933503515083
2978 10.95314243330064
2979 10.92224500212737
2980 11.142522304633177
2981 11.58737322382226
2982 11.34876316803221
2983 11.27485848826651
2984 11.230828259101244
2985 10.824727078227921
2986 10.964206246933351
2987 10.531561094801411
2988 11.436931742420844
2989 11.440729990331924
2990 11.659388878658977
2991 10.695800082508475
2992 10.693288371814962
2993 10.38568826403274
2994 11.097809225941806
2995 11.083165904873354
2996 10.832323414821563
2997 11.006103971092116
2998 10.844273389551793
2999 10.610025558166953
3000 10.858515229985697
3001 11.380678656945705
3002 10.685279187391957
3003 10.827773585507522
3004 10.99192347677914
3005 11.053006099106435
3006 10.813060520062573
3007 11.52025507293215
3008 11.051024706523622
3009 11.288677130881295
3010 11.240852351405696
3011 10.987960641352748
3012 10.734629203693826
3013 11.095130022739523
3014 11.606728544714542
3015 10.814845488346808
3016 11.66362855473613
3017 10.915730979459978
3018 11.40420691442424
3019 11.128720766777452
3020 11.52251844340517
3021 9.946089414519871
3022 10.67812437303434
3023 10.710388006484312
3024 10.71671867869538
3025 10.72169529421656
3026 10.922517812323749
3027 10.6983624173206
3028 10.92054807734295
3029 10.36922021957494
3030 10.437377300012646
3031 10.968301813349319
3032 10.563704657849572
3033 10.651627993257414
3034 10.804528169002424
3035 11.385933847957444
3036 10.974951732371338
3037 10.754072133459497
3038 10.95040573976915
3039 10.596710377000926
3040 11.240421191462948
3041 10.315614178433592
3042 11.12480185783813
3043 10.998038086649988
3044 10.851888247854987
3045 11.478237840107418
3046 11.01891899966025
3047 11.536798734119838
3048 11.295647519431038
3049 11.620880376572979
3050 12.203550598978136
3051 11.664522861367018
3052 11.748731531723019
3053 11.314896279327483
3054 10.926267635560237
3055 11.42579594725705
3056 11.670952814300861
3057 10.76482457639166
3058 11.198577522629533
3059 10.820537968712738
3060 10.593133719998411
3061 10.780077107780805
3062 10.78243261963003
3063 10.701830984815999
3064 10.722419315321906
3065 10.447016581008702
3066 11.206393915063112
3067 11.93815459052379
3068 10.928139508501559
3069 11.5187829748205
3070 11.635482710267883
3071 11.525932545234166
3072 11.822787442764287
3073 11.718433928796001
3074 11.38187038672582
3075 12.165539714487377
3076 11.441501455330597
3077 11.444603204215706
3078 12.300168762364885
3079 11.188493298290297
3080 11.213745263123313
3081 11.096906932348125
3082 11.132306249863879
3083 11.174491591407987
3084 10.876928427056185
3085 10.30022441756129
3086 11.505103502963692
3087 11.217593623373281
3088 10.652448041880792
3089 11.337734914128022
3090 11.34670160306717
3091 10.721133519126065
3092 11.289386384227846
3093 11.337748369786548
3094 11.592638999017248
3095 10.951203265649337
3096 11.357774193153281
3097 11.245052578591697
3098 11.349055005076568
3099 11.411216407289823
3100 11.140678516732786
3101 11.05733757272593
3102 10.914744229369003
3103 11.154567231467604
3104 10.817136674013954
3105 10.6029897327634
3106 11.84842757838606
3107 11.559800219191246
3108 11.642176304141817
3109 11.230193307731858
3110 11.214016076123109
3111 11.29871144072533
3112 11.354589718093255
3113 11.549994231038395
3114 11.127032421166188
3115 10.794774725157165
3116 11.505158906659743
3117 11.580660933463061
3118 11.52367168392025
3119 11.638010706667071
3120 11.696024977433096
3121 11.028741612450704
3122 11.59442537090701
3123 10.632820708325356
3124 10.553555153723668
3125 11.352632800268864
3126 10.926116856078993
3127 11.065300426616695
3128 11.90668617390738
3129 11.079615358777458
3130 11.845428263684607
3131 11.03736597182114
3132 10.815836716580916
3133 10.80345745909169
3134 11.070148036417143
3135 11.24570634602749
3136 11.474678783692857
3137 10.823945832441623
3138 11.362041899236992
3139 11.65949274940677
3140 10.906439797901402
3141 11.05623452704656
3142 10.709508466567396
3143 10.67405269575134
3144 11.127839159490584
3145 11.288964387680693
3146 10.996907493910562
3147 11.774708401544757
3148 10.910311184705451
3149 11.02119659018669
3150 12.075399907599746
3151 11.945127042154432
3152 10.661865507630342
3153 11.019878954762785
3154 11.486123396539332
3155 11.527852503169825
3156 11.873307110520903
3157 11.146537091701383
3158 10.911822171254594
3159 11.902408466499516
3160 11.250545726034957
3161 10.91102394255099
3162 11.240484049396814
3163 10.961212345974964
3164 11.786500182556109
3165 11.965275215269207
3166 11.38585162309457
3167 11.98654689774811
3168 11.586242681642995
3169 11.276537404089519
3170 11.21953775241193
3171 11.255606317820495
3172 11.258724801134086
3173 11.749807680723286
3174 11.215039677941201
3175 10.54434408668592
3176 11.211571331309857
3177 10.941687444409542
3178 12.021181058473648
3179 11.190007937152636
3180 11.47840315741168
3181 12.032740268466315
3182 11.629126487819759
3183 10.832732126436541
3184 11.357382731508197
3185 11.204271788206622
3186 11.563366215372149
3187 11.054641327544939
3188 10.656291622389082
3189 11.277679404032893
3190 11.676525791070004
