0 9.925331105262671
1 10.153589090730929
2 10.209480944487726
3 10.063064678795385
4 10.083563800256254
5 10.494437929111916
6 10.15083014211785
7 10.251046605219337
8 9.76613389431465
9 10.400978297436378
10 10.520344067353147
11 10.395506753538715
12 10.208934661782429
13 10.550013349755726
14 10.519247899874955
15 10.419720606594897
16 10.12130332774444
17 10.422812506299916
18 10.19115470120824
19 10.404003879433315
20 10.29887548862051
21 9.925857836952725
22 10.058707958122703
23 10.185968860900612
24 10.012039296125232
25 10.343858172819418
26 10.184067500833372
27 10.185921333730766
28 10.125655830122163
29 10.315892929043951
30 10.451979101691158
31 10.098437133197676
32 10.309306670235415
33 10.293801856568766
34 10.41122820582136
35 9.934307601230712
36 10.441966561702879
37 10.199157533974766
38 10.178114340001528
39 10.361327998118227
40 10.479042190817655
41 10.412163128094685
42 10.344372097435311
43 9.986045969457754
44 10.246275163291413
45 10.198659130778642
46 10.30321200204294
47 10.229240853779283
48 10.383127549978678
49 10.369783976227525
50 10.216453753718934
51 10.363117712324408
52 10.386415702671531
53 10.12477179987919
54 10.099695193059626
55 10.253546551593843
56 10.148810361704529
57 10.489284578975827
58 10.038563824735174
59 10.061780413886602
60 10.213766493418301
61 10.535843162491647
62 10.196900478808102
63 10.267539468754666
64 10.045741650950626
65 9.90810822121559
66 10.436884059994128
67 9.78776646371269
68 10.250029408257282
69 10.07336581448489
70 10.154187354754532
71 10.173019888754343
72 10.243402057972288
73 10.386456639387642
74 10.401450641889342
75 10.292023712600024
76 10.165709161318924
77 10.25699897879361
78 9.916052345442987
79 9.975059591497727
80 10.403658448215868
81 10.178613284105596
82 10.148000015471817
83 10.158775918165478
84 10.695366146678536
85 10.374147676673699
86 9.830666299021628
87 9.609050304099377
88 9.897800912751782
89 9.831589951116692
90 10.078062805340418
91 10.049601639089172
92 9.831941363542752
93 10.150893464582298
94 9.729408564353209
95 10.3530826244275
96 10.42058982008889
97 10.095686759605739
98 10.203778055747987
99 10.396303803963816
100 10.275833537734076
101 10.017120786058944
102 10.012283011169128
103 10.232227714901322
104 10.3713745360441
105 10.284658454473428
106 10.442573328372085
107 10.358795563763364
108 10.315332205924134
109 10.058642267835298
110 10.023612430293342
111 10.256087476623334
112 10.174974425817933
113 9.956630884597633
114 10.35994821630619
115 10.070570516784219
116 10.192462314118826
117 10.862505028902564
118 10.27256692111608
119 9.801887248948436
120 10.033209242228704
121 10.369925519603607
122 10.179784265144448
123 9.821991104575355
124 9.9501678790259
125 9.975772579248767
126 10.10914175301746
127 10.152994569171202
128 9.974237064480416
129 10.117869247557135
130 10.450995087236167
131 9.83425215691127
132 10.269456489298395
133 10.576600131929522
134 10.357190609289777
135 10.439826736674302
136 10.55006653316574
137 10.269238832900534
138 10.754574444309165
139 10.142004636646094
140 10.354513625454514
141 10.30809741330941
142 10.297693825807766
143 10.443966950234598
144 10.477157871842698
145 10.393935943961475
146 10.539847149182966
147 10.3461592523132
148 10.233467018549415
149 10.369124321007897
150 10.442019295177591
151 10.252371626742528
152 10.200329024465187
153 10.232250827602492
154 10.372490251237418
155 10.263975488256214
156 10.049440257332874
157 10.17819145724751
158 9.976152777402797
159 10.027084245863133
160 10.179506974274029
161 10.318233231058992
162 10.340501555025137
163 10.844004414995936
164 10.328189472068788
165 10.60735504822195
166 10.260100050132163
167 10.380282760604503
168 10.618064555324953
169 10.749948821324477
170 10.55741734874187
171 10.115380762131048
172 10.409418850395273
173 10.073521383946224
174 10.233723380563958
175 10.356158493612583
176 10.517170258622802
177 10.322249678779471
178 10.44105514055502
179 10.138831291556325
180 10.433370010937926
181 10.626837310397548
182 10.366179655770434
183 10.616470399081516
184 10.675438417587554
185 10.509737683611107
186 10.4256064513126
187 10.425380593746585
188 10.129793946094164
189 10.870557346526818
190 10.514820350206293
191 10.620465229851604
192 10.312910714995589
193 10.316338392892058
194 9.95120019941486
195 10.258869905607897
196 10.267865685443544
197 10.42982958936181
198 10.264717398009662
199 10.487828369408396
200 10.352736583492444
201 9.912424333948026
202 10.32333424943313
203 10.44692048627839
204 10.141601519579211
205 10.19560958320284
206 10.098862820923946
207 10.26788224451603
208 10.094842729823439
209 10.146571104876273
210 9.98608218594502
211 10.22886199901039
212 10.165206790258718
213 10.201225467586445
214 10.220828810419453
215 10.401281673915394
216 10.16291928552253
217 10.159301860869137
218 10.1692380745583
219 10.37654212934571
220 10.109355440931122
221 10.010844088559153
222 10.206001085490271
223 10.194515023071157
224 10.23312479118081
225 10.009233164530743
226 10.327605050243617
227 10.605190544424332
228 10.510975859134817
229 10.393685758097757
230 10.200318130294393
231 10.091601290346418
232 10.44100163712144
233 10.250451984351853
234 10.32683588777665
235 10.11915459052002
236 10.168268918681854
237 10.49026192522845
238 10.292093638556768
239 10.039414367441424
240 10.332013118244856
241 10.295380703799697
242 10.473554922348788
243 10.371851684165836
244 10.46565372201791
245 10.67716905739591
246 10.17233003863096
247 10.251536815692315
248 10.463904662235977
249 10.548162195009175
250 10.302150293676982
251 10.692452589435923
252 10.60271444992535
253 10.585180105001253
254 10.200836451463662
255 10.44023383546292
256 9.949432520334735
257 10.514224471856995
258 10.214774990542402
259 10.231697764942332
260 10.473051961642422
261 10.126656247527286
262 10.211067714218796
263 10.058141501773157
264 10.24414308122534
265 10.22815756549576
266 10.146562220007626
267 10.325179443119021
268 10.0539645951903
269 10.001577960042201
270 10.289263589481983
271 10.548660888852263
272 10.306636244511779
273 10.21525658630556
274 10.602161722583467
275 10.113993405583999
276 10.171879698583759
277 10.575050463541979
278 9.859873711865685
279 10.034191098151961
280 10.031658575677795
281 10.155070395826073
282 9.970138151718633
283 10.426881553122204
284 10.513708675140895
285 10.154280392399212
286 10.293788319322724
287 10.293413953729534
288 10.449226790422735
289 10.490964559157916
290 10.536556667115295
291 10.248564472654913
292 10.526748871839086
293 10.48667046802145
294 9.933330352117157
295 10.308454648183185
296 10.065684022697864
297 10.51005231079757
298 10.3369923820521
299 10.467221181613487
300 10.071953199956717
301 10.319141412190477
302 10.271780081020768
303 10.311583297793623
304 10.864887423694942
305 10.57025052701853
306 10.568469442917152
307 10.601510801669392
308 10.245229365296519
309 10.240382922567399
310 10.662459253174317
311 10.7231713087101
312 10.439175864010444
313 10.705183438586374
314 10.40030785029271
315 10.381549826762232
316 10.419621767162361
317 10.627414505555171
318 10.62127798261623
319 10.210987054944347
320 9.88073685749217
321 10.341470796781856
322 9.862392715168195
323 10.444871446065061
324 10.247321201309088
325 10.162790460833245
326 10.352815603847505
327 10.600965570080579
328 10.227159466987882
329 10.44277919139231
330 10.288717972549666
331 10.01841304239708
332 10.05018000957758
333 10.146907074501934
334 10.109171733882867
335 10.062439915469016
336 10.211904378296191
337 10.224490299275894
338 10.05755448491979
339 10.037431630431096
340 10.149566336032757
341 10.04783884866294
342 10.004795119608568
343 10.211913540405378
344 10.27105539207115
345 10.182413647444259
346 10.20597117011716
347 10.012538240854504
348 10.055387748370643
349 10.552728325340734
350 10.379382882357657
351 10.173841564553593
352 10.636317589408689
353 10.477536893791942
354 10.317863680068859
355 10.135564343606832
356 10.501446057558821
357 10.612758604821966
358 10.386309713673372
359 10.246625942483936
360 10.488594733412832
361 10.175331509807018
362 10.51873136457153
363 10.561006337612435
364 10.62212722462497
365 10.516023227171365
366 10.321471495047852
367 10.608320405016523
368 10.588111151651018
369 10.606282327471146
370 10.776517220270858
371 10.709719854486934
372 10.250625773061191
373 10.638849591445945
374 10.314358822690787
375 10.383534743145969
376 10.343929251811538
377 10.123365454611688
378 10.613099036858909
379 10.505928309834612
380 10.472410891459072
381 10.47747325391783
382 10.36431363328808
383 10.684735608616291
384 10.367753410966808
385 10.625482166101488
386 10.380464925107695
387 10.372131893903305
388 10.354717009085478
389 10.258313335175256
390 10.588469296327096
391 10.644590743075593
392 10.459703103843756
393 10.324905305928898
394 10.364583797511187
395 10.578356592676737
396 10.312044852500858
397 10.52248248641085
398 10.437108068247548
399 10.618605151526651
400 10.693268090449696
401 10.331431545154903
402 10.204527724724702
403 10.150442879169741
404 10.583348533487237
405 10.402586194590084
406 10.48110833800592
407 10.249356728409197
408 10.21606228503288
409 10.547377075785082
410 10.393768642807592
411 10.56745383168502
412 10.647787104997736
413 10.456786284880405
414 10.438937087234665
415 10.557258023263927
416 10.36644946607182
417 10.41880905461957
418 10.579785029691266
419 10.694387127574592
420 10.21564340774007
421 10.307266584084838
422 10.287020576780213
423 10.591640618945549
424 10.499747599700797
425 10.309844664552367
426 10.622344739722601
427 10.921105808595627
428 10.65961330933177
429 10.85422707224838
430 10.398478683072012
431 10.511698142949593
432 10.290933141207677
433 10.416865927871083
434 10.93067233860856
435 10.356208449104619
436 10.736994166416652
437 10.452182266020364
438 10.262340948714394
439 10.389357903535899
440 10.37922331945122
441 10.626598478962087
442 10.746049556531037
443 10.537489740298229
444 10.302601982785427
445 10.236998035385408
446 10.460179720209707
447 10.231445569143768
448 10.273959116137615
449 10.154940639688347
450 10.384333668045223
451 10.49864978495704
452 10.5296067157383
453 10.046652097875603
454 10.187790734642252
455 10.273461105959184
456 10.31917711112955
457 10.664275318752653
458 10.29467068335073
459 10.289442848525212
460 10.292114489450414
461 10.922415780742405
462 10.66208258889603
463 10.26194674434862
464 10.592600926814196
465 10.837273101912423
466 10.440942014101186
467 10.244646108919529
468 10.353201560191366
469 10.548018938078197
470 10.418792246485323
471 10.515448756638937
472 10.34040259993218
473 10.33989723548069
474 10.200088407875251
475 10.038604687952953
476 10.294007124043853
477 10.050827071397723
478 9.818837672352252
479 9.658418948486817
480 9.406811627951033
481 9.952803277703834
482 10.081767286328732
483 9.841707319265083
484 10.198160358708716
485 10.085969527181195
486 10.11564493969676
487 9.877320162273381
488 9.957972873346332
489 10.181493870556181
490 10.187787565370465
491 9.957883146644406
492 9.876389472667311
493 9.847662449649741
494 10.077241317815652
495 10.030051687319295
496 10.277176687604088
497 9.802172728895789
498 10.129360924291737
499 9.903132366084513
500 9.823884355483916
501 9.914687261111217
502 9.935367160805777
503 9.975253270664068
504 9.91760576882158
505 9.815367191228518
506 9.872242417439912
507 10.129033475490575
508 9.497490087440642
509 9.611371548511135
510 10.178082868047037
511 9.771823038659692
512 9.834446899962964
513 9.96345433610821
514 10.284813794579502
515 10.40878487153132
516 10.582319898631736
517 10.980833249865793
518 10.696555881973964
519 10.493820598773494
520 10.333210210726596
521 10.624170131450628
522 10.441600613366614
523 10.611597971344016
524 10.403514204018293
525 10.525909269836195
526 10.698659955635828
527 10.842453103070415
528 10.47312862181233
529 10.252105079477191
530 10.43895162046066
531 9.936576426456321
532 10.32718102515397
533 10.729270066050008
534 10.798033437872581
535 10.412452661829597
536 10.606221419015707
537 10.498593956072824
538 10.712521241730048
539 10.251907625946611
540 10.480228949177404
541 10.731968248106286
542 10.365860007670939
543 10.744845990374024
544 10.635895289623287
545 10.841660594533073
546 10.535485925358994
547 10.397656446283682
548 10.618826210184098
549 10.260667455333422
550 9.993552769575349
551 10.796495741840149
552 10.286246796282391
553 10.361260119154803
554 10.304939042319944
555 10.108771427425486
556 10.420647681855812
557 10.126232379790661
558 10.137398209137968
559 10.411173424933201
560 10.253569513141821
561 10.331010184330593
562 10.434223943604415
563 10.319837786313741
564 10.370986070029101
565 10.156261074971995
566 9.99920721933757
567 10.246212876708997
568 10.453536632008682
569 10.405389495796854
570 10.537654642814463
571 10.554716881836743
572 10.260953348469913
573 10.332747535806599
574 10.138851281039093
575 10.532072294596762
576 10.427153825870288
577 10.436537074495396
578 10.497990285990674
579 10.550771382909286
580 10.68282905353677
581 10.850934312060616
582 10.415559609875205
583 10.032218876324936
584 10.58829485327388
585 10.474280213592627
586 10.585841351712828
587 10.400353362093705
588 10.61538139353826
589 10.34838680675389
590 10.570365546931924
591 10.27848446648382
592 10.570122259429638
593 10.669935173572
594 10.332762069810276
595 10.535035941550802
596 10.73898654632262
597 10.619824512725309
598 10.378136315556679
599 10.692173521955475
600 10.311281656392943
601 10.210815761736866
602 10.266793247924152
603 10.503527891578475
604 10.171607178764024
605 10.576585464580146
606 10.296920033160918
607 10.122646246116103
608 10.463825566935613
609 10.668157569974172
610 10.282805615969123
611 10.462151688250312
612 10.453896914104591
613 10.569898676626106
614 10.683106442678824
615 10.393101949755792
616 10.510929816813467
617 10.34532829272325
618 10.085542834731985
619 10.2034620328097
620 9.853454336727763
621 10.44316581661239
622 10.31180551893592
623 10.153131341129392
624 10.714519489551332
625 10.144449658359866
626 10.12186019068542
627 9.86174636720038
628 9.971310189554789
629 9.895423421478068
630 10.072572384563932
631 9.831726215512207
632 10.098132876558688
633 10.129247322158966
634 10.036677990564744
635 10.177437229176618
636 10.44851452623877
637 10.598755190103057
638 10.317536113377743
639 10.341315050103015
640 10.204262520623047
641 10.252494893061643
642 10.511496680461761
643 10.579835137747896
644 10.408071287912264
645 10.510989349804456
646 10.441480790096918
647 10.40929936175612
648 10.530374910855503
649 10.431856759535371
650 10.638201338215538
651 10.580990644385318
652 10.350415601635367
653 10.556750349323249
654 10.327513845860677
655 10.362025527506823
656 10.455471960811634
657 10.696595587381273
658 10.634885648903156
659 10.592088264416565
660 10.592318726844637
661 10.262728751547735
662 10.282366557678284
663 10.734744937938585
664 10.306642231779104
665 10.44048225794361
666 10.295668200849029
667 10.35303614867061
668 10.286631571352757
669 10.017604548438706
670 10.342884772216463
671 10.28280310041781
672 10.397911136189196
673 10.450165268089988
674 10.251792938456244
675 10.447840674070974
676 10.251852943710212
677 10.34799976111617
678 10.766964943782252
679 10.612471288206786
680 10.229231683736952
681 10.570683485646569
682 10.469882525088927
683 10.908724295099654
684 10.416595721545136
685 10.449730434898369
686 10.591992398735389
687 10.31272400743523
688 10.110349186001637
689 10.80005786410358
690 10.544930036398743
691 10.143770309900233
692 10.52752419227308
693 10.266185406911086
694 10.607444191148687
695 10.22911232236498
696 10.643927740264157
697 10.674636406650379
698 10.620599176360352
699 10.350613644060184
700 10.588939784412586
701 10.510841644257573
702 10.434277081654308
703 10.659310462894968
704 10.438918490566705
705 10.812997700444672
706 10.671571182015356
707 10.831433313422108
708 10.728745100778884
709 10.665366405770422
710 10.68583006704813
711 10.661021181790723
712 10.53920007549306
713 10.707733464509904
714 10.395252591525704
715 10.767703465362402
716 10.553460805018034
717 10.479096037671672
718 10.245428532822622
719 10.754274949992553
720 10.639121553747874
721 10.588560050483817
722 10.740340061543174
723 10.741376718265526
724 10.5331657657129
725 10.398100386509725
726 10.393037448782454
727 10.538602587275896
728 10.414363971997764
729 10.347478629472777
730 10.326261631719307
731 10.089223187947448
732 10.367366318254678
733 10.47626658562509
734 10.252964497475864
735 10.632292876706918
736 10.463777669934355
737 10.465418983415931
738 10.361443034408417
739 10.40640831791295
740 10.545094760426222
741 10.386512877796944
742 10.000199382970026
743 10.196157014154652
744 10.456396670541924
745 10.300423277161475
746 10.517558398553822
747 10.47249365984569
748 10.34154612661097
749 10.637013883653193
750 10.459778602478982
751 10.403671772277418
752 10.400136674806122
753 10.455310917843045
754 10.617495899116712
755 10.209272043865717
756 10.356408878591175
757 10.383741671284396
758 10.460027573540428
759 10.76440615257061
760 10.266953350748349
761 10.426058534367312
762 10.450315544187085
763 9.946355001474613
764 10.324951786141755
765 10.68818273575402
766 10.45051930745382
767 10.57355646227746
768 10.330656728068977
769 10.290299854356327
770 10.470533053455062
771 10.357432314997514
772 10.110576584427264
773 10.454147791006518
774 10.287439567452834
775 10.504362499465133
776 10.46608927420889
777 10.597359979053914
778 10.441850740931821
779 10.714011041679425
780 10.38776888941356
781 10.319675473951747
782 10.48742005320274
783 10.310944600821752
784 10.598616120696041
785 10.249300266979986
786 10.248051918903021
787 10.525756432431356
788 10.28550728407267
789 10.402124548814855
790 10.430946780922778
791 10.470455457201242
792 10.620652447630242
793 10.628987412948423
794 10.312440174509616
795 10.615156935210026
796 10.69562417003474
797 10.39390114440643
798 10.294220849180967
799 10.37989388947621
800 10.514257944332602
801 10.591188786842288
802 10.748606274090003
803 10.437091721582597
804 11.06103063285451
805 10.721023803879213
806 10.496078583620184
807 10.443350495603596
808 10.436105479254188
809 10.751644803044865
810 10.196390749102882
811 10.487775382198748
812 10.423955562261899
813 9.973050088925403
814 10.072590859569136
815 10.210061515285776
816 10.0440110748885
817 10.210878012196707
818 10.330669266788858
819 10.814572015956292
820 10.187836441071394
821 10.517219833671879
822 10.327800030607625
823 10.277517895514633
824 10.46613509523696
825 10.413948119586394
826 10.339000442040104
827 10.256805677886845
828 10.075275485732178
829 10.57451349495897
830 10.42152353215253
831 10.401474957594338
832 10.10683460007563
833 10.326511839583848
834 10.499187202117406
835 10.386632947945682
836 10.531313608989304
837 10.236956294667085
838 10.564053162218187
839 10.16849792793523
840 10.472742607094217
841 10.441080570820017
842 10.33144230617863
843 10.46105633357972
844 10.57617841731393
845 10.6817962990766
846 10.089190791802103
847 10.13290172601357
848 10.111020588912824
849 10.050486307934364
850 10.587944629610435
851 10.190791498077223
852 10.60829692144783
853 10.479142775473871
854 10.308636719232044
855 10.529479989114645
856 10.528858249863463
857 10.599832971070592
858 10.475034663264378
859 10.457576582970624
860 10.529875904652188
861 10.533019820241375
862 10.251302295448623
863 10.421213344094445
864 10.548804019703383
865 10.19507729952576
866 10.236184812382023
867 10.123560527770953
868 10.578348825490586
869 10.292482427126785
870 10.455884129331006
871 10.27360106487516
872 10.550713730279321
873 10.276586722247393
874 10.10431704062486
875 10.21877268545851
876 10.313596147407544
877 10.47019038174314
878 10.530166073687072
879 10.613620581661149
880 10.295039830406997
881 10.737007567731695
882 10.602093952655308
883 10.305919077849245
884 10.498916282163865
885 10.389747552473347
886 10.571662973533519
887 10.375409143724195
888 10.431447480331922
889 10.584044518435372
890 10.285496259287054
891 10.276892951646218
892 10.345317165884213
893 10.414060383783724
894 10.232447140679254
895 10.206895443629438
896 10.227392827001395
897 10.515105664734772
898 10.73430338571445
899 10.610187047673778
900 10.365205446103399
901 10.461276188830583
902 10.342603863020004
903 10.369308064336629
904 10.18852694783776
905 10.32079335315506
906 10.545432275429244
907 10.309322593367813
908 10.453697415021725
909 10.422690161581837
910 10.421263645874607
911 10.124532598266077
912 10.27332808480274
913 10.327723483047498
914 10.526341742072628
915 10.601913782322068
916 10.195873584050434
917 10.412353220121053
918 10.441383109526035
919 10.361922019720746
920 10.41313636960492
921 10.320628148603326
922 10.345522644321129
923 10.436861933940376
924 10.440801788254342
925 10.481016942770246
926 10.31037691226148
927 10.158768666652085
928 10.313097596094357
929 9.919709782482915
930 10.321101910310398
931 10.18702364053286
932 10.133117719555683
933 9.998204218215118
934 9.571710469075486
935 9.99410003953809
936 10.191935679216538
937 10.112665983845494
938 10.2975294042286
939 10.080263941050735
940 10.070391499917456
941 9.827111185303869
942 10.16176864763058
943 10.002390003576776
944 10.281409667307393
945 10.297645184491083
946 10.399861480000428
947 10.396887624755967
948 10.350401443696143
949 10.030213617051047
950 9.905584075513287
951 10.075942454113571
952 9.833954615248498
953 9.701822891565293
954 10.069410526927182
955 10.088766961772142
956 9.962869947016218
957 9.929484997087958
958 10.10340083643466
959 10.100551327379828
960 10.320307642502666
961 10.194966500972415
962 10.18755955283391
963 10.249602779371228
964 10.380681015624784
965 10.350141341545974
966 10.428040292205505
967 10.036824654313515
968 10.091715473542873
969 10.0223530600793
970 10.12182125744778
971 9.798307874464157
972 10.030125805741473
973 10.166628208279029
974 10.147058038656741
975 9.895117383288323
976 9.898866693512508
977 10.087258702133427
978 10.167307461960883
979 10.091486770323105
980 10.445120487999798
981 10.312446417647317
982 10.590540747020682
983 10.122585506406681
984 10.5802735851056
985 10.120006021396254
986 10.010027423290685
987 10.13056369167064
988 10.140451324159184
989 10.1174151609422
990 10.026434300911289
991 10.384695862980806
992 9.817857188629217
993 9.815954221920146
994 9.937953101003103
995 10.247698189295935
996 10.08931484289504
997 10.07130292385768
998 10.354311032448091
999 10.05402339777569
1000 10.024720819125578
1001 9.93555291804772
1002 10.066441902532222
1003 10.23541896454746
1004 10.29409969965975
1005 10.23127274204554
1006 10.138423154708965
1007 10.267343700455092
1008 10.138458524455666
1009 9.996405378066305
1010 9.977256326609147
1011 10.104328696857081
1012 10.054872447931372
1013 10.223985896845797
1014 9.65576272700603
1015 9.930368901891717
1016 10.143586649058395
1017 9.820985527693304
1018 10.408921966870567
1019 10.132361662982726
1020 10.126785821743544
1021 9.999957829871196
1022 10.141364666411157
1023 10.173177897499755
1024 10.140501187050264
1025 10.04999131808053
1026 10.195662518384115
1027 10.057479867748505
1028 10.502670804608883
1029 10.034841929134608
1030 10.052035437888486
1031 9.89461411599522
1032 9.918577862378278
1033 10.093364819441526
1034 9.892023716539144
1035 10.024505551300457
1036 10.179825515381957
1037 9.922511444656505
1038 10.016839201853882
1039 10.044468455420848
1040 10.212991237823195
1041 10.122579864086367
1042 10.194612370264633
1043 10.555022808777299
1044 10.157207847003104
1045 9.716611603973194
1046 10.22064424229915
1047 10.049349779971658
1048 10.266424919288227
1049 10.389220069607578
1050 10.452978219225615
1051 10.255664615661402
1052 10.13987727915969
1053 10.25806144003164
1054 10.581490799819367
1055 10.708231222055607
1056 10.439666832638158
1057 10.290221602838473
1058 10.048999318050605
1059 10.27788235540374
1060 10.043886152807232
1061 10.176603052704317
1062 10.469551689891253
1063 10.077697507359007
1064 10.417362548067217
1065 10.129668355835323
1066 10.171384949315284
1067 10.118371768160594
1068 10.019129945896301
1069 10.557835153694498
1070 9.88824119478737
1071 10.35856189412281
1072 9.926990315653573
1073 10.463264446637098
1074 10.288150138807703
1075 10.366457032088357
1076 10.270202976176428
1077 9.860985799534715
1078 10.293591646483476
1079 10.412427194353818
1080 10.00755805959173
1081 10.468859647542331
1082 9.963716429137405
1083 10.154338657169745
1084 10.153693748806077
1085 10.312882887538777
1086 10.248842946934145
1087 9.913851260162518
1088 10.15296390295716
1089 10.457088932105256
1090 10.2209683046981
1091 10.20956135386186
1092 10.624793469633328
1093 10.265598646516136
1094 10.075815970544904
1095 10.308829784001228
1096 9.992318062738596
1097 10.20287187996812
1098 10.355438810255645
1099 10.412178897581127
1100 10.294425214052653
1101 10.383973881981175
1102 10.059039676209762
1103 10.344791104783411
1104 10.174866269044823
1105 10.292494818706857
1106 10.4969578340631
1107 10.165313778018758
1108 10.35712957928993
1109 10.253170144742114
1110 10.34916466568116
1111 10.33265386826593
1112 10.010349439451572
1113 10.20547202205461
1114 9.946546880698055
1115 10.057912916986707
1116 9.973469509269025
1117 10.195571491779406
1118 10.092294861353452
1119 9.850652403060462
1120 9.779392582116467
1121 9.849828827514921
1122 9.790906435994714
1123 9.953041133800458
1124 10.151985813660456
1125 10.060678368951669
1126 10.061201631373086
1127 10.03652726828229
1128 10.068565507495922
1129 9.729090880025426
1130 10.097241912274042
1131 10.156416833995952
1132 10.15730973127867
1133 10.39459545091663
1134 10.135029075289063
1135 10.008161492301689
1136 10.219068286970904
1137 10.237293809237036
1138 10.128346519454071
1139 10.490119399262113
1140 9.949018989103395
1141 10.30037826229921
1142 10.271500255248084
1143 9.744331862548835
1144 10.017659752877274
1145 10.055257180732701
1146 10.204642179369648
1147 10.27209428303124
1148 9.774406956744564
1149 10.071562270425117
1150 10.154571088044264
1151 9.831263616021952
1152 10.107178460559213
1153 10.112728460118287
1154 10.204334623153034
1155 10.03912423696766
1156 10.162977217330848
1157 10.270369424380794
1158 10.109608765946865
1159 10.09161379597015
1160 10.072999417729006
1161 10.15792038193229
1162 9.761364442184844
1163 9.750272365485822
1164 10.061749021918564
1165 10.063827138034535
1166 10.037492767096163
1167 10.115617665900688
1168 10.119635387514997
1169 10.03695732326813
1170 10.202484506031086
1171 10.11419378971696
1172 10.216634691314509
1173 9.953176638534922
1174 9.925297491169333
1175 9.788983193972669
1176 9.994830159800603
1177 10.306785597514798
1178 10.31699308198012
1179 10.03939508937474
1180 10.197152783406946
1181 10.049018509659735
1182 10.26984273203458
1183 10.209747036031864
1184 10.0799017246421
1185 10.05846670687447
1186 10.443124307144187
1187 10.17548256465231
1188 10.01228960409768
1189 9.79067208283553
1190 10.27953494100886
1191 10.257020797894157
1192 10.221284717453914
1193 10.09939036539708
1194 10.087795138949783
1195 9.92698820916926
1196 10.158608816872295
1197 9.972365915908947
1198 9.921108576102494
1199 9.69569989703332
1200 10.11021740079685
1201 10.201872119655558
1202 10.01372908229684
1203 9.97427221769372
1204 9.866567925136007
1205 10.388046519273948
1206 10.092203375668307
1207 9.886161199111635
1208 9.9051318707724
1209 10.201005765416422
1210 9.955345216754042
1211 10.011352786036484
1212 9.896523033785682
1213 9.934073920408236
1214 9.824733838798855
1215 10.007356900162751
1216 9.965374366902376
1217 10.179014307434059
1218 9.93128777951942
1219 9.888041959824104
1220 9.956643969501272
1221 10.173890142035175
1222 9.77462939232753
1223 10.303790857220172
1224 10.026363524957741
1225 10.135554225582323
1226 10.365530369410118
1227 10.128033347730575
1228 10.302486977291576
1229 10.231642894908617
1230 10.034712927782158
1231 10.0151123022012
1232 10.157147323330916
1233 9.927038064160142
1234 10.238946327355125
1235 10.116201994165348
1236 9.859788530645632
1237 10.277823890134448
1238 9.940932555273845
1239 10.042429532091168
1240 10.293923384119873
1241 10.070237324107582
1242 10.085188670092085
1243 10.18071136634322
1244 9.984389592699117
1245 10.014541834555672
1246 10.087897827375285
1247 9.96248251249926
1248 9.869383824582298
1249 9.821471236996864
1250 10.213970275754475
1251 10.447689144472847
1252 10.030515153402026
1253 9.798561160434412
1254 9.8055956437164
1255 10.022068041799537
1256 10.365784402203714
1257 10.279490786729887
1258 10.055918747114603
1259 10.33781204644
1260 10.103203316194179
1261 9.915850696918739
1262 9.942442879492825
1263 9.86567372682032
1264 10.111945088004827
1265 10.374524751643053
1266 10.211080306232827
1267 10.257795590644653
1268 10.187927034941278
1269 10.362763240735784
1270 10.4372021982042
1271 10.309447562523381
1272 10.073140590376939
1273 10.116879193030446
1274 10.16613470792796
1275 10.28464466073539
1276 10.24140798019956
1277 10.091853444868676
1278 10.346356764567435
1279 10.369479272717832
1280 10.198333978286641
1281 10.12572552371039
1282 10.206399353739018
1283 10.368018547704386
1284 10.207617186708717
1285 10.136024761001188
1286 10.067000686974295
1287 9.906822554453859
1288 10.028793947559441
1289 10.408963096469586
1290 9.955311111395275
1291 10.136138858574858
1292 10.225236691947476
1293 10.093369297256807
1294 10.218599687704364
1295 10.190426082638577
1296 10.23482431068633
1297 9.899659333922019
1298 10.332189975222557
1299 10.242095903068122
1300 9.98859119247358
1301 10.050343307816059
1302 10.430436481778726
1303 10.34415392573006
1304 10.22037919465925
1305 9.853330425636077
1306 10.288921564373007
1307 9.894814046196482
1308 10.381267706271213
1309 10.398370771547679
1310 10.686916334163396
1311 10.07752522412909
1312 10.000320384901169
1313 10.34826875116921
1314 10.110949112065613
1315 10.420133977596162
1316 10.418692586152007
1317 10.147079469578834
1318 10.470390344811024
1319 10.434409216691924
1320 10.361310252777102
1321 10.546934576599265
1322 10.487004014155254
1323 10.23694598831189
1324 10.248928904507219
1325 10.401787018789106
1326 10.571836720762027
1327 10.393244044197454
1328 10.143095345880981
1329 10.531758955726252
1330 10.783754302882548
1331 10.160694475203643
1332 10.312863515976169
1333 10.283681730267812
1334 10.257304929772108
1335 10.032635116134434
1336 10.19446781894804
1337 10.164349817880563
1338 10.13716735152274
1339 10.430600507935425
1340 10.352327020387994
1341 10.649764983042628
1342 10.539869917853094
1343 10.36245031978725
1344 9.987165221526356
1345 10.226521477513876
1346 10.312885593632048
1347 10.262634573888578
1348 10.300161813360024
1349 10.391708587601924
1350 10.14039180209256
1351 10.421332603157241
1352 10.281769853844287
1353 10.280777891730494
1354 10.61744841969945
1355 10.120975643780078
1356 9.980618616935578
1357 10.238301512342007
1358 10.275023463148084
1359 10.203488648577268
1360 10.582225268480762
1361 10.10396072954114
1362 10.409494884342234
1363 10.283668445804041
1364 10.491953491824248
1365 10.2693656947118
1366 10.193713925431863
1367 10.077191013546967
1368 10.197780312095919
1369 9.9665511108088
1370 10.198010162172393
1371 10.254397200187908
1372 10.221668180076062
1373 10.022951025769888
1374 10.289503328349447
1375 10.10962058484552
1376 10.175297315075465
1377 10.168911082312325
1378 9.995171688581648
1379 10.126427578318959
1380 10.315828400650906
1381 10.078808226343737
1382 10.764426446664697
1383 10.200851507436065
1384 10.272977306060994
1385 10.258360771380978
1386 10.214099122686212
1387 10.086713608956856
1388 9.916840265908043
1389 10.106120216236445
1390 10.255361424178997
1391 9.922871189043338
1392 10.069136241725047
1393 10.232613324277326
1394 9.899513404532044
1395 10.437483322628164
1396 10.198002824468702
1397 9.962267329531294
1398 10.099744988376417
1399 10.037288253381087
1400 10.110183444478125
1401 10.079369740144887
1402 10.16185791432635
1403 10.140838082022848
1404 10.032522955538319
1405 9.799361235220836
1406 10.039804980713788
1407 9.661063175120896
1408 10.117639612295324
1409 10.156643821902442
1410 10.156552112919437
1411 9.750154730871
1412 10.178944259575514
1413 10.289703604425288
1414 10.052392297104744
1415 10.08173884385533
1416 10.082435049834855
1417 9.9103703330233
1418 10.486751170371702
1419 9.97930609712578
1420 10.352530144573052
1421 9.933183096733398
1422 10.159665178392418
1423 10.27643883783712
1424 10.008833733474704
1425 10.143306014072165
1426 10.249029693069852
1427 10.252480544682657
1428 10.280820768269292
1429 10.048778077248759
1430 10.133395376922145
1431 10.12666637596943
1432 10.255882949439254
1433 10.331643772982142
1434 10.474559531472865
1435 10.101747329631323
1436 10.27843082573466
1437 10.000230343175241
1438 10.230849142909774
1439 10.151212714977698
1440 10.32913797430935
1441 10.366653909011776
1442 10.324837431993572
1443 10.280579321313832
1444 10.140935122756996
1445 10.213089320088542
1446 9.831001478122362
1447 10.246956213698049
1448 10.433138630613644
1449 10.211975978200634
1450 10.185679587215526
1451 9.96915014198047
1452 10.02069352106356
1453 10.127125664409363
1454 10.397466045792658
1455 10.118002292504576
1456 10.153286180253701
1457 10.171172299303676
1458 10.22019871716777
1459 10.14433574495858
1460 10.383808267279358
1461 10.088365137055773
1462 10.237722130790361
1463 9.821293006826538
1464 9.946696274222349
1465 10.26547978158172
1466 9.97395877355257
1467 10.049812713272251
1468 9.723423785343838
1469 10.01437756036227
1470 9.7576305011425
1471 9.711995271413242
1472 10.143718178250092
1473 10.039804871821106
1474 10.116020288865068
1475 9.93604738254455
1476 10.233768269634854
1477 9.942473496087812
1478 10.279268816128308
1479 10.612808020808627
1480 9.997368366982148
1481 9.96574893402847
1482 10.06377674467311
1483 10.25300423071603
1484 10.256486055671916
1485 10.150137923825787
1486 10.674375462907923
1487 10.26592397773867
1488 10.497487184346026
1489 10.38259874390826
1490 10.312458154838168
1491 10.20912735028079
1492 10.097440391584774
1493 10.571740352496716
1494 10.189001852163384
1495 10.379012789263221
1496 10.120744919876731
1497 10.286644316063684
1498 10.801961348798308
1499 10.169663445644042
1500 10.21661437071331
1501 9.687776439687715
1502 10.060420653585652
1503 10.270323398219873
1504 9.948408082559093
1505 9.988869224137945
1506 10.306777210236248
1507 10.08803935633621
1508 10.024427217768135
1509 10.292852656456754
1510 10.129713335448626
1511 10.419225227719318
1512 10.406955551071924
1513 10.243534943017305
1514 10.41164352813961
1515 10.054883678380287
1516 10.231089756406888
1517 10.2954335049136
1518 10.610626228269743
1519 10.382453935124882
1520 10.337461379690524
1521 10.455673562940634
1522 10.328460990576563
1523 10.190979366926836
1524 10.3224202781177
1525 10.228993195530467
1526 10.213418037847735
1527 10.147192692622546
1528 10.127320833169607
1529 10.451308048718216
1530 10.302474716850947
1531 9.801919049835504
1532 9.839200664327354
1533 9.925053286241523
1534 10.175536530096007
1535 9.822513520139493
1536 9.836323930794412
1537 10.33674745954206
1538 10.368693019613424
1539 10.428071896404289
1540 10.693377617857758
1541 10.0612948060156
1542 10.216355634950721
1543 10.274535793050342
1544 10.550052325471961
1545 10.235642893315937
1546 10.585482623237283
1547 10.220348674133662
1548 10.189026138500672
1549 10.00989483899111
1550 10.293681070282048
1551 10.207707983059224
1552 9.758257774148205
1553 10.109162427765385
1554 10.22116287010782
1555 10.094917244943703
1556 10.12320168558897
1557 10.373638254139033
1558 10.07761146435167
1559 10.159733210317109
1560 9.977717867986295
1561 9.959702051793604
1562 10.042370540264795
1563 9.859511858864044
1564 9.975174913014335
1565 9.859981465210799
1566 10.288708809597653
1567 10.028574129117725
1568 10.188407836271423
1569 10.083385837401405
1570 10.24875255633914
1571 10.372379193137503
1572 10.430871311522797
1573 10.428235266125894
1574 10.652224926711767
1575 10.369045315566353
1576 10.515494629622406
1577 10.12887002842715
1578 10.201090808561217
1579 10.38031944995682
1580 10.22265720911363
1581 10.475622439340427
1582 10.185052241181513
1583 10.205466487656047
1584 10.202084524656735
1585 10.20714174667814
1586 10.031412188096159
1587 10.323459104134399
1588 10.066018512225078
1589 9.999049995168829
1590 10.239199058451648
1591 10.1787080087761
1592 10.369080173841553
1593 10.301674930059153
1594 10.275264121602905
1595 10.145433077037127
1596 10.540861825176597
1597 10.341065336964531
1598 10.511868196579
1599 10.198807869070416
1600 9.95618174932133
1601 10.018766308345374
1602 9.797931768358241
1603 9.96035783527071
1604 10.036355215293245
1605 9.923279165121826
1606 10.023712412490227
1607 10.205623380295625
1608 10.309137928935934
1609 10.38157614166555
1610 10.196237028930824
1611 9.868239601398924
1612 10.094570868313165
1613 10.078151531881462
1614 9.77208096418712
1615 9.73153936539734
1616 9.680695956883936
1617 10.263858258717132
1618 9.980151286084455
1619 9.546744934265451
1620 9.979109274309426
1621 9.83404872928107
1622 10.080604431482541
1623 9.91603431304939
1624 9.936256615187506
1625 9.83205186289177
1626 9.637629824295614
1627 9.700565435529032
1628 9.85892548338896
1629 9.895830521150113
1630 10.092859204791676
1631 9.86508412061608
1632 9.958839583204899
1633 10.14706706180996
1634 10.145316531704493
1635 9.921729769489938
1636 10.400279087740204
1637 10.00902425604067
1638 9.935371067634232
1639 10.068107180573106
1640 10.299001464174642
1641 10.245831584987426
1642 10.21481730527691
1643 10.42199159889028
1644 10.430653356447031
1645 10.340035272730903
1646 10.245790025789406
1647 9.699205793604646
1648 10.148572577049022
1649 10.214748021636039
1650 10.106953593843222
1651 9.737527647149891
1652 10.224017456418814
1653 10.175913180564157
1654 10.242847552276771
1655 9.849902260529005
1656 10.095745104790593
1657 10.288687533544543
1658 9.877089214506135
1659 10.231338637753115
1660 10.07960301787872
1661 10.070782228383266
1662 9.958793555402458
1663 10.181644557730118
1664 10.254028386900606
1665 10.125755638988403
1666 10.067233977987868
1667 10.269622134460391
1668 10.195179993794802
1669 10.171309461908503
1670 9.971266566701756
1671 10.35285370917235
1672 10.149885177432912
1673 10.31655382401362
1674 9.816899961430455
1675 10.301250496840886
1676 10.179043642426361
1677 10.495052490272366
1678 10.463020620947947
1679 10.159260095086616
1680 10.398791938635878
1681 10.427527578398477
1682 10.283106551011103
1683 9.858805192368552
1684 10.092785090468107
1685 10.333280176467413
1686 10.266601750148961
1687 10.337058582908265
1688 10.361444574035099
1689 9.932145556081625
1690 10.181326050731506
1691 10.121987849395968
1692 10.82447848055566
1693 10.218031829159248
1694 10.194164839366325
1695 10.146428402547162
1696 10.472638838525663
1697 10.25067408550508
1698 10.278868448613464
1699 10.130314844629405
1700 10.14061399225847
1701 10.256655832804297
1702 10.346363332963861
1703 10.052316819004146
1704 10.34330323903275
1705 10.535269386403114
1706 10.326956539335631
1707 10.037914284199479
1708 10.27175482326538
1709 10.300023689167663
1710 10.357859906955733
1711 10.32624213147633
1712 10.484242316984327
1713 10.123749684461647
1714 10.231100781124152
1715 10.107085612128513
1716 10.157108925657083
1717 9.9619327877043
1718 10.407356886891163
1719 10.137001678541868
1720 10.63459656908001
1721 10.027323251455668
1722 10.232557310856308
1723 10.401827733112242
1724 9.926254299409182
1725 10.62331248724053
1726 10.635030609957687
1727 10.253785949523767
1728 9.841655630028775
1729 10.42546105161589
1730 10.27550733648696
1731 10.245546661027717
1732 10.375053321428544
1733 10.09278491600807
1734 10.327283561187683
1735 10.306289790577118
1736 10.687282093697664
1737 10.045910318634258
1738 10.379362469125487
1739 10.081296238229966
1740 10.339661922231965
1741 10.120876935104583
1742 10.256228163891846
1743 10.387113129489636
1744 10.31124784652729
1745 10.258198864174826
1746 10.308774373460237
1747 10.126077106029628
1748 10.250728311696408
1749 10.224951240485716
1750 10.030549435765444
1751 9.98304603341585
1752 10.184250968034805
1753 10.188316921326123
1754 10.490262901300625
1755 10.049018259536886
1756 10.179937080975959
1757 10.143935775144566
1758 10.351902767438636
1759 10.497136675802071
1760 10.071883776736199
1761 10.614587647198254
1762 10.159556493140933
1763 10.210607651352198
1764 10.1488542312944
1765 9.794922681098747
1766 10.257840523405724
1767 10.337560098627986
1768 10.127410222822341
1769 10.145838944937454
1770 10.417546114715373
1771 10.317236662009321
1772 10.470987766568435
1773 10.245681635924226
1774 10.108902418962929
1775 10.148545210399565
1776 10.060630591689973
1777 10.270879397694294
1778 10.077718236102722
1779 10.060073064307819
1780 10.237252154401421
1781 10.558647068214437
1782 10.444467688511327
1783 10.135715012877878
1784 10.27676439527148
1785 10.095483852206563
1786 9.611293195856538
1787 9.910925715977973
1788 9.963925889135037
1789 10.201282886133408
1790 10.24794372209297
1791 10.130526739994586
1792 10.283750602687572
1793 10.026047149047518
1794 9.76038713414152
1795 10.165078409277115
1796 10.149670259699988
1797 10.018801060968638
1798 10.025572010521083
1799 10.105800677617216
1800 9.885470341974361
1801 10.270938236186165
1802 10.154439036805828
1803 10.033502911335981
1804 10.111150215014852
1805 10.205706784380116
1806 10.152478479353372
1807 10.07842886603944
1808 9.975898656685402
1809 9.760063848558008
1810 10.063169693156606
1811 9.981494748020413
1812 9.749262065194012
1813 10.513159267289902
1814 9.826405008157689
1815 9.856840227339177
1816 10.100993763435133
1817 10.058588031194745
1818 9.995546218764158
1819 10.199698673761587
1820 9.834037639740268
1821 9.86714368835519
1822 10.384180143336796
1823 9.91311119933461
1824 10.183981897046746
1825 10.233880641211462
1826 10.20148299894517
1827 9.948496840378725
1828 9.923073317784977
1829 10.001360883642144
1830 10.157694602507092
1831 10.141069172106977
1832 9.824187260046985
1833 10.206490276064065
1834 10.159872983069572
1835 9.75244593572018
1836 10.093165814370687
1837 10.34527089746718
1838 9.733774555525558
1839 10.169142658892218
1840 10.059491544454099
1841 10.136239186662253
1842 10.129572631540674
1843 10.091667066507073
1844 10.25751045357708
1845 9.948276109155424
1846 10.305269486009195
1847 10.315391819363379
1848 10.118451362415076
1849 10.246034893249867
1850 10.098247818577804
1851 10.26794817970774
1852 9.87073853908247
1853 10.216549366578171
1854 10.271295587705803
1855 9.918686690642078
1856 10.208120396336858
1857 9.899121866537051
1858 10.150651944132687
1859 10.51062562821312
1860 10.329146455283418
1861 9.98732855180558
1862 10.040612695459505
1863 10.102810725593317
1864 10.065623005349588
1865 9.98032233226416
1866 10.268156057641612
1867 9.97739157102206
1868 9.936959737353147
1869 10.263327444689928
1870 10.244949949776926
1871 10.237684328232985
1872 10.128012070770028
1873 10.043409140432301
1874 10.239430808737431
1875 10.175826494587593
1876 10.324952449244249
1877 10.100371093215482
1878 10.165354768981185
1879 10.179998370916822
1880 9.869140679296354
1881 10.093765119936608
1882 10.134308513922198
1883 10.292729362940285
1884 10.150421004668832
1885 10.03691325726927
1886 10.038570787061829
1887 10.114082614618106
1888 10.28348318757077
1889 10.214030160520336
1890 10.106723487440492
1891 10.242375301962648
1892 10.03169305658136
1893 10.134920478371564
1894 10.151597096230889
1895 10.236101970130065
1896 10.183385737404508
1897 10.293675740131164
1898 9.940107808284726
1899 9.90640667594644
1900 10.092726049331622
1901 10.175739993604287
1902 9.97580020217015
1903 10.198648346379688
1904 9.84139567601269
1905 10.11464651593203
1906 9.48704485914949
1907 9.744590824276512
1908 9.860392620322308
1909 10.051667996005122
1910 9.729169195722422
1911 10.347664562552513
1912 9.994145812244621
1913 9.567827996134302
1914 10.24803827818051
1915 9.797331803004935
1916 9.497697466511008
1917 9.740997859538757
1918 10.078034178024433
1919 10.031374973182972
1920 9.917415795450646
1921 9.800974509283607
1922 10.145360479051993
1923 10.275162947759831
1924 10.053731399197062
1925 10.129676763223951
1926 9.875600109835219
1927 10.18668343558115
1928 9.847694364758707
1929 10.124672922229742
1930 9.755166102026115
1931 10.157630723617826
1932 9.726300621322538
1933 9.855564264290708
1934 10.010398998028547
1935 10.55012637538584
1936 10.060910900857772
1937 9.88156413281561
1938 10.195547062797361
1939 9.944193868157672
1940 10.229899372322718
1941 10.139522539002394
1942 10.323118742621189
1943 10.151581597083679
1944 10.338090961629378
1945 10.172607603039424
1946 10.321232665923866
1947 10.112423141376965
1948 10.28231469187358
1949 10.27529856273858
1950 10.46873760720374
1951 10.055537427121351
1952 10.218910540637388
1953 10.382748505895378
1954 10.10466692808088
1955 10.324247606856273
1956 10.2648206172759
1957 10.434711172575566
1958 10.103556645136912
1959 10.199227673534862
1960 10.259772794672774
1961 10.091218304491154
1962 10.450889192803174
1963 10.331453333178729
1964 10.32937878081152
1965 10.111927579933786
1966 10.47820903388601
1967 10.424518984700855
1968 10.356222354246711
1969 10.517958546491533
1970 10.286697915264073
1971 10.691141785970402
1972 10.22148842892099
1973 10.372656252514782
1974 10.41812077206718
1975 10.517597364549617
1976 10.499122803738835
1977 10.275536044696413
1978 9.438150769262705
1979 10.034838638474028
1980 10.247529355192176
1981 9.935048958332091
1982 9.789515237959266
1983 9.969580162947082
1984 10.14516587293529
1985 9.841826390311057
1986 10.629399253667685
1987 10.388704760891988
1988 10.347095029185844
1989 10.287941514508391
1990 10.212075442610718
1991 10.016189971653985
1992 9.968404723274247
1993 10.212182122183135
1994 10.082330032276612
1995 10.193945099386735
1996 9.959793675008001
1997 10.18116981423005
1998 10.135992595301044
1999 10.25130311058697
2000 9.929352877667007
2001 9.996081489669281
2002 10.111522068567407
2003 10.18779115068409
2004 10.15376712628634
2005 10.152558927157482
2006 10.15434513977166
2007 9.874343303110676
2008 10.475582181709711
2009 10.244744294243823
2010 9.878631998355331
2011 10.408283883586634
2012 10.177454430317255
2013 9.823886618516788
2014 9.975298014365773
2015 10.22310986305823
2016 10.17791675839686
2017 10.004903763648196
2018 10.068009049697432
2019 9.74712301672523
2020 9.998805866636733
2021 9.643754842868908
2022 9.905361713023263
2023 10.141850489673786
2024 9.944365990543558
2025 9.765423497067394
2026 10.150697828309195
2027 9.51445665168345
2028 9.599211017154415
2029 9.906764750382695
2030 10.083440980404948
2031 10.374479107998054
2032 10.030335057235268
2033 9.823923190775929
2034 9.940621368353671
2035 9.92140959120322
2036 10.222104039943522
2037 10.077214653639567
2038 9.77542397183964
2039 9.638337607687953
2040 9.51850695115005
2041 9.888271860378904
2042 9.718221152175119
2043 9.694383769645082
2044 10.08307640272913
2045 10.059047500894355
2046 10.02062491803095
2047 10.071992499796828
2048 10.137334413195392
2049 9.651420405521629
2050 9.860353304847534
2051 10.00982820381434
2052 9.74197375620795
2053 9.760445109712235
2054 10.077564448872208
2055 9.97908539705851
2056 10.056262050549284
2057 9.882552298477503
2058 9.805442228186342
2059 9.984559337027143
2060 10.029200607892001
2061 10.000066291704757
2062 10.065859580252333
2063 9.799163734102397
2064 10.100792516083775
2065 10.116288715309489
2066 10.10553868999766
2067 9.691042666922435
2068 10.413688898821743
2069 10.24411181617469
2070 10.022434787959423
2071 10.476141001506079
2072 10.05932672464417
2073 10.473933565561316
2074 10.342038774945616
2075 10.175737664309223
2076 10.606339902779837
2077 10.056066203909754
2078 10.009854067216905
2079 10.262334996603188
2080 10.051787131565042
2081 10.216005387088074
2082 10.252954991643282
2083 10.050243876514013
2084 10.272207343896449
2085 10.053601196246632
2086 10.16318861135461
2087 9.83331697666874
2088 9.938530982530514
2089 9.762710605966218
2090 9.922599177957352
2091 10.074974510039084
2092 10.478942901763347
2093 10.12529495195931
2094 9.910718607119794
2095 9.992937731278946
2096 10.001267661729885
2097 9.808917665285465
2098 10.15904632344665
2099 10.261715012544972
2100 10.389409288886057
2101 10.096553962003034
2102 10.018548972878042
2103 10.496057395610261
2104 10.208657352690425
2105 9.752302284923651
2106 9.858452005214284
2107 10.167964421955102
2108 10.133063699344964
2109 10.081433207870628
2110 10.121041681040007
2111 9.852227413576836
2112 10.050521954082507
2113 9.768928491577709
2114 9.439920126784605
2115 9.995444200159588
2116 10.214522648230657
2117 10.075994851662864
2118 9.986856344351185
2119 10.074833955730591
2120 9.800717109147836
2121 9.896626397142049
2122 10.335659774105572
2123 9.929944089003405
2124 10.310760290980038
2125 10.055003723017517
2126 10.053561016898602
2127 10.458321435000874
2128 9.87408628630564
2129 10.092558781100779
2130 10.350470974307388
2131 10.128945074718086
2132 9.925415592170665
2133 10.165999466225575
2134 10.163747896274218
2135 9.894081044207073
2136 9.998612210746735
2137 9.87420408588372
2138 9.859439451221286
2139 10.36275341125863
2140 10.125631408117897
2141 9.975919663570629
2142 10.538815129549283
2143 10.356350686786433
2144 10.059680360065396
2145 9.810619310176401
2146 10.125749607967283
2147 10.31359697705617
2148 10.380441995320552
2149 10.184371607030567
2150 10.095727822386715
2151 10.30411101942276
2152 10.164720645727432
2153 10.433180918135585
2154 9.89450798556746
2155 10.247338812721114
2156 10.150783373057108
2157 10.665079777111954
2158 10.157627288562239
2159 9.711959554876335
2160 10.087138848802308
2161 10.067997846163008
2162 9.993688620351769
2163 9.943848784418936
2164 10.183296363321192
2165 10.209623939672422
2166 10.169007114643428
2167 10.220745842197559
2168 10.03086387409863
2169 9.934054399815746
2170 10.23539156123094
2171 10.25988317128003
2172 10.457014258572721
2173 9.910279828091111
2174 10.070608493901888
2175 10.095763346184848
2176 9.906722742334104
2177 9.93498079684048
2178 10.044291582333845
2179 9.970890672657902
2180 9.804504012840342
2181 9.91239401865142
2182 10.006603091055549
2183 9.932590116214183
2184 10.042099145465539
2185 9.927259325886432
2186 9.977827614923488
2187 9.773859593241353
2188 10.084865763051727
2189 9.875315080930504
2190 9.835333914139751
2191 9.842852256086745
2192 9.779871406492234
2193 10.020860573726349
2194 9.964333065741936
2195 10.366803010177748
2196 10.213039895179302
2197 10.249026825028945
2198 10.093517996376695
2199 10.08813140296254
2200 10.376463371438643
2201 10.019265382012566
2202 10.24779061132539
2203 10.197136304705555
2204 10.028378520243612
2205 9.753607617910717
2206 9.666333549923829
2207 9.844473989539189
2208 10.103340604884234
2209 9.927697198517382
2210 10.536222655291688
2211 10.271452507268734
2212 9.95386321057684
2213 9.987084787163937
2214 9.718413320012893
2215 9.982256359936745
2216 10.130241015535415
2217 10.114820344738522
2218 9.825506623819473
2219 9.92704543128879
2220 9.919071454830089
2221 10.24542879197902
2222 9.988657577910526
2223 9.854131836278665
2224 10.006284479746448
2225 10.227271323946892
2226 10.180504791999498
2227 10.087584787225977
2228 10.11234798639101
2229 9.876301128901046
2230 10.411710851711332
2231 10.043408180365907
2232 9.95544301398251
2233 10.220915236700787
2234 10.375936803849784
2235 10.2329341635396
2236 10.480193574159035
2237 10.307828112606247
2238 10.173858396674165
2239 9.887880559855107
2240 10.063514878319351
2241 10.177430708634901
2242 9.863414092669435
2243 9.86847763778276
2244 9.782428021398506
2245 9.847502205741138
2246 10.037534445159187
2247 9.999818228891506
2248 10.025388949975113
2249 10.085244983579017
2250 9.877953534088446
2251 10.157104223503346
2252 10.178030231167956
2253 10.224082087576743
2254 9.99862313155638
2255 10.004309022500527
2256 10.035276890633675
2257 9.74383877248604
2258 10.307881568951727
2259 9.88031435203841
2260 10.335172282472035
2261 10.037644627224214
2262 9.936672980836416
2263 10.319934732815241
2264 10.221910026379886
2265 10.159020112119359
2266 9.981853456248855
2267 9.868381034172518
2268 10.428569647025517
2269 10.081686155320947
2270 10.121620961579492
2271 9.814531247379627
2272 10.099611118486319
2273 10.100232529590446
2274 10.181182749354285
2275 9.879141165915955
2276 10.091748021789053
2277 10.261056725108837
2278 10.049990411452265
2279 9.83978500948685
2280 10.10728985711221
2281 10.051505381294348
2282 9.763820653709484
2283 9.967598185929157
2284 10.086110894438931
2285 9.586084414435376
2286 10.206850102066158
2287 10.088839370712323
2288 10.125226213062625
2289 10.36124029292893
2290 10.2435606418212
2291 9.749194139317206
2292 9.940422173279618
2293 9.877385028019052
2294 9.7736312453363
2295 10.151326112134559
2296 9.651549237674999
2297 9.837654095009134
2298 9.537590456478725
2299 9.749276071064859
2300 10.092842960454744
2301 9.782838648023471
2302 9.854026755661987
2303 10.458691613854013
2304 10.390054107174532
2305 10.044567177759173
2306 9.763698978772531
2307 9.791691438841482
2308 10.178212593180445
2309 10.105983046010905
2310 10.56058884704275
2311 10.135044583666609
2312 9.915731467737906
2313 10.499679631396615
2314 10.563197565523671
2315 10.574346031851158
2316 10.281348291421718
2317 10.67917137340361
2318 10.427539093407143
2319 10.321161926311575
2320 9.875027768184077
2321 10.45063546808933
2322 9.977530680917862
2323 10.397572925780695
2324 10.131449533265707
2325 10.362148904387478
2326 10.193914903042625
2327 10.0616131480038
2328 9.97718828703378
2329 9.956214510722873
2330 9.67323650353536
2331 9.665775733637016
2332 10.241921352549728
2333 10.05840601309395
2334 9.744368113403207
2335 9.484424745418902
2336 9.809299839531676
2337 10.21847797147306
2338 10.076198541048495
2339 10.235306555840568
2340 10.529509805736323
2341 10.426441784228292
2342 10.37600289126397
2343 10.199822055819107
2344 10.270368948325828
2345 9.599171178077734
2346 10.291741702294242
2347 10.222052372350934
2348 10.218271765527408
2349 10.418900680047582
2350 10.524982014203081
2351 10.165642722938843
2352 10.217671978122178
2353 10.420142664160803
2354 10.229973889847878
2355 10.458076067751104
2356 10.203638267550424
2357 10.23279496875269
2358 10.014614370432628
2359 10.653489573326762
2360 10.283106373188952
2361 10.186301116132537
2362 10.225354991940785
2363 10.496545657634679
2364 10.333958042852528
2365 10.024447142814957
2366 10.567413332259553
2367 10.230580818694232
2368 10.162472829943818
2369 10.306694187095015
2370 9.990250949175136
2371 10.168759654676942
2372 10.307712030972938
2373 10.294962898820915
2374 10.32433872576849
2375 10.052506742588717
2376 10.092369252843373
2377 10.191428107267274
2378 10.254453462212654
2379 10.165824873194381
2380 9.921877701716921
2381 10.082868423410735
2382 10.044931345302968
2383 9.788300876210473
2384 10.092645000129451
2385 10.308286898767564
2386 10.362783827819506
2387 10.383493092131864
2388 10.57514815913301
2389 10.331124619611698
2390 10.44133119225539
2391 10.305124369389096
2392 10.099067180554504
2393 10.288970800360246
2394 10.369618794018317
2395 9.991439962217672
2396 10.444376689038803
2397 10.247830822468405
2398 10.46991602013711
2399 10.09748705418576
2400 9.593365402944128
2401 9.941464006368719
2402 9.798747942366004
2403 10.29435125404119
2404 10.004885368125542
2405 10.121157044621519
2406 10.26690527122815
2407 10.290585147461789
2408 10.124682664782574
2409 10.363005988867856
2410 10.163057218220219
2411 9.832339080163438
2412 9.929538888459842
2413 10.18945929281894
2414 9.976500704629151
2415 10.27324648602974
2416 10.384927637432845
2417 9.972203351102173
2418 10.204607884250983
2419 10.04760886030801
2420 10.177157075663619
2421 10.31267907956213
2422 10.163441556805344
2423 10.236007577608403
2424 10.500648168989272
2425 10.192612743841249
2426 10.119629637825808
2427 9.844001224710325
2428 10.076215701702548
2429 10.371059648775454
2430 10.04157719528351
2431 9.818123311017114
2432 10.160997276742224
2433 9.77498146482875
2434 10.032824225762587
2435 10.027456499440735
2436 10.069422628473738
2437 10.104183805790797
2438 10.00188259711348
2439 10.287529350797076
2440 10.591347244983764
2441 9.994472798940526
2442 10.180428886468492
2443 9.689767121713178
2444 10.251112114639739
2445 10.241444264235712
2446 10.076888140551452
2447 10.039685883295082
2448 9.686729440103141
2449 10.372038539807134
2450 10.13794587452423
2451 10.261183771911504
2452 9.869414204979755
2453 10.002693981795376
2454 9.833429093457456
2455 10.283391616698625
2456 10.060167116407545
2457 10.239588044149759
2458 10.214985346828815
2459 9.973239310994382
2460 10.087773910172183
2461 10.320588433758306
2462 10.32993972703665
2463 9.881704324729682
2464 9.871387499167216
2465 10.21925276391194
2466 10.629636052857457
2467 10.20950930095055
2468 10.158306578354212
2469 10.001217746754962
2470 10.258012826960584
2471 10.13685442902605
2472 9.955010403091023
2473 10.120456477408945
2474 10.127065157030163
2475 10.14966625859163
2476 10.136925184443735
2477 9.976701983981311
2478 9.856675082315896
2479 10.270307903484856
2480 9.939733619274763
2481 10.07464610479514
2482 10.084710382622003
2483 10.117203862134406
2484 9.948841292176372
2485 10.346258506629352
2486 10.052045119395958
2487 10.29435154049269
2488 10.23987188859525
2489 10.053677011400413
2490 10.175423058011166
2491 10.160042930132208
2492 10.00482739288162
2493 10.17985555670291
2494 9.988799001376817
2495 10.403562183775998
2496 10.296975370702853
2497 9.963307036226887
2498 10.289382204163351
2499 9.971116021382267
2500 9.921877446925832
2501 10.622074144510467
2502 10.04339821611215
2503 10.150091674267184
2504 10.14270313127703
2505 10.124114643940963
2506 10.38646976365118
2507 10.271015037446862
2508 10.472367598096708
2509 9.989054962864762
2510 9.82900760203097
2511 10.177620453779307
2512 10.310772771434973
2513 10.002039521828294
2514 10.326410773525195
2515 10.20009632818914
2516 9.921081516248838
2517 10.228620941130806
2518 10.14617641973373
2519 10.120243701522249
2520 10.263583122617922
2521 10.385368211215768
2522 10.149881820953743
2523 10.285895530647208
2524 9.96030158725083
2525 10.307105003969458
2526 10.106403651037963
2527 10.167256812525808
2528 9.868829646389269
2529 10.192310653621206
2530 9.963558008206292
2531 9.940702566767579
2532 9.924120871807265
2533 10.135802627768031
2534 10.202556499979167
2535 10.159304779271626
2536 9.88452181895206
2537 9.858702949612061
2538 9.98369051561083
2539 10.136960492852216
2540 9.990477099126437
2541 10.147000764816354
2542 10.169997266796479
2543 9.96736301489114
2544 10.023630682347607
2545 10.305715165616894
2546 10.06757676619241
2547 9.812687764186613
2548 10.144447346107862
2549 10.234244998112105
2550 10.493768230488557
2551 10.330808159969862
2552 10.581654261842932
2553 10.459144074595333
2554 10.365805212950855
2555 10.443290532156336
2556 10.094978161850207
2557 10.263607124062073
2558 10.567539784893981
2559 10.521679054528557
2560 10.109336330028354
2561 10.219937082862936
2562 10.055850050491223
2563 10.48082177818856
2564 10.432364738105294
2565 10.434947575134101
2566 10.389606396534017
2567 10.46368410833386
2568 10.81846517949721
2569 10.567559368201074
2570 10.416835411449942
2571 9.974594712693396
2572 10.165159595107317
2573 10.35801812424167
2574 10.274264243273981
2575 10.226756178871442
2576 10.217754820018502
2577 10.387029209574223
2578 10.36300372676383
2579 10.227786188978797
2580 10.654398853513182
2581 10.535212836047856
2582 10.349384829597538
2583 10.277002261327409
2584 10.265052872554048
2585 10.342425880588237
2586 10.423972282623707
2587 10.327971129783373
2588 10.483300328435401
2589 10.445777529666913
2590 9.990034500867594
2591 10.176689078049998
2592 9.892924141141714
2593 10.21026412216578
2594 10.279697167267464
2595 10.411747953632844
2596 10.08532790994639
2597 10.177889586568048
2598 10.04002511665284
2599 9.84359016498167
2600 10.118110531885565
2601 10.131545675350816
2602 9.813399562053972
2603 10.06601843062121
2604 10.093721064502875
2605 9.834980753020307
2606 9.900002657005148
2607 10.214634055210327
2608 10.087963280320661
2609 10.278691111204676
2610 10.070189063201749
2611 10.24928188944014
2612 10.29856856115139
2613 10.151146207952355
2614 10.082181099422998
2615 10.134023719087576
2616 10.238973019241609
2617 10.081750094954401
2618 9.980036079765272
2619 10.08568732425272
2620 10.37004133488853
2621 10.189318079708334
2622 10.24981609979363
2623 10.037091826361037
2624 10.204416771784555
2625 9.915910976252649
2626 10.31470884319471
2627 10.037821778956745
2628 10.044355494570839
2629 10.536842785658916
2630 10.555879994845952
2631 10.81474013192767
2632 10.444745561698342
2633 10.343680305318317
2634 10.437250205589892
2635 10.572624815788078
2636 10.4135713204575
2637 10.372820087727927
2638 10.469667980497954
2639 10.29899949674187
2640 10.180897407657909
2641 10.443067609977742
2642 10.450392448249744
2643 10.173342331336073
2644 9.927908992109327
2645 10.144694515502904
2646 10.282486962223867
2647 10.590724967273454
2648 10.378218680002414
2649 10.291035377159066
2650 9.751286820200937
2651 10.405631132586024
2652 10.261730492477003
2653 10.02889221770449
2654 10.105185861924772
2655 9.924219348945048
2656 10.136098496316652
2657 10.023115677867942
2658 10.068368002492038
2659 10.184392672469196
2660 10.16947173472348
2661 10.162754923187302
2662 9.925945515153598
2663 10.399795016551455
2664 10.633965845715888
2665 10.276084672783893
2666 10.195597988594145
2667 9.993023315942565
2668 9.688153291801369
2669 9.958488672614058
2670 10.028589836499256
2671 10.040151895033345
2672 9.955260514062969
2673 9.83127484437041
2674 10.208752627112
2675 10.063941708209349
2676 10.085835783620102
2677 10.213663445360867
2678 10.309129603516583
2679 9.864293007574487
2680 10.125976805381496
2681 10.192558117731043
2682 10.215760102892752
2683 10.23667688001465
2684 10.112240840489727
2685 10.072943173557894
2686 10.214260246293188
2687 10.179919538886033
2688 10.058703688850333
2689 10.137382731054926
2690 10.326909743269118
2691 10.118075136416957
2692 9.961911594065045
2693 9.971813117719918
2694 9.978465675434222
2695 10.075742293267865
2696 9.91084747661384
2697 9.805986439406066
2698 10.069419975571035
2699 10.030958348878611
2700 10.306348318478138
2701 10.211025182638009
2702 10.360132481476386
2703 9.945120356404326
2704 10.303889451255479
2705 10.278677734136322
2706 10.321397483589061
2707 10.27106854361495
2708 10.038418364863603
2709 10.429694785872957
2710 10.275650475894466
2711 10.099425622936517
2712 10.177793042794654
2713 10.137371571257535
2714 10.183508305220128
2715 10.226263692938037
2716 10.064537643788501
2717 10.403078166395288
2718 10.056549334519918
2719 10.166677840007226
2720 10.42467718358821
2721 10.187632842869014
2722 10.2391263227467
2723 10.191818013057636
2724 10.035517432502955
2725 10.275957943612
2726 10.18719179343356
2727 10.405605834565595
2728 10.762153793530112
2729 10.029634022729578
2730 10.307712156281127
2731 10.265409055389407
2732 9.987919753300865
2733 10.180270165010876
2734 10.270845182227232
2735 9.705050574761483
2736 10.210409797702958
2737 9.918710191268694
2738 10.157810152816381
2739 10.194401855943811
2740 10.397935790242057
2741 10.269177528058638
2742 10.149649335183748
2743 10.338730117306602
2744 10.324965749377093
2745 10.434571192732891
2746 10.263039315259679
2747 9.690252181398282
2748 9.9998472855704
2749 9.833919612760239
2750 10.118623253299504
2751 10.19579003061494
2752 10.312588076032533
2753 10.131670471513868
2754 10.32310930331399
2755 10.005540943782545
2756 10.271085689275067
2757 10.184452030710627
2758 10.035538936311077
2759 10.41087722856595
2760 10.294812703949338
2761 10.23496803200079
2762 9.826087451289997
2763 10.234577945829477
2764 9.912114829578877
2765 10.054583611081366
2766 10.169725923707901
2767 10.133025530109899
2768 9.662708791642899
2769 10.270005664293747
2770 9.97246489772501
2771 10.35056609413313
2772 10.458097781202264
2773 10.360548415013525
2774 9.912694172765038
2775 10.09504969429074
2776 9.955098672668955
2777 10.465191141866741
2778 10.136464570750164
2779 9.876173436762173
2780 10.039606068621955
2781 9.974338422899791
2782 9.807245064972516
2783 10.023616173438544
2784 10.165995579729211
2785 10.290472663593318
2786 9.957156504848331
2787 9.974360836317368
2788 10.052033521097293
2789 10.067493130223507
2790 10.142620190793973
2791 10.172943388822109
2792 10.15580331119451
2793 9.914192974494314
2794 10.344159821284295
2795 9.958459533966883
2796 10.312934705340043
2797 10.51665447671636
2798 9.998136665295114
2799 10.010903190222132
2800 10.071580525588248
2801 10.334874762628383
2802 10.187570612256907
2803 9.962740622226965
2804 10.497374199635399
2805 10.256751844856021
2806 10.45146045515366
2807 10.312120881740679
2808 10.144560001075048
2809 9.980506024009397
2810 10.360495259430932
2811 10.737297499323168
2812 10.481286782374466
2813 10.548059081930603
2814 10.342829507979493
2815 10.239016721439208
2816 10.065823665973213
2817 10.182112935744545
2818 10.325816540562812
2819 10.555860460664531
2820 10.212328912308458
2821 10.123653775558594
2822 10.800530327519777
2823 10.183560168912004
2824 10.121377305870112
2825 10.360401238201245
2826 10.439590297918686
2827 9.982087381449235
2828 10.134756167103264
2829 9.850872173844788
2830 10.191620004690478
2831 10.34654436663682
2832 10.343100215370495
2833 10.240469032921999
2834 10.038391369577749
2835 10.271704810365884
2836 10.375082253405056
2837 10.021233334572663
2838 10.242308177270456
2839 10.276801222484837
2840 10.510348906042863
2841 10.46972770809381
2842 10.47947968051655
2843 10.386563978695888
2844 10.190604889583922
2845 10.299591567534385
2846 10.555160813694199
2847 10.20646731891793
2848 10.306298511511025
2849 10.564917400857725
2850 10.617030893364694
2851 10.079974521301326
2852 10.081302086433173
2853 10.493656629516984
2854 10.344357839128973
2855 9.857111013424024
2856 10.336656855574237
2857 10.512173997834871
2858 10.430788347657675
2859 9.987720922041609
2860 9.977823591580075
2861 10.58882193022404
2862 10.387965095285855
2863 10.262313066711009
2864 10.401711165403833
2865 10.449040761176542
2866 10.130369482289383
2867 10.365902693919372
2868 10.36787518520445
2869 10.699499235474878
2870 10.720730958027156
2871 10.49373883422633
2872 10.500370092963108
2873 10.465602678510677
2874 10.170771320618881
2875 10.102235426606242
2876 10.48224744996562
2877 10.578020777983982
2878 10.438351651402392
2879 10.024241751743544
2880 10.230344133525609
2881 10.463224969869067
2882 10.17847040517731
2883 10.248055003745678
2884 10.141214982423811
2885 10.34812523889644
2886 10.121024208612733
2887 10.285369379379043
2888 10.411651844064396
2889 10.445216607023905
2890 10.334247744860015
2891 10.323776245113839
2892 10.211195695646415
2893 10.442036219124594
2894 10.32551674301508
2895 10.194917005211611
2896 10.260668673041122
2897 10.262999647037914
2898 10.33348931666549
2899 10.247638749969889
2900 9.762137931436792
2901 10.25227067698243
2902 10.109541972625074
2903 10.048480538248986
2904 9.932396255942898
2905 10.387528442050737
2906 10.133740327122043
2907 9.949825738535354
2908 10.130404902737613
2909 10.497666728079134
2910 10.355931814666256
2911 10.03833316186524
2912 9.97762642628422
2913 10.36559798878367
2914 9.754761823466247
2915 10.165487744827999
2916 10.23245625514546
2917 10.101497950241356
2918 10.139457631641793
2919 10.182796732933838
2920 9.9194638869101
2921 10.134123012604832
2922 9.890975901045211
2923 10.043535743697314
2924 9.896130560109594
2925 10.097939513316993
2926 10.241220766679108
2927 10.039802420788943
2928 10.12020582314505
2929 10.444928091682247
2930 10.289598767794336
2931 9.952843499563318
2932 10.36392363218921
2933 10.146642015582374
2934 10.310674379376568
2935 10.37925022516675
2936 10.559791147442361
2937 10.265623390489166
2938 10.57174908062314
2939 9.843117590611113
2940 9.846583655736431
2941 9.900149021255983
2942 10.169209777547668
2943 9.98547191524012
2944 10.390585978031831
2945 10.10113350545773
2946 10.081240646386986
2947 10.225223729139739
2948 10.0293513828525
2949 9.860868466242247
2950 9.901206100028906
2951 10.101146510953871
2952 10.202353035978835
2953 10.226550506039855
2954 10.141246070944494
2955 10.480201810139837
2956 9.699163012092912
2957 10.27870082912876
2958 10.11685213959306
2959 10.220141436667207
2960 9.73593529801771
2961 10.539563515458656
2962 10.576439114365764
2963 9.93921763290494
2964 10.440132694614631
2965 10.414920163605954
2966 9.946127632794665
2967 10.10346676408088
2968 10.212972393358148
2969 10.108366868273261
2970 10.225251819253248
2971 10.116786867560178
2972 10.026857509525
2973 10.388146593364734
2974 10.449821964889777
2975 10.142690084459037
2976 10.451663749433324
2977 10.646314435696228
2978 10.179940096313988
2979 10.355711140685566
2980 10.495101794777248
2981 10.248493044688576
2982 10.024987085389942
2983 10.189298138993287
2984 10.173384174856853
2985 10.735426880432584
2986 10.182277086785165
2987 10.510324410065799
2988 10.242023639561674
2989 10.575990892548646
2990 10.488464074874175
2991 10.310165756653674
2992 10.193475941671474
2993 10.453473881959912
2994 10.367025674137862
2995 10.512043439337871
2996 10.452793927081018
2997 10.81728816077183
2998 10.366279053018777
2999 10.358317694352706
3000 10.378114882483354
3001 10.147636762802936
3002 10.283817110083193
3003 10.499981006889762
3004 10.520241542883394
3005 10.434861056339157
3006 10.653292748624636
3007 10.329639888577848
3008 10.291753223239287
3009 10.34086765553556
3010 10.352150273161032
3011 10.527632374504021
3012 10.285114673189819
3013 10.621467532579262
3014 10.509947499777756
3015 10.498695798128596
3016 10.392734100032234
3017 9.94365443167588
3018 10.40465279707934
3019 10.340447921424547
3020 10.04568190186836
3021 10.232749851494255
3022 10.310855895611075
3023 10.507729080743596
3024 10.371297699793317
3025 10.219156908004082
3026 10.329220918498677
3027 10.152384150432075
3028 10.839204218588941
3029 9.885925956988597
3030 10.369434278816366
3031 10.665276267834134
3032 10.680665344037125
3033 10.446467005418192
3034 10.234608348315664
3035 10.639747264661837
3036 10.13701980078388
3037 10.489827426964307
3038 10.224558013879719
3039 10.696721016536136
3040 10.378531361443427
3041 10.832835948788183
3042 10.274480209789614
3043 10.616801120341627
3044 10.804544940705274
3045 10.509660067877245
3046 9.911676803574478
3047 10.492439435118715
3048 10.161885378731785
3049 10.681315330243448
3050 10.509384840369545
3051 10.549346714563455
3052 10.586934721010573
3053 10.507341518626246
3054 10.600455017629058
3055 10.445328121360868
3056 10.271188261627248
3057 10.400104167095387
3058 10.410695523734296
3059 10.344676016691254
3060 9.840890936828192
3061 10.282583559069758
3062 9.934716930496151
3063 9.975726713519999
3064 10.2831976500947
3065 10.317999102321568
3066 10.28035312659139
3067 10.266973687211301
3068 10.234403403095264
3069 10.076457132700819
3070 10.214029104087158
3071 10.28175822777296
3072 10.421422609817359
3073 10.430437036236668
3074 10.389099986944194
3075 10.231594941676283
3076 10.042998271448338
3077 10.440701412045657
3078 10.28891741034221
3079 10.463381950811678
3080 10.322484431717633
3081 10.51068311618802
3082 10.503973400891796
3083 10.616919884785556
3084 10.028989718926736
3085 10.463956985037427
3086 10.215982133193638
3087 10.448072993391172
3088 10.330018703209719
3089 10.27549920111923
3090 10.278433041631306
3091 10.052780757851593
3092 9.811363644703013
3093 10.216657651666882
3094 10.165774588608052
3095 10.127430643414206
3096 10.31901682648787
3097 10.543199514065506
3098 10.332739087641563
3099 10.26503913523498
3100 10.182934774950539
3101 10.494312799320024
3102 10.26900341229764
3103 10.320432852972608
3104 10.643911397894346
3105 10.26605752530256
3106 10.484252864891817
3107 10.58091738819225
3108 10.126584443889907
3109 10.160929137896254
3110 10.405173027533879
3111 10.420073545137779
3112 10.289980556922124
3113 10.351944318806078
3114 10.527733057471892
3115 10.332661143344252
3116 10.264456497704225
3117 10.017656336228141
3118 9.832590471908551
3119 9.645587429894166
3120 9.655042910840878
3121 10.095566537540943
3122 10.24121630685591
3123 10.12436553548342
3124 10.15502941458974
3125 10.30941624795055
3126 10.006920368317264
3127 10.203608853652652
3128 10.44735119102371
3129 10.296806142480612
3130 10.293670725346685
3131 10.179068684939372
3132 10.210639697293473
3133 10.33566968276562
3134 10.679864099170096
3135 10.436032131096706
3136 9.951148603209552
3137 10.454239636273847
3138 10.123430123284251
3139 10.315058126956998
3140 10.226961635498975
3141 10.691052565642197
3142 10.089600130008982
3143 10.13769005599798
3144 9.974725602465425
3145 10.128994864681344
3146 9.86556517534373
3147 10.10281302415235
3148 10.365574248454132
3149 10.368092530068804
3150 10.249271072894517
3151 10.056828289113398
3152 10.289926250954082
3153 9.977667535176382
3154 9.864306979203283
3155 10.475868635689707
3156 10.281472940728976
3157 9.941681004905952
3158 10.432440563872115
3159 10.13245503796104
3160 9.787613446615726
3161 9.89733084142662
3162 10.329549948151698
3163 9.984486559340338
3164 10.35104590340531
3165 10.046387277933938
3166 10.404009354375862
3167 10.068954118734903
3168 9.937857372060813
3169 10.166700473898992
3170 10.223019911944338
3171 10.525352005762123
3172 10.173482662235923
3173 10.227785522358932
3174 10.236838484651615
3175 10.208512831920359
3176 10.08648089235287
3177 10.202383048675172
3178 10.010832938558366
3179 10.319867405150235
3180 10.022077363299976
3181 10.384986364845723
3182 10.035787470870758
3183 9.80755646999882
3184 10.158512562908182
3185 10.221275543027131
3186 9.97177063390305
3187 9.760172991722817
3188 10.180744726188985
3189 9.683029779795378
3190 10.174541489347158
