0 15.98701285949128
1 16.796687311863
2 16.11692675174567
3 17.074221479298753
4 16.933322438106043
5 17.260256557932486
6 16.626765416330084
7 17.213943138046794
8 17.013133028074975
9 16.50470440815112
10 16.861585028017686
11 17.20807210679803
12 16.633122476928165
13 17.07771471657205
14 17.709771185818767
15 17.469591808248598
16 17.12587956377429
17 16.538847215872682
18 16.889322239805182
19 15.983647343078248
20 16.37361795727437
21 16.178288907199864
22 16.12809525085478
23 16.584077248169912
24 16.711189621257088
25 17.066603868582973
26 16.00201769815532
27 16.085341069956694
28 16.529041208169833
29 16.770508349361982
30 16.245890114298152
31 16.363281584164632
32 16.864272769527577
33 16.565340343692004
34 17.79213520115105
35 16.2530800093023
36 16.436661556904316
37 16.875126161895075
38 16.659918458201243
39 16.615954186408576
40 16.239664682724268
41 15.9321525970695
42 15.851662006256621
43 15.933158062447486
44 15.832650476323103
45 15.666448722546368
46 15.901983394403217
47 15.97118715647473
48 15.590171914571817
49 16.101537451593195
50 16.07475063305368
51 16.357130012294594
52 15.385735471962402
53 16.42396443209181
54 16.420511022407016
55 16.935271634735305
56 15.870909730456223
57 16.126512026595826
58 15.481959306178453
59 15.669853733952763
60 15.567201164816046
61 16.635381537439685
62 16.26807825626646
63 16.317303992574804
64 16.591930899903964
65 16.310346822092438
66 17.040673715086683
67 16.98503103051139
68 16.986938994096246
69 17.093156286552723
70 17.01291628574104
71 16.207795683676206
72 16.738006106046797
73 16.797357731621286
74 16.498071270635016
75 16.37083567536057
76 16.328468255114572
77 16.45688813487512
78 16.56379538169571
79 15.947263802872241
80 16.681395476786307
81 16.44118159682538
82 16.669218382392916
83 16.47070452309238
84 15.934007300639166
85 16.508950071136436
86 16.15755591666176
87 16.959952153865636
88 16.82003565050871
89 16.668142083769446
90 16.86683728967342
91 17.049636520534154
92 16.2900364360071
93 16.13900193897767
94 17.137204347591318
95 16.14914666193318
96 15.016709144857222
97 15.870802692833792
98 16.095315951629203
99 16.06890045086625
100 16.011945911261865
101 16.43582720652713
102 16.80027641613782
103 17.48391950715393
104 17.04421084457787
105 16.955347972268253
106 16.84356311878895
107 16.907261859694948
108 17.105041866673105
109 17.106170418173434
110 17.63983462830064
111 16.89912688462621
112 17.4015477869249
113 17.629202455242577
114 17.228580327467654
115 16.79861424487345
116 16.949573050615097
117 16.977032559516168
118 16.99039861833132
119 16.976142363587027
120 15.913426932055827
121 17.554907123445346
122 16.60082824676253
123 16.697645799006576
124 17.453153880331485
125 17.312262047035034
126 17.01553450930052
127 16.872413821998045
128 16.997687045880472
129 16.806365513157786
130 16.73685885704345
131 17.152267410111843
132 16.857495957413132
133 15.615545560419887
134 16.3016854199724
135 16.1995541921498
136 16.405287531464076
137 17.285696818060572
138 17.01152964445275
139 16.950842371292225
140 16.65862128327502
141 17.70662370724053
142 16.71304121637617
143 17.3384882611876
144 16.83552423831887
145 17.546917692594352
146 16.939362284817673
147 17.663230426169022
148 17.200636216745906
149 17.7278597697838
150 17.40679536504011
151 17.538343640108785
152 17.669446048822252
153 18.005044085751766
154 16.671493378324534
155 16.485245577458766
156 16.804527698759454
157 16.37090884765195
158 17.119737206741956
159 16.927433747008866
160 16.67733549984687
161 16.797439622920876
162 15.731244997856296
163 16.197742809714143
164 16.545052881167283
165 16.907040651989725
166 17.13872578989173
167 17.222248629545202
168 16.56308918324264
169 16.171864562751033
170 16.110200654589228
171 15.492548098969324
172 16.206882134933142
173 15.32042007790703
174 15.272434147798096
175 17.238638150202
176 15.483552363132771
177 15.804941086067215
178 16.238317908413215
179 15.786077317237524
180 16.71159815283859
181 16.039165103300448
182 16.89316063769435
183 17.127231814369626
184 15.902173781519956
185 16.024416108268046
186 16.52851449442637
187 16.61965051745051
188 16.0265721493185
189 16.268259266602545
190 16.52168800396713
191 16.410710647279622
192 16.86042270639198
193 16.840278681519276
194 16.577388693750784
195 16.242655352375902
196 15.859305360674245
197 16.718277112174906
198 16.753118928518727
199 16.129285064442467
200 15.557728580466074
201 16.270347050887597
202 16.311370979646373
203 16.78787020955311
204 16.53427955490759
205 16.04235423161992
206 15.991784246080663
207 16.437426653429974
208 15.728175913182511
209 15.835926531337917
210 16.003836216188517
211 15.115633289382892
212 15.198776742467608
213 15.479060219810183
214 16.10008864304696
215 15.738056170519798
216 15.896418926290684
217 16.147558601796874
218 15.831844584337368
219 15.552579082980468
220 16.17728769493484
221 15.830993823177181
222 16.182340733624024
223 15.882173202887722
224 15.551236621338646
225 16.166919556677552
226 15.52586572315483
227 16.232924652790796
228 16.030032076187105
229 16.22691413369231
230 15.88572875500999
231 16.324816361871452
232 16.29868653005188
233 16.02141420148939
234 16.153838976919527
235 16.33156599623781
236 16.25121053249884
237 16.218448399212413
238 15.866156198720908
239 15.794873697387503
240 15.770999537636968
241 16.349599542151292
242 16.382012950872728
243 15.760080924539906
244 15.87551888078209
245 15.286805263527395
246 16.124680390293765
247 16.638468392708656
248 16.044428846039533
249 16.434365590705195
250 15.828382099824571
251 16.183685098410372
252 16.010364717899357
253 16.010618162716504
254 15.993449158150382
255 16.271460471006204
256 15.827015684173288
257 16.15745830316222
258 16.2447080863232
259 15.677966062271196
260 15.462065754552532
261 15.692069401781632
262 16.01491082036309
263 15.677710895107095
264 16.109168955088833
265 15.844128614824083
266 15.395088277085364
267 16.387070660912478
268 16.454946911867665
269 16.841818487346256
270 17.057209240059315
271 16.378875661124507
272 16.34872690045418
273 16.702918368332764
274 16.274845088272006
275 15.915341522596808
276 15.559769615164988
277 16.340025576135258
278 16.80084580856093
279 16.345202879677526
280 16.122205322381443
281 16.59979909337968
282 16.75101929009328
283 16.78475343909881
284 16.714451077435143
285 16.673513079722813
286 16.244749908409787
287 16.561395264904792
288 15.671442604566657
289 16.89632173063254
290 16.000750233492667
291 15.776512524750633
292 16.411582070359287
293 16.9656915154094
294 15.974664318100125
295 16.217788761056973
296 16.765964209321226
297 15.729282054677745
298 16.513273693371392
299 16.64948796911202
300 16.0625498597595
301 16.141510789700792
302 16.09939611759377
303 16.171854085406004
304 15.56616304562408
305 16.169849250086134
306 16.83033995862607
307 16.37486678152722
308 16.274371986774568
309 16.34569395553758
310 16.59666170254781
311 16.19926242791741
312 16.18842826275188
313 16.72787162833751
314 16.98070589041378
315 16.303175453734774
316 16.564569484544847
317 16.582515642960352
318 16.280214625371183
319 16.33781291214226
320 16.944656652729268
321 17.061892546498576
322 16.669980304978747
323 16.634366099844815
324 16.770361273219454
325 16.484051693079884
326 16.34642255363024
327 16.76291880424471
328 16.419244115753308
329 16.737117367423682
330 16.379715023539276
331 16.690523964918132
332 17.02765554323171
333 16.50285971034641
334 16.417887255946894
335 16.227689962523826
336 16.46900019102505
337 16.546064174768567
338 16.515392578763393
339 16.50849114055287
340 16.18867955898595
341 15.829636292057128
342 16.03192419964919
343 16.372230899804627
344 16.417726907832947
345 16.620677389347016
346 16.460163755358845
347 16.363106799893284
348 16.629905492145063
349 16.641719095499866
350 16.220660946828612
351 16.373749284310687
352 16.261949536386393
353 16.453521790809365
354 16.639112598743274
355 17.055735302568273
356 17.339348887886825
357 16.10624231789971
358 16.218040821035313
359 16.383871828624613
360 16.46625306392687
361 16.24941408789092
362 16.932412454956676
363 17.150618838948883
364 17.49221997101864
365 16.82091786339567
366 17.049611616891607
367 16.648694027311425
368 16.739235084562242
369 15.858049847907235
370 15.952498479134203
371 16.631476856397015
372 17.080049394851343
373 16.847117386867264
374 16.63147996760984
375 16.494412177112466
376 16.643459212602117
377 17.003407261108368
378 17.40740408834037
379 16.979254478950814
380 17.332051402016393
381 17.5732749945742
382 16.697913197689818
383 16.459414973889682
384 16.731616549871596
385 16.79462441008785
386 16.430595827215406
387 16.88178235405137
388 16.806229815573055
389 17.28238317981503
390 16.907735015660492
391 16.607685890830428
392 16.816211339155693
393 16.10149252493763
394 16.712218007667207
395 16.888432998424758
396 16.63090979279598
397 16.641429132618057
398 16.86833289727825
399 16.977471851910046
400 16.92772194355538
401 16.667994947949968
402 17.38174999751113
403 16.691395422991008
404 16.01416148245931
405 16.466313231800942
406 16.673424707981486
407 16.485050516751567
408 16.815115301122887
409 16.80845073280303
410 16.802342148811064
411 17.430520142832954
412 17.481151651893516
413 16.797972633987666
414 16.94670334652455
415 16.455948189087792
416 17.399486972345752
417 16.982608400909022
418 17.21701876396174
419 17.143872822543987
420 16.64661967535526
421 17.571371371438616
422 17.264426371955135
423 17.87252795065656
424 17.220604084418575
425 17.417821462261045
426 17.47545137468618
427 17.72508857753504
428 17.484341595136218
429 17.6155616633651
430 17.361344507763945
431 17.23413090928445
432 17.233610428889264
433 17.324517994762463
434 17.359131161950348
435 16.83784012189202
436 17.27220109356908
437 16.92138918403302
438 17.311442051853493
439 16.777407534271596
440 17.341486590078443
441 16.262633339001138
442 17.32035279226969
443 16.61975001692338
444 17.395295468757066
445 17.785731702965304
446 17.72295609792385
447 17.602948194505505
448 17.166110641210352
449 17.891355812389925
450 17.16811128581473
451 16.65622318501278
452 17.91724250335397
453 17.88699558457077
454 18.126347722072936
455 17.41520880109966
456 17.820891952735526
457 17.404038159654927
458 17.19677947499671
459 17.5563464474619
460 17.89647833126679
461 17.831451031901857
462 17.53241568557464
463 17.841099599067544
464 16.71724975909671
465 16.713487204268105
466 17.6985096685532
467 17.061352162646457
468 16.64606983579502
469 17.90341930725059
470 17.808161930630437
471 17.655558662236025
472 18.013293129799372
473 17.28880375651925
474 18.09245012732784
475 17.907808593073725
476 17.382571424654135
477 16.80486396285636
478 16.44909292709252
479 16.901492540935326
480 16.91565649838834
481 17.058414404224777
482 16.961364180929447
483 16.636165997764632
484 16.581403836288153
485 16.343689669870912
486 16.769678845950445
487 16.719402817998912
488 17.156054878211357
489 17.30118075316516
490 17.07430052129212
491 16.77487046982244
492 16.11169757498159
493 16.902603853230534
494 17.092691010158077
495 17.17759150142904
496 17.014181337513374
497 17.005423636804156
498 16.65487357150076
499 16.27880050863533
500 16.711786913681674
501 16.253719659649626
502 16.922992264965025
503 17.222976277875098
504 16.666634983895914
505 16.64768691822659
506 16.21827312907509
507 16.508714159579057
508 16.597160892566666
509 16.3483840643491
510 16.980073025223938
511 16.271037932606536
512 16.52345383962434
513 17.26586511433124
514 17.111616755739885
515 16.857895028113273
516 16.404630323395516
517 16.789390332224468
518 17.33426704223381
519 16.89834062658603
520 17.687858019081293
521 17.104923753279852
522 16.94023516576617
523 17.32716430390065
524 16.60789609645338
525 17.424735203309265
526 17.010529997071977
527 16.922149028877687
528 16.713352158543284
529 16.782447045233102
530 17.560136732383253
531 17.304554450483558
532 18.20851618949643
533 18.815695493529287
534 17.752513621096373
535 17.244735173084024
536 17.866063904407124
537 18.90339743366081
538 18.622811246081145
539 17.67301870428065
540 18.088150895577563
541 18.70995825738932
542 16.85469528331694
543 17.270391693136727
544 17.131094318461354
545 18.226897925259674
546 18.06913855318338
547 18.39607985849784
548 18.20987619754415
549 18.000024332206447
550 17.52197214735582
551 17.84033758404512
552 18.016059767751305
553 18.928119648384573
554 18.88734105090676
555 18.399779809471422
556 18.321201549700792
557 18.73122808583552
558 17.881738284438857
559 18.161262894808882
560 19.027818927343446
561 18.45291836920571
562 17.85339817218801
563 17.64132679890821
564 17.93625620658861
565 17.237257899569208
566 17.509284347526055
567 16.651329300499963
568 16.916085738091024
569 17.63797440737976
570 17.19074217728894
571 17.142713111327804
572 17.761042415089538
573 17.283340679682876
574 18.177439773407563
575 17.25958300449377
576 17.257134609090574
577 17.784276959960444
578 17.980598545211443
579 17.419433967196408
580 17.948106110513052
581 17.90820418405759
582 17.05421671323799
583 17.671778063056504
584 17.23509562758903
585 16.79283664245905
586 17.583322151353343
587 17.71092296456729
588 18.172664902581214
589 17.546496662354112
590 17.862204702786038
591 17.686149094520008
592 18.016960512796054
593 17.82635761984574
594 17.844192195711464
595 17.062766771849486
596 17.93763331055954
597 17.458543227689585
598 17.323005951448867
599 16.940618595285336
600 17.83894812010215
601 17.292261615152604
602 18.018926790968216
603 17.918981046336356
604 18.029512345091124
605 17.478383319412686
606 17.82026306245836
607 17.575558091905073
608 17.579373810115975
609 17.555727372676888
610 17.650227012138373
611 17.255554380895983
612 16.865025381859
613 17.41006605469396
614 17.760438982612044
615 17.39087964181006
616 16.971406491385235
617 17.740564383439263
618 17.242530197508486
619 17.042930563329495
620 17.4625909644427
621 17.626443425105546
622 17.19849633021832
623 17.065112723987138
624 17.88259509914224
625 18.315842436132602
626 18.5979103315097
627 18.032969325764412
628 17.293012529297858
629 18.101686910200623
630 19.02230187441094
631 17.942456853025476
632 18.04769589753695
633 17.457833997963345
634 19.458776897413863
635 18.41346992727834
636 17.69536915524031
637 17.60464680060927
638 17.19567689489886
639 17.51557752133244
640 17.642293200789076
641 17.05273461988453
642 18.123106888042624
643 17.828764198301798
644 17.067055030270872
645 17.107362699460953
646 17.454122946764674
647 17.50219221842563
648 17.484746653654987
649 17.74653832519057
650 17.588466418154113
651 18.025394596996822
652 17.141138006760666
653 16.937060810260892
654 17.236773723850877
655 17.275091774162572
656 16.910632773803023
657 17.260253998892345
658 17.39680831261021
659 17.31782247461349
660 17.14126462038666
661 16.918108148770067
662 17.309041568937197
663 16.832452478132968
664 18.109460844899314
665 19.029969791261756
666 18.32901139237066
667 18.674352639777325
668 18.464432688903745
669 17.719284785520557
670 17.930890501538652
671 17.76233650310584
672 17.861708789058678
673 18.287970866292085
674 18.193537421309713
675 18.296582186306328
676 18.03265687908993
677 18.650459640583414
678 18.477426362251112
679 17.7892199009803
680 17.77422386890035
681 18.079785381185488
682 17.874579132217775
683 18.645815601666506
684 17.754454694766828
685 18.397111839918306
686 18.428607447019882
687 18.147090054743323
688 17.86633923798336
689 17.244923443297917
690 16.66171742483546
691 17.57417236770518
692 18.32891976412128
693 16.956648620237086
694 17.517990123873002
695 16.96065175087804
696 17.519648376712034
697 18.938212198083857
698 17.060000914473495
699 17.226590466355198
700 16.749836013807176
701 17.175871317095407
702 17.172045502576218
703 17.48814690805416
704 17.20499631220015
705 17.00444504025636
706 17.072730598882224
707 17.918697615481864
708 17.571044910803945
709 17.472036496273063
710 17.93545052332068
711 17.411563868263702
712 17.484463191902794
713 17.121724965728696
714 17.683856338867738
715 17.905512313915164
716 18.610843044183028
717 18.473851695841976
718 17.840564150522443
719 17.218831600469926
720 16.603359094058742
721 16.9338899227635
722 16.578130214887928
723 17.037350533626743
724 18.040758947667513
725 18.282182726872158
726 17.333443131010835
727 18.638070629249484
728 18.190592922799848
729 18.915710107563918
730 18.37695640111263
731 18.66905631320859
732 18.561901757681873
733 17.659963179457733
734 18.81488640241286
735 18.478856898787033
736 18.413336668412658
737 18.266999120042907
738 18.49591108645096
739 18.1351791111566
740 18.213407196449083
741 16.564711611070074
742 17.27576194006456
743 16.999289566029706
744 16.71432540118922
745 16.962646352736236
746 17.65322358790137
747 17.111605956682197
748 16.935309110703056
749 16.311380559399066
750 17.05678278901494
751 16.694383455520004
752 17.465779967819653
753 16.889357361406393
754 16.466137853814423
755 16.025378542899333
756 16.5117097505708
757 16.09009284836368
758 16.370663675387195
759 16.76494186654755
760 16.05173809170466
761 16.946165321624303
762 15.534523921647338
763 16.675010009929444
764 16.757612623210683
765 16.53070861008224
766 15.835723242538396
767 16.576673621244836
768 16.79143882892706
769 16.61673825528556
770 16.699391773915078
771 16.498890990368885
772 16.986472557664946
773 17.019913269262528
774 16.822314820508165
775 16.758008303406175
776 16.79429932006938
777 16.71470538112776
778 16.973625278401254
779 16.80759541818097
780 17.053911500909024
781 17.119929158051573
782 17.595135702458713
783 17.194150000405
784 16.442223831224403
785 17.246500842893305
786 17.36939157285571
787 16.924576964988173
788 16.6132486686852
789 16.701936800390524
790 16.854376554642695
791 17.226069493400416
792 16.49674761203277
793 17.362263027506216
794 16.252269490539078
795 17.198366462351128
796 16.535147696901333
797 16.578653827381267
798 15.689598780796574
799 16.63000380036306
800 16.70934400849455
801 16.67684926011698
802 17.103373407912436
803 16.39613289425605
804 16.81893138364804
805 16.01093658355094
806 16.74835776326856
807 16.655469300317343
808 16.05707602714641
809 16.61148418843945
810 17.12873179619942
811 16.349720084305467
812 16.435206189780942
813 16.780674923199246
814 16.532224676786285
815 16.81540653413734
816 16.524919060705855
817 16.901438589556864
818 16.352343131015004
819 16.641861807221613
820 16.577108493484467
821 15.628236986791988
822 16.165856125827826
823 16.034249022928798
824 17.07019560473781
825 16.299389454263334
826 16.27361652934635
827 16.593024980884323
828 16.969927753926164
829 16.933317229844057
830 16.855094862802005
831 17.28616236846843
832 17.524688196737596
833 17.230038449139087
834 16.496686237792122
835 16.61883371427524
836 16.51457713470875
837 17.54529162132527
838 16.273682689905847
839 16.99473837587194
840 16.237935911344685
841 16.618632152494552
842 16.5471475623835
843 17.09251711636776
844 16.242850781237617
845 16.47271077724095
846 16.39527046366477
847 16.067990460101903
848 16.960314351912306
849 16.682178464009596
850 16.800660022087023
851 16.713370384739296
852 16.616037070287415
853 16.6005739403255
854 16.633865254445155
855 16.584378489230232
856 16.900708155818805
857 16.53911619465566
858 16.892399039425666
859 16.180130489607997
860 16.77840446228003
861 16.659720741638786
862 16.713155313684364
863 16.99189264052703
864 16.6995914069194
865 16.433360847900744
866 16.701294375253095
867 17.47962749393063
868 17.335498794125215
869 17.16786937785998
870 16.551937563884188
871 16.60993523284016
872 16.839494687812554
873 16.488897754431694
874 17.5384799258667
875 16.60495301917351
876 15.722755490121274
877 16.595651107564827
878 16.437255907992178
879 16.572357385704994
880 16.870530831948475
881 16.57881779295154
882 16.315566064734217
883 16.63371002257982
884 17.032295056490614
885 16.895255577222997
886 17.38548689601536
887 16.80452200992427
888 16.25070145863629
889 16.520611295840716
890 16.485253795106836
891 16.90599140733477
892 16.82137219329992
893 16.057640279316306
894 16.53541061909372
895 16.1623458218914
896 16.840011728868387
897 15.95891864834344
898 16.194072218675398
899 16.762540083516967
900 16.70293349177751
901 16.62744892477311
902 16.637676883883426
903 16.799503461470795
904 16.709366521217536
905 16.830580553899168
906 16.153676525406215
907 16.348364118402724
908 16.685444887791807
909 16.94175371777992
910 15.936933870946534
911 16.75899329202943
912 16.982095097822818
913 16.966820129910765
914 16.40897531548807
915 16.33722163068433
916 16.63996887761693
917 15.927089096259664
918 16.434069068626833
919 17.188794288626596
920 17.013667713477663
921 16.47587199095088
922 17.153555074136126
923 16.41360823725243
924 16.729626506264626
925 16.97882859286015
926 17.020666891554026
927 17.019518999842823
928 16.88524344047247
929 17.09156099744515
930 16.71822439628858
931 16.799970192464524
932 16.6762613080519
933 16.71977568168739
934 16.434975448693788
935 16.687215445118763
936 16.53719737424385
937 17.057905151455827
938 16.825007968116022
939 16.914679475470994
940 16.66936455724877
941 16.469389875563582
942 16.99687881368894
943 17.065100192743845
944 16.67177372076065
945 16.404974933252454
946 17.041843987117122
947 17.050044033883694
948 16.854680954880262
949 17.008539809066228
950 17.08133428274085
951 16.68586036883107
952 16.751474477817798
953 17.140282242466448
954 16.911069779185127
955 16.172174547113332
956 16.553289026886816
957 16.69433654988683
958 17.090895678048806
959 16.723963752224204
960 15.840499619206014
961 16.532475623128374
962 16.3276205714315
963 17.522647715189585
964 16.189477492466505
965 16.580123668328767
966 16.480807624189335
967 16.07915113960467
968 15.841799204545685
969 16.77847536297043
970 15.913275156034402
971 16.761406018552876
972 17.051348858670288
973 16.307925137665983
974 16.283955557518
975 16.269081130258957
976 16.495545911539573
977 17.428061264909278
978 16.956566064587648
979 16.841127517289337
980 16.946584069801858
981 17.081263630836453
982 16.82550264487007
983 16.773210770557846
984 17.20042546738358
985 17.273967332484972
986 17.11919039475156
987 16.058198135322115
988 17.236971236615506
989 16.848611286866422
990 17.069325543404187
991 16.903909719836403
992 17.068890278220103
993 16.968842911055635
994 17.48822423339877
995 16.57100229449282
996 16.41756587172028
997 17.376084834524267
998 17.00247527675176
999 16.872492390996808
1000 16.47108953853696
1001 16.8754036195543
1002 16.462804806195837
1003 16.635991072021532
1004 16.197927101598008
1005 16.448617703225015
1006 16.64370971040668
1007 16.39537828317559
1008 15.774015127063906
1009 15.512853848062752
1010 16.476626719415187
1011 16.528506383292243
1012 16.535391684808904
1013 17.036133378505053
1014 16.77359346875318
1015 16.92913235213871
1016 16.265291634735945
1017 16.77094053642937
1018 16.300188999176346
1019 16.48299873155865
1020 16.686291175559457
1021 16.477721918724388
1022 16.8730270654335
1023 16.387111691728283
1024 16.75147199686181
1025 17.000165594359974
1026 17.176516797356502
1027 16.475733070946323
1028 16.966061179781658
1029 17.005608419342188
1030 16.90077365317144
1031 17.040235630613545
1032 17.04245530317326
1033 17.077951032054628
1034 16.938885940788477
1035 16.90449169584647
1036 17.315549805385878
1037 16.43250590331048
1038 17.11030087477935
1039 16.93785630280208
1040 16.82844663826232
1041 17.280909075717535
1042 17.20666265314209
1043 17.016281177880195
1044 16.76496044754209
1045 17.50181474398599
1046 17.088512580906016
1047 17.794816880839647
1048 17.400140479442914
1049 16.75277725080629
1050 17.466381375204183
1051 18.14745498840116
1052 17.273427070917794
1053 16.99216921029859
1054 17.04874956371979
1055 17.37033068316234
1056 16.62797895756077
1057 16.940914608308603
1058 17.658966182305097
1059 17.354750162185752
1060 16.48611810028963
1061 17.886581783124274
1062 16.689861187080638
1063 17.04720355671028
1064 17.39018472071875
1065 17.28977718625902
1066 16.718883154024205
1067 16.731346428147443
1068 16.49694074000603
1069 17.7831657693115
1070 17.599552658204733
1071 17.07745637840745
1072 17.60014939827951
1073 17.651456455313976
1074 17.73233600885783
1075 17.066383173712147
1076 18.016717185704387
1077 17.105729957990416
1078 17.652206574638985
1079 17.734231509003514
1080 17.28904797806427
1081 17.801056531610342
1082 16.37192354029289
1083 16.934421688700773
1084 17.31657241274625
1085 17.801832861838655
1086 18.17469682115071
1087 17.707855283603543
1088 17.69983121137008
1089 17.327027202547487
1090 17.950869710781568
1091 17.857055796027417
1092 17.54417171482536
1093 17.97096522794131
1094 17.98832309288056
1095 17.677970341424334
1096 17.238725458850443
1097 16.953112045137093
1098 17.33227895517621
1099 17.60842512176921
1100 16.391532469179708
1101 16.95525545213641
1102 17.053541316812503
1103 17.41809900262258
1104 17.057683399476783
1105 16.777601802957733
1106 16.517737028889307
1107 16.939798158110325
1108 16.90607079378922
1109 17.0809046263615
1110 16.84489015556007
1111 16.938399501759676
1112 16.636183647304495
1113 17.139222983622094
1114 17.02318355052601
1115 16.92455675313855
1116 16.633583045770166
1117 17.055748268484642
1118 17.05785970568323
1119 16.781089145291826
1120 17.41191022302098
1121 16.779320682502117
1122 17.43034289966127
1123 17.097306319518367
1124 16.84872881059166
1125 16.90322974350981
1126 16.529073505946254
1127 16.716020911258184
1128 16.523448656698175
1129 16.90162372314263
1130 17.261742520200123
1131 16.83639720368808
1132 16.64896528662572
1133 17.099099860859624
1134 17.04406752425611
1135 16.987057167906848
1136 17.215365013448675
1137 16.806745922593006
1138 16.233138895749498
1139 16.905903606597462
1140 16.564749204196623
1141 16.381079848268936
1142 16.88546246977881
1143 17.40642634381533
1144 17.413465894129736
1145 17.364865234358
1146 16.696750237997875
1147 16.65369707740881
1148 17.723301739201744
1149 17.34250008617955
1150 17.068880996903104
1151 17.297431281953543
1152 16.67452610311167
1153 16.706381277627948
1154 17.160515608309744
1155 18.04788757063988
1156 18.147760233772615
1157 17.751997487877432
1158 16.592303652072733
1159 17.146160774401036
1160 16.953146529672242
1161 16.828840709308892
1162 16.61503966416724
1163 16.797443764659366
1164 16.174869788503603
1165 16.93248554148307
1166 16.327265722903807
1167 16.390110301642995
1168 16.42965392410395
1169 16.23403564847978
1170 17.166887303407453
1171 16.467592239970507
1172 16.567074355389817
1173 16.60978056153606
1174 16.802188559063666
1175 16.65649957264875
1176 17.08976290943842
1177 16.76922259612725
1178 16.533302238884357
1179 15.92502393023471
1180 17.18753170030901
1181 17.086663750049656
1182 15.606572953665001
1183 16.682086945518353
1184 16.73046628698854
1185 17.115422464143105
1186 16.783016704533853
1187 16.92952245635817
1188 16.58916019081304
1189 16.801403729869772
1190 16.65516155728207
1191 17.27984044252688
1192 17.24569063018309
1193 17.583895298189347
1194 17.316377674599465
1195 16.532051563986286
1196 17.63124222804645
1197 16.84608230316165
1198 17.96869736574666
1199 18.015391768986465
1200 18.008839389401587
1201 17.67402125000804
1202 17.739504978801925
1203 17.84107123904659
1204 17.287768949901178
1205 16.582270655481846
1206 16.764776352228516
1207 16.691649294362872
1208 16.557991692116367
1209 16.65499257338921
1210 17.23513337788334
1211 17.249074763016832
1212 16.863950897471508
1213 17.365719058703764
1214 17.537932501993918
1215 17.18292434045229
1216 17.0849621601907
1217 17.04520150586073
1218 17.113891718562925
1219 17.167843024951516
1220 16.42901748837837
1221 16.67826172269518
1222 16.512944034371696
1223 17.06549755936038
1224 17.188182513638726
1225 16.636374067717284
1226 16.406187041223212
1227 16.75798585904428
1228 17.434399238363696
1229 16.57496690278042
1230 16.21810817509822
1231 17.929026779900298
1232 17.171527096128695
1233 18.000248758583297
1234 17.253068644294736
1235 17.391010943004694
1236 17.283260315030024
1237 17.49756109020662
1238 17.712904802177274
1239 16.18786268354243
1240 18.081233003484748
1241 17.674400928915357
1242 17.197611909511007
1243 16.780844073750075
1244 17.268824671648588
1245 17.55414545644043
1246 17.079416317197868
1247 17.530810773824165
1248 16.56823526323367
1249 17.53732676975284
1250 17.087911186830286
1251 17.2984330364695
1252 17.511644208639854
1253 17.010739270545905
1254 17.398876860837266
1255 17.671436898853564
1256 17.208128451974787
1257 17.36156807873116
1258 17.232998096725886
1259 16.907072341744634
1260 17.001934992937286
1261 17.103371063378198
1262 17.741226626187974
1263 17.018983122566375
1264 17.18636038909121
1265 16.834311591200777
1266 17.593771112148392
1267 16.76260892524845
1268 16.724377859775686
1269 18.292859812744215
1270 17.405913994209
1271 17.609018475155704
1272 16.71959365098473
1273 15.739755765914433
1274 16.596680253104164
1275 16.05990985586358
1276 16.56330877496599
1277 17.291169273974
1278 18.313312009531366
1279 17.841003000514785
1280 18.041590878938095
1281 17.768383946814765
1282 18.08280133301707
1283 17.73759665456462
1284 17.76622991295525
1285 17.54091601611419
1286 17.104933443417256
1287 17.550620325104276
1288 17.217476448638664
1289 17.993205332432147
1290 17.292512451158352
1291 17.882979102923038
1292 18.126988675332612
1293 17.702060586556076
1294 17.855831217986374
1295 17.544600082414078
1296 16.86853899751911
1297 18.264251285116107
1298 17.939073818127557
1299 18.10763703012522
1300 17.266640109626145
1301 17.125589680120903
1302 16.852680912918018
1303 18.07386991454953
1304 17.89651283724183
1305 17.639256681676546
1306 17.6514522658759
1307 17.873483146673525
1308 18.029047902132834
1309 17.533046252262018
1310 16.960635476754693
1311 17.75155272981277
1312 18.47797761403742
1313 17.902700172619106
1314 18.333881828181358
1315 18.260415703050118
1316 18.41649849598088
1317 17.729399017527246
1318 17.186993743732195
1319 17.52676597849283
1320 17.536447394758
1321 17.58668052300904
1322 18.514138503638915
1323 18.29955138949118
1324 17.876341155483786
1325 17.152681794810114
1326 17.65202327254438
1327 16.960880239378856
1328 17.013711522583066
1329 17.841513725337037
1330 17.897807653482417
1331 17.633834336336815
1332 17.13584343428677
1333 17.306549215497114
1334 17.59486766566233
1335 18.20494683168833
1336 17.71132772615306
1337 18.615840495288204
1338 18.43237808001659
1339 18.19247859471881
1340 17.94277427836284
1341 17.8709047498722
1342 18.452601023284096
1343 17.106165332870646
1344 17.80781753043193
1345 17.221698136117674
1346 17.75914286240439
1347 17.610333326362333
1348 17.631816226979073
1349 17.569572599917144
1350 17.805551708758554
1351 18.069636471499557
1352 17.629582083879114
1353 18.02555767037455
1354 17.516796030108914
1355 16.822621666819376
1356 17.474821717296297
1357 17.40876507994622
1358 17.14577557135406
1359 17.824679496983702
1360 17.354635804847735
1361 17.399713481153707
1362 17.91337548874349
1363 17.904332623673444
1364 17.108634521069582
1365 17.74569643459598
1366 18.650989430770817
1367 18.087141208818664
1368 17.239270649138774
1369 17.473511100889883
1370 16.914417705863027
1371 16.930383624349762
1372 16.331706143118197
1373 17.81023424467215
1374 17.0200492740649
1375 17.95693794913164
1376 18.281019133330528
1377 16.90544617319448
1378 16.954737088114324
1379 17.268747017283875
1380 16.965256872752104
1381 16.761837283784736
1382 16.584169618978805
1383 16.90428656328409
1384 16.04809578576614
1385 15.847116557280456
1386 16.688166412059037
1387 16.763578204064732
1388 16.876723760061484
1389 16.558352165022487
1390 16.44016287715662
1391 16.730403013634504
1392 16.942913872339396
1393 16.865038026881027
1394 16.977415075148997
1395 16.11914617074478
1396 16.41998097522896
1397 17.589359948603235
1398 17.889555287852183
1399 16.981521565004563
1400 16.639205450711096
1401 16.200471975350148
1402 16.567465606499233
1403 15.65268574951356
1404 16.87867705149457
1405 15.904629989384102
1406 16.169987156554047
1407 17.261403441185056
1408 17.145765169737704
1409 16.88082957374275
1410 16.863191281813698
1411 16.948936650346326
1412 16.81830749120313
1413 17.470509894246003
1414 16.213152316722336
1415 17.779606832405122
1416 17.58649423238407
1417 16.937908406027404
1418 17.693895642704337
1419 17.129518166406
1420 17.360953277627896
1421 17.502046911782692
1422 17.914363946160805
1423 18.14234876499622
1424 16.962754095513066
1425 17.546763164851594
1426 17.85883353839565
1427 17.078401584223066
1428 16.833996779290985
1429 17.172679169518698
1430 17.940478406650413
1431 16.660807369137792
1432 17.484488867849237
1433 16.987414446099823
1434 16.938661087748567
1435 17.204573012124673
1436 18.19309200977908
1437 18.082257220506378
1438 18.307335431346033
1439 18.503433155788944
1440 18.13471227371976
1441 18.375440336466408
1442 18.416704918718704
1443 18.377942370303877
1444 18.190189618372695
1445 18.321516327488734
1446 18.360418777997275
1447 18.50500015383784
1448 18.49736129938885
1449 17.088600302547572
1450 18.39253980874141
1451 18.108330059198195
1452 18.83752231808342
1453 18.634628067066785
1454 18.336402961499715
1455 18.07640174540414
1456 18.568604437122016
1457 17.7083599592763
1458 17.917785425136046
1459 18.184873810366664
1460 18.460063019281478
1461 18.410611493045508
1462 17.984358069468932
1463 18.816808714028678
1464 17.730569408932066
1465 17.83169271139943
1466 17.910634055835224
1467 16.829892707821536
1468 16.82951342049404
1469 16.958322546041828
1470 16.633861129283922
1471 16.778681028543346
1472 16.788754063452455
1473 16.835617172700317
1474 17.206508451115067
1475 16.3871191771302
1476 17.235871015418763
1477 17.81167959981942
1478 18.22600682217385
1479 16.963835777639982
1480 17.331861701967078
1481 16.60394005971784
1482 17.86210448365161
1483 18.07286556571324
1484 18.06071468084328
1485 18.09263305094998
1486 17.765286045353996
1487 16.75651422100286
1488 16.81866069318497
1489 17.196637629425453
1490 17.07430976378649
1491 16.74283458326578
1492 16.402875087744146
1493 17.070259497378526
1494 17.82664646691207
1495 17.560710429294634
1496 17.473815208797838
1497 17.845978833724626
1498 17.132749930733482
1499 17.46670402069177
1500 17.50841145659265
1501 17.291503631334056
1502 17.486113431981583
1503 17.370707964992267
1504 17.60867513929884
1505 16.61728108352481
1506 17.367262257059856
1507 16.9859565082863
1508 18.555335752101012
1509 18.470638528397387
1510 17.71400164866224
1511 17.55143273989187
1512 17.40424980339408
1513 17.619080180416105
1514 17.20238540975423
1515 17.131114649637404
1516 16.697914057064793
1517 16.726485538019077
1518 16.42826853909312
1519 16.658324535415932
1520 16.30977122817213
1521 16.876533296980146
1522 16.67595747214365
1523 17.375632533764627
1524 16.867219174297286
1525 17.511646255141926
1526 18.36033800455299
1527 17.868391590047864
1528 17.22849151778476
1529 17.05267927689295
1530 17.163276064855932
1531 16.932793662258973
1532 17.085205244690794
1533 17.219464564802394
1534 17.29803534853853
1535 16.74966381513367
1536 16.59594171317254
1537 17.248021825833735
1538 16.917784076545026
1539 16.508628070370392
1540 16.128003786812396
1541 16.34536994018844
1542 16.579537566190474
1543 17.044458137684572
1544 17.62557876403685
1545 16.201353630482984
1546 17.086529227843627
1547 17.694046818378375
1548 16.569481484322562
1549 16.894420762650658
1550 17.205452483367655
1551 17.43217233631526
1552 16.93998373277436
1553 17.565819375696538
1554 17.073489574850544
1555 16.748239879652775
1556 16.74295203053215
1557 16.600991612733168
1558 17.00482353496495
1559 16.87378087958867
1560 16.738314873357698
1561 17.41780038248543
1562 17.411155634211337
1563 16.914956821217316
1564 17.125581856185885
1565 17.4554933055718
1566 18.179295861295344
1567 18.006026441395715
1568 17.268002700969223
1569 18.032410087145088
1570 16.693969896366706
1571 17.4316774170854
1572 17.14614777026429
1573 17.304204201020816
1574 18.053449272004027
1575 17.769818087111968
1576 17.607292566794
1577 17.436716013233404
1578 17.226854382972284
1579 17.703715928682097
1580 17.536391730285665
1581 17.156577192771305
1582 17.32658285960726
1583 17.942057737095368
1584 18.064317400022617
1585 18.367183602378265
1586 18.087081728775715
1587 18.294674414762596
1588 17.91263173892718
1589 18.140843561310284
1590 17.807938374978573
1591 18.455841513093727
1592 17.639018219503903
1593 17.56437800154448
1594 18.76201868537665
1595 17.835454166004617
1596 18.053565375655673
1597 18.1367652892772
1598 17.963728391108038
1599 17.490329813946634
1600 18.122389040867482
1601 17.341627173659102
1602 17.13758542187573
1603 16.96798207567963
1604 16.787907220424273
1605 18.266609356089745
1606 18.198195704737216
1607 18.154934402846838
1608 17.530112275874696
1609 17.620568955949768
1610 17.79719851812868
1611 17.309557545488413
1612 16.868954335864927
1613 16.844440070991286
1614 17.764885430747242
1615 17.31261734379496
1616 17.96022091948528
1617 17.212306520228132
1618 17.487240406487146
1619 16.46996701612284
1620 16.958159217094142
1621 17.296672480637913
1622 17.08395623502967
1623 17.035839601004568
1624 18.00505933075991
1625 17.641774719894375
1626 17.610519279601636
1627 17.390230784454417
1628 16.542777655109013
1629 17.708239262706755
1630 18.18879722710291
1631 17.58501031104893
1632 17.833736908660498
1633 17.727941075746212
1634 18.224571474872082
1635 17.816696636382964
1636 18.08603240457704
1637 17.286270707756998
1638 17.459126358630357
1639 17.5506098434287
1640 17.78126251512178
1641 18.526022854043593
1642 17.814471538986577
1643 18.141089555435215
1644 18.406664128486714
1645 18.057890042103928
1646 17.935257217635517
1647 18.138081291895123
1648 17.61485199203542
1649 18.585560557564307
1650 18.345233984495763
1651 18.126352498023067
1652 17.74144120590541
1653 18.27938114855923
1654 18.516860674643407
1655 18.505219171279435
1656 17.733921128684322
1657 16.71219136164598
1658 16.998676215701714
1659 17.714072547069588
1660 17.95386876359972
1661 17.098216327475782
1662 17.158996810706878
1663 18.018480015796698
1664 16.346123961747054
1665 17.677557494826885
1666 17.19537760356076
1667 17.39024099392177
1668 16.6680969818556
1669 18.0447970627193
1670 17.84468835533576
1671 17.633816700291145
1672 17.68398857843578
1673 17.56538732449241
1674 17.577986635643967
1675 16.50372979431796
1676 17.129928998572655
1677 16.94459015317152
1678 18.194979704142874
1679 17.16885532552617
1680 17.21162013827031
1681 17.459838613553547
1682 17.079801216296055
1683 18.37780092014099
1684 17.567592395834428
1685 17.346635895191753
1686 17.483587389004242
1687 17.42167508959887
1688 16.49272854584036
1689 16.54218959463623
1690 16.795407456067302
1691 17.016004495564616
1692 17.598856767266625
1693 17.034527224812877
1694 18.201767774890197
1695 17.941274716549295
1696 17.568660352786967
1697 16.531616768204742
1698 16.62118153510564
1699 17.66824873459825
1700 16.875779984083767
1701 17.202249324772364
1702 16.518195258216508
1703 17.182096650322123
1704 17.30147871404178
1705 17.72359061127758
1706 16.81922270946545
1707 17.054267926058547
1708 17.201067965143046
1709 16.771055323117135
1710 17.011535653538445
1711 17.106302983042823
1712 16.948429568534074
1713 17.173962494072374
1714 17.368330614200918
1715 16.784805397528814
1716 17.197002040191357
1717 16.720871396823355
1718 16.656742425949094
1719 16.69778753965739
1720 16.75811493305671
1721 16.300520541763024
1722 17.455977533347536
1723 16.973142314007703
1724 16.720168194073946
1725 16.81487333552061
1726 16.418904092611417
1727 16.14095003300205
1728 17.169662713399585
1729 16.475430017134986
1730 16.66082227902479
1731 16.192055832903584
1732 16.392487398722853
1733 17.399451751392398
1734 16.7554346942418
1735 16.476706230215058
1736 16.889833134194365
1737 16.59497822806745
1738 17.629698781103006
1739 17.249673292574016
1740 17.306209365473844
1741 17.1879712980418
1742 16.14963685233138
1743 17.302805643056374
1744 16.500877737347327
1745 16.886043480262504
1746 16.647714940243063
1747 16.63233007212669
1748 16.695701926041796
1749 17.120076623644163
1750 16.658157887426068
1751 16.167271938222548
1752 17.561762485409485
1753 17.037033369585647
1754 16.775494057315957
1755 16.685454996269346
1756 16.672220755903975
1757 16.343528803917977
1758 17.20116121722604
1759 16.951062045540464
1760 16.872316120232675
1761 16.884230030940074
1762 16.765004655035824
1763 16.658078021978767
1764 17.34826055814583
1765 16.416257649507866
1766 17.369670479041414
1767 16.960320135907835
1768 16.892953629812126
1769 16.692423050531076
1770 16.953828291232142
1771 16.736882094238315
1772 16.585117741653086
1773 16.536000079905637
1774 17.160252303616794
1775 16.833730532963468
1776 16.832568492833765
1777 16.673887521309595
1778 16.474365604376334
1779 16.544413783756323
1780 16.881808514109544
1781 16.938029218286427
1782 17.052611692191896
1783 16.779897725592722
1784 17.22978520617949
1785 17.736737400260683
1786 18.42318149590666
1787 16.605632436054627
1788 17.93486946930863
1789 17.143787351625765
1790 17.622461825299784
1791 17.698291554062973
1792 16.961528343912022
1793 17.339666665953317
1794 17.233748486643936
1795 17.179813032278368
1796 17.31686950449787
1797 17.028160518483006
1798 17.6123131067584
1799 17.32516528066868
1800 16.685165499754962
1801 17.120658225959527
1802 17.02163980370358
1803 17.426638358771463
1804 16.880298354610034
1805 18.50759997720874
1806 16.93058586692176
1807 17.448215612988527
1808 17.083829528347124
1809 16.936535669894425
1810 17.09086311459022
1811 16.932544622661247
1812 17.20412749452293
1813 17.278668709603817
1814 17.20093617739021
1815 17.1052095026132
1816 16.966440239996437
1817 17.05939448328663
1818 17.6628787553849
1819 18.246572730208406
1820 17.779868901411152
1821 16.785177425825964
1822 16.888003808266536
1823 16.926022155076833
1824 16.768948547481198
1825 16.641364731403417
1826 17.006813861589702
1827 16.886385661689562
1828 16.984981125321376
1829 16.714506126959932
1830 16.874176085909713
1831 17.024240047893237
1832 16.519189017561384
1833 16.500198585953683
1834 16.662325835293814
1835 16.528320091565412
1836 16.484030462215657
1837 16.301489603551595
1838 16.643277656305223
1839 16.699938376924962
1840 16.30854819719926
1841 16.757190290680523
1842 16.710601875035863
1843 16.276196652502126
1844 16.03724913908788
1845 16.742815346138258
1846 16.20099171116404
1847 16.660358013659792
1848 16.906827246694398
1849 17.11089581002728
1850 16.711303801789096
1851 16.214146889906768
1852 16.503376707429034
1853 16.513320590336036
1854 16.603011957783618
1855 16.321490121480323
1856 16.07876001589758
1857 16.235644250873804
1858 16.922308184212916
1859 16.4089105855732
1860 16.738343232562258
1861 16.983355896172096
1862 16.843119097217954
1863 16.554324490186264
1864 16.21984025710474
1865 16.867973713557255
1866 16.695004980306724
1867 17.259460738206602
1868 16.853815349061385
1869 16.814310869495447
1870 16.852932383091623
1871 16.773880170314
1872 17.001260854963746
1873 17.231704825550306
1874 16.716388762040573
1875 16.60178023954307
1876 17.136131587407835
1877 17.10147590147665
1878 17.225548998398807
1879 16.082992945406726
1880 16.50622339827831
1881 16.583328336229194
1882 16.56134873304702
1883 17.890757682702645
1884 17.110048521313054
1885 17.32805067680365
1886 17.68111136684499
1887 17.96736291398386
1888 17.1216207655635
1889 17.12814861162318
1890 17.192193707020436
1891 16.35414679412911
1892 16.547647617086465
1893 16.697247347541534
1894 17.568554166385145
1895 17.307724831927676
1896 17.166837604451263
1897 17.194277109102167
1898 16.983545077865507
1899 16.27421527933528
1900 16.66864834567678
1901 16.994476142088892
1902 16.388931963750217
1903 15.994996795418366
1904 16.084419500330885
1905 16.363900390401803
1906 16.674548682839593
1907 16.756660459835366
1908 16.991890554985424
1909 15.897539438485653
1910 15.95028444099258
1911 16.488560117264488
1912 16.260737821348215
1913 16.213079110991156
1914 16.46736902416543
1915 16.618436306309576
1916 16.564517735042678
1917 15.739018678021438
1918 16.023894906297826
1919 16.63318505209083
1920 16.281164103945652
1921 16.296105975616406
1922 16.502387120590956
1923 16.894173438156763
1924 16.956705598514457
1925 16.627337762005528
1926 16.91098342589412
1927 16.347337189976646
1928 16.396187861317074
1929 16.61751198603793
1930 17.022307362570718
1931 16.381206628936535
1932 16.369691953232845
1933 16.52195285523686
1934 16.58991832224835
1935 16.00005065739431
1936 16.55575251027244
1937 16.781987802328736
1938 16.090077787920105
1939 16.341636630069086
1940 16.641958766915877
1941 16.526786472864487
1942 17.39305679816238
1943 16.95426165615954
1944 16.40651103628642
1945 16.673168912588068
1946 16.686457354708345
1947 16.152412178000354
1948 15.953904971619298
1949 16.693197427077532
1950 16.30032138121706
1951 16.92509951416287
1952 16.272564151922726
1953 16.30899053526101
1954 16.60258836522563
1955 16.13669631871971
1956 16.21569847079899
1957 16.265474540503785
1958 16.469186947810943
1959 17.07529868972299
1960 16.877726509921153
1961 16.58948162450534
1962 16.72552988330936
1963 16.061717250682594
1964 16.357817868024725
1965 16.763065218257722
1966 16.41759158851709
1967 16.5543629034536
1968 16.638182221260617
1969 16.900745879600183
1970 16.74642124110959
1971 17.37490160269175
1972 16.536638422163122
1973 16.95463031354751
1974 16.580133271770485
1975 17.196357544842947
1976 16.850078306433264
1977 15.947985085137109
1978 16.929067174841308
1979 17.08486274132741
1980 16.691053003758636
1981 16.605006979768035
1982 16.526351010951792
1983 16.756480148485068
1984 16.991749119910484
1985 17.007431547640607
1986 16.707895651205373
1987 15.899287435495683
1988 16.887443146725317
1989 17.348838647437464
1990 17.030085677773577
1991 16.937783494154978
1992 16.735921183978263
1993 16.332986073686637
1994 16.600524072716624
1995 16.409850650372963
1996 17.04153600729433
1997 17.19628808099017
1998 17.596031717086632
1999 16.492397424415035
2000 16.650882629165817
2001 17.058567076781713
2002 16.6846714122341
2003 17.060615646436542
2004 16.435791444351175
2005 16.37000162865696
2006 16.466970353320978
2007 16.629861275474045
2008 16.323348155892994
2009 16.22126270988648
2010 17.10687282885174
2011 16.902488272106435
2012 16.555090651817615
2013 16.19443323826347
2014 16.460067743553672
2015 16.576382723892902
2016 16.259418267425563
2017 16.61592126439466
2018 16.1927192107122
2019 17.396758491863242
2020 17.030355322495947
2021 16.120264851780526
2022 16.981236814299645
2023 16.790750980095364
2024 16.433218550996205
2025 16.344951322748376
2026 16.588124706176668
2027 16.628150392245576
2028 16.86703300868234
2029 16.972209518768157
2030 16.53293711945075
2031 16.296716324239
2032 16.740819562373837
2033 16.873933043975214
2034 16.888399883560357
2035 16.742311916238126
2036 16.740605360368114
2037 16.877278613652784
2038 16.89075708502923
2039 16.29320944757
2040 17.425481677663765
2041 16.457026140602633
2042 17.167571220238116
2043 16.779803175905606
2044 16.811815582807498
2045 16.886637996595105
2046 16.717140420957712
2047 16.65988064732326
2048 16.414732938234067
2049 16.546051785553455
2050 16.73492452032814
2051 16.576859838263644
2052 16.670620021640648
2053 16.355316771245054
2054 16.38660703791075
2055 16.75581541951347
2056 17.04182410043852
2057 16.556417137861757
2058 16.99864243009614
2059 17.079574451789384
2060 16.53815874599506
2061 16.8276462723503
2062 16.829708679556415
2063 16.38300219880604
2064 16.618765769158717
2065 16.13370558384106
2066 16.296053906774866
2067 16.948383638155224
2068 16.61891628600478
2069 16.732080049167916
2070 17.102859332582245
2071 17.252493281608132
2072 16.755705304736107
2073 16.972505929865704
2074 17.569593197890182
2075 16.818191395292924
2076 16.518616501312806
2077 16.639126428560278
2078 16.75017303447112
2079 16.526275296206336
2080 16.342059703561006
2081 17.09400221240996
2082 16.975326987653883
2083 16.830025904500506
2084 17.80083303017076
2085 17.327666214583342
2086 17.622777571202683
2087 16.84862120848428
2088 17.666820662922618
2089 17.24669075911585
2090 17.283463830936203
2091 17.133384705080864
2092 16.999719604647122
2093 16.93416138634182
2094 17.032095318365403
2095 16.981440772558866
2096 17.441545518021883
2097 17.330941914286772
2098 17.904413111347516
2099 17.706443407537215
2100 17.37102701714846
2101 17.19272296923094
2102 16.808375346988665
2103 16.90109301687818
2104 16.481405417739925
2105 16.652378411108725
2106 16.78815266542165
2107 16.678628016334024
2108 16.63281963159179
2109 17.438346412247178
2110 17.015286446376876
2111 16.950424358642803
2112 16.64249885212012
2113 16.38706304822815
2114 16.40059988321387
2115 16.641473258073216
2116 17.43759495266721
2117 17.08692325410919
2118 17.358697617752934
2119 16.465124545112353
2120 16.48062797133207
2121 16.941236301530964
2122 17.09751200789991
2123 17.216086720072862
2124 17.688255710009205
2125 16.668775769178723
2126 16.954916733095448
2127 17.114548829538883
2128 17.110865854382805
2129 17.243233319437717
2130 18.120511428998444
2131 16.75094588049886
2132 16.72216442978552
2133 16.985490381525658
2134 16.839783274144075
2135 16.536323652077865
2136 17.350165635376275
2137 16.810107164577424
2138 18.282406661851716
2139 17.068383335226162
2140 17.034128118689114
2141 17.495284964674735
2142 17.51996432761687
2143 17.037643373661503
2144 16.989408475718193
2145 17.773048301956877
2146 16.590488990045003
2147 16.57553604764665
2148 16.904283934691325
2149 16.97394262339635
2150 16.569697009749024
2151 16.593938312107014
2152 16.74314885301456
2153 17.025565812323094
2154 16.96633941079573
2155 17.201504930629856
2156 17.06962119325344
2157 16.703201222534613
2158 18.051209044706063
2159 16.937976658809283
2160 17.090332630602617
2161 17.39836163156192
2162 17.399528702906817
2163 17.256809478870814
2164 16.98004828315535
2165 17.39684342858747
2166 16.933289186737888
2167 17.229406244542016
2168 16.635975856416344
2169 16.957606276966793
2170 17.116842251754186
2171 16.73852348340764
2172 17.339577554471603
2173 17.062246387191728
2174 17.01690950440281
2175 16.368884808680434
2176 17.040201639289073
2177 16.640460881522326
2178 17.037737829420113
2179 16.459781682808554
2180 17.03524570294395
2181 16.88855269976172
2182 16.995243875497263
2183 16.946577894539182
2184 16.60406257021751
2185 17.547878834188758
2186 17.21730083063512
2187 17.183891833638565
2188 17.601066882963828
2189 17.006452573400296
2190 17.07256793023351
2191 17.05764190074381
2192 16.800192981393636
2193 17.039486542955878
2194 17.435569179249296
2195 17.252466660908514
2196 17.297270970353896
2197 17.153844783287234
2198 16.980452188728638
2199 16.69273499358488
2200 16.884351338572163
2201 16.97198683561564
2202 16.735957833106948
2203 16.79262183879202
2204 16.673771461632658
2205 16.555825409262628
2206 16.86924434388694
2207 17.110281980497362
2208 16.829168473111817
2209 16.617236538881347
2210 16.813155196826163
2211 16.288983723593084
2212 16.84468811229747
2213 17.719093756444927
2214 17.533174439335955
2215 16.49374174634902
2216 16.746334987880292
2217 16.436863054523307
2218 16.32652986108761
2219 16.69355888366116
2220 16.803290714840365
2221 16.280458134253408
2222 16.961930068140873
2223 16.37854510484714
2224 16.9886577475129
2225 16.343568386364836
2226 16.97248352578737
2227 16.689605891363094
2228 16.68459012966529
2229 16.47195461200349
2230 16.83884532978756
2231 16.08140047339477
2232 16.306017270973186
2233 16.454943148829166
2234 16.803955350623955
2235 16.32245737049524
2236 16.349250996504406
2237 17.044070906158588
2238 17.029008041147137
2239 16.178024755120266
2240 16.496910099443657
2241 16.200690954804514
2242 16.87545782396486
2243 16.456582915095527
2244 16.995003139517628
2245 16.342228916457362
2246 17.119965419332676
2247 17.107317729310566
2248 16.414130815207006
2249 17.32417742668352
2250 17.217959366753565
2251 16.667553246868266
2252 17.123604832969615
2253 16.518127444718683
2254 16.388642710590535
2255 16.54334276224842
2256 16.19631489754307
2257 16.35569864428582
2258 16.804452092727363
2259 16.51660711402458
2260 16.53882039987691
2261 16.123400548853663
2262 16.398180513916774
2263 16.443434744200605
2264 16.794183899724455
2265 17.015959545039234
2266 17.155781202851497
2267 16.65892833915524
2268 16.430672955741308
2269 17.284691546669787
2270 17.008591211123978
2271 17.044750845592223
2272 16.883196484962177
2273 16.601248255738547
2274 17.20396945595514
2275 16.905304785554986
2276 16.403602227285084
2277 16.403695587310857
2278 17.137048796376057
2279 16.981470445246984
2280 16.950419339526697
2281 16.7762621648594
2282 16.269789767533037
2283 17.27748534240838
2284 16.876900565666823
2285 16.859857165477386
2286 17.24094831908278
2287 16.80337617434008
2288 17.398561296279826
2289 16.804923912996152
2290 16.798057983094694
2291 17.033637756240992
2292 17.237711391671677
2293 17.143243595857925
2294 17.02364381313208
2295 16.7459712402243
2296 16.99165506926592
2297 17.032636203152485
2298 17.3215974648595
2299 16.75848715662687
2300 16.314608071052334
2301 16.77146379453338
2302 17.261121421877412
2303 16.879324627169304
2304 17.314803346465112
2305 16.387761320323364
2306 16.893712087443678
2307 17.05439558015744
2308 16.915627600779235
2309 16.80496559391694
2310 17.10536832433669
2311 17.21230244573837
2312 16.490780948495203
2313 16.62520155207015
2314 16.683227597969047
2315 17.237374339168998
2316 16.84065937335258
2317 17.002631643420163
2318 16.529506660002465
2319 16.936391640821117
2320 16.27907506132614
2321 17.169988811346343
2322 16.86045315232269
2323 16.599890065715236
2324 16.864224474521773
2325 16.846215601320747
2326 16.520547499877583
2327 16.832592170845963
2328 16.071894934997122
2329 16.613012493525133
2330 16.5780315512698
2331 16.954509362794983
2332 17.096208104708086
2333 16.5418063153843
2334 16.909192738386896
2335 16.50695060602707
2336 17.077622524631398
2337 16.495328751524347
2338 17.45628829526195
2339 16.46809484143567
2340 16.528215109003344
2341 16.53697295470091
2342 17.15572360412038
2343 16.89331995031557
2344 17.05785116673975
2345 17.211000970780454
2346 17.045546380662827
2347 17.02054516212476
2348 17.290191916474157
2349 16.329833845747913
2350 17.172040765669593
2351 16.938088929736615
2352 17.330082518295974
2353 16.754301767320737
2354 16.22199615185135
2355 16.582280056948854
2356 16.48699385372476
2357 17.177238095313747
2358 16.572649018990628
2359 16.44580453778683
2360 16.414474917155005
2361 16.662414484682902
2362 16.487463200519933
2363 16.483536691689416
2364 17.165119652684936
2365 16.790284568156938
2366 16.191497600558417
2367 16.521804839804183
2368 16.386789316358485
2369 16.842741387081407
2370 16.269647669413576
2371 16.89934002987755
2372 16.85632779191565
2373 16.15614076061812
2374 16.21934554431824
2375 16.303618728807592
2376 16.389728766315997
2377 15.83035970079414
2378 16.65735935503641
2379 17.231168622712197
2380 16.846519691526556
2381 17.030682194184603
2382 16.698773713990015
2383 16.764684915482626
2384 16.31150448180989
2385 16.69557269856116
2386 16.670688896356967
2387 16.807152263533588
2388 16.94755972154919
2389 16.648412688629392
2390 16.35951040853309
2391 16.496713279965583
2392 16.74661890724407
2393 15.297153688295017
2394 16.165326734096556
2395 16.375588014994026
2396 16.25736873436978
2397 15.905309300607177
2398 16.104063551532796
2399 16.56829788279655
2400 16.943947772180483
2401 17.065125715611153
2402 16.150335136727083
2403 16.623710961915865
2404 16.29314143003771
2405 17.01714951144194
2406 16.720398172319452
2407 16.508680265495375
2408 16.57883436866225
2409 16.52774204639854
2410 16.642997998664104
2411 16.18815650033847
2412 16.470179915680397
2413 16.581422815976236
2414 16.450299318163378
2415 16.58827133883294
2416 16.67987194392597
2417 16.402400204393373
2418 16.64375645153987
2419 15.57732659212306
2420 16.894071330132803
2421 17.722267681354907
2422 16.61331121435165
2423 16.82221871215525
2424 16.647113417962043
2425 16.44715770587209
2426 16.311479947940736
2427 16.710464945042368
2428 16.740346356807713
2429 15.854496414743748
2430 16.652763185911542
2431 16.804615399649464
2432 17.454646789256948
2433 16.809001711638544
2434 16.765418810122174
2435 17.141661287860238
2436 16.4876402473086
2437 17.336451837042073
2438 18.107902594052284
2439 17.12284047967031
2440 16.223515908411517
2441 16.475847927212758
2442 16.944985651973404
2443 16.73156474735258
2444 16.35524997958933
2445 17.572998705273868
2446 16.860919271212914
2447 17.556699463412194
2448 16.43767842817756
2449 16.3443789175578
2450 15.99712259450015
2451 17.156998215370148
2452 17.732200529278792
2453 17.779450136705357
2454 17.287765568827833
2455 16.510059443021948
2456 17.113572791163875
2457 16.825198009368034
2458 16.161900515092576
2459 15.62415047409085
2460 15.741974015708234
2461 16.59650677959227
2462 16.18929858793793
2463 16.300785161299725
2464 16.40844828333424
2465 16.58859609653626
2466 15.956299508350671
2467 16.150814488654902
2468 16.513870441482496
2469 16.467145799806666
2470 15.707595871554101
2471 16.46365315016219
2472 16.343110039248334
2473 15.851058924074875
2474 16.073359252496846
2475 15.725430350112404
2476 15.18288742346298
2477 16.353261170094683
2478 15.893580095516509
2479 15.894520625859563
2480 15.632036497653004
2481 15.378205845227923
2482 15.97839278526458
2483 15.236787994015193
2484 15.336683738654354
2485 15.130320658177345
2486 15.31216214189789
2487 15.314162751154642
2488 15.559303004811591
2489 15.290737135230723
2490 15.21309098355393
2491 15.241931863707904
2492 15.321919380985069
2493 15.354690552414699
2494 15.509401646396276
2495 15.330586037238126
2496 15.490088438945039
2497 15.38001097028105
2498 15.263249218822995
2499 14.710400943206816
2500 15.091418800097989
2501 15.1623131742228
2502 15.48041972199457
2503 15.983322203188324
2504 14.722379198070648
2505 15.200106685068068
2506 15.399750863555923
2507 15.813677466624672
2508 15.603182327976004
2509 15.245903011527858
2510 14.983224429193436
2511 14.91539677043349
2512 15.20849047329969
2513 15.101448655329833
2514 15.597533599632136
2515 15.216382057512133
2516 15.698176165186485
2517 15.95187202237575
2518 15.807403349915205
2519 15.29873791469549
2520 15.563813719580944
2521 15.975746586540035
2522 15.16947001734467
2523 15.127957245464271
2524 15.752860658724694
2525 15.506020670637007
2526 15.383522991073784
2527 15.036720136132267
2528 15.14095941563158
2529 14.661835723536944
2530 15.037878183357662
2531 15.640647517073136
2532 15.209501546490936
2533 15.834484998717928
2534 15.3533406499858
2535 15.689718573273561
2536 16.12361217200639
2537 16.03954105367184
2538 15.450771986330764
2539 15.218736986595056
2540 15.002400142026831
2541 15.41830152191275
2542 15.694319660524545
2543 15.313746042552877
2544 15.27498670477433
2545 15.737156571979847
2546 15.602056306357518
2547 15.516469083203765
2548 15.693346708796689
2549 15.436995452790589
2550 15.789628373964208
2551 16.01740468340913
2552 14.673932260793537
2553 15.201235283758589
2554 15.919939050470791
2555 15.101802406813945
2556 15.600049982879183
2557 15.274246583284691
2558 15.187715120976561
2559 15.754116581794209
2560 15.338006791903222
2561 15.661546164662665
2562 15.244763603610355
2563 15.672459019297774
2564 15.304170082173334
2565 15.40934707804541
2566 15.215557270547114
2567 15.655551318561365
2568 15.441104150992109
2569 15.480896818589017
2570 15.450205633960103
2571 15.31700351841992
2572 15.493629711424319
2573 14.988099055805572
2574 15.665856805360137
2575 15.468695019197693
2576 15.029146289108954
2577 15.3448938391609
2578 15.006005218760231
2579 16.228548489202566
2580 16.346954883738807
2581 15.901597514828481
2582 15.808519155862186
2583 15.5534172865514
2584 15.138030329471615
2585 15.153334015805031
2586 15.524226845141428
2587 15.382023114829959
2588 15.742675038424716
2589 15.64642581813154
2590 15.484644223977067
2591 15.544700736956448
2592 15.431674882153034
2593 15.7274835187565
2594 15.66825343356541
2595 15.887257968059151
2596 15.970630330112803
2597 16.066485833331253
2598 15.297834912811444
2599 15.441765089950945
2600 15.202351745993045
2601 15.634544070790565
2602 15.450861376158624
2603 15.633400713345944
2604 14.707703036532981
2605 15.781818795210912
2606 15.57008651105557
2607 15.828946948933787
2608 15.554240370859493
2609 15.828477535222465
2610 15.308476326885785
2611 15.614757364540642
2612 16.13758272884576
2613 15.494260467544805
2614 15.197134390917087
2615 15.408271836625156
2616 15.02633337407142
2617 15.309460928908386
2618 15.894829457983022
2619 15.392588657932723
2620 15.390990860852924
2621 15.61500006742592
2622 15.62679781641288
2623 16.00073661207045
2624 15.397275490409834
2625 15.835294048628711
2626 15.872699532976691
2627 16.232349800228683
2628 16.026305684144635
2629 16.259289765996126
2630 15.694770003485388
2631 16.016374912376282
2632 15.746609150049037
2633 15.806945089273384
2634 15.441538363919818
2635 15.390688690490103
2636 15.805360405897138
2637 16.30987862933014
2638 16.066963263660778
2639 16.205112869841237
2640 15.85201252144157
2641 16.120760978439776
2642 15.43462593609362
2643 15.658636695705438
2644 15.589721818350638
2645 16.18842991805918
2646 16.242910778929726
2647 15.204705531110385
2648 15.711279681120468
2649 15.856118632388077
2650 16.098805766110736
2651 16.012734000607544
2652 15.458386100652309
2653 15.673307982610945
2654 15.674978951437351
2655 15.603249397727959
2656 15.740768988931856
2657 15.410199291663067
2658 15.655709757414387
2659 15.617124003488605
2660 15.51878516578569
2661 15.588901507588469
2662 15.925432428776336
2663 15.916287400257012
2664 15.280446801597792
2665 15.808811833581935
2666 15.80747485465771
2667 16.033593253940865
2668 15.47722566129677
2669 15.463623910985671
2670 15.26459127058163
2671 15.224491868036873
2672 16.244316993282222
2673 14.983177850330152
2674 15.4098423196703
2675 15.704842421863558
2676 15.712877845644126
2677 15.645171525304832
2678 15.572709210208135
2679 15.892759596052661
2680 15.343338893533504
2681 15.568435079047585
2682 15.807236646283085
2683 15.23414844528561
2684 15.86818604135207
2685 15.55445474018889
2686 15.696686672723846
2687 15.506634598753216
2688 15.594417974386728
2689 15.52490037927621
2690 15.274637513306464
2691 16.02187791459401
2692 15.713330965032963
2693 15.560064251717234
2694 15.705194578646342
2695 15.595228784092452
2696 15.104258853075146
2697 15.842179822543589
2698 16.022730671495665
2699 15.28712816069599
2700 15.498113953882775
2701 16.221545802374038
2702 15.58092514897204
2703 15.589596031217944
2704 16.412971061514757
2705 15.904741237934171
2706 15.703038509182175
2707 16.1804611184525
2708 16.272852162595647
2709 15.892869969315187
2710 15.644718396938172
2711 16.219051334757253
2712 15.412732435181635
2713 15.727790872462684
2714 16.307486101661578
2715 16.081980918093397
2716 16.0586177956632
2717 15.880783210975354
2718 16.5213927480875
2719 16.39094111943091
2720 16.324653659590098
2721 16.123979205562925
2722 15.775180666379748
2723 15.644201524321259
2724 16.434026164281097
2725 15.679676054475836
2726 15.616617926482387
2727 16.179066228098204
2728 15.592201226113211
2729 16.222867826243533
2730 15.934500102655363
2731 15.635772191176969
2732 16.275373577737437
2733 16.25428924703194
2734 16.140707421217133
2735 16.01272924690688
2736 15.95523098766589
2737 15.552893176634159
2738 15.872299080259305
2739 15.82770162781387
2740 15.346795329111309
2741 16.25225553217272
2742 16.119304390761076
2743 16.401585498430524
2744 15.796878717477368
2745 16.19830319221351
2746 16.572145598653968
2747 15.739015066951689
2748 15.527285856249847
2749 15.38667989928917
2750 15.963822159198761
2751 16.561683753586657
2752 16.012647670506556
2753 15.924119525726459
2754 15.691751054821275
2755 15.697406542780215
2756 15.859505932884058
2757 16.8030686445156
2758 15.714989804129807
2759 15.705238492992859
2760 15.644395490948527
2761 16.26148049976582
2762 15.870059808529467
2763 15.901820361533607
2764 16.109632495179262
2765 15.522715474070335
2766 15.759905562653591
2767 16.141345388198154
2768 15.471686145382412
2769 16.225540006067586
2770 16.34788519031041
2771 16.253096567113893
2772 16.014745065520984
2773 15.950674948986265
2774 15.3867163661388
2775 16.29214134314231
2776 16.287448238455575
2777 15.519539353032767
2778 16.190283338602686
2779 16.051986520718312
2780 15.36531992966223
2781 15.698269165008355
2782 16.241599962073394
2783 15.998708265085238
2784 15.297419082198122
2785 15.376644418404195
2786 15.702828210468429
2787 15.686208380667711
2788 15.694855079775506
2789 15.112247511405629
2790 15.664987330808797
2791 15.907687920353629
2792 16.072838263609526
2793 16.32925658547551
2794 15.93887494644044
2795 16.04164627105007
2796 15.897780720345054
2797 15.723507419837318
2798 15.875792232211769
2799 15.969293659243167
2800 15.54863314671557
2801 16.391239777845094
2802 15.975350970174762
2803 15.293483951374485
2804 15.695952053384449
2805 16.06170739738448
2806 16.178997219038347
2807 15.45767899695346
2808 16.045457891493985
2809 15.769408239398311
2810 15.555944681238607
2811 15.863345975975621
2812 15.986387501748052
2813 16.647949272399124
2814 16.3290078106051
2815 16.237197253627084
2816 16.055421027866057
2817 15.947893722655133
2818 15.697358085894292
2819 16.53954975253879
2820 16.373505102703504
2821 15.722840320823769
2822 15.891479290429904
2823 16.352803157836092
2824 16.003537548410634
2825 16.469088262728505
2826 16.21304371795791
2827 15.553613922365246
2828 16.16647860304385
2829 16.07814820720131
2830 16.057822091073014
2831 16.117906407496957
2832 16.439949704447532
2833 15.553681766707655
2834 16.331480802199092
2835 16.046810511172623
2836 15.644239220041177
2837 16.280333009353743
2838 16.184366271845917
2839 15.778216427149982
2840 15.848295402704732
2841 16.305939106983388
2842 15.760116597962467
2843 15.771039555190008
2844 16.038362541955
2845 15.981921681130732
2846 15.908175182045996
2847 15.755969654290208
2848 15.947884228329219
2849 16.20264950941103
2850 15.70827440156297
2851 16.58261108778909
2852 16.37328508360086
2853 16.14765913248876
2854 15.922634547470608
2855 15.24964236257314
2856 15.639898210781555
2857 15.065096201515066
2858 15.829985314890124
2859 16.03294905457288
2860 15.511770844563552
2861 15.959951864414993
2862 15.981778560553428
2863 15.423174497437497
2864 16.019262728879866
2865 16.20016659139035
2866 15.93789279568985
2867 16.338163356298047
2868 16.432929970065558
2869 16.424632674393955
2870 16.201515545023202
2871 16.401371250733874
2872 16.57700845878588
2873 16.467615584005088
2874 16.428864634054104
2875 16.131304278684794
2876 15.856527370271971
2877 15.460874869698747
2878 15.32909410898639
2879 15.899862761352432
2880 15.850965339383093
2881 16.252474352362682
2882 16.40695195040116
2883 16.144554935390175
2884 16.438553574240235
2885 15.497453713057277
2886 15.384154215218661
2887 16.1593644029769
2888 15.247656145438201
2889 15.554830712193567
2890 15.714768172179346
2891 15.816717775690238
2892 15.956916657758383
2893 15.690605313670414
2894 15.644143974278213
2895 16.27953678879033
2896 16.421500012932434
2897 15.707104312270909
2898 16.16373019893695
2899 16.46989537331174
2900 16.90225559757277
2901 16.632769622012738
2902 16.498954484617933
2903 16.6096414116769
2904 16.168131489933717
2905 16.7371241466625
2906 16.669354911512364
2907 16.517371943097782
2908 16.759799265841032
2909 15.143177664133983
2910 15.40859294938276
2911 15.987948714831031
2912 16.56611150069621
2913 16.40766550512794
2914 16.446881165515055
2915 16.810187832573448
2916 16.297275759629038
2917 16.887900631781548
2918 16.812764356853165
2919 16.591966561490008
2920 16.39398761981028
2921 16.237958981801057
2922 17.20833740572997
2923 16.235349989391086
2924 15.91627009925202
2925 16.141317038374964
2926 15.75032168132031
2927 16.22713804235444
2928 15.325569149963535
2929 15.883253474323643
2930 15.865085002744848
2931 16.017682601952984
2932 16.026078653612455
2933 15.160701684942595
2934 15.649074457811068
2935 16.40820501014148
2936 16.009983418051796
2937 15.679802546491425
2938 15.530742668776236
2939 15.605711113189537
2940 15.800316849968642
2941 15.392249610232327
2942 16.58299878465986
2943 15.894693853331793
2944 16.083829336604005
2945 15.96563737352121
2946 16.251291131464416
2947 15.94579825743572
2948 16.076204874784814
2949 16.03508294862928
2950 16.49398081123431
2951 16.641214964053574
2952 16.658147453329374
2953 15.302733885431708
2954 15.956568523397388
2955 16.139393906287157
2956 16.128060394832513
2957 16.45680010116424
2958 15.78659302073988
2959 16.139777120148736
2960 15.917487411864528
2961 15.885060202839831
2962 15.952958637147646
2963 15.939376966318841
2964 15.609125197744026
2965 16.08834852172307
2966 15.76612504421379
2967 15.710351374128185
2968 16.401693038949134
2969 16.480919984536584
2970 16.1557235640527
2971 16.082682894242602
2972 15.999860399402944
2973 15.736873227855275
2974 16.54366090422888
2975 15.414383648199674
2976 15.643985251148449
2977 15.755706793018343
2978 15.900239417970443
2979 15.718877963837265
2980 15.945256264647094
2981 16.282855019070418
2982 16.23938925301689
2983 16.01861850029902
2984 15.727824646267328
2985 15.566844170357287
2986 15.991943454639106
2987 15.47854377397265
2988 15.780208038521955
2989 16.06554093941584
2990 16.17786209045434
2991 15.404476849468114
2992 15.635622576845803
2993 15.286642767721839
2994 16.133170549726888
2995 15.798485041600275
2996 15.336772752407828
2997 15.84213816589216
2998 15.491149938814099
2999 15.276516872122224
3000 15.660758269404443
3001 15.78699716391092
3002 15.513183209928426
3003 15.488223502242684
3004 15.63438783695857
3005 15.58222697995487
3006 15.594407873288336
3007 16.15979956961472
3008 15.669985971480179
3009 16.20388949221644
3010 15.919119904622667
3011 15.897717906537236
3012 15.349072514085158
3013 15.860050980648175
3014 16.123752232897992
3015 15.626924496177546
3016 16.17257113177288
3017 15.774250963661276
3018 15.958439465506116
3019 15.679423523640766
3020 16.144891950644034
3021 14.641139660422418
3022 15.356836607740716
3023 15.472608426325463
3024 15.467954330433885
3025 15.47174830442392
3026 15.600927493182061
3027 15.46611801851917
3028 15.648102743639324
3029 15.23784630247496
3030 15.366228343892251
3031 15.777024394838065
3032 15.572088905386204
3033 15.41810400300558
3034 15.814179814605366
3035 16.17228934151486
3036 15.734729485109634
3037 15.759852044540475
3038 15.973480754381931
3039 15.5463411547079
3040 16.047418368274858
3041 15.509282127197462
3042 15.673136042958184
3043 15.591938500850778
3044 15.598389575104553
3045 16.12217757058347
3046 15.778663953805752
3047 16.378765975051664
3048 16.007136727590318
3049 16.33785128106357
3050 16.23858064998044
3051 16.214521175144817
3052 16.167554346678095
3053 15.77487116484928
3054 15.858532074660657
3055 15.830041395078037
3056 16.09146918315726
3057 15.773618455826806
3058 15.809831899088602
3059 15.436818840758379
3060 15.417971307979526
3061 15.673877154573754
3062 15.479563954586249
3063 15.443777040669593
3064 15.361942547879849
3065 15.321877551473419
3066 16.007403737765916
3067 16.519626639953376
3068 15.731578000890687
3069 16.021223361982827
3070 15.88178253084919
3071 16.022651970562894
3072 16.331550704458905
3073 16.05429519243274
3074 15.906978001895178
3075 16.48301799218783
3076 15.7866309128379
3077 16.15533585296043
3078 16.65471947374797
3079 15.805691295707799
3080 15.764705824369246
3081 15.73297610681918
3082 15.688014982796561
3083 15.740202419124982
3084 15.752540740297876
3085 15.412357593218559
3086 15.722760031708932
3087 15.965156240962882
3088 15.314567869682453
3089 15.749904674959991
3090 16.03371742288546
3091 15.635604272489994
3092 16.000285719276857
3093 16.186809840651687
3094 15.931910565455151
3095 15.851512550117985
3096 16.013185787536674
3097 15.832805789815096
3098 15.952036375308436
3099 16.03680434933853
3100 15.920273635343237
3101 15.741447630749411
3102 15.59453028625769
3103 15.955958281836892
3104 15.787953186032148
3105 15.469822083365957
3106 16.333008185908394
3107 16.212046450379134
3108 16.405944534291223
3109 15.700532457984743
3110 15.58912675932343
3111 15.707832724683065
3112 15.852283115896725
3113 16.36833396755037
3114 15.810933967928163
3115 15.550975382637017
3116 16.093721332073983
3117 16.28073109770052
3118 15.987580502061135
3119 16.28741489170473
3120 16.18483410328727
3121 15.78729935321288
3122 16.27771824360538
3123 15.4348045654462
3124 15.407637104269986
3125 15.68365438953697
3126 15.610425168144628
3127 15.93331064917221
3128 16.151241771926216
3129 15.726415756249772
3130 16.235061763228863
3131 16.042836801008978
3132 15.550677835002304
3133 15.553627134825174
3134 15.672001396304326
3135 15.70499847803818
3136 16.003777345918135
3137 15.496352425104886
3138 16.01075239517526
3139 16.1982020541378
3140 15.667162811895222
3141 15.572559035349771
3142 15.554901629494157
3143 15.379940689405386
3144 16.052094732074988
3145 16.102771949607998
3146 15.574840561757453
3147 16.422444717598097
3148 15.577128608383244
3149 15.944929910471185
3150 16.556314542680145
3151 16.434166847961826
3152 15.575150111934647
3153 15.772865546701453
3154 16.01412962924581
3155 16.313632611092725
3156 16.686941200580453
3157 16.088323385791945
3158 16.026461197177586
3159 16.374603426068337
3160 15.999104231117764
3161 15.890481563879653
3162 16.206617668168303
3163 15.803686339105555
3164 16.57517121070112
3165 16.419883554232115
3166 15.886206093908067
3167 16.8563711151889
3168 16.336260338449605
3169 15.778590154149466
3170 15.99044240947348
3171 16.05105458379539
3172 16.067966490527112
3173 16.432490910791007
3174 15.939498407596599
3175 15.506272096369246
3176 16.18798838544936
3177 15.599193663305511
3178 16.882790197139016
3179 16.010221844363393
3180 16.385191427433938
3181 16.57775851190057
3182 16.198371625795122
3183 15.548080580050119
3184 15.996012364708463
3185 15.583193643375632
3186 16.098908135616313
3187 15.624456261357745
3188 15.715252393256549
3189 16.11050677268474
3190 16.46636187156267
