0 11.544873452704373
1 12.037427080203516
2 11.755693579497608
3 11.683980747351235
4 11.495515925914034
5 11.848396465950728
6 11.338577775145792
7 11.86061371720043
8 11.987908097923983
9 11.430946030510814
10 11.519175000275498
11 11.197921353561577
12 11.468528019980742
13 11.414895233790164
14 11.415695305057213
15 11.317688539232122
16 11.19432530000032
17 10.873311174203785
18 10.870761526684007
19 11.36797169397311
20 10.934014029701403
21 11.668137120710895
22 11.109923119450295
23 11.3145338567596
24 10.337215666571582
25 11.882952591933249
26 11.442383141523942
27 10.396454450793174
28 11.394590721150214
29 11.649596865927563
30 11.087081057734347
31 11.049035258810644
32 11.60504579587754
33 11.77922217993053
34 11.559113773040583
35 11.160741939056749
36 11.356479572075468
37 11.366012358981692
38 11.35956095992736
39 11.462625001623943
40 11.832191666840567
41 11.671128719773323
42 11.761827285115181
43 11.909065573021945
44 11.250337393355258
45 12.098529980844463
46 12.085431075399097
47 11.83599654718354
48 11.82330646405093
49 11.83235307276741
50 11.331994057229013
51 12.350794558020734
52 11.972156638628165
53 11.288528799294436
54 12.011254025403948
55 11.759668782456778
56 11.586565467673573
57 11.467611260880421
58 11.955698928311532
59 11.654124740054218
60 12.047021822198724
61 11.914853176847126
62 11.820064390221917
63 12.196326798255347
64 12.084569844338166
65 11.774390009698179
66 12.056249162009436
67 11.73110197028769
68 11.613776961199191
69 11.992931370452073
70 11.71948837639809
71 12.201477456824806
72 11.720944040858152
73 11.557035282304241
74 11.572869358083297
75 12.176821039955634
76 11.406657179975033
77 12.156919181418223
78 11.76009051000383
79 12.011251749842202
80 12.740566299267538
81 11.4207850613218
82 11.921518409962461
83 12.045539668230182
84 12.132471562503218
85 11.384242936070608
86 12.304932473317416
87 11.300843116073233
88 11.460967302837544
89 11.329546124577103
90 11.466675264145021
91 11.955396862558885
92 11.664362506228935
93 11.89474765380405
94 11.90072725374403
95 12.26644920861975
96 12.121593636411475
97 12.135325685839694
98 11.753445681943816
99 11.534861347061
100 11.87394194925699
101 11.556628766020026
102 11.778679650143744
103 12.089760163386387
104 12.387974366613065
105 11.917173507714855
106 12.455044471517933
107 11.510216014332487
108 11.26095766357248
109 11.386166248069705
110 11.768720519671811
111 11.76415188473918
112 11.715650442497175
113 12.330466686110073
114 11.833977555480017
115 11.789590958677366
116 11.712134634274664
117 11.297210313575901
118 11.885646466394029
119 11.55620780752321
120 11.38076488982525
121 12.1656671760897
122 11.672788663788007
123 12.215485976432536
124 11.77256244737356
125 12.515197814730326
126 12.293910136832844
127 12.365939096182682
128 12.380991940779513
129 12.20303998712416
130 12.047114286588966
131 11.944154515605812
132 11.734652192485868
133 11.794637782801864
134 11.243802112608664
135 12.02763577624872
136 11.497130367211325
137 11.876427368424766
138 11.177663497356825
139 10.96051168217546
140 10.851086200663135
141 11.662245187749761
142 11.684519368534318
143 11.946087197809986
144 11.457518433097237
145 11.277208990483743
146 11.254264089373942
147 11.762279986342524
148 11.938132713842354
149 11.498539309378367
150 11.789779490157995
151 11.648712491902934
152 11.920542637573682
153 11.995948839060244
154 11.65117696488297
155 11.807620952342148
156 11.993593754070282
157 11.768961596696922
158 11.710985831375519
159 11.832997958217659
160 11.61147261630383
161 11.107236745264068
162 11.753274693476495
163 11.471303881472606
164 11.84296066588645
165 11.105742422382153
166 11.036155281601586
167 11.77891371949422
168 11.761765744954987
169 11.37573318655216
170 12.133042075032979
171 11.938847774732588
172 12.167659802396448
173 11.122958405438332
174 11.271293935972368
175 11.88489871111275
176 11.809575627460278
177 11.49090324699055
178 12.100484436848108
179 10.794830583720023
180 11.328474908740109
181 11.493842119321092
182 11.753808273891723
183 12.013561655376888
184 11.170676588884914
185 11.079084426482078
186 11.130666417897919
187 11.317208422529363
188 11.809849581316001
189 11.154640336176055
190 11.461686697511446
191 11.215559917848571
192 10.716916894980043
193 10.946229976434745
194 10.71617180909368
195 10.858554391276867
196 10.849339349716299
197 11.070075564634068
198 11.952098023070667
199 11.339028252011882
200 11.082558243513516
201 10.764959887049583
202 11.488333901527707
203 11.403709464595256
204 11.726051863532765
205 11.908407643147846
206 11.509601617610542
207 11.088287730588446
208 11.106310941920322
209 11.604347319302962
210 11.311361897993125
211 11.520837762242218
212 11.635528486171387
213 11.46504306012054
214 11.36954428346337
215 11.750483065532368
216 10.859857979960966
217 11.394339299428104
218 11.883066390175918
219 11.11775427844206
220 11.445998088680602
221 11.321624572430828
222 11.70188807587157
223 11.536055182181693
224 11.764642374069627
225 11.389705472612787
226 11.522464330422338
227 11.489562455359605
228 12.094600609531414
229 11.563306768499965
230 11.246267565632767
231 11.455655839302375
232 11.249722497352655
233 11.261992662524417
234 11.401678945229458
235 11.776872264943465
236 11.514920536854989
237 10.978997669549384
238 11.61131303660952
239 11.8169872694384
240 11.765573043153584
241 11.444714129860598
242 11.40986365768179
243 11.843809355798552
244 12.106897671016695
245 11.732254380278958
246 11.628327610624448
247 11.779197789312136
248 12.017670467174831
249 11.556805943361542
250 11.627852458864554
251 11.083488680116867
252 11.904831065536243
253 11.183210251566718
254 11.386544604204078
255 11.455312679059599
256 11.73612044142849
257 11.759132224879634
258 12.086904709529978
259 11.276872224149853
260 11.067807140490508
261 11.844254999203304
262 12.180271083801166
263 11.60432045997097
264 11.700700748633343
265 11.364015412675885
266 11.400493246368265
267 11.581121088353942
268 11.725085854539948
269 12.213421585544094
270 11.779537394378833
271 12.74389092596308
272 12.55472249363926
273 11.767768307423921
274 11.422124081188288
275 11.338020295718284
276 11.764600206281713
277 11.083244985068127
278 11.525854266534706
279 11.3796935990601
280 12.33541814224917
281 12.343320135410469
282 11.829094378061619
283 11.891186428420816
284 12.056003772784
285 11.977872838529011
286 12.335402062513243
287 12.004558609227233
288 11.619561904779363
289 11.792045118125538
290 12.06511826721176
291 12.183467253524146
292 12.821704127892945
293 11.920616355231369
294 12.150696408421242
295 12.123846091551156
296 11.947300163794548
297 11.526207610351879
298 12.139520692368604
299 12.174871825089422
300 11.54305837109417
301 11.687928239982455
302 11.954618152153117
303 11.608131312446677
304 11.587467306261873
305 11.20961791898059
306 11.442706017298722
307 12.151436266319584
308 11.833333114599005
309 11.940627623952944
310 11.827637167980969
311 11.687597126957701
312 11.26363463626453
313 11.339548585896758
314 11.563023813465284
315 11.21756887827189
316 11.197127266539418
317 11.724900351834536
318 11.242409849679238
319 11.486417876565595
320 11.529946451679528
321 11.495728804705411
322 11.265871126733296
323 11.69242607399887
324 11.566145271302224
325 11.764467509128394
326 11.735920209641073
327 11.279898766231277
328 11.72776603902413
329 11.9381643383575
330 12.00682348733568
331 11.287928003030245
332 11.501772140881705
333 11.632867144100537
334 11.554452108831889
335 11.294097169646571
336 11.612094639601725
337 11.280631944933342
338 11.003530748591194
339 12.097112362007726
340 11.756895177804855
341 11.832611636907302
342 11.493309397007197
343 11.81491206635149
344 11.877674549383725
345 11.42009963728271
346 11.519442592464769
347 11.616843949486249
348 11.450722376145382
349 11.580405969458258
350 11.4130417146754
351 11.466069412296774
352 11.906003560084386
353 11.766737377919503
354 12.131479291399335
355 11.75418002803163
356 11.642905708398585
357 11.72273956991167
358 11.315452955305599
359 11.272001645199628
360 11.638616253436338
361 12.087922985643486
362 12.025534257340208
363 11.281303116953277
364 11.487273585200477
365 11.496455905612047
366 11.372939013883558
367 11.521322197333953
368 11.253231945500925
369 11.421709373471781
370 11.778457026473063
371 12.410464399788381
372 11.971789303357706
373 11.912255892499404
374 11.711877743516029
375 11.481461841730434
376 11.645185550720134
377 11.56050138332316
378 11.133012798817731
379 11.15093013022952
380 11.812815199281507
381 11.477075992943883
382 11.48006862405588
383 12.497451835296875
384 11.526870921034483
385 12.331822120826775
386 11.837470440812485
387 12.298596849866083
388 11.930731107507377
389 12.070651232922373
390 11.839330001031147
391 11.833580214578939
392 11.556630587342944
393 11.756355052201137
394 11.352684072877148
395 11.672646631699752
396 11.812198632007453
397 11.779151740686384
398 11.677439151269702
399 11.509183238903299
400 11.690071650742471
401 11.45834632830561
402 11.790706526283136
403 12.331295353241405
404 11.188237578022532
405 11.52936482177559
406 11.908601700776487
407 11.674161919690672
408 11.58671249156673
409 11.84740366958822
410 11.652305365061467
411 11.895776067272488
412 11.40272600423431
413 11.343263177687346
414 11.480208322846465
415 11.787124576246365
416 11.722199067812115
417 11.202168485533242
418 11.721146326847833
419 11.669375042023587
420 11.789433202280652
421 11.764367310141061
422 11.792820698297122
423 11.926246136749894
424 11.72823402123835
425 11.291793814087079
426 11.851699626558677
427 11.548204600142263
428 11.754222081041076
429 11.376190126520658
430 12.151840238249733
431 11.789275393358654
432 11.208401619611518
433 11.348217206234425
434 12.079698956329342
435 11.84942332778265
436 11.795574312294297
437 11.874736918054737
438 11.651654560352734
439 11.217260077758093
440 11.505844518744107
441 11.625367365784642
442 11.711910555097852
443 11.763469000945152
444 11.714901617794439
445 11.387545752589723
446 11.203333382008013
447 11.344947698958542
448 11.893336623009944
449 11.213281409656743
450 11.453519635286916
451 11.2628197289684
452 11.83603148526671
453 11.619150288178162
454 11.243319873872702
455 11.866934739326524
456 11.56152287912278
457 10.406171167379439
458 11.074054474262537
459 11.582940463968754
460 11.685700927767758
461 11.154891753889855
462 12.046376818612938
463 11.884099169046381
464 11.818863654529611
465 11.71344454985498
466 11.763055391329377
467 11.768165118107236
468 11.696309358615178
469 11.244763662393087
470 12.075876664973894
471 11.653536584099905
472 11.4153685118881
473 11.613266586672365
474 11.423606360607701
475 11.978546636946287
476 11.46573417162374
477 11.98446091779444
478 11.768662472386186
479 11.258124266305632
480 11.607773407994385
481 11.416791150242327
482 11.69356595013412
483 11.036882516109863
484 11.78304842739557
485 11.891424165413687
486 11.934850576866832
487 12.30619230803374
488 12.135260763993678
489 11.690292732707846
490 11.053534870776698
491 11.541516855662765
492 11.724833847321818
493 11.754181611063473
494 11.494954127456205
495 11.287932298185275
496 11.907958041421844
497 11.702501934004662
498 11.357568363165427
499 11.680201347328582
500 11.598476002822904
501 11.54182384916498
502 11.56061078542148
503 11.499075495190624
504 11.884607167115835
505 11.452628467860672
506 11.612145470098893
507 11.262916952932347
508 11.233910670764471
509 11.727243360641928
510 11.893308529685688
511 11.66366454988287
512 11.947765565444866
513 11.63104709024418
514 11.41523889792244
515 11.408269134795109
516 11.135268987160583
517 11.137073368018752
518 11.611055829354864
519 12.151959998830266
520 11.702653478694431
521 11.650127206940187
522 11.71845791769977
523 11.445776133228367
524 10.814051638712762
525 11.349907240074508
526 11.590110735971969
527 12.030094226023367
528 11.59695121304492
529 11.048131909988763
530 11.084261198631713
531 11.212027708661125
532 11.139760883784056
533 11.041793913585478
534 11.236986438951101
535 12.222223397123601
536 11.893905936950954
537 11.763164642559124
538 11.850334890394182
539 11.847599807809233
540 11.86433127525851
541 12.114025027233897
542 11.444782926963116
543 11.60252108810672
544 11.791977925447782
545 11.549487110913185
546 11.930026183254363
547 11.212644890495893
548 11.10972216085291
549 11.557109625231849
550 11.515119745985702
551 11.37719710540611
552 11.430809669598009
553 11.887497382390352
554 11.453379680292613
555 11.771248277865814
556 11.796806500048183
557 11.446492374645526
558 11.366908672393441
559 11.646288463668283
560 11.541153348565324
561 11.184446290139615
562 11.515503143635232
563 11.801283715463315
564 11.83462980046433
565 11.604379248197883
566 11.664452952132727
567 11.60275626779944
568 11.465258362942437
569 11.79649653581249
570 11.34355626468592
571 11.274059151548668
572 11.685719375198618
573 11.176480613451583
574 11.182845040662524
575 11.694769554584505
576 11.67402109646913
577 11.898877752356952
578 11.470374674373465
579 11.662479459021203
580 12.179527927196743
581 11.441267091344367
582 11.346477866110062
583 12.44955166782397
584 11.262260423594116
585 12.086562217574334
586 11.790740379896933
587 11.99042009709302
588 12.03112407065326
589 11.58904359425498
590 12.09640327198419
591 11.477094474186378
592 11.481881424860775
593 11.73689690951989
594 11.486393221982556
595 11.045272632014191
596 11.745692036812313
597 11.4363039248866
598 11.337320258272413
599 11.613657434820064
600 11.406953093402961
601 11.38484050384417
602 11.201410308454136
603 11.688358010386215
604 11.807631382941084
605 11.345464332890165
606 11.385680184898312
607 12.074105490937605
608 11.608348997428479
609 11.956019965218367
610 11.32279007413161
611 11.623518119026562
612 11.478017436841833
613 11.28034278722172
614 11.598576603122742
615 11.4597477814307
616 11.394339279567474
617 10.93924972047785
618 11.789310664145974
619 11.946212676426974
620 10.957121317242564
621 11.480771435148396
622 11.519922083614206
623 11.936473390287686
624 11.730697850794074
625 11.604837024671424
626 11.676783138957703
627 11.324878334620822
628 11.37698152411639
629 11.675684070997656
630 11.43549685893836
631 11.607790797213717
632 11.925420130319766
633 11.078447552204542
634 11.59866413958732
635 11.287547446481591
636 11.444177492809919
637 11.643930411652113
638 12.193794957119934
639 11.711146839702723
640 11.986612429228575
641 11.839076576360949
642 11.502197005947927
643 11.3016477677648
644 11.794760922636797
645 11.384304011586728
646 11.937249406653573
647 11.432850223117619
648 11.47950118239276
649 11.779842981506178
650 11.847403558245366
651 11.916170605194996
652 11.520737245321884
653 11.524030269697327
654 11.753071299789548
655 11.61260165975778
656 11.493731183636541
657 12.32932964373189
658 11.488038907571061
659 11.526110478042325
660 11.615926288664792
661 11.626420752278314
662 11.42205816456515
663 11.775711519598243
664 11.649819281467718
665 11.657224026993646
666 11.681228147971344
667 10.85174183054733
668 11.635867744043855
669 11.929112770123218
670 11.413994102117764
671 11.715378801429704
672 11.04351151952866
673 11.70050605357486
674 11.73979250616568
675 11.650488468597372
676 11.905124675863252
677 10.753712959195694
678 11.586493122060263
679 11.412793716446263
680 12.000447341714777
681 11.411516276550907
682 11.6510408673113
683 11.214048824841704
684 11.70809180488648
685 11.77523134123778
686 11.667989536342041
687 11.94041523382328
688 11.546570761146935
689 11.687023727171933
690 12.08426803760314
691 11.216960631625604
692 11.784245466673935
693 11.659850085985658
694 11.78576046238223
695 12.144373564661944
696 11.40761921395096
697 11.469244034486406
698 11.969294077781983
699 11.860198615075438
700 11.859846968274043
701 11.556926522760644
702 11.796197056190865
703 11.580559735550112
704 11.7220974961894
705 11.703913792756513
706 11.781112566386058
707 12.030829610482439
708 11.508312110998704
709 12.391968508549969
710 11.94851829042418
711 11.585050765042496
712 12.166713550401603
713 11.643101509424348
714 11.577722996643686
715 11.42611079395402
716 12.002406620866044
717 11.274687762771258
718 11.56446989744804
719 11.262090851494573
720 11.7223739866361
721 11.486856253798246
722 11.48717508211188
723 11.522693879896803
724 12.309095183949541
725 11.742190801177625
726 11.508567652932388
727 11.723881624720839
728 12.130561423029448
729 11.592683019757924
730 11.858653480059454
731 12.199961460041365
732 11.751020649758832
733 11.558945259106162
734 11.955169035055278
735 11.739728984602925
736 11.6613616199677
737 11.909044720095292
738 12.160294776669001
739 11.617104406266638
740 11.703439687772175
741 11.914586138231506
742 11.928291774307166
743 11.380958489935535
744 11.934987264604294
745 11.524744654614487
746 11.807931946644297
747 11.584746407966016
748 11.439433666130128
749 11.245807355316249
750 11.361272180880222
751 11.463615864072576
752 11.195160837694438
753 11.477936655257912
754 11.565835251209467
755 11.688970964052722
756 11.617333295522156
757 11.32343738598805
758 11.644612206913962
759 11.358680270872394
760 11.41285699892812
761 11.528304618220377
762 11.336146882660836
763 10.915979740690627
764 11.351738110483845
765 10.988535683363382
766 11.754077689570451
767 11.138549769844909
768 11.362288860501733
769 11.745984562865003
770 11.188471478147445
771 11.994627293842806
772 11.473182143351336
773 11.59938679039117
774 11.82338633486432
775 11.580661445451032
776 11.481558764081141
777 11.683093526272497
778 11.701909782595338
779 11.366159451513994
780 10.429758004628425
781 11.392621191248871
782 11.241593203734274
783 10.955523556551247
784 10.782893634026804
785 11.082143290819376
786 10.929668794491334
787 11.314846996613591
788 11.707240895028024
789 10.99673620749059
790 11.520312136408984
791 11.765815075574869
792 11.423785516390485
793 11.300849171422472
794 11.714792270101224
795 11.344813391707401
796 11.514579676586694
797 11.154317907903568
798 10.913199954566469
799 11.576645957546168
800 11.369310737489608
801 11.903242929501605
802 11.343210109671027
803 11.799941239175599
804 11.270889810696348
805 11.946147606108566
806 11.057801053500686
807 11.27858450698586
808 11.30701711455231
809 11.68659241026409
810 11.114288498151396
811 11.02842941397389
812 11.047549610507032
813 10.780838400379649
814 11.395840582685977
815 12.313926646442413
816 11.322097904482131
817 11.534295680098726
818 11.555334913855418
819 12.105521828505385
820 11.687149390210594
821 11.231713051526977
822 11.524536733803084
823 11.344365749200604
824 11.156875609910912
825 11.158306200443098
826 11.274142263286404
827 10.780283464548674
828 11.454270515448073
829 10.854354230090946
830 11.008269442155232
831 10.60680594094826
832 11.11528961440909
833 11.049294137725898
834 10.980535586425917
835 11.287372261770797
836 11.81103720172115
837 11.386154065135937
838 11.638956439591137
839 11.24824264087814
840 11.672625596996745
841 11.489814654967704
842 12.052529029590254
843 11.433503101703348
844 11.690137821249163
845 11.77586092401487
846 11.82241681182436
847 11.280470209664479
848 10.82607347646652
849 10.954974865748973
850 10.933931023648237
851 11.343090414935853
852 11.17053823521221
853 10.337845419102699
854 10.935083066147591
855 12.044776822920047
856 11.413680125611535
857 11.708217413330514
858 11.021380980779567
859 11.212122014449982
860 11.403723255773345
861 11.082800356866178
862 11.345542337145961
863 11.002071891656996
864 10.934846840988769
865 11.076862106020576
866 11.095729662932415
867 11.18670995860827
868 10.954213587884613
869 10.887637749816644
870 11.233855620355353
871 11.32897624148817
872 11.028907750120432
873 11.339660820309634
874 11.096030420299787
875 11.211922967717463
876 11.091260297760924
877 10.300094645766366
878 11.299835996307207
879 11.767738939655942
880 10.6930660648923
881 11.492849404540602
882 11.049684923736034
883 11.15528274600664
884 10.72775484578647
885 11.494331710400946
886 11.244977598303306
887 11.26840305164766
888 10.70543432657492
889 10.956904686572027
890 11.778618206453023
891 10.913735194061868
892 11.143975931947992
893 10.78303645369669
894 10.864901469393507
895 11.106460603036131
896 10.81199256459921
897 11.155687965697586
898 11.112719942528765
899 10.549913652317704
900 11.279208525330763
901 11.748653237355782
902 10.800659212315358
903 11.070173893031411
904 11.271537036520877
905 11.505986222951003
906 11.27034988961846
907 11.1144632620121
908 11.240923238252865
909 10.736117766323884
910 10.691549256292816
911 10.961007566712475
912 10.75541062213733
913 11.093875450635508
914 11.281180943711687
915 11.133802146608772
916 11.257812470586751
917 11.310823613793984
918 10.967796065074033
919 10.52695066444142
920 11.148780325193979
921 10.42798074490832
922 11.27620219111128
923 11.003832754268485
924 11.010217583751583
925 10.86301564497745
926 11.325718334689736
927 11.282319406013054
928 11.384697512589666
929 11.070004297453849
930 11.427683571254038
931 10.959092080629505
932 10.817131092583711
933 10.762136638320722
934 10.83242483847666
935 11.903474098420537
936 11.319725941563602
937 11.103976771413642
938 11.255201495207512
939 11.145737607525403
940 10.57380325133338
941 11.241805941552244
942 11.690823002414207
943 11.046748677636796
944 10.881430891373157
945 10.786426863706476
946 10.939602891773495
947 11.237864326829172
948 11.467927911456766
949 11.06692449455004
950 11.058854840814126
951 10.933477164133569
952 10.740635551440848
953 11.216418468234588
954 11.13908499786672
955 11.280502301287394
956 10.75262141745925
957 10.974999787608764
958 10.814392539438803
959 11.25776012183559
960 11.246175679984246
961 11.900560725585002
962 11.864277580600202
963 11.154801020844168
964 11.25430507522297
965 11.010775600554867
966 10.98638806491319
967 10.707098973142383
968 10.937269502426036
969 11.305158867152796
970 11.230791128198344
971 10.987260661691254
972 11.623972803137454
973 11.238439179863851
974 10.952498119998879
975 11.53766395203451
976 11.63264003090127
977 11.658188699788493
978 11.444807405207724
979 11.292289676586842
980 11.057703375592517
981 11.31006953478195
982 11.057465583460667
983 11.239684451472177
984 11.382333977211113
985 11.141751509679235
986 11.916262151247272
987 11.416739060566378
988 11.324410966239467
989 11.258559499294304
990 11.427302591131236
991 11.5027036089385
992 11.262305252542655
993 11.37055029779619
994 11.208895399482039
995 10.75753904969097
996 10.877989260317698
997 10.61452052231813
998 10.217480084825663
999 10.856644680050723
1000 11.252646452730193
1001 11.128954105109422
1002 11.191153935242188
1003 10.942565066119801
1004 10.766274530363507
1005 10.929245919565469
1006 10.401362518185442
1007 10.922852035772602
1008 11.252437997545533
1009 10.7304393781918
1010 11.196295559638344
1011 11.209222683545097
1012 11.470964771721146
1013 11.636190654731873
1014 10.796326175689199
1015 11.161022317565381
1016 10.894794832982953
1017 11.602793013865094
1018 11.688039753726079
1019 11.034933209304501
1020 11.427990488602743
1021 11.308994416464966
1022 11.775734955405198
1023 11.435243735609484
1024 11.317302540029797
1025 11.675717075161888
1026 11.30641913444814
1027 10.87516980289845
1028 11.292089704444123
1029 11.141466394638899
1030 11.292691319614006
1031 10.98244983081786
1032 11.678442101244158
1033 10.953946239760878
1034 11.235522828386557
1035 10.803722165757407
1036 11.253834725805321
1037 10.941595162463866
1038 11.116951347320843
1039 11.240744721001578
1040 11.216544997748988
1041 10.951567384168138
1042 11.355887228504088
1043 10.741835084142377
1044 10.999660786824405
1045 11.510909067948857
1046 11.064414472030718
1047 11.109029759622466
1048 10.982336271871196
1049 11.29314114741162
1050 10.82286521475861
1051 10.840775995338543
1052 10.974454877385744
1053 11.358275263430338
1054 11.116154125813951
1055 11.061804733594368
1056 11.373278621253835
1057 11.058707245378217
1058 11.825956920335054
1059 11.713056730190972
1060 11.08091102206176
1061 11.483692020119719
1062 11.564847375519143
1063 11.105830085649561
1064 10.793614261998632
1065 11.271755344654673
1066 11.474119191084217
1067 11.976247454718624
1068 11.31673117875291
1069 11.398988432573987
1070 11.847626204789709
1071 11.135780010809844
1072 10.977211246809924
1073 11.057042430252151
1074 11.175280177973374
1075 10.951979236969072
1076 10.993474630044178
1077 11.171273251172112
1078 11.22756578284099
1079 11.121883866274695
1080 10.469190152478186
1081 10.892850451672972
1082 10.753318837543041
1083 10.50635416088727
1084 11.231340087772198
1085 10.545813100816657
1086 10.379469317503341
1087 11.401871471525237
1088 10.937817195131839
1089 11.419509222150632
1090 10.967118475832388
1091 11.252708523130481
1092 11.421013210600316
1093 11.161195819691427
1094 10.893973870302425
1095 10.54241070024668
1096 10.841781467614192
1097 11.142452044997977
1098 10.645352299127781
1099 11.395890024349542
1100 10.656989754250487
1101 11.150025033938332
1102 11.186811854973675
1103 10.613124808956053
1104 10.603603956316228
1105 10.57099825077106
1106 10.740775654406189
1107 10.606018340784749
1108 10.840181682368492
1109 11.484969404685748
1110 11.270557037760408
1111 10.765256158665363
1112 11.315225087328312
1113 11.269957134516375
1114 11.197828600453416
1115 10.740491302360791
1116 11.155289253279845
1117 10.780951517835195
1118 10.701710799141726
1119 11.306447166741277
1120 11.129768315163952
1121 11.161111417101152
1122 11.179223844963072
1123 11.94147742622825
1124 11.217672841118862
1125 11.246973856876547
1126 11.093947354175866
1127 10.335629707354558
1128 10.936393343110298
1129 11.014656694875843
1130 11.120569819037089
1131 10.55165729396464
1132 10.847362191963525
1133 10.791395108913813
1134 11.063036622517563
1135 10.431742464109112
1136 11.036331529557653
1137 10.547108395897714
1138 10.60684411312237
1139 10.828498471722815
1140 10.315359160361508
1141 10.338364904083601
1142 10.70009895904438
1143 10.734471241413479
1144 11.082817825784506
1145 10.814562941253536
1146 10.78875325664229
1147 10.92577461807578
1148 11.152092324543343
1149 10.99839505339907
1150 11.355802937982347
1151 10.886112075699593
1152 10.964988707641757
1153 10.91124017353158
1154 11.398489946304963
1155 10.716159840840888
1156 10.84868087879686
1157 11.573395935209094
1158 11.257832597503295
1159 10.9756590958218
1160 11.313605487793629
1161 10.893405327313458
1162 11.605182729446753
1163 10.645974862488435
1164 11.14935035085038
1165 11.388791825973382
1166 12.076896468925954
1167 10.60524940722529
1168 10.984590039856302
1169 11.081051924218393
1170 11.220570670671972
1171 10.692646414619386
1172 11.01056427837094
1173 11.459907825842865
1174 11.064453829788405
1175 10.720446253031543
1176 11.207072514834334
1177 11.190851152214785
1178 10.884307552576146
1179 11.35194352149808
1180 11.554025936808543
1181 10.655457057427915
1182 10.5786132349866
1183 10.954409882716327
1184 10.349269869658073
1185 10.587369261492077
1186 10.301741850574581
1187 10.709671705118856
1188 10.797766829780285
1189 10.417487235066703
1190 10.58366674603192
1191 10.436827048948304
1192 10.80358742872379
1193 11.308789659041237
1194 10.92347981831031
1195 10.428212542134307
1196 10.734657880668458
1197 10.389937964972283
1198 10.545980526141266
1199 11.085013068334371
1200 10.606772267194055
1201 10.102848446979566
1202 11.090796137358396
1203 10.871708965431365
1204 10.940838082121392
1205 11.05763857937973
1206 10.97044923695461
1207 10.863158771316373
1208 10.624016147189575
1209 10.84499080695041
1210 11.25178422046924
1211 11.078199311027223
1212 11.246264064808015
1213 11.14683009224344
1214 11.17974036551219
1215 11.07881373754407
1216 10.892500242409529
1217 11.379648428449507
1218 11.403197795623386
1219 11.24276171957743
1220 11.162045790051964
1221 12.010962075909417
1222 11.807347711756364
1223 10.981475601200211
1224 11.30867407243775
1225 11.273337961546712
1226 11.48936963602359
1227 11.15157820585063
1228 11.171672690764579
1229 11.050905522078152
1230 11.809563792163262
1231 10.88120051882486
1232 11.27641626023414
1233 11.036647966564246
1234 11.31115732717763
1235 11.524646500173407
1236 10.467262444044833
1237 11.707690886356328
1238 11.252173659131628
1239 11.88883172907776
1240 11.375956381056572
1241 11.003805574353104
1242 11.51026273153762
1243 10.681730202017901
1244 11.1285401831132
1245 11.268000629744805
1246 11.012151993390352
1247 10.831561020078409
1248 11.12118721490716
1249 11.81465207637808
1250 11.447062563374843
1251 11.21334506904781
1252 10.968020414045304
1253 11.0410636550991
1254 11.380883919885207
1255 11.056664311514593
1256 10.85749532217038
1257 11.565716722646915
1258 11.289030600942809
1259 10.860108733015307
1260 11.075714163295025
1261 10.84739767787791
1262 10.926667889898518
1263 10.096980106462263
1264 10.642461491345495
1265 11.030269938839053
1266 10.729352549141975
1267 10.7904809906947
1268 11.077462035260526
1269 11.485707504507863
1270 11.145689535571822
1271 10.856211293557704
1272 10.841693594751813
1273 11.331988521543952
1274 10.884008269424765
1275 11.409010996854407
1276 11.562157349057559
1277 11.06300311140584
1278 10.849933347076371
1279 11.116912088805254
1280 10.686869267613782
1281 11.289736721435945
1282 10.936967428588332
1283 10.855829275240671
1284 10.478751414738587
1285 10.89715145754688
1286 11.113762041481731
1287 10.76658485600003
1288 10.557853578833491
1289 10.273651987914489
1290 11.152356170580187
1291 11.315010288645947
1292 11.800595233265685
1293 11.545425768201664
1294 10.90189669922854
1295 11.422240659638954
1296 11.042798229472991
1297 11.21967007222561
1298 10.389825611492252
1299 11.046759542160437
1300 11.224544332485609
1301 10.758322305867553
1302 11.175066754343941
1303 11.504576425854847
1304 10.42309544848998
1305 11.510260449701041
1306 10.983744375386088
1307 10.947946667971705
1308 11.039364226647605
1309 10.53352511311375
1310 11.295735811778517
1311 10.134182500201625
1312 11.026934431671597
1313 10.719618046504062
1314 11.140777023275216
1315 10.884661796862186
1316 11.005964631433173
1317 11.446815923641795
1318 10.556400450092458
1319 10.66713760238876
1320 10.633704387225825
1321 11.362083944846551
1322 11.335145469343491
1323 11.126868336808945
1324 10.68824401091459
1325 11.08329282241559
1326 11.183724884586479
1327 11.342421372364074
1328 11.295013798619678
1329 10.75288873769016
1330 11.607528103313062
1331 10.873462730900426
1332 11.11354635668015
1333 11.222057952209619
1334 10.773755444474471
1335 11.002208555881852
1336 10.467663157955815
1337 11.074531767979277
1338 10.972349025740295
1339 11.426234010747134
1340 11.014803263419278
1341 11.098277417098226
1342 11.200677065655402
1343 11.49806949893692
1344 11.555301424801963
1345 11.404159543054552
1346 11.513651850022715
1347 11.802700427941462
1348 11.602917117241098
1349 11.220796428659737
1350 11.705839154812708
1351 11.318960996627792
1352 11.530316891008683
1353 10.676415429960821
1354 10.749304788011111
1355 11.335304613620899
1356 10.901196997461762
1357 10.775446014480446
1358 11.037671891414854
1359 10.862965824925347
1360 11.141556865332472
1361 10.927651906141788
1362 10.503871803695159
1363 10.693026944204693
1364 11.248611020281102
1365 10.823100442974924
1366 10.893484846469109
1367 11.227750756540328
1368 11.410343216386924
1369 11.166921163523073
1370 11.020013799369687
1371 10.61698387609296
1372 10.779918976752032
1373 10.762851276027522
1374 10.85522664270219
1375 11.259325765785997
1376 10.833966715938221
1377 11.532819703047375
1378 10.894814887251874
1379 10.956382528000976
1380 10.9152348414359
1381 10.877778908745299
1382 10.883687014264721
1383 10.72579984756269
1384 11.067961237507161
1385 10.603429941813964
1386 10.538842664659763
1387 10.982219769061963
1388 10.691841081229642
1389 10.803871501937627
1390 10.462123566839605
1391 10.606400930913916
1392 11.31804483317625
1393 11.601895479494184
1394 10.972339175048111
1395 10.626056061165023
1396 11.39591661853867
1397 10.942846182080585
1398 11.375683541625406
1399 10.903464831800374
1400 10.549038495142167
1401 10.988613333790925
1402 10.582307277159305
1403 10.653358061167252
1404 10.786837326372874
1405 11.386125167028183
1406 10.948695319807742
1407 11.385102925851
1408 10.43953752237294
1409 11.399217668427903
1410 11.281036653204021
1411 11.42777616597795
1412 11.211255950460338
1413 11.373709511228926
1414 10.997460620919956
1415 11.472790094055044
1416 11.325161445732315
1417 11.334689638877922
1418 11.359900360923325
1419 11.985731819673996
1420 11.132224064785518
1421 10.762660630241742
1422 11.070865094235844
1423 11.014560673495017
1424 11.060239000176978
1425 10.803419854052304
1426 10.611689251024
1427 10.76586710096805
1428 11.174900820315322
1429 11.13744715991477
1430 11.543073085008555
1431 10.886271810368997
1432 10.70707771987015
1433 11.484613455847555
1434 11.2621077144889
1435 11.198727526295896
1436 10.54793100973041
1437 11.028981726221048
1438 11.347330353278183
1439 11.274457398313485
1440 10.931104066683798
1441 11.312476525984081
1442 11.429485297907425
1443 11.927196346912838
1444 11.567953446083909
1445 12.067874726998214
1446 11.524640734007471
1447 11.464767848759056
1448 11.226373111877765
1449 11.595592644840838
1450 11.124513963297924
1451 11.131981460950819
1452 11.000177344860113
1453 11.184294981110478
1454 10.784408026816617
1455 11.419112793832625
1456 10.783078834678758
1457 10.776792060215042
1458 10.345700666207762
1459 10.407739792268513
1460 11.279844793477338
1461 11.34994965235446
1462 11.053018692411822
1463 11.383406136670144
1464 11.748529858267776
1465 11.30566117502433
1466 11.01075863698199
1467 11.081855317403225
1468 11.273743046182181
1469 11.056613568585904
1470 11.38865916397099
1471 10.800025400273302
1472 11.509770717447994
1473 11.290730202792046
1474 10.852044229013355
1475 11.247260371386975
1476 10.597971634706024
1477 11.318940824940803
1478 11.280928605393584
1479 11.328455152337279
1480 10.665720881362537
1481 11.141004329033283
1482 11.06233937872891
1483 10.314068696001025
1484 10.435529890972203
1485 10.793634477781147
1486 11.722751600958754
1487 10.973699105994502
1488 10.956850111886146
1489 11.348700905558156
1490 11.04216638882441
1491 11.561391072239868
1492 10.91863077047625
1493 11.424550766733566
1494 11.070743150581938
1495 10.779381758928235
1496 11.059952243807858
1497 10.676001377660798
1498 10.636340133604547
1499 11.160231500270212
1500 10.994148123654734
1501 11.567583821837033
1502 10.771116890586773
1503 10.856161280656464
1504 10.994343941936652
1505 11.278803198372701
1506 10.552170759585543
1507 11.052442862897797
1508 11.095623111579572
1509 10.455176302022162
1510 11.270295914558696
1511 10.37984896225639
1512 10.923656941644973
1513 10.576463117925542
1514 10.9049695683969
1515 10.849066591240362
1516 10.909421523428874
1517 10.902578330440107
1518 10.841875846325406
1519 11.221231631637584
1520 11.022027023632624
1521 10.599172612106987
1522 11.340750794198616
1523 10.77442547657666
1524 10.781549213884606
1525 10.781429222373728
1526 11.477620840538208
1527 10.95264336475942
1528 10.68007449365371
1529 10.80907867394136
1530 11.133757864053017
1531 11.02164626957809
1532 11.073611259338032
1533 10.158365657458639
1534 10.795278471529999
1535 11.036587817423857
1536 10.85612028142942
1537 10.533109577071063
1538 10.580777637735167
1539 10.837888262082144
1540 10.59221789721409
1541 9.975168766653681
1542 10.836094085148819
1543 10.102971599646029
1544 9.896144074168777
1545 11.499937690647059
1546 10.564107032460278
1547 11.182215765475402
1548 10.702283269926898
1549 10.705991890405812
1550 10.216865577145622
1551 10.932380459991201
1552 11.003434267524392
1553 11.696477191011283
1554 11.052729662695082
1555 11.32598163624726
1556 10.43591996569565
1557 10.925877677302765
1558 10.68054604047756
1559 10.335939745967563
1560 10.744300038288292
1561 10.891511317069348
1562 10.861370963926852
1563 10.597409229854586
1564 10.667850466846547
1565 10.032047919506018
1566 10.364385777962786
1567 9.931675171436945
1568 10.446803949545332
1569 10.85678396533874
1570 10.307983803405925
1571 10.189427264676413
1572 10.68533380954888
1573 10.53038763437407
1574 10.208109005558864
1575 10.935915972313182
1576 10.576565499619456
1577 10.325514627628833
1578 10.267131636152612
1579 10.505632321429294
1580 10.661338563240987
1581 10.721593298723885
1582 11.191394438084988
1583 10.17501124351221
1584 10.985119099540597
1585 10.746467633366752
1586 10.431287678560956
1587 10.389592517554503
1588 10.540092438995273
1589 10.95462817224221
1590 9.941676011787084
1591 10.683681527021918
1592 10.999769605638829
1593 11.436261609496322
1594 10.793700341661992
1595 11.535985932537432
1596 11.152757006702258
1597 11.33732706412708
1598 11.483033759983943
1599 11.29657027040278
1600 11.264830029065516
1601 10.969365986755506
1602 10.903508072425277
1603 11.137827921450562
1604 11.31980470818629
1605 10.945208188177482
1606 11.710111837043275
1607 11.306132035199843
1608 11.43536137319885
1609 11.315134619496606
1610 11.485985341389807
1611 11.429707343802615
1612 11.15224555631357
1613 11.013875719573909
1614 10.721818889893912
1615 11.068761384689939
1616 11.296031191156617
1617 11.333850896788716
1618 10.644234895002995
1619 10.935557255899107
1620 10.849742814174519
1621 10.748935272344896
1622 10.76599251375053
1623 10.750114224841585
1624 10.965716757735272
1625 10.117119309824503
1626 10.976839100933542
1627 11.861449979898293
1628 11.204712260905735
1629 11.04979235222994
1630 10.773563556430716
1631 10.963904292022745
1632 10.439298198244458
1633 10.699765877397269
1634 10.617716771085549
1635 11.072005485828376
1636 10.814341682351587
1637 10.913133549246359
1638 10.639948093604254
1639 11.26157652942904
1640 10.616599157367961
1641 11.357730379466307
1642 10.718565977084062
1643 10.871044115174104
1644 10.747342577106972
1645 10.383700785190054
1646 10.986839905826471
1647 10.489037521995764
1648 11.00733474246255
1649 10.75682458699988
1650 10.387087930551639
1651 11.256112906725232
1652 10.64236039667796
1653 11.080544742630378
1654 10.80132168513926
1655 11.191930910915497
1656 10.65827760947229
1657 10.626354765828637
1658 10.727189720385434
1659 11.124843041724848
1660 10.745219114812906
1661 10.566413595749511
1662 11.371816690047263
1663 11.431373944968355
1664 10.87022169530904
1665 10.613377375794267
1666 10.44861585348622
1667 10.61694078238497
1668 10.805828644228097
1669 10.078616996994967
1670 9.863372959087828
1671 11.175221283902486
1672 10.153057933957047
1673 10.766171854429988
1674 10.930884926044268
1675 11.420835401811578
1676 10.883478000983365
1677 10.086273971635109
1678 10.132214700212444
1679 10.648891162848363
1680 10.42897175309761
1681 10.23840379009077
1682 10.763376093772207
1683 10.287119635050379
1684 10.003414857212205
1685 10.508010760947526
1686 10.322836060543032
1687 10.306356429373334
1688 11.235097496048974
1689 10.44781297980104
1690 10.816024425893703
1691 10.600415652367005
1692 10.839406463013361
1693 10.376890134983748
1694 10.477115473067293
1695 10.724162861131093
1696 10.5004994653156
1697 11.050099318748416
1698 10.705813083000955
1699 10.533967464472248
1700 11.059348983367395
1701 10.942170802246942
1702 10.852269797934351
1703 11.133084747234204
1704 11.046808405135469
1705 10.848129287577585
1706 10.803773952867001
1707 11.293230579466577
1708 11.109428626760366
1709 10.649098622158384
1710 11.118704920932643
1711 11.461557309843917
1712 10.876289298222414
1713 11.318252655973275
1714 10.798482238438943
1715 11.618732678796775
1716 11.715685757496997
1717 12.28221110247866
1718 11.950900137314068
1719 10.289346234025581
1720 10.753344881212593
1721 11.031617537560614
1722 10.1703774212661
1723 10.292585721519629
1724 10.08787838157397
1725 11.348203200271447
1726 11.385739705414434
1727 10.408386870969931
1728 10.357892852889227
1729 10.502162316441684
1730 10.402516678108553
1731 10.84104175432917
1732 10.69273934295465
1733 10.891298471404722
1734 10.098254801650379
1735 10.769590865996356
1736 10.593992180188117
1737 10.205237772633966
1738 10.049257832821942
1739 10.655414118815882
1740 10.00701986235781
1741 9.883535185796818
1742 10.83788884815928
1743 10.942655609913974
1744 11.136482336154792
1745 10.743269928090976
1746 9.937056273677829
1747 9.82919845837036
1748 10.081395587495665
1749 11.180881624820866
1750 10.936359406795619
1751 10.010202399116299
1752 10.60741769056616
1753 11.367643860940932
1754 10.415387524014717
1755 10.715693956856114
1756 10.690913874058868
1757 11.782558789670448
1758 10.997129262872308
1759 10.73240500171317
1760 10.294892382705182
1761 10.651125199332139
1762 10.64481436986043
1763 10.602436671392656
1764 10.840965898611218
1765 9.802304030528694
1766 10.870774690521943
1767 11.07477979691845
1768 11.006846900340745
1769 11.049659745167112
1770 11.08024745526711
1771 10.9538249373426
1772 10.8508952517499
1773 11.128614860308133
1774 11.941333086860777
1775 12.904537859792972
1776 12.317552944722804
1777 12.501031317586854
1778 12.750043575810452
1779 12.312107019063149
1780 13.037751658308045
1781 13.466107278543312
1782 12.65969214371493
1783 12.557653373425309
1784 12.216418773937109
1785 11.430201379423456
1786 11.204087833834913
1787 11.276666091563301
1788 10.496649571147017
1789 10.868261397588833
1790 11.605343371677401
1791 12.492134525357578
1792 11.118246809232328
1793 11.04018963699871
1794 12.170607610211462
1795 11.229517111764913
1796 11.222494367493487
1797 11.063659220270711
1798 11.143933321070044
1799 12.063307490489127
1800 12.311532421315587
1801 12.287310149940998
1802 12.894539456307038
1803 13.330365180880644
1804 12.567248763942507
1805 12.49274512080029
1806 11.972131816674628
1807 12.37395690355867
1808 12.478789633911406
1809 13.207703105882727
1810 13.757433021746493
1811 13.497929901284882
1812 13.887647631140753
1813 13.876879629430787
1814 14.726307794961519
1815 13.511028263057307
1816 12.927368298160145
1817 13.897716096275857
1818 13.708247785300843
1819 13.60778768534215
1820 13.723602555618681
1821 14.096911536676142
1822 13.642923338382788
1823 13.45653271322659
1824 13.657316024852289
1825 13.828853594738392
1826 13.468479229346883
1827 13.123660081237775
1828 13.827007175302217
1829 13.568740099076116
1830 13.529401530695813
1831 12.889436519946814
1832 13.500928458208326
1833 12.959421837794135
1834 12.50790146408495
1835 12.94759225694518
1836 13.780445047947719
1837 12.672917232332997
1838 13.308326427080864
1839 13.424225095554132
1840 14.06296761577279
1841 13.014037062392015
1842 13.59285402500512
1843 13.891814336131166
1844 13.633415612534076
1845 14.222879153982204
1846 14.250382110745507
1847 13.790375206812971
1848 13.45885328739089
1849 13.588324002566395
1850 13.415079051559243
1851 13.32272040105342
1852 13.725385075685638
1853 13.154132914672509
1854 13.770580321891671
1855 13.119973727361144
1856 14.599100265842667
1857 14.03866161427944
1858 14.302942191519337
1859 14.528116152270167
1860 14.459294865209237
1861 14.323597025431058
1862 14.661357844459374
1863 14.190265604735556
1864 14.429232909090876
1865 14.063350927632621
1866 14.373931949697425
1867 15.168894715737858
1868 15.196712406041746
1869 14.890711315883998
1870 14.978802134462
1871 14.650100874104242
1872 15.596233526337812
1873 15.502643838829895
1874 15.622667746590418
1875 14.91858019025318
1876 14.95508981170415
1877 14.708874735851294
1878 14.416530638679896
1879 14.311991960801816
1880 14.433847693166765
1881 15.05597511222087
1882 14.508184361928869
1883 14.070834884428674
1884 15.04265267201476
1885 13.776699110753112
1886 14.490242102492942
1887 14.651709560224717
1888 15.166601791590164
1889 14.849330711122478
1890 14.400514741898476
1891 14.81482765977758
1892 14.473572952033663
1893 14.297486615029523
1894 14.437745185386175
1895 14.260581481760862
1896 14.915429248055531
1897 13.768688196348197
1898 14.002782877335457
1899 13.35852442731066
1900 15.131306648437482
1901 14.44289792697466
1902 13.841296378050005
1903 14.207702038805028
1904 13.785885569508553
1905 14.614422290833305
1906 13.829869610374349
1907 14.298771292037362
1908 14.092564443887635
1909 13.769854716777363
1910 13.695982788171603
1911 14.038240680255477
1912 13.103633550025778
1913 13.68389384915052
1914 13.35973178911816
1915 13.208172945936168
1916 13.21012395377289
1917 13.558045096625191
1918 13.72101893917211
1919 13.211113145503832
1920 13.451397207282325
1921 12.482140938012448
1922 13.336424287540384
1923 13.507302578458196
1924 14.556778031571799
1925 13.278300427375372
1926 13.771073757295694
1927 13.491861496875279
1928 13.030770365168582
1929 13.931148816041473
1930 12.957163417009417
1931 13.517064046916088
1932 13.677368143827003
1933 12.985180964620312
1934 13.481855919457312
1935 14.035366216161268
1936 13.779054407937787
1937 13.950095967070293
1938 13.064734202685523
1939 13.942065304293315
1940 13.349488432395187
1941 13.64516465218862
1942 14.315460986670635
1943 13.579013540158451
1944 14.3531781145297
1945 14.43644227282635
1946 13.498064316098509
1947 13.613522859580623
1948 12.08109909350269
1949 11.229911423715837
1950 12.776540450040983
1951 13.269504603798234
1952 12.155377082587167
1953 12.102296899100837
1954 11.826563304641477
1955 11.692538482087922
1956 11.696005161150115
1957 11.760795929614028
1958 10.93480994487689
1959 12.5130513828284
1960 13.387791595290144
1961 13.460834430199748
1962 11.83792488248926
1963 11.94251163120704
1964 11.968149201998811
1965 13.015963622996262
1966 12.201869927081034
1967 11.542186113975964
1968 12.228764154099073
1969 12.056188109024294
1970 11.738277374051442
1971 12.39318896763035
1972 12.31416453013857
1973 12.346684822616844
1974 12.017746139228493
1975 12.262651012283847
1976 12.88197076965187
1977 12.397437515329305
1978 11.441758671938906
1979 11.945794332123036
1980 12.162148889240765
1981 11.665008089286337
1982 10.992956092324533
1983 11.345215374640981
1984 11.667681948843821
1985 11.359031659908183
1986 11.920353450674016
1987 10.962622556170901
1988 12.299398022203695
1989 11.52328393835821
1990 11.875154865902193
1991 11.19401225598352
1992 11.408067984008559
1993 11.518244452875797
1994 11.51638424224879
1995 11.346246888634628
1996 11.81502857252402
1997 11.648243963108312
1998 11.738986117746343
1999 11.674908729180995
2000 11.436998907639198
2001 11.553181518653751
2002 11.58013742613128
2003 11.17315043782292
2004 11.046949437744331
2005 11.220197790379434
2006 11.503118011969637
2007 11.655144943809688
2008 10.81095822665548
2009 11.34977445070809
2010 11.622906434859855
2011 11.450780654267614
2012 11.440129738360175
2013 11.846136258137344
2014 11.531991254988796
2015 11.633723876079426
2016 11.332920195473015
2017 11.151109462531895
2018 11.086631490481219
2019 11.077630244056953
2020 11.508374791001367
2021 11.246255869497123
2022 11.640893041999117
2023 11.66048890300064
2024 11.688394375040275
2025 11.785934347127668
2026 11.602050195834474
2027 11.513259874081875
2028 11.30875613483531
2029 11.80377222728212
2030 11.622075677047517
2031 11.879716815723304
2032 11.670979304248812
2033 11.5654671612168
2034 11.593817565223391
2035 11.310060928989268
2036 11.71370240321151
2037 11.18598956286074
2038 11.66529030124333
2039 11.646281344882848
2040 11.659609628089003
2041 11.10094221218413
2042 11.296382396029713
2043 11.85332978332985
2044 12.034641052955939
2045 11.464542811537662
2046 11.424216248350232
2047 11.218993687638683
2048 11.525606961664439
2049 11.428842787039727
2050 12.097674977837185
2051 11.266486817429183
2052 11.6004486146716
2053 11.519046629798089
2054 11.086321557930635
2055 11.690595412422503
2056 12.136036229280606
2057 11.678382417033394
2058 11.431228609719183
2059 12.129911803378151
2060 11.422938583325802
2061 11.300219176753915
2062 11.655886546251107
2063 11.436199536328532
2064 11.944626044315386
2065 11.294955496876005
2066 12.049976454646876
2067 11.556744165528794
2068 11.857483512576518
2069 11.978172709412155
2070 11.337861817536623
2071 11.491811891204268
2072 12.431488449875758
2073 11.501207734815074
2074 11.550197007194125
2075 11.699070331349011
2076 11.650713107907757
2077 11.536826643347998
2078 12.271815750246317
2079 12.296456329672237
2080 11.630382782076648
2081 12.27232591895453
2082 11.794801055867413
2083 11.568044846437003
2084 11.41264477304061
2085 11.767230152529406
2086 12.001949159002892
2087 11.316035797899575
2088 11.442756160553431
2089 11.767794689758398
2090 11.09682325254209
2091 11.308291067070547
2092 11.95708596549442
2093 11.531207232024029
2094 11.939764305760848
2095 11.7562426688537
2096 11.628087761406325
2097 11.385817554152476
2098 11.744467864478082
2099 11.80762072204249
2100 11.930234097365789
2101 11.742418335791648
2102 11.395555895877868
2103 11.736643246214689
2104 11.815455498044804
2105 12.006041796311148
2106 12.26399169128723
2107 11.866512362424483
2108 11.935664020029922
2109 11.304442801955124
2110 12.36771071508922
2111 11.68991880268565
2112 11.585171309034996
2113 12.226977787820205
2114 12.279293708940132
2115 11.787455296210355
2116 12.090562076521019
2117 12.11867419801697
2118 12.195864710444015
2119 12.190618063433964
2120 12.274379759765157
2121 11.959644812786744
2122 12.038443363985438
2123 11.315852433197236
2124 12.056345607936821
2125 11.537637269895555
2126 12.117159621137699
2127 11.831198630083396
2128 11.726652971853413
2129 11.690351126534855
2130 11.174546027694351
2131 11.49022054337859
2132 12.080124754985171
2133 12.264798531567061
2134 12.0070477064026
2135 11.474113989201198
2136 11.878623536989931
2137 12.398721658785488
2138 12.16093314204318
2139 10.951433957848455
2140 10.848360276324739
2141 11.334279380146555
2142 11.477193604181934
2143 11.14380322919674
2144 11.406326779780597
2145 11.348057677174609
2146 11.535373036998012
2147 11.211814432244525
2148 11.363434126183913
2149 11.321035994847618
2150 11.728114229614143
2151 11.539695881644603
2152 11.031804167957471
2153 10.91530573668276
2154 11.089056721136709
2155 11.577297439657347
2156 11.186447715775035
2157 11.733065518751557
2158 11.586159075435235
2159 11.691999420910888
2160 11.441141504149318
2161 10.933386804320737
2162 11.423637747050076
2163 11.040080801787452
2164 11.413625233397386
2165 11.227089743722606
2166 11.538248296603582
2167 11.698566734629694
2168 11.256067748881733
2169 11.639984282634595
2170 11.065131711576548
2171 11.18879766147603
2172 11.329060635073361
2173 11.190144398708158
2174 11.865196519580266
2175 11.462776438855418
2176 11.71464091811673
2177 11.708216857472545
2178 11.034738578269183
2179 11.09820528337822
2180 10.97112711827981
2181 10.754358446124813
2182 11.496870023177786
2183 11.258556530742483
2184 11.547231214055635
2185 11.249682285264958
2186 11.508475776282758
2187 11.299199150916182
2188 11.445370063849882
2189 11.95752219649723
2190 11.596649044231073
2191 11.510200609099376
2192 11.573968771229048
2193 11.69714171410867
2194 11.798956538515945
2195 11.963460733740813
2196 11.363386943809774
2197 11.750778682094172
2198 11.457613532167269
2199 12.120568127244612
2200 11.896430721045471
2201 11.816240314243466
2202 12.10504854926287
2203 11.730622976879422
2204 11.467193736776913
2205 11.382984257587133
2206 11.418009084198191
2207 11.222436155235902
2208 11.168417826521532
2209 10.969473840048
2210 11.364543183652057
2211 11.824447508598071
2212 11.264472434489377
2213 11.655359828743803
2214 11.43752897443725
2215 11.506358554915563
2216 11.259776483555576
2217 11.535699260774216
2218 11.663394457280482
2219 11.384618443166058
2220 11.990816719403785
2221 11.349230927553874
2222 11.107571336685659
2223 11.170097761973864
2224 10.936185233062961
2225 11.25615376417551
2226 11.571447080549445
2227 10.968349550754123
2228 11.324381350181392
2229 11.73572672394891
2230 11.458051095427852
2231 10.966484854404856
2232 10.975408353598498
2233 10.949937373338713
2234 10.80030686376314
2235 10.861059206884894
2236 10.459890314377803
2237 10.70453430522422
2238 11.109509130532754
2239 10.36625876087167
2240 11.000095121823607
2241 11.335367748324467
2242 11.196962609987393
2243 10.851851863721148
2244 11.320264775319833
2245 11.783736366300754
2246 11.028543071237024
2247 11.401419815814638
2248 11.352154224325046
2249 11.301084045224187
2250 11.320106820395347
2251 11.223041268594045
2252 11.133370499916921
2253 10.929061501001218
2254 10.701763234001108
2255 10.60852118861422
2256 11.303828908922002
2257 10.706637950613912
2258 11.04856869333894
2259 10.585127205106026
2260 10.749620736592457
2261 10.734110770740596
2262 10.54752835628191
2263 10.101239514426561
2264 10.579242106455295
2265 11.319046450439886
2266 10.57039629672628
2267 10.96917164988918
2268 10.689260401284107
2269 10.935372764299975
2270 11.094257204246277
2271 10.785543870608882
2272 10.219237903588654
2273 10.046059286872296
2274 10.564150471054914
2275 10.311153560018138
2276 10.563933688428252
2277 10.954477879048866
2278 11.346615910852025
2279 10.517298472621214
2280 11.21511976583735
2281 10.045720883518344
2282 10.65782669160689
2283 10.56695901510089
2284 10.59315338555224
2285 10.303825421459052
2286 10.833695956583778
2287 10.890296639913924
2288 10.722534079740871
2289 11.125043387784517
2290 10.896985570078142
2291 10.724608544969536
2292 10.675203026036332
2293 10.510287422728606
2294 10.66962098092179
2295 10.755979749798911
2296 10.929663904662304
2297 10.781399572574426
2298 10.638436644265852
2299 10.819070518511202
2300 10.513435553395604
2301 11.243143752838652
2302 10.863893309538796
2303 10.636663716123913
2304 10.980884379526987
2305 10.90388224233483
2306 11.018346871642976
2307 11.062725031077498
2308 10.679798080032487
2309 10.740845004248174
2310 10.480612078120894
2311 10.901133463773528
2312 10.53674892699844
2313 11.20825058063949
2314 10.642523189837185
2315 10.612546686970285
2316 10.94084031324149
2317 10.930800616985785
2318 11.051153334481997
2319 10.65550824179112
2320 10.992907448014325
2321 10.749431401212938
2322 10.714906547092474
2323 11.227946496303307
2324 10.959122550651523
2325 11.129352293292198
2326 10.867949604831782
2327 11.109251095580149
2328 11.071028074994196
2329 10.512461127507287
2330 10.523992447533034
2331 10.950279985461494
2332 11.338616416127126
2333 11.278974798237053
2334 11.009505907444007
2335 11.264581829404337
2336 11.104304319154817
2337 10.982677873403242
2338 10.86537829877933
2339 11.065134099691736
2340 11.165001413058814
2341 10.980687217807048
2342 11.038377701712902
2343 11.220370037025369
2344 10.914052614521763
2345 11.077670350396117
2346 10.748143124390868
2347 11.030345667751376
2348 10.615432353854082
2349 11.01288765589287
2350 11.218930812025569
2351 11.034512888701125
2352 10.655755418451635
2353 10.773947788570657
2354 10.915997433220745
2355 11.001806562459155
2356 10.806611908348696
2357 10.624256228511717
2358 11.123131630421696
2359 10.861073092216769
2360 10.97645074163305
2361 10.922561312727135
2362 11.106168647645843
2363 10.859506819522869
2364 11.225833207558482
2365 11.001838706556281
2366 10.67264733467094
2367 10.635884106779848
2368 10.921176780009727
2369 10.94063367019237
2370 10.666918019120217
2371 10.926436239865515
2372 11.167348420966817
2373 10.620220534135582
2374 11.003681275851012
2375 11.274174908901683
2376 11.53983644283144
2377 10.99507584277758
2378 11.29467141801703
2379 11.219939401551304
2380 11.502747364153532
2381 11.668829168754934
2382 10.517547033853644
2383 11.299837752293978
2384 10.961387059306665
2385 11.28109861888815
2386 11.068006306844685
2387 11.166561248808458
2388 11.15970670877379
2389 10.88709359115294
2390 10.744511556829988
2391 11.092556178885193
2392 11.350517989815547
2393 11.010471380187713
2394 11.498804862266581
2395 11.791535257095276
2396 10.869196557951513
2397 10.90738831811656
2398 10.9587250430202
2399 11.348206998388964
2400 10.98698619425623
2401 10.679728484567345
2402 10.483595818506428
2403 11.219805089450103
2404 11.489307547425582
2405 10.86397006677264
2406 10.644445400830698
2407 10.709160453626
2408 10.954525755705482
2409 10.781672670206737
2410 10.93719198202996
2411 11.006541324702795
2412 10.762102838422113
2413 10.969568020141537
2414 10.710045395230056
2415 10.189356894065156
2416 10.824461302242543
2417 11.014586415692346
2418 11.122127224391827
2419 10.938166840396741
2420 10.90355806936705
2421 11.182874441098182
2422 11.106931046156417
2423 11.25866368341108
2424 10.97331387715009
2425 11.154272234882592
2426 11.162765954350029
2427 11.146875708489237
2428 11.146140782162558
2429 11.241240333780798
2430 11.322482993744053
2431 10.854208827881363
2432 11.1305373554553
2433 11.187901598609736
2434 11.173158268166526
2435 11.12369187306819
2436 10.901903587855355
2437 11.553104763337348
2438 11.639491272239365
2439 11.13841790095356
2440 11.432846546626298
2441 11.233058699467508
2442 11.409927116120121
2443 11.874157989645283
2444 11.022088977787517
2445 11.319213729208856
2446 11.045952179367003
2447 11.41381882177634
2448 11.28850933675369
2449 11.293756556379819
2450 11.250219826667044
2451 10.959331838857782
2452 11.420255127918772
2453 11.307381436960844
2454 11.596112188518163
2455 11.027404292989994
2456 11.233768223304674
2457 11.136331059056127
2458 11.109059065065072
2459 11.193097585199581
2460 10.804590492742522
2461 10.63510970544765
2462 10.98982529170242
2463 10.99996875013033
2464 11.299900514935906
2465 11.217059743751513
2466 11.18525346619582
2467 11.273411481571395
2468 10.953251712263322
2469 10.869165944759065
2470 11.274680448861027
2471 11.120580051825037
2472 11.336715726769285
2473 11.20317302361505
2474 11.170978855700124
2475 11.681367983993374
2476 10.805825090689893
2477 10.980555470833702
2478 11.166378556881327
2479 10.909600980081583
2480 10.89566903465128
2481 11.200984908810302
2482 11.33644710140089
2483 10.980230563446558
2484 10.81109359492102
2485 11.026849116841769
2486 10.98617879424568
2487 11.479319098891889
2488 11.071394902548734
2489 11.242344543041536
2490 10.939569119391725
2491 11.322336396560747
2492 10.727839076846077
2493 11.616121764597217
2494 10.865818881414187
2495 11.006817586778109
2496 10.952089256776045
2497 11.243575323801466
2498 11.310870070771927
2499 10.813290071141713
2500 11.230478149809473
2501 10.783924799530856
2502 11.028352202174327
2503 11.306655038605534
2504 11.260992390634561
2505 10.912866232907023
2506 10.928169935400495
2507 11.105465571068546
2508 10.813500506745438
2509 11.059418394529082
2510 11.485543599752765
2511 11.28956085246306
2512 11.327991192152409
2513 12.255994105988274
2514 11.169384151734665
2515 11.368997798161075
2516 11.172730678027436
2517 11.15453663343676
2518 11.03259727799818
2519 11.413408179138578
2520 10.994514692291379
2521 11.137605766717538
2522 10.844340516948856
2523 11.095028161117702
2524 11.021072667496831
2525 11.46920452737233
2526 10.887170862757296
2527 11.596141239913493
2528 10.558142335347025
2529 10.943864149666423
2530 11.01277680015792
2531 11.110977033358314
2532 10.957168719940505
2533 10.726380931542534
2534 10.555439603632447
2535 11.271411380097376
2536 10.89975593029862
2537 10.50243747729012
2538 11.013605481046076
2539 10.823109111909625
2540 11.029675441996364
2541 10.978836584974696
2542 11.229074449945141
2543 11.148367828125266
2544 10.385059238730634
2545 10.97790050745442
2546 11.12779514950961
2547 11.220034098772699
2548 11.337151175185191
2549 11.059671249105861
2550 10.902715884463582
2551 11.2504601756557
2552 10.73970429243455
2553 11.525306564595217
2554 10.6967704708376
2555 10.926759633227668
2556 10.959355276355158
2557 10.652974282514393
2558 10.62166844347183
2559 10.79431575721892
2560 11.112727107494118
2561 10.992030765722054
2562 10.957066012653177
2563 10.914445380977883
2564 10.837426379556437
2565 10.851126568698225
2566 10.965743352837649
2567 10.634425413766742
2568 10.911462593322728
2569 10.659319134963075
2570 10.782673396698796
2571 11.023594840278594
2572 11.18872001339084
2573 10.947794008454743
2574 11.20785253732979
2575 10.478386774188182
2576 11.331929099886942
2577 11.09525931912878
2578 10.874200190751832
2579 11.182858593101395
2580 11.275348669383657
2581 11.148689832023166
2582 11.110449379459967
2583 11.150292649304895
2584 11.389039997563913
2585 11.361065810309354
2586 11.110127630445092
2587 10.91921812433952
2588 11.242829167894326
2589 11.053743325295738
2590 11.32416898066825
2591 10.682158868714614
2592 11.013774739585806
2593 10.89944227173948
2594 10.962905621125099
2595 10.991081023007835
2596 11.008405478555595
2597 11.061829870151293
2598 10.359673839355342
2599 10.780471831008345
2600 10.176646398750568
2601 10.747364521406398
2602 10.846274406728849
2603 10.53109581657326
2604 11.044749067194882
2605 10.872862213905695
2606 10.71285909129031
2607 10.92722068649491
2608 10.75903680819253
2609 10.59756227852988
2610 11.196993759654836
2611 10.20884797050466
2612 10.955025929661309
2613 11.871928165302966
2614 10.73813558892285
2615 11.282454324683306
2616 10.808175233267534
2617 10.703724124807858
2618 11.44591291937402
2619 11.148353625408113
2620 11.084498763669378
2621 10.948148166504499
2622 11.247753763095812
2623 10.839689889917382
2624 11.34099969760119
2625 11.281469177651704
2626 10.723308198315822
2627 10.752565320519842
2628 10.843491569657596
2629 11.27990979641017
2630 10.901508306452076
2631 10.890498679766525
2632 10.729762136821613
2633 10.510443446110447
2634 11.44493308418214
2635 10.922039596800081
2636 11.11091308507039
2637 10.925446473159418
2638 11.075849519600256
2639 11.183590190423601
2640 10.952576618061524
2641 11.388311929400052
2642 10.612087842557935
2643 11.273144368753325
2644 10.955349051169735
2645 10.702061249086318
2646 10.977023353607578
2647 11.271383421470027
2648 11.217543901803555
2649 10.917884559972675
2650 11.408808505086478
2651 10.825213349329209
2652 11.224892252654694
2653 11.448640589915563
2654 11.070270259684015
2655 11.017697448777053
2656 11.138419926192704
2657 11.227077867304596
2658 11.087650446647562
2659 10.79358801827845
2660 10.770500167942354
2661 11.106255669712986
2662 11.699957331980123
2663 10.763302720834755
2664 10.829488779687319
2665 11.084037112229122
2666 10.930775024555398
2667 10.690327216280009
2668 11.170054961795099
2669 10.692306530641
2670 10.87495433063822
2671 10.990566010210822
2672 11.37723715409411
2673 11.405895456244766
2674 11.33526440712356
2675 10.780978188931348
2676 11.027971299785708
2677 11.311151481609036
2678 11.149429265936257
2679 11.170473444210668
2680 10.922506945796547
2681 11.21240330349886
2682 11.244217993619996
2683 10.780576846755707
2684 10.931438539118925
2685 11.191552559202476
2686 11.374640659433895
2687 10.873825385968203
2688 11.033184642766068
2689 10.954662910587453
2690 11.0644244988691
2691 10.963855601829312
2692 11.232095946402215
2693 11.223125393338163
2694 10.941325541701973
2695 11.138829457563535
2696 10.824238778344373
2697 10.777770106675069
2698 10.544114014981737
2699 10.799617040452237
2700 11.361234055803957
2701 11.2312828940799
2702 10.804145580098316
2703 10.90454235121672
2704 11.02117418600972
2705 11.079365862649654
2706 11.052616246374813
2707 10.843790387200315
2708 10.99123214291066
2709 10.76662323772229
2710 10.511324823586818
2711 10.949621394129995
2712 11.382296886728465
2713 10.470825789885136
2714 10.918251925883464
2715 11.272014294839812
2716 11.141884907348139
2717 10.618451070558256
2718 10.908948926487012
2719 11.03437381875765
2720 11.294277078560988
2721 10.859107634764122
2722 10.565485429079668
2723 10.796455471419991
2724 10.596849007468094
2725 11.152849204303319
2726 10.617516369143896
2727 11.044519741375563
2728 11.004795192494608
2729 11.194047084189698
2730 11.123657707427459
2731 11.056665976912258
2732 11.055077559736809
2733 10.825130904545512
2734 10.912138253272325
2735 11.457510639020043
2736 10.90061619271763
2737 11.507087368368596
2738 11.467877577957054
2739 11.196782391760292
2740 11.074269631269901
2741 10.81389576982561
2742 11.20784603862747
2743 10.927688222929588
2744 10.988459989692801
2745 11.030500525207248
2746 10.879871878953393
2747 10.777309103526962
2748 10.972632088820877
2749 10.979125776516645
2750 11.428458085458898
2751 11.168719242351731
2752 11.05528799460559
2753 10.892548406801948
2754 11.086143395442134
2755 11.064261488611667
2756 11.22535861369364
2757 11.537908857971544
2758 11.237073155957681
2759 10.898496387960181
2760 10.837304344612225
2761 11.124960927044397
2762 11.390419023776614
2763 11.040446816076281
2764 10.720999122226885
2765 10.909211703569696
2766 10.982862156988809
2767 10.932604004899282
2768 11.049353783113503
2769 11.015734963604041
2770 10.876943116022685
2771 11.236373733853526
2772 11.348695236718118
2773 10.781284306428583
2774 10.991194427800846
2775 11.118088417892285
2776 11.207007050054406
2777 11.265603384348223
2778 10.983470786135534
2779 11.252196860500703
2780 10.961325940722993
2781 11.02143003877172
2782 11.003696611891641
2783 10.882461495788124
2784 10.962478116586425
2785 10.923056044750076
2786 10.921387075849058
2787 10.878201074429876
2788 11.0501405320107
2789 10.596688443952758
2790 10.880324063016607
2791 10.97241546077857
2792 10.954132599432889
2793 11.269497517850068
2794 11.014451352857993
2795 10.84169016670389
2796 10.842835953240504
2797 11.886812564239309
2798 11.285303679629767
2799 10.651754280209238
2800 10.787246772172569
2801 10.931195026034121
2802 11.289327678100324
2803 10.78886817807708
2804 10.721303604215587
2805 11.093621605806012
2806 10.521688280955832
2807 10.947476222061502
2808 10.182252284663672
2809 11.107939744906806
2810 10.484157917147948
2811 10.885224520814491
2812 11.09429690611187
2813 11.118951164343239
2814 10.606620568626791
2815 11.053378712776897
2816 11.167893627448175
2817 11.181542003070238
2818 11.085288577412275
2819 11.378537442568676
2820 11.242081472793668
2821 11.318635168707317
2822 10.961462285802908
2823 11.099484626269742
2824 10.961394841116334
2825 10.826438661268973
2826 10.84945626540732
2827 10.774655025448615
2828 10.793144592325987
2829 10.667127052714127
2830 10.685181201223362
2831 11.111531207927406
2832 10.62727636781908
2833 11.72014757168536
2834 10.854344663797498
2835 11.000261344318353
2836 10.716025956409199
2837 10.790242774895173
2838 11.216216197756346
2839 11.000369669017843
2840 10.706683274546089
2841 11.144985071830426
2842 10.861559650421182
2843 11.44382405499497
2844 10.893410300915072
2845 10.932204106484846
2846 11.024098620774502
2847 11.528149461045693
2848 11.00478626578254
2849 11.014951303779165
2850 11.245770464229093
2851 11.56051538173338
2852 11.066675389351554
2853 11.358396452739079
2854 10.955479217285582
2855 11.220913374823464
2856 11.383366986158636
2857 11.634679535674282
2858 11.49990676159385
2859 11.288500829849692
2860 11.177742458274912
2861 11.299356568476224
2862 11.462356910732481
2863 11.338152237439019
2864 10.867449720831818
2865 11.35251212151805
2866 11.637178896423448
2867 11.438653006324305
2868 11.543165541671277
2869 11.402790694651753
2870 10.98935680050655
2871 11.540024728409437
2872 11.661380012202004
2873 11.34904404342256
2874 11.34912640744103
2875 11.385729915038645
2876 11.363368109256651
2877 11.080425125563025
2878 11.477864569700508
2879 11.16561911816706
2880 11.5398749622288
2881 11.571970014818719
2882 11.595395255995031
2883 11.847828372981533
2884 11.667477567620148
2885 11.688342866953764
2886 11.531260602864128
2887 10.979984542414073
2888 10.899010526058742
2889 11.315440599767387
2890 11.556262332869073
2891 11.141718405744431
2892 11.621086181282035
2893 11.337953575698752
2894 11.573327624223003
2895 11.162075628568546
2896 11.14900357296882
2897 11.274202500733674
2898 10.804420257945756
2899 11.07343768267663
2900 10.947368968101104
2901 11.069641418666613
2902 11.386956917123914
2903 11.28546626321222
2904 11.441868042898541
2905 11.72262294170048
2906 10.990401120311596
2907 11.216512341079255
2908 11.320777400160125
2909 11.177010096283295
2910 11.479556821393468
2911 11.513991580438784
2912 11.248399450408808
2913 11.179250772724775
2914 11.428597003999778
2915 11.074150416535785
2916 11.325332452017518
2917 11.67601801416608
2918 10.917315589368025
2919 10.965644669910244
2920 11.408424461897061
2921 10.940683209847906
2922 11.174462566429165
2923 11.041735849932957
2924 11.570423500276696
2925 11.25350875905761
2926 10.787058941097566
2927 10.483861959706523
2928 10.664353809272113
2929 10.83843680048924
2930 11.31302690215426
2931 10.821608728791539
2932 11.269505487348445
2933 11.622404895333913
2934 11.587544896248751
2935 11.5005221973483
2936 11.611083727740816
2937 10.849816284230059
2938 11.081593977890243
2939 11.534782739936793
2940 11.252351604587528
2941 11.659850165409425
2942 11.528951001288874
2943 11.07599367724085
2944 10.759962688801266
2945 11.360780299587912
2946 11.13822943989489
2947 10.941083286917461
2948 11.28236557927432
2949 11.625166863465095
2950 11.791147316979895
2951 11.361349998121037
2952 11.660166282037448
2953 11.565186096222678
2954 11.48101723722625
2955 11.424942911165513
2956 11.174306356020088
2957 11.242242065380617
2958 11.190174861307066
2959 10.945369913380848
2960 11.544886760208517
2961 11.565028224416816
2962 11.070179270008909
2963 11.070913583829286
2964 11.320293937147834
2965 11.23455816111975
2966 11.206064728006508
2967 11.01613738620421
2968 10.920506123389035
2969 11.115466232579855
2970 11.197118132041714
2971 10.701315552402594
2972 11.105425614352896
2973 10.973805650156612
2974 11.381899797649844
2975 10.956111215238058
2976 10.766961089782386
2977 11.449029424041285
2978 11.012837099070302
2979 10.809038891355158
2980 11.270104755484358
2981 11.49475708928653
2982 11.006708309849957
2983 11.312458376083852
2984 11.239528371219956
2985 11.665961942671668
2986 11.459294696135998
2987 11.508372776750429
2988 11.371228166830203
2989 11.189146512955228
2990 11.295190897273002
2991 10.964109051588904
2992 11.237889973257984
2993 11.380193839071683
2994 10.936287060237346
2995 10.95475143113633
2996 10.875334715620612
2997 10.78263611029173
2998 11.193909511957019
2999 11.344683418433991
3000 11.014444475127158
3001 10.740239657919146
3002 10.694525429350133
3003 10.735236370624369
3004 10.800460603456568
3005 11.060083588473425
3006 10.739318392210162
3007 10.94251920228531
3008 10.622917426896496
3009 10.649549339337947
3010 11.636089369440604
3011 10.605220502580014
3012 10.568698159015945
3013 10.981366025275317
3014 11.347228344161493
3015 10.831638178834853
3016 10.851564527378759
3017 11.09520645724537
3018 11.030232342334585
3019 10.905079134054526
3020 11.829150125671267
3021 11.15052388380364
3022 10.84910599072776
3023 10.833477144359065
3024 10.891573304211196
3025 10.771296786925486
3026 10.724445347043646
3027 10.28702377714234
3028 11.366282847097038
3029 10.954169948980747
3030 10.842575705979355
3031 10.772878406084624
3032 11.030149080568918
3033 10.841303942104787
3034 10.336035390207318
3035 10.144652494237052
3036 10.543963216905585
3037 11.133471831837301
3038 11.49027423228072
3039 10.208836946610791
3040 10.001347937523962
3041 11.042248952645675
3042 10.779856279470405
3043 10.476490220501711
3044 10.633418225486816
3045 10.195287575919432
3046 10.108451707400008
3047 10.645388115762954
3048 10.632436120434866
3049 10.942979064447409
3050 10.735830211905911
3051 10.927463828373185
3052 10.473206762176975
3053 9.957257090649408
3054 10.882956193619739
3055 10.884546468383315
3056 11.1385793824554
3057 10.444203540948685
3058 11.249976788774262
3059 10.609284133312029
3060 11.462314625535118
3061 10.956012354460183
3062 11.023286706335297
3063 10.901424445389395
3064 10.980790840152006
3065 11.102681086484223
3066 11.129359501378854
3067 11.523243024027806
3068 10.80718627266721
3069 11.085454263881296
3070 10.40620785973357
3071 11.2047155557707
3072 11.037208276921987
3073 10.797559729808636
3074 10.762460129488511
3075 10.798130502459788
3076 10.98893157580919
3077 11.128336784894849
3078 10.89078275543768
3079 11.540087754993708
3080 11.368635229146765
3081 11.736071175973402
3082 12.193340070927992
3083 11.990792959397929
3084 11.448029197536753
3085 11.241957104592549
3086 11.13045024386876
3087 11.644891810774022
3088 11.19985898904088
3089 11.477302527761848
3090 10.975389732496673
3091 11.37738307640609
3092 11.108269241967188
3093 11.395902135122874
3094 11.037206866848086
3095 12.0334612612235
3096 11.822489990909645
3097 11.353679686988833
3098 11.228600776698508
3099 11.699307738751006
3100 11.700697050147639
3101 11.54993214347174
3102 11.71368089728961
3103 11.153995172698192
3104 11.171961768821998
3105 11.167713144215783
3106 11.153021966460527
3107 10.962504567930926
3108 11.30594320015412
3109 11.497009266029423
3110 11.145184116683593
3111 11.079950180108312
3112 11.065611317533874
3113 11.323709895740862
3114 10.814382698945609
3115 11.046966389743242
3116 11.429882278881706
3117 10.826714990996157
3118 11.577259409622616
3119 11.775947211640222
3120 11.4112603360311
3121 11.534365412510413
3122 11.295970707077293
3123 11.379174044401381
3124 11.356517794485097
3125 11.449652116565883
3126 11.704557253209844
3127 11.345231389929324
3128 11.040665380751893
3129 11.530431662851516
3130 11.311723995567647
3131 11.489684932464392
3132 11.268969636412713
3133 11.620132477275083
3134 11.0896328477009
3135 10.98002835063377
3136 11.075115397281609
3137 11.099521049278485
3138 11.815068105514044
3139 10.909203392107441
3140 10.800516462157663
3141 11.15275237689536
3142 11.3886978768138
3143 11.182017315914718
3144 10.93293810452651
3145 11.197666000279042
3146 10.97116724644813
3147 11.042368717216775
3148 11.539137403748747
3149 11.358408443914875
3150 10.851807980021032
3151 11.155212604826964
3152 10.783490703733442
3153 11.101909429972334
3154 11.14109514990699
3155 11.279646912625667
3156 11.200299546843405
3157 11.376805272550042
3158 10.964130738312974
3159 11.25443460156038
3160 10.869851609911143
3161 11.036926210975823
3162 11.518143188310315
3163 11.088075680015182
3164 11.183592444197071
3165 10.803822511657634
3166 11.282637641124518
3167 11.369531444936637
3168 11.659687780649287
3169 11.61598721843483
3170 11.261916735387402
3171 11.464972579591878
3172 11.198268319083137
3173 10.927831950711843
3174 11.229451195986087
3175 10.858634076397779
3176 11.357752570351916
3177 11.222615936890536
3178 11.502592879662304
3179 11.849823936803377
3180 11.252762972383474
3181 11.726181101208313
3182 11.73747098557234
3183 11.261743869307152
3184 10.998535835678108
3185 11.310495673555083
3186 11.644983797927592
3187 11.425605007489036
3188 11.362253753237136
3189 11.680617085896571
3190 11.451151168066188
