0 9.45320258625195
1 9.434252943003063
2 9.452201841267454
3 9.291841740487783
4 9.139678174986303
5 9.036210598059535
6 9.217514399178075
7 9.565021844944663
8 9.237336561199937
9 8.920472813412596
10 9.341120763930112
11 9.397344767334324
12 9.280946044528326
13 9.47465891909233
14 9.714957274204886
15 9.595179473277542
16 9.208285944355413
17 9.354061305645743
18 9.403943367650133
19 8.764619633862141
20 8.850821379004365
21 8.898390350729123
22 9.259451185018897
23 9.52154052477873
24 9.082203736623926
25 9.526372868338981
26 9.3151737667043
27 9.441103106813918
28 9.24643479893166
29 9.432568882840279
30 9.2910781346751
31 9.53855643917378
32 9.161321048268274
33 9.210347517059546
34 9.449299034255839
35 9.054216705108761
36 9.325418067354345
37 9.298393541008442
38 9.32062183439511
39 9.254718363083521
40 8.920018587161005
41 8.949948271575028
42 8.670358458114896
43 8.896676786418269
44 9.091003667086065
45 8.662868930319163
46 8.837553342488441
47 8.943670409167312
48 9.004680649466268
49 8.823802932019342
50 9.449238906886945
51 8.919357472182462
52 8.932064756695228
53 9.013508337633974
54 9.393741695677019
55 9.028676211384159
56 9.264421053905016
57 8.82069030383852
58 9.025185024798004
59 8.757089480995953
60 8.846566623737866
61 8.873070722815921
62 8.765705227291233
63 8.994660119769511
64 9.483144339730684
65 8.978419580113055
66 8.762543564438252
67 8.664006683236222
68 8.976864761207903
69 8.811410066252607
70 8.90252874630325
71 8.773394806027396
72 9.283347619908852
73 8.888628312113704
74 8.73535284440879
75 8.59642114322474
76 8.709263893478195
77 8.838515259037944
78 9.102982905034072
79 8.806165965618515
80 9.247328727109826
81 9.009571209851718
82 9.066767506233793
83 8.785927287179517
84 9.44057359431595
85 9.11688588765197
86 9.09593360042721
87 8.951733238634771
88 8.74302172690373
89 8.731602352351189
90 9.160634567538951
91 8.621144617439471
92 9.204165922850743
93 8.980144789063909
94 8.629248410168856
95 9.398750772023716
96 9.699877662758947
97 8.888510773927273
98 9.308294372770295
99 9.27395241327783
100 9.204553277071735
101 9.167689729643858
102 8.803500596001726
103 9.128018003826817
104 8.86348207644014
105 9.581090757747216
106 8.969999019547119
107 9.274479702736526
108 9.309831171327856
109 9.566918458596685
110 9.23105332158805
111 9.024026441152811
112 8.99481552899824
113 9.08879329031027
114 9.196593399508034
115 9.215149259708399
116 8.61478411422614
117 9.16780771331897
118 9.278887036922349
119 9.32043712653881
120 9.034289469429856
121 8.949024389386096
122 9.066111930657941
123 9.042938559122495
124 8.776871901196555
125 8.854371363055517
126 8.801606159295616
127 8.504710419214097
128 8.801213047371176
129 8.698681886201099
130 8.593401423813283
131 8.562173904267762
132 8.966518999766418
133 9.175989750962902
134 9.148263488975088
135 8.817257036109703
136 9.104912301847675
137 9.072671065462693
138 9.029456883075751
139 9.64184919007246
140 9.55076767273343
141 9.166824914275978
142 8.882787284241681
143 9.360743640079399
144 9.283469621785532
145 9.123509525140527
146 9.000428351344263
147 9.285845111043665
148 8.942959981377868
149 9.295358949950652
150 8.752384191535391
151 8.728533428653604
152 8.850891471578114
153 9.154969422109152
154 9.177250806140378
155 8.929141725383598
156 8.82174193893585
157 9.05017358060744
158 9.327624411548216
159 8.982486408541973
160 9.317091762654117
161 9.000777548088289
162 9.125777927418904
163 9.32230172198554
164 9.188644437429652
165 9.299377503526758
166 9.268984266133323
167 9.11602880745736
168 8.986439828872648
169 9.168010978832248
170 8.744587704003846
171 9.029507350882293
172 8.967687282305576
173 9.047169008530673
174 9.405004119794171
175 9.221386315782668
176 9.528111049047693
177 9.225031455877076
178 9.16543280284388
179 9.686500372580944
180 9.322132827652377
181 9.107959490718578
182 9.737234242065938
183 9.536212972910862
184 8.945362271976824
185 9.170592278942532
186 9.148517576998168
187 9.088630506405774
188 9.169402868673725
189 9.420427200513751
190 9.32515332015813
191 9.513112533451746
192 9.310785374568878
193 9.604778926345395
194 9.426217274014899
195 9.401641935129113
196 9.057316172777023
197 9.326431297585565
198 9.4923729857937
199 9.366428392450196
200 9.521213151704933
201 9.269520524628279
202 9.217860494677055
203 9.305466379096153
204 9.007374599024395
205 9.181460285532468
206 8.998593106690805
207 9.11680935158657
208 9.130616185478948
209 9.081857923499868
210 9.340638987145654
211 9.097199194918336
212 8.850034318469163
213 9.469215034482426
214 9.11599586108011
215 9.204503846191487
216 9.357838993298882
217 9.273018347522784
218 8.857611512001755
219 8.99204551278808
220 9.07863222466866
221 9.386306806038414
222 9.053457538493387
223 8.96338122767734
224 9.105950279805048
225 9.172088249572209
226 9.071641628628544
227 9.274874662949475
228 8.983032825313876
229 9.423391277428728
230 9.131239769293119
231 9.219337653316563
232 9.453157280040653
233 9.312280840681838
234 9.197957470571014
235 8.986006913044239
236 8.965701824226796
237 9.440595728358135
238 9.05987240910019
239 9.083017344933761
240 9.02593425689397
241 9.123202204219776
242 9.0027872709517
243 8.995406988209629
244 9.140834133136975
245 9.24685183894539
246 9.068863501485872
247 9.428410635545173
248 9.37106092083267
249 9.391145434124777
250 9.092454147289272
251 9.341856492543732
252 9.183400616469951
253 8.958542827425557
254 9.079067713600422
255 9.048321543222547
256 9.158842261740965
257 9.256809116560472
258 9.167717755227027
259 8.995699759996848
260 9.23316827953543
261 8.896512323384206
262 8.769367634694623
263 8.94988608820541
264 8.988104893494645
265 8.750535540690432
266 9.068169951831115
267 9.097074730913652
268 9.00686192831509
269 8.811615460510527
270 9.10404533131764
271 8.74461775398455
272 9.319063724329816
273 8.980534213187266
274 8.800434165087383
275 9.066060161893157
276 9.225215230244029
277 9.099668300763515
278 9.086875334179071
279 9.410156840467241
280 9.265990210901984
281 9.042208201259099
282 9.364559042849207
283 9.522337096701467
284 9.4688027719774
285 9.162632934542245
286 9.160149985983049
287 8.967071019527046
288 9.107239468226343
289 8.69232702549929
290 9.372876736070806
291 9.27292232129185
292 9.09888594553174
293 9.469936884825168
294 9.233199294405763
295 9.330085859575858
296 8.696823473932874
297 9.400750939451877
298 9.180739410438717
299 9.291359198865774
300 9.241903600171883
301 9.427142583150282
302 9.39987755320938
303 9.521656585990103
304 9.164493439734798
305 9.158507772035609
306 9.349380127346654
307 9.355090732524399
308 9.035387584951714
309 8.838999328512777
310 9.219703746028028
311 9.001985869082818
312 8.983985684738728
313 9.21503003286007
314 9.513870370438534
315 9.075577913869292
316 9.306226665804719
317 8.947304345283671
318 9.056059167571016
319 9.194735677047161
320 9.162700410585922
321 9.27942531859485
322 9.198772288346838
323 8.967917284625829
324 8.912431444328101
325 9.198049125062061
326 9.282598768232413
327 9.117684285587787
328 9.012675337663625
329 9.375541323822386
330 9.223290042621294
331 9.217781024409437
332 9.461439583750556
333 9.097200656720432
334 9.22126672668056
335 9.642322281669411
336 9.1325553852249
337 9.076084335200282
338 9.324516444733291
339 9.110113602399858
340 9.359251681930132
341 9.33719540780222
342 9.221634306691175
343 9.053594946038858
344 9.13381765160876
345 9.365921223166662
346 9.111289335927378
347 8.933691731435749
348 8.978746650073628
349 8.922779510887613
350 9.241576139739232
351 9.300647163376498
352 9.295038422548545
353 9.297386723521456
354 8.861185546208674
355 9.268581113438495
356 9.38355680899156
357 9.38881986558347
358 8.978223466219827
359 8.957177533951933
360 9.294225226727816
361 9.300616970951411
362 8.793822050071835
363 9.285305633878252
364 9.236244092256724
365 9.232349935557005
366 9.07459163906727
367 9.541501480901358
368 9.383464215698504
369 8.87162394473911
370 9.163919130628082
371 9.110197225654602
372 9.083803213677621
373 9.572555410937968
374 9.392515219232592
375 9.222755437900796
376 9.572120363949189
377 9.324977316196088
378 9.20779990456847
379 9.669432680618954
380 9.19909472076999
381 9.176246869442592
382 9.055650766994496
383 9.272675597165208
384 9.167557945040317
385 9.008850725371365
386 9.2041777200856
387 9.41906520100641
388 9.631365520660315
389 9.404210883445028
390 9.067264123699022
391 9.581031182607171
392 9.332780464478544
393 9.85592951162348
394 9.52597683481861
395 9.464025821071909
396 9.58021680721431
397 9.225980962092427
398 9.769109166020453
399 9.330158867892397
400 9.565770791141926
401 9.640809620317395
402 9.690794659550408
403 9.671191567774809
404 9.16914287182691
405 9.36797925736398
406 9.28657841917949
407 9.32095243227985
408 9.3024675229779
409 9.33414121462404
410 9.378782294250692
411 9.67256125851621
412 9.484654700550907
413 9.632683220395815
414 9.226403043758545
415 9.237494192007068
416 9.566626364108844
417 9.13467626780621
418 9.227721724321647
419 9.307976024480526
420 9.417767481230644
421 9.110211758904818
422 9.452107503001944
423 9.636774396608411
424 9.066909180690839
425 9.053592658635917
426 9.693561272093879
427 9.081415470715266
428 9.284959003629131
429 9.189007797601308
430 9.19211830300508
431 9.261333750572192
432 9.137686769620553
433 9.257408507054992
434 9.08547167855492
435 9.177714298769162
436 9.323577589960845
437 9.337214815236974
438 9.02751181230753
439 9.438045974859216
440 9.461918617529081
441 9.288220526917888
442 9.385532623434317
443 9.24986000236165
444 9.425247145039041
445 9.246242474652934
446 9.337549525901723
447 9.45407427886673
448 9.229918828361306
449 9.29848956647637
450 9.398967502462783
451 9.174605587756767
452 9.253389867343332
453 9.271773762736014
454 9.54559905430328
455 9.326813554670856
456 9.175035370546404
457 9.388545444957094
458 8.96609454650659
459 9.066452158500882
460 9.533047232303351
461 9.54798909888821
462 9.167664400064254
463 9.475277923919883
464 9.021727281862725
465 9.494754693562868
466 9.24712953341705
467 9.147446337111436
468 9.603690053654965
469 9.310508388899557
470 9.237728524910544
471 9.197327917188762
472 9.21773793609338
473 9.125483766358013
474 9.302089810305207
475 9.100340786563086
476 9.406577380948825
477 9.489718258925313
478 9.049584618123884
479 9.08215508705218
480 9.42758411782125
481 9.214401724895701
482 9.32307873032082
483 9.41627041483728
484 9.433593555883306
485 9.015798317971608
486 9.378026294484727
487 9.208395508600026
488 9.299580850006102
489 9.338985816956173
490 9.01917989319401
491 8.917265512908768
492 9.465102199901096
493 9.373759946118613
494 9.405910626423779
495 9.28938670171697
496 9.47837036884732
497 8.949165754521903
498 9.269524951808512
499 9.14736641689152
500 8.996975916032522
501 9.299277360691393
502 9.120566862460121
503 9.174745969557552
504 9.103739553491142
505 9.227107951855517
506 9.169230631263751
507 9.433722763930213
508 9.38655831836112
509 9.594909171719348
510 9.320792304745014
511 9.360487971935717
512 9.576546333943583
513 9.591919125590543
514 9.455529078018285
515 9.746772300347965
516 9.5263836158793
517 9.382969762746177
518 9.145290153163092
519 9.428124019824837
520 9.16983749046429
521 9.370429188043786
522 9.202278378662877
523 9.550705835624472
524 8.92210317196985
525 9.333699300088988
526 9.466423369230913
527 9.277925000429496
528 8.979220586334314
529 9.525504765703392
530 9.312502174630449
531 9.5006493783392
532 9.37402795691484
533 9.148430807093003
534 9.467111647186412
535 9.082135311477568
536 9.162461118527167
537 9.230226803224882
538 9.359941142805559
539 9.150242562286685
540 9.395018817370733
541 9.301886584192141
542 8.894857968296776
543 9.082278716768778
544 9.195522886291062
545 9.160959004746566
546 9.337260837135865
547 8.765585537680401
548 9.358143277809587
549 9.186834821975966
550 9.423835144470656
551 9.607751356355514
552 9.44148059502985
553 9.068607686341682
554 9.537139547845968
555 9.024719495645748
556 9.642205778859024
557 9.213913864106415
558 9.180584238422599
559 9.311158926503388
560 9.377472282013663
561 9.092612918958999
562 9.229993215346331
563 8.78226442648044
564 8.96745496361154
565 9.198233226887094
566 8.841531905773339
567 9.071941848815923
568 9.151276683649076
569 9.067892714263003
570 8.972632384638853
571 8.922337030069881
572 9.148027923167426
573 9.195463492104995
574 8.910323685754143
575 9.053122975538123
576 9.120589452188046
577 9.006761909910733
578 9.500342035271444
579 9.194551881156235
580 8.903499819428879
581 9.067632236314495
582 9.082612872773824
583 8.975711045046754
584 9.303256400749593
585 9.09462530267475
586 9.111749308156332
587 9.144031669211314
588 9.371007727081569
589 9.108497631782049
590 9.294234907064606
591 9.134528787894267
592 8.947977535936744
593 9.082289672210651
594 8.992727281845882
595 9.131550857333893
596 9.287680929184468
597 9.237397779524294
598 9.217040291900965
599 9.117563377265078
600 9.122266888167449
601 9.510510879639904
602 9.236544664267967
603 9.381384545702762
604 9.43899882090054
605 9.589323617762957
606 9.267942711189956
607 9.46691110352927
608 9.407537065664664
609 9.338580509305812
610 9.00320617300659
611 9.67130357628808
612 9.282090550068476
613 9.454679540219477
614 9.351808874535834
615 9.349601718501482
616 9.1801705171464
617 9.673585887429532
618 9.023716383818062
619 9.540145409559116
620 9.73842902068344
621 9.142285136752363
622 9.593569724235579
623 9.37191297945031
624 9.101010192342619
625 9.228373745331435
626 9.118962895261527
627 9.18900064647405
628 9.331797872297708
629 9.404194384697375
630 9.293892799290061
631 9.248684566278563
632 9.423443172045262
633 9.340196318980436
634 9.211567927460603
635 9.395364131556402
636 9.379390227117044
637 9.185492870457338
638 9.553106952038055
639 9.434207151467417
640 9.5504713617812
641 9.558273581856351
642 9.343498482650194
643 9.153819626619507
644 9.283781223992381
645 9.47823937675687
646 9.309233422978823
647 9.291175401580814
648 9.405779575597158
649 9.173876172828182
650 9.395560765508808
651 9.23418952396001
652 9.432806110343764
653 9.298831973146667
654 9.389459954737154
655 9.323369239795632
656 9.519135024065044
657 9.36905273878574
658 9.568476147053513
659 9.246573135589088
660 9.476782191036403
661 9.658840460394439
662 9.334466756898152
663 9.465525319225481
664 9.59583363558888
665 9.511284632421907
666 9.974214939432223
667 9.756680029143773
668 9.428900071750226
669 9.039381411461804
670 9.416940566228782
671 9.185946166492467
672 9.107513117230752
673 9.350039049050457
674 9.415055458641165
675 9.360107643072842
676 9.288140392833167
677 9.668550096341436
678 9.261430100094861
679 9.581861909687648
680 8.9657592680437
681 9.277548205038453
682 9.19064497638867
683 9.586816801424927
684 9.384752365641434
685 9.010313685027715
686 9.333466171991455
687 9.194314959533598
688 9.249094919522665
689 9.383793942124447
690 9.771374440940768
691 9.693514902160972
692 9.532089320323363
693 9.322767172487985
694 9.267717437591443
695 9.385656959140524
696 9.369598973357776
697 9.20519842066167
698 9.536999102325712
699 9.311003872158581
700 9.15350956750196
701 9.148816253148867
702 9.285678284978635
703 9.409342923087697
704 9.393200034856484
705 9.512332852543274
706 9.474990547722689
707 9.429186334810582
708 9.270227965296092
709 9.43860734364523
710 9.338872727975454
711 9.28885589654034
712 9.352667085523239
713 9.080272545444423
714 9.199525472448704
715 9.276856248327208
716 9.150906258782072
717 9.185174159304802
718 9.03987617517849
719 9.087836772908172
720 9.390281320258344
721 9.274220212269038
722 9.299891177611023
723 9.070948333717181
724 9.095081482927647
725 9.384824746924961
726 9.440794221466513
727 9.221311361698124
728 8.925347631852162
729 9.22048438249815
730 9.312405941718117
731 9.022588299219288
732 9.246528318570604
733 9.484084033012493
734 9.267366131754576
735 9.398493675411343
736 9.285680915943868
737 9.231696160882068
738 9.210462816633243
739 9.694625082589834
740 9.511588030517602
741 9.343896322628952
742 9.243775270030124
743 9.342901490720159
744 9.270813971707657
745 8.943419489630777
746 9.4788986165158
747 9.238174780888178
748 9.479298015235827
749 9.70232688695221
750 9.304742688518852
751 9.481108323810181
752 9.452053750923533
753 9.262595117768619
754 9.309896817413918
755 9.876107778280018
756 9.25482375329987
757 9.43216375514714
758 9.550025814058634
759 9.321662654548863
760 9.069876986064537
761 9.428440256249818
762 9.39595199086255
763 9.444505302879634
764 9.484197605557762
765 9.554651714134353
766 9.006313120918401
767 9.483875092776492
768 9.128319540398055
769 9.284311698091752
770 9.272479048181488
771 9.770055591047525
772 9.570525162471244
773 9.312894074266183
774 9.433837628415022
775 9.33890293264068
776 9.552941209662109
777 9.313304520000594
778 9.293185956468479
779 9.294602659060583
780 9.40754984874033
781 9.27073696781726
782 9.23902706422142
783 9.301038119087602
784 9.386995363704521
785 9.52367882003329
786 9.429710969852055
787 9.32374970478595
788 9.09599728340845
789 9.538108076017558
790 9.548554356762063
791 9.516740860862553
792 9.340287605957423
793 9.180546941827085
794 9.521811525498258
795 9.392256401172675
796 9.318044903901297
797 9.390847120417671
798 9.552358304544583
799 9.686826026191032
800 9.239755500283113
801 9.459055327435827
802 9.400385847325637
803 9.121118918679382
804 9.415661792520487
805 9.415747673672609
806 9.361478814069343
807 9.302612027960233
808 9.354590314483982
809 9.450587418205156
810 9.40619599256841
811 9.61864974356634
812 9.575993800667112
813 9.515948085316829
814 9.53014636320927
815 9.522724926086616
816 9.403703027599137
817 9.434222411633845
818 9.2247003060209
819 9.519828683986448
820 9.254782244011738
821 9.652548336351407
822 9.565158949746234
823 9.385616601011366
824 9.278616988496454
825 9.73300679205572
826 9.512989080385589
827 9.50043000394452
828 9.306252685869614
829 9.616777586261625
830 9.390279238264913
831 9.005296665372581
832 9.299580439019527
833 9.551091099790444
834 9.514791722915152
835 9.276496204721129
836 9.5329788372035
837 9.151810842578085
838 9.527536420103928
839 9.461412465095291
840 9.218976479728683
841 9.332580191579753
842 9.221453774346479
843 9.281998442580718
844 9.183004560385223
845 9.004510708950933
846 9.419549537586782
847 9.228381626664806
848 9.479281523252007
849 9.450786674358394
850 9.530991207515681
851 9.337211012865637
852 9.304040120601393
853 9.862073101058023
854 9.50018428636458
855 9.063395256504714
856 9.149252445963455
857 9.139614988679394
858 9.705852265238926
859 9.596182297749646
860 9.536781882515369
861 9.717441551916295
862 9.215033454664171
863 9.438283929345612
864 9.404254402626075
865 9.562825013226572
866 9.053462797445793
867 8.872347827358938
868 9.254592713108229
869 9.362931025362094
870 9.267661078116985
871 9.334201358898012
872 8.983810869999187
873 9.328283518907057
874 9.425574386783412
875 9.452422406548703
876 9.120405609900425
877 9.238391289387046
878 9.35963504130771
879 9.0486075226825
880 9.197131329876637
881 9.51200083123962
882 9.45923736598288
883 9.296842483840155
884 9.241296976035194
885 9.23085504519656
886 9.50640652410136
887 9.222739845812427
888 9.345444694706245
889 9.529288949625654
890 9.178437170437244
891 9.175716699214798
892 9.24892593159792
893 8.873108547182431
894 9.349178136617454
895 9.3868915177098
896 9.410367825236674
897 9.155028331814451
898 8.963614800561297
899 9.322214981186985
900 8.981065564475822
901 8.781341707212905
902 9.098454691529831
903 9.280306666454155
904 9.371298233771991
905 9.160476105529172
906 9.148625328080866
907 8.996046859301028
908 9.093548245183863
909 9.206192489213008
910 8.987205541325672
911 9.333573082232665
912 9.24039862123041
913 9.138315604164934
914 9.657112024906278
915 9.580912010210037
916 9.52061317240348
917 9.10277319164266
918 9.351329605574364
919 9.319284817888134
920 9.088206960632107
921 9.290070577810075
922 9.064016178986192
923 9.265040425775185
924 9.332992832987324
925 9.28220409752492
926 9.3608548302739
927 9.052190496852232
928 9.221334046688805
929 8.98303488701673
930 9.182709486910193
931 9.046921563106814
932 9.583400397202137
933 9.472946411436332
934 9.20575013716446
935 9.163107297854385
936 9.420855035622406
937 9.55188601572822
938 9.079821472479995
939 9.354891228854093
940 9.131944093712763
941 9.274051830590242
942 9.31274029711593
943 9.099802790109948
944 9.37749862884677
945 9.162635435010255
946 9.189505193363356
947 9.23036380682222
948 9.147551145790633
949 9.336694925366427
950 9.001381376596099
951 9.122174977826921
952 9.273272234315733
953 9.17834903669224
954 9.156450132653493
955 9.11821750111577
956 9.20383273137141
957 9.279652839927053
958 9.329550277020736
959 8.978251319495877
960 9.132959204734934
961 9.041147702528715
962 9.059241206040742
963 9.394786505181717
964 9.153242852871088
965 9.40063045215454
966 9.431811237094433
967 9.29965470945807
968 9.206359204527441
969 9.016599449957647
970 9.189152392703958
971 9.0502669447367
972 9.308901400663585
973 9.276262739537612
974 9.286748089757724
975 9.47639064683123
976 9.247613730617987
977 8.98259877846974
978 8.982436774457764
979 8.982336349586797
980 9.330689183200093
981 9.137212183212403
982 9.138590970376782
983 8.989655348675948
984 9.194742414407303
985 9.246585398327362
986 8.961545452194205
987 9.20340445987694
988 9.625174583958112
989 9.217292414492533
990 9.030895226261807
991 9.388770323212013
992 9.293965419316589
993 8.954685633626656
994 9.405099813199124
995 9.173743162711087
996 9.002518587789293
997 9.28988432110152
998 9.526982108436805
999 9.278929038084073
1000 9.13702462240063
1001 9.190456478186492
1002 9.494974940939029
1003 9.308211506849307
1004 9.21742208819303
1005 9.578932613666323
1006 9.345379946209492
1007 9.120898307545707
1008 9.14895138499353
1009 9.179693040239917
1010 9.100000286782937
1011 9.065165760037054
1012 9.385614865174942
1013 9.126755869239338
1014 9.55616831778792
1015 9.316930019938994
1016 9.317295671338059
1017 9.308219392556463
1018 9.201512006285228
1019 9.282636833790248
1020 9.578031506550667
1021 9.319755428086566
1022 9.08183060840683
1023 9.008925414113815
1024 9.069524673509271
1025 9.077958780628167
1026 9.0657557124613
1027 9.538302423973835
1028 9.058356727860584
1029 9.129752174639258
1030 9.26049656051268
1031 9.177546997229989
1032 9.260562297203442
1033 9.241028883407441
1034 9.221813274393785
1035 9.481029008998116
1036 9.104512324237351
1037 9.208542688602858
1038 9.180249780551236
1039 8.96603316185908
1040 9.539574538672149
1041 9.082139844278824
1042 9.028119997661548
1043 9.074976087641941
1044 9.224724564213478
1045 9.22580456423647
1046 9.045878359425869
1047 9.108933065196997
1048 9.192041059876342
1049 9.285862174573163
1050 9.310197156956873
1051 9.322193671405422
1052 9.194716615651306
1053 9.144567681903279
1054 9.293169956544075
1055 8.985819287024267
1056 9.282987429021858
1057 9.35122033874134
1058 9.366254445125376
1059 9.518392707847187
1060 9.331062545710259
1061 9.23056001337639
1062 9.342811461352158
1063 9.272936069212756
1064 9.30812667256608
1065 9.212276311172433
1066 9.386877663876849
1067 9.156772580520203
1068 9.165131633946205
1069 9.522839240134145
1070 8.676594546789916
1071 9.208495954984862
1072 9.399637919992308
1073 9.23541672398966
1074 8.988077094032356
1075 9.444499242061557
1076 9.222191879473678
1077 9.09201274323756
1078 9.082260634061797
1079 9.324075421088143
1080 9.250230949498626
1081 9.352513977803692
1082 9.375543705177723
1083 9.277388124109686
1084 9.321859247080221
1085 9.171171258574285
1086 9.552675824983297
1087 9.253576312155586
1088 9.285564712853121
1089 9.461805107942935
1090 9.540597918541168
1091 9.097373397396945
1092 9.09149995033424
1093 9.199831590314156
1094 9.567994514207113
1095 9.326926948055702
1096 9.512828618433277
1097 9.072514897683199
1098 8.928914105269916
1099 9.22116297749355
1100 9.463239266552236
1101 9.002075482588879
1102 9.31420249246837
1103 9.426498667024202
1104 9.22500146743651
1105 9.435143470948852
1106 9.057399385781684
1107 9.40046183596832
1108 9.53963106812087
1109 9.291208149422166
1110 9.261550968790313
1111 9.286225466403927
1112 9.184390072744275
1113 9.398044051230277
1114 9.146664650853404
1115 9.559165054042042
1116 9.42373364576454
1117 9.236974671391842
1118 9.39587979510386
1119 9.555025379922096
1120 9.635822482163016
1121 9.492588044511418
1122 9.057320695518076
1123 9.05917209264698
1124 9.03491612353139
1125 9.407621136405773
1126 9.366166122273233
1127 9.424198253815513
1128 9.324651401220546
1129 9.713144784026705
1130 9.369032007427423
1131 9.321976972740043
1132 9.372587198759444
1133 9.216908362089129
1134 9.178539712283458
1135 9.288180727904338
1136 9.288271201300093
1137 9.389927843788703
1138 9.245641891766432
1139 9.266217550424027
1140 9.004814045599764
1141 9.283486105768194
1142 9.249870278864236
1143 9.328978059598278
1144 9.481023852619712
1145 9.359870585809057
1146 9.394044167894323
1147 9.736749220525738
1148 9.22369221658892
1149 9.424754538726656
1150 9.240341417571639
1151 9.537268541958603
1152 9.398863560933563
1153 9.633384824831749
1154 9.090674247191048
1155 9.556783164175705
1156 9.489539199723325
1157 9.34105455021607
1158 9.195435569722255
1159 9.392089919585223
1160 9.297491838920159
1161 9.319242444794952
1162 9.254916914035057
1163 9.582789991375341
1164 9.802319946831906
1165 9.20319616171384
1166 9.403500800426707
1167 9.520681894317638
1168 9.439448230424619
1169 9.24199769576403
1170 9.555351502161386
1171 9.696720971710029
1172 9.570876578811072
1173 9.564118308161428
1174 9.525165737801034
1175 9.877603109700818
1176 9.7918456935776
1177 9.448938695147996
1178 9.558884230548786
1179 9.599745642463008
1180 9.670197148931965
1181 9.605336058251643
1182 9.608200317348738
1183 9.531518422646792
1184 9.414630350883776
1185 9.487509573985914
1186 9.557385481192401
1187 9.65400131135618
1188 9.273818528597577
1189 9.119963070318349
1190 9.393381474097636
1191 9.587306793702421
1192 9.576443828329468
1193 9.453568123374843
1194 9.686783112290444
1195 9.661439395407967
1196 9.667245498174902
1197 9.350248975080042
1198 9.630092171745245
1199 9.787448805283228
1200 9.550408746634382
1201 9.38926028910528
1202 9.379636456938517
1203 9.618167568669097
1204 9.524815349237056
1205 9.44431795389964
1206 9.662639577052504
1207 9.4627292241404
1208 9.524715561814991
1209 9.121592566349925
1210 9.498193725334234
1211 9.625222825084844
1212 9.597416747246347
1213 9.557391179235708
1214 9.347774116344548
1215 9.577346014598866
1216 9.737436624589185
1217 9.875829318171306
1218 9.395166295140191
1219 9.511197058247035
1220 9.710766862413728
1221 9.238298681145432
1222 9.453012072638394
1223 9.783535790016602
1224 9.670453309444419
1225 9.940476557510786
1226 9.322795499354116
1227 9.472395096629018
1228 9.714028788837064
1229 9.738742016346155
1230 9.557085721850774
1231 9.637499609511936
1232 9.65465153713319
1233 9.556603301521367
1234 9.578801481629167
1235 9.522367129428105
1236 9.45696861984253
1237 9.552942560566773
1238 9.694651488595294
1239 9.413968105323773
1240 9.453374188360643
1241 9.538994657075264
1242 9.340500933964044
1243 9.519331800543856
1244 9.310058336512615
1245 9.764600569540727
1246 9.511486363547807
1247 9.556245932639879
1248 9.531685996998489
1249 9.374346621620685
1250 9.774357964195522
1251 9.8051350159349
1252 9.70120754695005
1253 9.604333423191202
1254 9.43870666154514
1255 9.559979094483163
1256 9.720009362495356
1257 9.283638436489445
1258 9.417779057345633
1259 9.393634863463923
1260 9.698295272704001
1261 9.477576537603637
1262 9.715644811162884
1263 9.834705531126861
1264 9.826123007127023
1265 9.525177528360294
1266 9.823539512299298
1267 9.487232346747003
1268 9.240546609736326
1269 9.415438219288799
1270 9.709835524521402
1271 9.673844970336695
1272 9.620294216338783
1273 9.516507043151343
1274 9.53208017469459
1275 9.661980600850844
1276 9.353234801670705
1277 9.66996021328796
1278 9.425535972078261
1279 9.691904370257546
1280 9.546495943642908
1281 9.41236255627851
1282 9.531076517227367
1283 9.518734789618671
1284 9.34960534718571
1285 9.581709137257377
1286 9.587650708523151
1287 9.413463821708449
1288 9.932941927411628
1289 9.400857151024871
1290 9.71606271093368
1291 9.691359943403361
1292 9.632637367270933
1293 9.62835881487322
1294 9.543073222698371
1295 9.26416557520308
1296 9.142803652961533
1297 8.941566169326872
1298 9.403760152868394
1299 9.55126831260531
1300 9.255594011165188
1301 9.61349865981588
1302 9.40162802501109
1303 9.099043856994877
1304 9.45154214448339
1305 9.222793959914279
1306 9.428730662652324
1307 9.011487497392908
1308 9.219421530967988
1309 9.35629114741591
1310 9.325960690045855
1311 9.350268687708084
1312 9.633781764895849
1313 9.518801611096983
1314 9.500441053021547
1315 9.14930539279835
1316 9.132693768583147
1317 9.478062264488413
1318 9.491373730803232
1319 9.307612371461406
1320 9.198917604517826
1321 9.429109479774732
1322 9.548439697489693
1323 9.540134255568768
1324 9.719409529623908
1325 9.357950477118177
1326 8.9974798288953
1327 9.199665399574867
1328 9.317424591647637
1329 9.345413447627802
1330 9.304687586013085
1331 9.711660095360743
1332 9.758049991903908
1333 9.471797432828177
1334 9.652054677828753
1335 9.560987925851475
1336 9.873813430732461
1337 9.458539092273405
1338 9.31227374151311
1339 9.82656402207165
1340 9.43135289491223
1341 9.579883679442908
1342 9.84327006842173
1343 9.737492619436376
1344 9.354805827541192
1345 9.607532046543039
1346 9.154068870479204
1347 9.356971790837306
1348 9.238297155464661
1349 9.627117776103832
1350 9.234996341671218
1351 9.654740255843638
1352 9.639042356677667
1353 9.453413153346675
1354 9.857249945492518
1355 9.60421367168357
1356 9.465275514351063
1357 9.747109014970103
1358 9.457434532812913
1359 9.871226055623955
1360 9.88962185770239
1361 9.838508276643273
1362 9.547553084869339
1363 9.599771139100648
1364 9.719059755416824
1365 9.498851679401817
1366 9.784524846231635
1367 9.60133952998746
1368 9.667788049069301
1369 9.661583427434966
1370 9.461083969800367
1371 9.539807596276528
1372 9.444462240775982
1373 9.746817364597991
1374 9.51884687991459
1375 9.625156082341011
1376 9.477483630769072
1377 9.468498546660326
1378 9.682684245980617
1379 9.351997095084622
1380 9.58083654322227
1381 9.943736234528208
1382 9.673921947245711
1383 9.42111885952689
1384 9.50738515395075
1385 9.489091005797807
1386 9.751951370405097
1387 9.413646789719692
1388 9.661240941568481
1389 9.713669783554899
1390 10.013302187506582
1391 9.50508707483133
1392 9.665725298177307
1393 9.561653931988957
1394 9.388337529418232
1395 9.905981860928552
1396 9.581866196534904
1397 9.618524869238179
1398 9.543497533060593
1399 9.787564268657091
1400 9.480365370863334
1401 9.310627477813465
1402 9.533630306804367
1403 9.527403781914723
1404 9.320093716359514
1405 9.50148269304732
1406 9.544676794821294
1407 9.333417463553971
1408 9.553205671569634
1409 9.395638585147942
1410 9.276221134857298
1411 9.1904957393728
1412 9.193471880666815
1413 9.444001187445185
1414 9.289642874237572
1415 9.205701224188395
1416 9.303448841631418
1417 9.644281944540918
1418 9.404177983084406
1419 9.464750816527678
1420 9.724092296632953
1421 9.332599754527594
1422 9.516307030730175
1423 9.516856402701897
1424 9.31143407340921
1425 9.37831533429749
1426 9.680456188407383
1427 9.618543616569355
1428 9.58414700723471
1429 9.619818165642787
1430 9.688214747945473
1431 9.279232024632659
1432 9.590471534958672
1433 9.35576999554884
1434 9.402649329558185
1435 9.242717938677044
1436 9.421178806677986
1437 9.606167076764835
1438 9.577466751273906
1439 9.22723493754804
1440 9.683479302876126
1441 9.318899387236687
1442 9.031715877469754
1443 9.066284373660457
1444 9.233378310786728
1445 9.262867278645066
1446 9.382327410666118
1447 9.511611733720315
1448 9.424235051091275
1449 9.396828407497283
1450 9.535180784127997
1451 9.250779389811035
1452 9.307222805693849
1453 9.700550948858801
1454 9.68868754355147
1455 9.626711245234684
1456 9.607216359109186
1457 9.312888510484807
1458 9.263920563844799
1459 9.121098892001692
1460 9.567507041265
1461 9.292822292978142
1462 9.26007845548713
1463 9.331188195330562
1464 9.321323315353137
1465 9.32224986560583
1466 9.342744137855606
1467 9.365621117119415
1468 9.388547945504301
1469 9.496876046139569
1470 9.153473113658098
1471 9.309776426826152
1472 9.196532037752823
1473 9.338365329654891
1474 9.235725505420945
1475 9.280520349228185
1476 9.185626552080995
1477 9.229589377470061
1478 9.151516914991445
1479 9.122998867153013
1480 9.216431056751883
1481 9.145877661721858
1482 9.342511721503081
1483 9.076216976953182
1484 9.060398665917356
1485 9.352200396560505
1486 9.171195018674332
1487 9.103786620877816
1488 8.802365842778423
1489 9.17967649688032
1490 8.844220569846055
1491 9.161230816531434
1492 9.4797927389574
1493 9.168519844589209
1494 9.254692180236342
1495 8.882708674527292
1496 9.202902462003847
1497 9.245927290588385
1498 9.085349893828631
1499 8.816942634255467
1500 9.363484553255924
1501 9.194221343442253
1502 9.165423351221584
1503 9.16348464718903
1504 9.064328619812049
1505 9.059507169989969
1506 9.179836172873115
1507 9.476224158379457
1508 9.176901730548494
1509 9.010156464647475
1510 9.286263434529413
1511 9.328520642532292
1512 9.12347451585439
1513 9.208823828715069
1514 9.246997608489872
1515 9.079146093183159
1516 9.13622940741735
1517 9.141678592355793
1518 9.165570501673828
1519 9.292579525277418
1520 9.096926984691814
1521 9.095972798680274
1522 8.954087585908669
1523 9.21181166642599
1524 9.047001294499879
1525 9.283839394164206
1526 9.569070179121951
1527 9.538812295743865
1528 9.663516022667782
1529 9.436001098036343
1530 9.53737611316517
1531 9.196383373660986
1532 9.156277453773606
1533 8.91205039129535
1534 9.368225470687774
1535 9.434157967136569
1536 9.681816896511267
1537 9.441043269030152
1538 9.595643186927521
1539 9.28155455247024
1540 9.54936377480082
1541 9.399615124955726
1542 9.45480493188043
1543 9.293250036913134
1544 9.309256562426103
1545 9.058886796847474
1546 9.353850733289052
1547 9.449741850547086
1548 9.222267927899416
1549 9.269524124819958
1550 9.188558381898924
1551 9.270476146495847
1552 9.168439365023223
1553 9.099444489334966
1554 9.095284682758303
1555 9.239450418457388
1556 9.508155052886927
1557 9.169285912167117
1558 9.000347041783497
1559 9.592135673777364
1560 9.349190342056731
1561 9.50946645857805
1562 9.763046841981565
1563 9.451939397390184
1564 9.71068595899529
1565 9.576681637475831
1566 9.372854094890757
1567 9.727050641941982
1568 9.650751348047901
1569 9.524507651162033
1570 9.609606705619186
1571 9.495067768255783
1572 9.619142768964462
1573 9.298532830989696
1574 9.566728889091005
1575 9.52726881561821
1576 9.655936824578388
1577 9.228391099596394
1578 9.380866854175453
1579 9.940407177546865
1580 9.979336177476506
1581 9.565183947595115
1582 9.925697498255648
1583 9.645387619168494
1584 9.01982938699856
1585 9.18037640041759
1586 9.303324141678788
1587 9.480285780313805
1588 9.61210565704036
1589 9.461346415450256
1590 9.750256916004117
1591 9.857909052269136
1592 9.440031595943633
1593 9.689277776060512
1594 9.626737539736716
1595 9.493372339390902
1596 9.586599374368747
1597 9.680897604918528
1598 9.374787175301478
1599 9.708940854642243
1600 9.563515958099892
1601 9.577785161875795
1602 9.72207178653882
1603 9.661592045633796
1604 9.554724945692007
1605 9.730816957185636
1606 9.694222268096684
1607 9.55379916660157
1608 9.36585256788259
1609 9.92983544762227
1610 9.373666909719576
1611 9.531854157600339
1612 9.239572535378171
1613 9.347977356246886
1614 9.685461502551869
1615 9.494419511138943
1616 9.592858071847564
1617 9.752416466700561
1618 9.414160380373373
1619 9.656628874427598
1620 9.609892344250438
1621 9.47392086695075
1622 9.472899244847817
1623 9.495912138579541
1624 9.5228255325142
1625 9.658811682668741
1626 9.575445415833233
1627 9.698668265841123
1628 9.528065472660575
1629 9.131850941239014
1630 9.411486902461025
1631 9.544581471509034
1632 9.704961283369787
1633 9.779829001152853
1634 9.758606737282339
1635 9.543198106882961
1636 9.481215048754041
1637 9.692672936491508
1638 9.371874255241574
1639 9.34103234934438
1640 9.381943225217672
1641 9.56252646316735
1642 9.72036306216489
1643 9.499939583252786
1644 9.321406806949089
1645 9.40838525260502
1646 9.28320229932362
1647 9.574529385074326
1648 9.679807087309774
1649 9.452699581537972
1650 9.382123871370958
1651 9.433101399023736
1652 9.85461436103459
1653 9.755501431592721
1654 9.568661797102193
1655 9.52970810512709
1656 9.667053334668838
1657 9.69121550684404
1658 9.563588691023666
1659 9.304915397723327
1660 9.518211862160888
1661 9.382986913942968
1662 9.540880446048167
1663 9.18471801773963
1664 9.740654112820325
1665 9.264746311622643
1666 9.401087780487227
1667 9.512696877793447
1668 9.243779981379095
1669 9.548049982497744
1670 9.591794655090265
1671 9.662203683377143
1672 9.754308301122574
1673 9.479489070621014
1674 9.819438728961334
1675 9.226248479080091
1676 9.208246013663823
1677 9.487021736833883
1678 9.626540080671312
1679 9.711226038777395
1680 9.565589628967158
1681 9.755176960120275
1682 9.781779275502414
1683 9.804478367222844
1684 9.69182800349594
1685 9.632602458155112
1686 9.750382299958138
1687 9.806884990070978
1688 9.785264620756708
1689 9.748900719195147
1690 9.581375462316268
1691 9.681787754209292
1692 9.474004239852823
1693 9.317714506925324
1694 9.241197020737273
1695 9.412580301133337
1696 10.043625038690056
1697 9.568313638535395
1698 9.74460664652566
1699 9.38355185090857
1700 9.693341799078043
1701 9.519693093496526
1702 9.628377037212198
1703 9.21609976448956
1704 9.885328995555692
1705 9.388264128617836
1706 8.92035665788182
1707 9.62754422880206
1708 9.38574997731934
1709 9.286320801067422
1710 9.256935014449532
1711 9.34675392370553
1712 9.371072334652773
1713 8.932193550618019
1714 8.97796097302806
1715 9.293503415425988
1716 9.03322394471201
1717 8.727408678704096
1718 9.072347222444034
1719 8.999481249721681
1720 9.297394760600925
1721 9.487391161115498
1722 9.241069604802979
1723 9.370067289651894
1724 9.108039642405702
1725 9.65499685502782
1726 9.717273251036776
1727 9.509852687651208
1728 9.133388073314336
1729 10.246629899195344
1730 9.64986912499823
1731 9.77259199858545
1732 9.707030921116498
1733 9.738632025334876
1734 9.493191592579619
1735 9.658684271971099
1736 9.554891017838116
1737 9.378998240945869
1738 9.295735235364079
1739 9.55988016900841
1740 9.593478677460043
1741 9.345174551040445
1742 9.384016487528383
1743 9.695192594283878
1744 9.684458625026311
1745 9.63272780693004
1746 9.493890055260081
1747 9.459082553421952
1748 9.72812681731375
1749 9.708303197982307
1750 9.417957151752304
1751 9.355715402511521
1752 9.537226366891602
1753 9.616459311413674
1754 9.434802418260373
1755 9.440943632661018
1756 9.323622167948256
1757 9.599334878401265
1758 9.69577766957566
1759 9.62690292807514
1760 9.52690527654179
1761 9.614572892383569
1762 9.549556372182682
1763 9.405870944133701
1764 9.49558005138727
1765 9.171416783164162
1766 9.377353334653273
1767 9.615190406962467
1768 9.839893201219853
1769 9.333724744958118
1770 9.510696305273132
1771 9.74956566223853
1772 9.645802961000465
1773 9.674112415641243
1774 9.686461718356972
1775 9.732460311939771
1776 9.557469245230479
1777 9.479786933312036
1778 9.608931456892021
1779 9.6974506471258
1780 9.918166502020048
1781 9.479921363134057
1782 9.609046122180427
1783 9.363018578332829
1784 9.548641206377631
1785 9.820922206800926
1786 9.425467567488909
1787 9.152958119198198
1788 9.130530583989518
1789 9.330079928195957
1790 9.011152985845637
1791 9.295695662916478
1792 8.908883466020248
1793 9.67237299189803
1794 9.127800760005334
1795 9.207740209311536
1796 9.152630716905826
1797 9.221687383906158
1798 9.643605129776706
1799 9.385737558484035
1800 9.349317309125716
1801 9.519571270864374
1802 9.463163097374478
1803 9.368683098394014
1804 9.293183680774137
1805 9.375191424212067
1806 9.265150251531114
1807 9.38074350910028
1808 9.148331812417066
1809 9.35195439351545
1810 9.657129468082909
1811 9.668330695008256
1812 9.683148203330825
1813 9.510964752708011
1814 9.469667622896637
1815 9.295866999610084
1816 9.580019984606462
1817 9.33146322007879
1818 9.26671148218736
1819 9.547820990885228
1820 9.572589002625929
1821 9.589747416070683
1822 9.68036897808392
1823 9.476684351609842
1824 9.393908113827052
1825 9.326937711804034
1826 9.281179838744881
1827 9.28335762403331
1828 8.868496874078177
1829 9.272701645729217
1830 9.064425650307331
1831 9.185786139897674
1832 8.969327426384577
1833 9.245704877947274
1834 8.81612116123691
1835 8.806125128930372
1836 9.239810286249105
1837 9.075095779031894
1838 8.841445019011005
1839 8.398085345904086
1840 8.798548585697118
1841 9.17773776031503
1842 9.200625186938295
1843 9.235401833241411
1844 9.354768309992737
1845 9.376283431544884
1846 9.336967487052343
1847 9.582411646458358
1848 9.26356545149386
1849 9.38111355923737
1850 9.44243961948903
1851 9.473288495862256
1852 9.54057583182634
1853 9.148980943188727
1854 9.5923829276123
1855 9.25390007002818
1856 9.484530689918154
1857 9.554827369688716
1858 9.665036307962154
1859 9.614569595441425
1860 9.60105762614395
1861 9.319445150938929
1862 9.249251927222248
1863 9.563431158991111
1864 9.16109170132598
1865 9.266273122392516
1866 9.488703599861518
1867 9.286647808020492
1868 9.208597762185086
1869 9.279035440813079
1870 9.302019622449466
1871 9.258181597323045
1872 9.504311510490277
1873 9.214319916012784
1874 9.48864647701411
1875 9.266916064353719
1876 9.454679263226142
1877 9.603147341685743
1878 9.503974516677
1879 9.041398355516513
1880 9.271138257321374
1881 9.262674259166898
1882 9.14445024370876
1883 9.49633469902086
1884 9.24245313145346
1885 9.071824271794855
1886 9.584492877639649
1887 9.34367735008596
1888 9.554387925443185
1889 9.147699482892024
1890 9.389017681607825
1891 9.455379885894068
1892 9.180268623046802
1893 9.325345783483618
1894 9.335490671706273
1895 9.27471916254021
1896 8.946944716761845
1897 9.131061932198428
1898 9.205332282801365
1899 9.193713039949062
1900 9.05757118088117
1901 9.166048974087333
1902 9.142427128334099
1903 9.201194294525921
1904 9.559330159978929
1905 9.389373161462597
1906 9.301530598938113
1907 9.540855316411529
1908 9.446995260971923
1909 9.470867575738554
1910 9.6260421825671
1911 9.605957267915867
1912 9.642577604432086
1913 9.524427050110264
1914 9.176777648348482
1915 9.43687508049179
1916 9.56978151219514
1917 9.527994942484833
1918 9.736276809548515
1919 9.391528346385611
1920 9.612577450014143
1921 9.43256685322371
1922 9.279773235745877
1923 9.50787213253658
1924 9.421704609473041
1925 9.383736246708061
1926 9.678168610355396
1927 9.307089970025967
1928 9.38858439883573
1929 9.252699444312652
1930 9.420398239690103
1931 9.03449054186731
1932 9.44740038400644
1933 9.39811328036903
1934 9.201926635498529
1935 9.309198323452806
1936 9.302138970032912
1937 9.201280423079194
1938 9.402513513705816
1939 9.051999586251146
1940 9.251824889507244
1941 9.463352805495925
1942 9.676399673438073
1943 9.59039169957576
1944 9.2129998428251
1945 9.545442403945371
1946 9.292360211132957
1947 9.434270892050774
1948 9.074353542057999
1949 9.245263838266045
1950 9.387123754121431
1951 9.41996571421944
1952 9.329084427883203
1953 9.377960779793684
1954 9.390228332160241
1955 9.50789853775914
1956 9.274337959971696
1957 9.428902045788243
1958 9.401348985389427
1959 9.444038209151326
1960 9.392391431572415
1961 9.25920370696391
1962 9.325501753110725
1963 9.397368157418812
1964 9.27522033431138
1965 9.323852049033594
1966 9.536849111237595
1967 9.290034038474412
1968 9.401549882939447
1969 8.5945534331051
1970 8.523225740429071
1971 9.10371599526842
1972 8.521300235267786
1973 8.51058070924554
1974 8.663776338569079
1975 8.749268814074988
1976 8.66949968920178
1977 8.768768643736957
1978 9.040989108387121
1979 8.315756429488781
1980 9.494146832353517
1981 9.260217940337224
1982 9.524337394679675
1983 9.244013385081173
1984 9.439172932717609
1985 9.080468827512426
1986 9.27122071760523
1987 8.997652674642318
1988 9.395599101742746
1989 9.311591122557786
1990 9.162828859264582
1991 9.299130785676928
1992 9.1899816676215
1993 9.35897858258048
1994 8.985947696760459
1995 9.23004041114825
1996 9.45003933032622
1997 9.279642120874463
1998 9.393595198719284
1999 9.081061966777835
2000 9.206432321954217
2001 9.318597299236012
2002 9.280503849745415
2003 9.504059652591083
2004 9.721406529713615
2005 9.362692245865231
2006 9.514794738390195
2007 9.56942330327277
2008 9.075557613308849
2009 9.329027426002273
2010 9.24595619220893
2011 9.367161553317962
2012 9.703346063546258
2013 9.800296639580708
2014 9.70841814207181
2015 9.476788701045136
2016 9.887596722578056
2017 9.660491229058817
2018 9.438189623550171
2019 9.551629454295043
2020 9.502496730402257
2021 9.103475146408613
2022 9.607226985017173
2023 9.222285995836138
2024 9.697460907656776
2025 9.406439646160358
2026 9.569799312019356
2027 9.68483828916336
2028 9.848660696467162
2029 9.545918851172367
2030 9.43608384182153
2031 9.79692743588478
2032 9.712220538577913
2033 9.419036129434383
2034 9.384354908929836
2035 9.567043821224319
2036 9.496802682365846
2037 9.863419621437835
2038 9.84975875651901
2039 9.58244005959869
2040 9.454416273959936
2041 9.34927475535456
2042 9.610505799471406
2043 9.511375196538308
2044 9.528723705474349
2045 9.281655170453766
2046 9.611361831382894
2047 9.474227067656333
2048 9.334356517979451
2049 9.26434833457465
2050 9.174457439512963
2051 9.20372999990768
2052 9.33106089518378
2053 9.359822726083985
2054 9.292668556270588
2055 9.391998051958947
2056 9.358785472786034
2057 9.110463283912
2058 9.327543889921817
2059 8.98576498792794
2060 9.379220241690355
2061 9.423057716052801
2062 9.156789814737504
2063 9.32128364504043
2064 9.393345219142905
2065 9.245597773317192
2066 9.19136553842214
2067 9.19027681638889
2068 9.33520731759736
2069 9.334532257501307
2070 9.56877667425681
2071 9.104338609902666
2072 9.041305061036173
2073 9.497744789615002
2074 9.251832547730066
2075 9.286002906475298
2076 9.192303709688675
2077 9.319394637069127
2078 9.425916084184422
2079 9.515619557804047
2080 9.338947687500621
2081 9.289568793306021
2082 9.089823824178891
2083 9.450165091428959
2084 9.344334534314145
2085 9.29010588313599
2086 9.223458480666253
2087 9.084353897970313
2088 9.244374832298071
2089 9.358382764936453
2090 9.45439862113285
2091 9.21922487345251
2092 9.33994298819356
2093 9.530828704609775
2094 9.60090743690925
2095 9.231390185078332
2096 9.403114450422363
2097 9.506978543720836
2098 9.498737591313619
2099 9.43463884630184
2100 9.306277271898256
2101 9.35960865652095
2102 8.97102777526485
2103 9.259687980453352
2104 9.424925282293696
2105 9.116226624082158
2106 9.590368112984217
2107 9.266299907635233
2108 9.302492386802228
2109 9.320504439349442
2110 9.255413565025714
2111 9.120121235801168
2112 9.07859590313045
2113 9.33354263043514
2114 9.77703622739586
2115 9.35412061498305
2116 9.592264400723058
2117 9.640000594418144
2118 9.722888363643412
2119 9.498866763678251
2120 9.460236936707698
2121 9.072113908616409
2122 9.503117121638427
2123 9.208836479484555
2124 9.288688699136506
2125 9.004040016555939
2126 9.671440334441348
2127 9.14055650025281
2128 9.300216143600263
2129 9.363517421232197
2130 9.09313569131312
2131 9.16138630750559
2132 9.273262686707742
2133 9.477400121592604
2134 8.763933479078037
2135 8.735920016492761
2136 9.04513918326154
2137 8.832643927327132
2138 8.588420023480394
2139 8.900740506739664
2140 8.841095020194752
2141 8.921407002135659
2142 8.981325851160042
2143 8.383284174421702
2144 8.8973431110262
2145 8.954955369314598
2146 9.09092093991786
2147 8.834869833491403
2148 9.270850685448371
2149 8.686201398251596
2150 8.845970271782566
2151 9.08641830062763
2152 8.948714437427892
2153 8.5958907326238
2154 8.761511810980286
2155 8.681873576109583
2156 8.733632679910547
2157 8.612154137328973
2158 8.449113489914964
2159 8.824008782395081
2160 8.668310696408504
2161 8.402895450672338
2162 8.418649513698993
2163 8.700504112271874
2164 8.367055648390808
2165 8.852331612089158
2166 8.090951086327232
2167 8.576530385357776
2168 8.604147863582256
2169 8.756038318579225
2170 8.88983879125508
2171 9.726270117166784
2172 9.30325708353881
2173 9.568756533907624
2174 8.970735435889933
2175 8.793799314733949
2176 8.731007088624397
2177 9.03073229013132
2178 9.020196356126268
2179 9.04730121656787
2180 9.19651247028171
2181 9.114601329763222
2182 8.75853691380798
2183 8.794124332890469
2184 9.00451026570011
2185 9.002382904660813
2186 9.060236108703904
2187 8.848718201574508
2188 9.0609407156475
2189 9.308208209927555
2190 9.127421592650064
2191 9.535520884393561
2192 9.453815761898504
2193 9.298282314748699
2194 8.912109894325393
2195 8.887215470157507
2196 8.835823692451424
2197 9.277304726262361
2198 8.796534904152825
2199 8.877475388745292
2200 8.62522547464872
2201 8.202112726038822
2202 8.765837653862928
2203 9.205914261453914
2204 9.06462840312675
2205 9.01993175695433
2206 8.882009873896815
2207 9.086439304654792
2208 9.079626172326568
2209 8.861854211579603
2210 9.072137846123663
2211 9.224119994427634
2212 9.163219454270733
2213 9.639832187810278
2214 9.238655629442501
2215 9.264639164791324
2216 9.250077887056149
2217 9.25130461901733
2218 9.5696646392019
2219 9.322519543633899
2220 9.206991845910283
2221 9.234041373982686
2222 9.181520707483948
2223 9.564879801598588
2224 9.767600610296823
2225 9.739350793150804
2226 9.57809765201017
2227 9.577310870036806
2228 9.408783236303522
2229 9.178440327401669
2230 9.118346377344192
2231 9.487025030234255
2232 9.269846022275628
2233 9.74116866063335
2234 9.514866220200743
2235 9.634136518524418
2236 9.515902093088798
2237 9.667218697616667
2238 9.380604295803618
2239 9.516564484555897
2240 9.662809239952525
2241 9.627918524039055
2242 9.514258646830923
2243 9.424105414237921
2244 9.172760697895912
2245 9.086820344719584
2246 9.508382296670991
2247 9.626038000257012
2248 9.289552759723367
2249 9.512081592346247
2250 9.656474311679961
2251 10.142615374855758
2252 9.777358443384896
2253 9.580497450248078
2254 9.974551725737582
2255 9.888011889872478
2256 9.931728422907755
2257 9.960448541407228
2258 9.680407138296376
2259 9.726684969851595
2260 9.866753419821372
2261 10.048379648382431
2262 9.61556475179287
2263 9.589853847765998
2264 10.088456294719357
2265 9.64392123550504
2266 9.649619221833136
2267 9.521250454915078
2268 9.778051472379532
2269 9.681794654056233
2270 9.655791166043443
2271 9.671451161250625
2272 9.64033847267771
2273 9.778246860562302
2274 9.577078031767831
2275 9.209887435338816
2276 9.590977511885384
2277 9.87439553730613
2278 9.636597650036693
2279 9.478427209025337
2280 9.19656883026188
2281 9.772440097192488
2282 9.640799451244872
2283 9.644406464647341
2284 9.634422232159212
2285 9.69516767672875
2286 9.532131753773257
2287 9.678739182153707
2288 9.585183942075734
2289 9.841084781898934
2290 9.775138508417289
2291 9.440240825703912
2292 9.33804092886894
2293 9.656410559956536
2294 9.677247902747952
2295 10.073549141199582
2296 9.406031408918391
2297 9.842659651463798
2298 9.806250200318365
2299 9.588233635967791
2300 9.639147577381063
2301 9.501828885623276
2302 9.770942652710097
2303 9.409231953354082
2304 9.498077117974338
2305 9.431249734302384
2306 9.567908349127842
2307 9.675147419359284
2308 9.538623099106724
2309 9.552698993454657
2310 9.319592255818169
2311 9.506747889780874
2312 9.598505958705106
2313 9.582732540796222
2314 9.783656486987946
2315 9.521251469809904
2316 9.363822557774242
2317 9.36695026525517
2318 9.387537753762805
2319 9.839126307989666
2320 9.38269414403645
2321 9.53806510523749
2322 9.634359330815185
2323 9.394169301739806
2324 9.556339647550447
2325 9.488007094210522
2326 9.5357417715859
2327 9.246814583527833
2328 9.495787702550777
2329 9.42065915352159
2330 9.670449798364443
2331 9.471200689032068
2332 9.553811532940166
2333 9.531932741100551
2334 9.417485910075536
2335 9.40892956672097
2336 9.498886606599246
2337 9.698025172165451
2338 9.499120539604906
2339 9.581874287304206
2340 9.46673789734915
2341 9.66978530431016
2342 9.565345034602355
2343 9.649838758133516
2344 9.633472179936305
2345 9.588223605882293
2346 9.447500536607516
2347 9.557134320451071
2348 9.4291716466223
2349 9.480414238117634
2350 9.24088946858072
2351 9.039954105771356
2352 9.519002938761245
2353 9.673650953615242
2354 9.481761477468517
2355 9.615798190248334
2356 9.042777364320838
2357 9.52368819288468
2358 9.339965002682707
2359 9.569678210147018
2360 9.618422422974154
2361 9.545435544234506
2362 9.46324418453377
2363 9.62524378139486
2364 9.561923335030272
2365 9.396788407698935
2366 9.272184220985373
2367 9.41495541035045
2368 9.553371164985231
2369 9.337711629923943
2370 9.465680058229312
2371 9.814802754705395
2372 9.602707790459366
2373 9.40109981503459
2374 9.72144968822882
2375 9.694102508682628
2376 9.377990591835228
2377 9.786326773144863
2378 10.044222647892875
2379 9.60141699113187
2380 9.66004919705445
2381 9.676759009866885
2382 9.846099094864396
2383 9.60682800355675
2384 9.764306940188241
2385 9.854815531554733
2386 9.570064446176701
2387 9.453508863484467
2388 9.396410244822446
2389 9.80678722378248
2390 9.662372127212
2391 9.61059605114045
2392 9.664623413274738
2393 9.510457486771854
2394 9.661622417724674
2395 9.40615640333363
2396 9.383260335697742
2397 9.252375074097705
2398 9.354496146315364
2399 9.511218028494648
2400 9.651493143427881
2401 9.647560531698936
2402 9.92310224657069
2403 9.641704318339713
2404 9.917147814925181
2405 9.666603434984196
2406 9.631155303363428
2407 9.794391217502131
2408 9.458366018520723
2409 9.520365053816207
2410 9.671242915841463
2411 9.716686500041613
2412 9.455224686646183
2413 9.569941702833882
2414 9.7675691993561
2415 9.780861113483404
2416 9.65016839370128
2417 9.662556082016556
2418 9.661622161963425
2419 9.65481051390166
2420 9.577938804641635
2421 9.421657132343077
2422 9.591297542517106
2423 9.462692029162927
2424 9.607938151671524
2425 9.71237321710311
2426 9.405752251096121
2427 9.610274596624143
2428 9.765583717645539
2429 9.236425675706503
2430 9.601773936545424
2431 9.9797762292315
2432 9.607600739187594
2433 9.933358344647464
2434 9.846907115463463
2435 9.648268577007189
2436 9.433954125611432
2437 9.42152706646015
2438 9.518050199734091
2439 9.664357210277254
2440 9.647400979481166
2441 9.553372273090064
2442 9.59818345976002
2443 9.77537905050513
2444 9.348160344635504
2445 9.628050789368844
2446 9.603149075551284
2447 9.57888518419754
2448 9.551685921740985
2449 9.395444908351047
2450 9.533531183603007
2451 9.589105071668627
2452 9.518950503739346
2453 9.367880009800972
2454 9.523999547785014
2455 9.830703102302135
2456 9.345166374265522
2457 9.727578724421502
2458 9.392437736531589
2459 9.393517070492994
2460 9.727033721486304
2461 9.347658804993536
2462 9.796230629004217
2463 9.318042641082192
2464 9.695659905560642
2465 9.493611893738281
2466 9.530405658109478
2467 9.607646706507698
2468 9.627282100138663
2469 9.544716707779806
2470 9.531651272266826
2471 9.482138390787528
2472 9.493142621210742
2473 9.643971511971497
2474 9.569410371508557
2475 9.585230470054327
2476 9.536346761445866
2477 9.692179705480168
2478 9.721265547479005
2479 9.670842162808825
2480 9.524823871161246
2481 9.679970246911015
2482 9.755094429425709
2483 9.456474670156677
2484 9.359900713450855
2485 9.471741017805593
2486 9.64374076685997
2487 9.550027168527683
2488 9.578877977134482
2489 9.551355048038307
2490 9.466378896482668
2491 9.197149391252022
2492 9.42776041877277
2493 9.428241001566395
2494 9.519180353427632
2495 9.601395376203538
2496 9.682096945713354
2497 9.563333365968608
2498 9.587407925470322
2499 9.553878055433549
2500 9.69926865903245
2501 9.461246929696815
2502 9.587194571644929
2503 9.66815850469892
2504 9.636696738304934
2505 9.696965401182489
2506 9.79234073084942
2507 9.765857177792089
2508 9.759066966471957
2509 9.498223175967237
2510 9.456667295950895
2511 9.389790374004875
2512 9.460969284852352
2513 9.21703532133674
2514 9.583254494542702
2515 9.62021411547258
2516 9.597232872654166
2517 9.326634869365758
2518 9.511884272934473
2519 9.817372856530927
2520 9.674466743332076
2521 9.556419173040286
2522 9.514170391325253
2523 9.824525771464
2524 9.464741147268295
2525 9.600158052596095
2526 9.987924351627958
2527 9.673664926661573
2528 9.790147961929042
2529 9.620367961680309
2530 9.875803975179856
2531 9.84677857234261
2532 9.487213406156933
2533 9.528573676092728
2534 9.871776752229037
2535 9.403328524889446
2536 9.920917419975321
2537 9.695957803399729
2538 9.486621246405091
2539 9.749049666964329
2540 9.820424089602264
2541 9.757400922039018
2542 9.693240837598026
2543 9.295650789047519
2544 9.473846900182926
2545 9.847354490259418
2546 9.69315036861129
2547 9.360594182792877
2548 9.550941170626047
2549 9.57036857283984
2550 9.309089306343084
2551 9.466600529365389
2552 9.642869465538748
2553 9.399004627219504
2554 9.197965238321146
2555 9.319862798658093
2556 9.574547905049164
2557 9.458575291413258
2558 9.472492628299067
2559 9.501223514838577
2560 9.42724987106082
2561 9.566216863176917
2562 9.493249302786827
2563 9.492878613244827
2564 9.597499194817255
2565 9.47590367899132
2566 9.653766009587768
2567 9.36041803912143
2568 9.617067143798149
2569 9.395758747943487
2570 9.454240179344167
2571 9.60761604752898
2572 9.72731771768876
2573 9.524868814845577
2574 9.608984041398273
2575 9.310623708007132
2576 9.485013671520349
2577 9.589357374759102
2578 9.769704367762136
2579 9.523564811130262
2580 9.779654056998455
2581 9.347875172472204
2582 9.462721482447128
2583 9.491279876392237
2584 9.561620956353027
2585 9.461989500085451
2586 9.343573165357503
2587 9.483269392566074
2588 9.247888373776869
2589 9.518732212562508
2590 9.463035245676494
2591 9.766227596093485
2592 9.68958970735456
2593 9.47796620044272
2594 9.613038737333346
2595 9.531892902560362
2596 9.42104012559633
2597 9.411300704450028
2598 9.565647998257447
2599 9.404650526092588
2600 9.51515800836458
2601 9.643865681203456
2602 9.478161043283704
2603 9.480659387647458
2604 9.161556654332589
2605 9.567739664602398
2606 9.34716016221269
2607 9.351355565067955
2608 9.446617695617705
2609 9.484728432928257
2610 9.448678631694845
2611 9.397504102871267
2612 9.54287076810173
2613 9.404501821327509
2614 9.856416695780943
2615 9.382809167318182
2616 9.547516067331788
2617 9.490071615850637
2618 9.542298982729982
2619 9.919820710161623
2620 9.627867707330912
2621 9.554996513106714
2622 9.553181149120888
2623 9.665756882398886
2624 9.394820349170033
2625 9.54966956454972
2626 9.595400914653775
2627 9.616234304616281
2628 9.75512257224924
2629 9.773039038623509
2630 9.467768276147742
2631 9.525492562229285
2632 9.632166751706656
2633 9.610873411387654
2634 9.251630335255191
2635 9.612315061209301
2636 9.453491201666438
2637 9.534970029563661
2638 9.655746069606593
2639 9.593516506852376
2640 9.48168410165122
2641 9.702415206611118
2642 9.410079957537944
2643 9.797852013401767
2644 9.318191169665933
2645 9.798440367867379
2646 9.580078896467574
2647 9.66705767627488
2648 9.554634027039564
2649 9.552183015281598
2650 9.574865153867682
2651 9.582574745358652
2652 9.59639119891376
2653 9.49522874618735
2654 9.614398647498785
2655 9.651633869985625
2656 9.689898912136488
2657 9.675857616700883
2658 9.570157396262267
2659 9.588549487335428
2660 9.648556329937325
2661 9.547394570462412
2662 9.451349605191911
2663 9.619939335195744
2664 9.475901015906464
2665 9.707406194179171
2666 9.714705690187161
2667 9.611910135014092
2668 9.380933224592773
2669 9.72003781555031
2670 9.647184223518423
2671 9.544991860917833
2672 9.341959411277882
2673 9.262312972725374
2674 9.364153139050101
2675 9.395884213415314
2676 9.256028796390481
2677 9.362962484971218
2678 9.284840375996232
2679 9.184602702999781
2680 9.242165801722681
2681 9.366295136823855
2682 9.269552167639246
2683 9.33645597124188
2684 9.278659155196284
2685 9.174925543056817
2686 9.331829505135975
2687 9.185073070607235
2688 9.417084235453107
2689 9.337370843944825
2690 9.339930298916425
2691 9.47952007074497
2692 9.490002331490036
2693 9.370594013420831
2694 9.215849851931084
2695 9.566152739815134
2696 9.315574932093902
2697 9.628717999328757
2698 9.667456024825421
2699 9.445182125177501
2700 9.660891687684757
2701 9.577299160553013
2702 9.689404785795839
2703 9.773800457779457
2704 9.621119919895925
2705 9.656728504442462
2706 9.846088815945826
2707 9.558910353222164
2708 9.794928519530307
2709 9.637536607246165
2710 9.381951387065051
2711 9.43529501633286
2712 9.521234417869929
2713 9.70107561076116
2714 9.537545697971204
2715 9.597371136720858
2716 9.516556793472397
2717 9.4762330109997
2718 9.558002878991772
2719 9.920772890103025
2720 9.665592995918406
2721 9.641382464844405
2722 9.721748614782037
2723 9.488299562783242
2724 9.282280338197616
2725 9.417780498021306
2726 9.88174366016047
2727 9.551720923489817
2728 9.358585104716155
2729 9.680179715535377
2730 9.41567935159842
2731 9.597381881583368
2732 9.80636133542362
2733 9.65292671914353
2734 9.491186218166094
2735 9.588725831290292
2736 9.663843331994288
2737 9.478130784172887
2738 9.619387545954005
2739 9.322813564959173
2740 9.468297880681769
2741 9.620889690425445
2742 9.475956823081368
2743 9.939699964211686
2744 9.382915070490647
2745 9.892740016448455
2746 9.76466987520176
2747 9.668409360562883
2748 9.435215331336286
2749 9.644204316852978
2750 9.595205418859305
2751 9.698374040675107
2752 9.698987709227408
2753 9.563067107700396
2754 9.516670997424617
2755 9.733088963486056
2756 9.627746490974399
2757 9.385308304425457
2758 9.568761994693585
2759 9.80676422802545
2760 9.793048983607298
2761 9.583718473964721
2762 9.721103310286294
2763 9.723990169370213
2764 9.323037768820592
2765 9.706509117320886
2766 9.706098629583803
2767 9.771409006973544
2768 9.640327628304485
2769 9.4694268812889
2770 9.887082650445784
2771 9.894756654101482
2772 9.62455211635372
2773 9.766533327120086
2774 9.659384108551745
2775 9.514482034944553
2776 9.68543546737483
2777 9.601976200579488
2778 9.638765891830248
2779 9.679263074521739
2780 9.451955533307736
2781 9.542853197932619
2782 9.513347426951944
2783 9.566881556568644
2784 9.702033441098168
2785 9.40766768678833
2786 9.6075494356983
2787 9.471562184114712
2788 9.80506271348364
2789 9.620025716347886
2790 9.581028141675297
2791 9.553098674419973
2792 9.539282951011359
2793 9.431761430557868
2794 9.435776389320752
2795 9.773340039974304
2796 9.48462730270525
2797 9.438892179704954
2798 9.28911726645064
2799 9.524293198555721
2800 9.757292320415726
2801 9.669599747844877
2802 9.734986047788304
2803 9.69159955473358
2804 9.999548248039257
2805 9.557851109066283
2806 9.730302662797934
2807 9.423853419487838
2808 9.603425981651084
2809 9.684273585090065
2810 9.425393508074068
2811 9.403363102649337
2812 9.49413185840205
2813 9.636831748652401
2814 9.77920772312586
2815 9.593994778932384
2816 9.686902518863915
2817 9.715090712522208
2818 9.635873425417069
2819 9.410161824477992
2820 9.600720393411008
2821 9.440745846779672
2822 9.25537823747103
2823 9.713982641634052
2824 9.539397732020248
2825 9.574179979684866
2826 9.439556576453997
2827 9.405048203957628
2828 9.783363132841036
2829 9.407998094549676
2830 9.299059119088103
2831 9.5733251606253
2832 9.57733554102045
2833 9.796599285443909
2834 9.319362072005418
2835 9.385175034730631
2836 9.624905355917283
2837 9.759433927364395
2838 9.74906937587476
2839 9.663421521559549
2840 9.668980505320047
2841 9.377634169167278
2842 9.573439901453545
2843 9.75416726935602
2844 9.76015350534233
2845 9.578787093030181
2846 9.628905957180702
2847 9.647617136260845
2848 9.52943479805579
2849 9.378276010094025
2850 9.576844209472517
2851 9.523126550822372
2852 9.480585800382173
2853 9.552923157321976
2854 9.717323170577917
2855 9.625613254283621
2856 9.484585143074655
2857 9.445014035745366
2858 9.417699673273413
2859 9.656865353795268
2860 9.486140563021802
2861 9.329529096189763
2862 9.205791921301731
2863 9.353503008735478
2864 9.15990084441211
2865 9.17406785208995
2866 9.304255563937282
2867 9.33739612715679
2868 9.56046244482605
2869 9.265658647314934
2870 9.350745059589762
2871 9.360657356408241
2872 9.513713224489141
2873 9.608585943710128
2874 9.217192048658873
2875 9.524174396118674
2876 9.768018417528058
2877 9.579351990078864
2878 9.296282249170208
2879 9.653636897848491
2880 9.522331068865551
2881 9.66705191086141
2882 9.633139934006085
2883 9.36417227660739
2884 9.509807009111773
2885 9.473214078553587
2886 9.8273105766144
2887 9.715370130207004
2888 10.064374509433188
2889 9.53267673928681
2890 9.598475111176276
2891 10.038736623973621
2892 9.652892760361938
2893 9.555600577915822
2894 9.8757957880325
2895 10.020247629556087
2896 9.705396289461834
2897 9.842901962690087
2898 9.778544581817435
2899 9.75574380544346
2900 9.87066441087678
2901 9.64903054296045
2902 9.596717942497921
2903 9.730550046350631
2904 9.887877680494938
2905 9.34000357461385
2906 9.703870374574148
2907 9.624514858509142
2908 9.802321112557028
2909 9.876488420897635
2910 9.655472448669636
2911 9.792153791718976
2912 9.675649917933
2913 9.406003052524936
2914 9.783527723436146
2915 9.430905787715568
2916 9.614689402789748
2917 9.926176997778688
2918 9.655751344215076
2919 9.676499873705245
2920 9.801836184437239
2921 9.686047314272052
2922 9.647865403151574
2923 9.813643811189099
2924 9.693889473356384
2925 9.5170648251742
2926 9.760279941812618
2927 9.499994222689388
2928 9.643761064344675
2929 9.627198369540363
2930 9.466379300648578
2931 9.663321146712676
2932 9.474604107091567
2933 9.459659368966122
2934 9.260352870200279
2935 9.499228321117695
2936 9.512772394767245
2937 9.669531239229288
2938 9.700108295669912
2939 9.6992888955843
2940 9.380251982741754
2941 9.886831223332475
2942 9.532963398693528
2943 9.652500357642499
2944 9.569701292954042
2945 9.48657631854192
2946 9.759639118235953
2947 9.66875314938407
2948 9.759153181270452
2949 8.940846099573262
2950 9.33275141333774
2951 9.053446799488263
2952 8.934255942723166
2953 9.784102520294375
2954 9.43450219717083
2955 9.50737205994928
2956 9.707102267938492
2957 9.74608076859044
2958 9.689018084998384
2959 9.353758506695812
2960 9.337717645331825
2961 9.67876626172818
2962 9.478623225266643
2963 9.538926462316637
2964 9.537793595584958
2965 9.502703449729532
2966 9.656378667665338
2967 9.73013198149592
2968 9.693843148180926
2969 9.514683498001462
2970 9.686762326307063
2971 9.938946504136124
2972 9.691255595132326
2973 9.751160176758146
2974 9.508125083857205
2975 9.675161666897473
2976 9.39082557384521
2977 9.676889130753581
2978 9.529336517791625
2979 9.69386274998816
2980 9.642259223821188
2981 9.532845521225333
2982 9.302487573953233
2983 9.299339989529804
2984 9.25485125361076
2985 9.531485340832962
2986 9.648806028588478
2987 9.394817056170174
2988 9.495405155387939
2989 9.380803905358956
2990 9.628808512201786
2991 9.485485764509477
2992 9.289210842239248
2993 9.371584844256693
2994 9.602817826732
2995 9.418468947793539
2996 9.40662825680489
2997 9.4510053273528
2998 9.76375511327016
2999 9.340502235447673
3000 9.694034336494765
3001 9.5453460225335
3002 9.66984338982926
3003 9.742147738498613
3004 9.808800325963075
3005 9.617146974942164
3006 9.78305986965122
3007 9.710998348351255
3008 9.748728849611885
3009 9.758427813465476
3010 9.900552239359213
3011 9.795955054173236
3012 9.65186146280751
3013 9.43234011052775
3014 9.488851887461045
3015 9.722510120709181
3016 9.788676707370758
3017 9.18213679355455
3018 9.633792476264889
3019 9.387306252757279
3020 9.541348717265873
3021 9.496641876945905
3022 9.351454791871552
3023 9.962439427280952
3024 9.724716753285296
3025 9.660226078266385
3026 9.728798818573182
3027 9.694791729233566
3028 9.519471816022396
3029 9.86234019692464
3030 9.636881065254842
3031 9.53736318355685
3032 9.635907415062807
3033 9.649048962462395
3034 9.552335558679797
3035 9.866807609796316
3036 9.100493339315875
3037 9.583567285467975
3038 9.42960853743822
3039 9.055533526652807
3040 9.242199540612399
3041 9.536678741487014
3042 9.304246548692712
3043 9.504248120887077
3044 9.307291146126659
3045 9.288086274367183
3046 9.379867512050305
3047 9.435844278766663
3048 9.50275324381477
3049 9.378243295966172
3050 9.574041483489033
3051 9.22152441645459
3052 9.508797529989831
3053 9.481882074193921
3054 9.492119918232975
3055 9.326563577415298
3056 9.144195117432199
3057 9.15177878875844
3058 9.328275744942074
3059 9.725479628059569
3060 9.213392850898844
3061 9.220316767987981
3062 9.145637870334657
3063 9.43061242768647
3064 9.18470999985226
3065 9.117972663605169
3066 8.579529837325792
3067 9.530045491340633
3068 9.320203340388872
3069 9.2982028450817
3070 9.115922757081357
3071 9.051007168267567
3072 8.937110487754884
3073 8.782776453578904
3074 9.343423146455708
3075 9.333839231066738
3076 9.178710935663366
3077 9.220415970321747
3078 9.166802882520837
3079 9.241939276003492
3080 9.158979601501443
3081 9.34726369342935
3082 8.907091282866798
3083 9.403426370222824
3084 9.445022451669159
3085 9.639741154787872
3086 9.532997184687824
3087 9.120436185295329
3088 9.370416215642644
3089 9.56687627338067
3090 9.330268436425866
3091 9.89429385777321
3092 9.52379545487455
3093 9.549498739524344
3094 9.500696122880496
3095 9.262070139791097
3096 9.298481396840172
3097 9.572081616772062
3098 9.467973134700152
3099 9.359229065519674
3100 9.203313930351639
3101 9.344215641437705
3102 9.24032842012232
3103 9.150422337185057
3104 9.069909809533051
3105 9.609514410292709
3106 9.656218546344602
3107 9.449887944603136
3108 9.583480281954438
3109 9.061088880350066
3110 9.567768035666097
3111 9.615220290605484
3112 9.544107456235679
3113 9.337423180002995
3114 9.456563884523083
3115 9.507241135936185
3116 9.382267199758969
3117 9.580210046904213
3118 9.515385644230756
3119 9.521517106766181
3120 9.379389341547066
3121 9.77893812003253
3122 9.439498121477694
3123 9.408923709028453
3124 9.50984685101232
3125 9.493749438115687
3126 9.464525579266086
3127 8.998304619869364
3128 9.24642673043258
3129 9.137044415937309
3130 9.57985970352216
3131 9.512497328787553
3132 9.43881516156297
3133 9.353778493226654
3134 9.455147947582379
3135 9.554627437136258
3136 9.571133997403408
3137 9.51205468300536
3138 9.12775570711064
3139 9.566311912377383
3140 9.760625999898672
3141 9.043470035231334
3142 9.510810868984743
3143 9.356613016169025
3144 9.226916111522595
3145 9.486183772274769
3146 9.686791704142662
3147 9.736631389392699
3148 9.766620261212374
3149 9.516670516229892
3150 9.688378201734634
3151 9.582487637257431
3152 9.713913104065123
3153 9.840529785159065
3154 9.848870985909448
3155 9.60462964743077
3156 9.699888175468773
3157 9.7052750792649
3158 9.672125225508987
3159 9.45360516539789
3160 9.72161904214861
3161 9.380059822815655
3162 9.475318732937493
3163 9.50040432465877
3164 9.713566966781011
3165 9.77910986826197
3166 9.716685807311869
3167 9.743332683633147
3168 9.482196695674482
3169 9.570796990497536
3170 9.280934263113794
3171 9.436222419608688
3172 9.483281622923295
3173 9.53936335984127
3174 9.323582412714337
3175 9.54635917291354
3176 9.063946447408277
3177 9.464814792962407
3178 9.43958080474779
3179 9.161910961576682
3180 9.570775683852586
3181 9.631405608535433
3182 9.455533113896674
3183 9.470617810360904
3184 9.561706495676392
3185 9.591606214797713
3186 9.785080588221515
3187 9.790914313346597
3188 9.668565757236617
3189 9.540789513059943
3190 9.57918395432782
