6.977149122744858 1
6.991225559826777 0
7.005301996908695 0
7.019378433990615 0
7.033454871072534 0
7.047531308154452 0
7.061607745236372 0
7.075684182318291 0
7.08976061940021 0
7.103837056482129 0
7.117913493564048 0
7.131989930645967 0
7.146066367727886 0
7.160142804809805 0
7.174219241891724 0
7.188295678973643 0
7.202372116055562 0
7.216448553137481 0
7.2305249902194 0
7.244601427301319 0
7.258677864383238 0
7.272754301465158 1
7.286830738547076 0
7.300907175628995 0
7.314983612710915 0
7.329060049792833 1
7.343136486874752 0
7.357212923956672 0
7.37128936103859 0
7.385365798120509 1
7.399442235202429 1
7.413518672284347 0
7.427595109366266 0
7.441671546448186 0
7.455747983530104 0
7.4698244206120235 0
7.483900857693943 0
7.497977294775862 0
7.5120537318577805 2
7.5261301689397 1
7.540206606021619 0
7.5542830431035375 3
7.568359480185457 1
7.582435917267376 1
7.5965123543492945 0
7.610588791431214 1
7.624665228513133 1
7.638741665595052 0
7.652818102676971 1
7.66689453975889 1
7.680970976840809 2
7.695047413922728 2
7.709123851004647 2
7.7232002880865664 5
7.737276725168485 1
7.751353162250404 2
7.7654295993323235 1
7.779506036414242 3
7.793582473496161 0
7.8076589105780805 4
7.821735347659999 3
7.835811784741918 0
7.8498882218238375 2
7.863964658905756 2
7.878041095987675 3
7.8921175330695945 1
7.906193970151514 2
7.920270407233432 5
7.9343468443153515 4
7.948423281397271 5
7.962499718479189 3
7.9765761555611085 3
7.990652592643028 3
8.004729029724947 2
8.018805466806866 5
8.032881903888784 3
8.046958340970704 1
8.061034778052623 2
8.075111215134541 5
8.089187652216461 7
8.10326408929838 3
8.1173405263803 6
8.131416963462218 3
8.145493400544137 5
8.159569837626055 3
8.173646274707975 3
8.187722711789894 5
8.201799148871814 3
8.215875585953732 4
8.22995202303565 2
8.24402846011757 7
8.25810489719949 0
8.272181334281408 4
8.286257771363328 2
8.300334208445246 4
8.314410645527165 3
8.328487082609085 6
8.342563519691003 5
8.356639956772922 4
8.370716393854842 4
8.38479283093676 6
8.398869268018679 3
8.412945705100599 6
8.427022142182517 6
8.441098579264438 3
8.455175016346356 6
8.469251453428274 2
8.483327890510193 6
8.497404327592113 9
8.511480764674031 2
8.525557201755952 5
8.53963363883787 3
8.553710075919788 6
8.567786513001709 4
8.581862950083627 3
8.595939387165545 3
8.610015824247466 6
8.624092261329384 5
8.638168698411302 6
8.652245135493223 6
8.666321572575141 6
8.68039800965706 3
8.69447444673898 6
8.708550883820898 6
8.722627320902816 7
8.736703757984737 6
8.750780195066655 5
8.764856632148573 4
8.778933069230494 9
8.793009506312412 9
8.80708594339433 8
8.82116238047625 4
8.835238817558169 10
8.84931525464009 5
8.863391691722008 11
8.877468128803926 11
8.891544565885845 4
8.905621002967765 5
8.919697440049683 2
8.933773877131603 6
8.947850314213522 3
8.96192675129544 7
8.97600318837736 8
8.990079625459279 6
9.004156062541197 5
9.018232499623117 11
9.032308936705036 5
9.046385373786954 7
9.060461810868874 6
9.074538247950793 8
9.088614685032711 7
9.102691122114631 7
9.11676755919655 4
9.130843996278468 5
9.144920433360388 6
9.158996870442307 8
9.173073307524227 7
9.187149744606145 5
9.201226181688064 10
9.215302618769982 8
9.229379055851902 8
9.24345549293382 9
9.257531930015741 5
9.27160836709766 5
9.285684804179578 5
9.299761241261496 5
9.313837678343416 5
9.327914115425335 4
9.341990552507255 8
9.356066989589173 7
9.370143426671092 9
9.38421986375301 11
9.39829630083493 10
9.412372737916849 8
9.426449174998769 10
9.440525612080688 9
9.454602049162606 8
9.468678486244526 12
9.482754923326445 6
9.496831360408365 6
9.510907797490283 7
9.524984234572202 16
9.53906067165412 7
9.55313710873604 8
9.567213545817959 11
9.581289982899879 10
9.595366419981797 12
9.609442857063716 11
9.623519294145634 9
9.637595731227554 12
9.651672168309473 10
9.665748605391393 16
9.679825042473311 10
9.69390147955523 13
9.707977916637148 18
9.722054353719068 11
9.736130790800987 11
9.750207227882907 10
9.764283664964825 13
9.778360102046744 15
9.792436539128664 16
9.806512976210582 9
9.8205894132925 18
9.83466585037442 12
9.84874228745634 15
9.862818724538258 13
9.876895161620178 12
9.890971598702096 17
9.905048035784016 10
9.919124472865935 11
9.933200909947853 14
9.947277347029772 14
9.961353784111692 12
9.97543022119361 16
9.98950665827553 13
10.003583095357449 10
10.017659532439367 15
10.031735969521286 17
10.045812406603206 6
10.059888843685124 15
10.073965280767045 19
10.088041717848963 21
10.102118154930881 13
10.1161945920128 6
10.13027102909472 12
10.144347466176638 18
10.158423903258559 13
10.172500340340477 18
10.186576777422395 15
10.200653214504316 18
10.214729651586234 11
10.228806088668152 12
10.242882525750073 15
10.256958962831991 13
10.27103539991391 17
10.28511183699583 12
10.299188274077748 7
10.313264711159668 18
10.327341148241587 12
10.341417585323505 13
10.355494022405423 14
10.369570459487344 13
10.383646896569262 16
10.397723333651182 24
10.4117997707331 13
10.42587620781502 17
10.439952644896938 12
10.454029081978858 17
10.468105519060776 11
10.482181956142696 14
10.496258393224615 16
10.510334830306533 17
10.524411267388452 16
10.538487704470372 17
10.55256414155229 18
10.56664057863421 19
10.580717015716129 17
10.594793452798047 24
10.608869889879967 18
10.622946326961886 15
10.637022764043806 18
10.651099201125724 12
10.665175638207643 13
10.679252075289561 16
10.693328512371481 12
10.7074049494534 12
10.72148138653532 5
10.735557823617238 12
10.749634260699157 11
10.763710697781075 18
10.777787134862995 26
10.791863571944914 10
10.805940009026834 15
10.820016446108752 17
10.83409288319067 10
10.84816932027259 15
10.86224575735451 12
10.876322194436428 15
10.890398631518348 14
10.904475068600266 22
10.918551505682185 19
10.932627942764105 8
10.946704379846024 21
10.960780816927942 17
10.974857254009862 9
10.98893369109178 14
11.003010128173699 15
11.017086565255617 20
11.031163002337538 17
11.045239439419458 13
11.059315876501376 13
11.073392313583295 8
11.087468750665213 22
11.101545187747133 17
11.115621624829052 16
11.129698061910972 12
11.14377449899289 13
11.157850936074809 16
11.171927373156727 16
11.186003810238647 13
11.200080247320566 16
11.214156684402486 14
11.228233121484404 15
11.242309558566323 10
11.256385995648241 14
11.270462432730161 14
11.284538869812081 13
11.298615306894 9
11.312691743975918 7
11.326768181057837 11
11.340844618139755 9
11.354921055221675 13
11.368997492303595 12
11.383073929385514 17
11.397150366467432 6
11.41122680354935 14
11.42530324063127 14
11.43937967771319 18
11.45345611479511 6
11.467532551877028 2
11.481608988958946 12
11.495685426040865 11
11.509761863122785 12
11.523838300204703 11
11.537914737286624 5
11.551991174368542 8
11.56606761145046 14
11.580144048532379 7
11.594220485614299 9
11.608296922696217 8
11.622373359778138 14
11.636449796860056 9
11.650526233941974 13
11.664602671023893 10
11.678679108105813 8
11.692755545187733 6
11.706831982269652 6
11.72090841935157 8
11.734984856433488 7
11.749061293515407 9
11.763137730597327 8
11.777214167679247 9
11.791290604761166 11
11.805367041843084 13
11.819443478925002 3
11.833519916006923 10
11.847596353088841 7
11.861672790170761 14
11.87574922725268 3
11.889825664334598 5
11.903902101416517 11
11.917978538498437 3
11.932054975580355 8
11.946131412662275 7
11.960207849744194 10
11.974284286826112 3
11.98836072390803 6
12.00243716098995 14
12.016513598071871 6
12.03059003515379 6
12.044666472235708 5
12.058742909317626 8
12.072819346399545 5
12.086895783481465 5
12.100972220563385 4
12.115048657645303 5
12.129125094727222 2
12.14320153180914 2
12.157277968891059 5
12.171354405972979 8
12.185430843054899 6
12.199507280136817 5
12.213583717218736 5
12.227660154300654 8
12.241736591382574 3
12.255813028464493 4
12.269889465546413 4
12.283965902628331 5
12.29804233971025 4
12.312118776792168 4
12.326195213874088 6
12.340271650956007 4
12.354348088037927 7
12.368424525119845 1
12.382500962201764 3
12.396577399283682 3
12.410653836365602 0
12.424730273447523 2
12.438806710529441 5
12.45288314761136 3
12.466959584693278 3
12.481036021775196 4
12.495112458857117 3
12.509188895939037 3
12.523265333020955 3
12.537341770102874 2
12.551418207184792 6
12.56549464426671 3
12.57957108134863 2
12.59364751843055 2
12.60772395551247 3
12.621800392594388 3
12.635876829676306 0
12.649953266758226 4
12.664029703840145 1
12.678106140922065 2
12.692182578003983 1
12.706259015085902 0
12.72033545216782 0
12.73441188924974 2
12.748488326331659 2
12.762564763413579 4
12.776641200495497 2
12.790717637577416 2
12.804794074659334 3
12.818870511741254 2
12.832946948823174 1
12.847023385905093 1
12.861099822987011 2
12.87517626006893 3
12.889252697150848 2
12.903329134232768 1
12.917405571314688 1
12.931482008396607 1
12.945558445478525 3
12.959634882560444 1
12.973711319642364 1
12.987787756724282 0
13.001864193806203 2
13.015940630888121 1
13.03001706797004 0
13.044093505051958 1
13.058169942133878 0
13.072246379215796 1
13.086322816297717 0
13.100399253379635 1
13.114475690461553 1
13.128552127543472 1
13.142628564625392 3
13.156705001707312 2
13.17078143878923 1
13.184857875871149 0
13.198934312953067 0
13.213010750034986 2
13.227087187116906 0
13.241163624198826 0
13.255240061280745 0
13.269316498362663 1
13.283392935444581 0
13.2974693725265 1
13.31154580960842 0
13.32562224669034 1
13.339698683772259 0
13.353775120854177 1
13.367851557936095 0
13.381927995018016 0
13.396004432099934 0
13.410080869181854 0
13.424157306263773 2
13.438233743345691 0
13.45231018042761 1
13.46638661750953 0
13.480463054591448 0
13.494539491673368 1
13.508615928755287 0
13.522692365837205 0
13.536768802919124 0
13.550845240001044 0
13.564921677082964 0
13.578998114164882 0
13.5930745512468 0
13.60715098832872 0
13.621227425410638 0
13.635303862492558 0
13.649380299574478 1
13.663456736656396 0
13.677533173738315 0
13.691609610820233 0
13.705686047902152 0
13.719762484984072 0
13.733838922065992 1
13.74791535914791 0
13.761991796229829 0
13.776068233311747 0
13.790144670393667 0
13.804221107475586 1
13.818297544557506 0
13.832373981639424 1
13.846450418721343 0
13.860526855803261 0
13.874603292885181 0
13.8886797299671 0
13.90275616704902 1
13.916832604130938 0
13.930909041212857 0
13.944985478294775 1
13.959061915376695 0
13.973138352458616 0
13.987214789540534 0
14.001291226622453 1
