9.323263640148127 1
9.330412934722125 1
9.337562229296122 0
9.344711523870117 0
9.351860818444115 0
9.359010113018112 0
9.366159407592109 0
9.373308702166105 0
9.380457996740102 1
9.387607291314099 0
9.394756585888096 0
9.401905880462094 0
9.40905517503609 0
9.416204469610086 0
9.423353764184084 0
9.430503058758081 0
9.437652353332076 1
9.444801647906074 0
9.451950942480071 0
9.459100237054068 0
9.466249531628065 0
9.473398826202061 0
9.480548120776058 1
9.487697415350056 0
9.494846709924053 0
9.501996004498048 0
9.509145299072046 1
9.516294593646043 0
9.52344388822004 0
9.530593182794036 0
9.537742477368033 0
9.54489177194203 0
9.552041066516027 0
9.559190361090025 2
9.56633965566402 0
9.573488950238017 0
9.580638244812015 0
9.587787539386012 0
9.594936833960007 1
9.602086128534005 2
9.609235423108002 0
9.616384717682 0
9.623534012255996 2
9.630683306829992 0
9.63783260140399 1
9.644981895977986 0
9.652131190551984 1
9.65928048512598 0
9.666429779699977 1
9.673579074273974 0
9.680728368847971 0
9.687877663421968 3
9.695026957995964 0
9.702176252569961 3
9.709325547143958 1
9.716474841717956 0
9.723624136291951 1
9.730773430865948 2
9.737922725439946 3
9.745072020013943 1
9.75222131458794 1
9.759370609161936 3
9.766519903735933 3
9.77366919830993 1
9.780818492883927 1
9.787967787457923 1
9.79511708203192 1
9.802266376605917 3
9.809415671179915 1
9.816564965753912 2
9.823714260327908 5
9.830863554901905 2
9.838012849475902 2
9.8451621440499 2
9.852311438623895 2
9.859460733197892 1
9.86661002777189 1
9.873759322345887 3
9.880908616919882 5
9.88805791149388 4
9.895207206067877 2
9.902356500641874 6
9.909505795215871 3
9.916655089789867 2
9.923804384363864 6
9.930953678937861 3
9.938102973511858 4
9.945252268085854 4
9.952401562659851 1
9.959550857233848 3
9.966700151807846 8
9.973849446381843 4
9.980998740955838 2
9.988148035529836 4
9.995297330103833 7
10.00244662467783 3
10.009595919251826 2
10.016745213825823 5
10.02389450839982 6
10.031043802973818 5
10.038193097547815 4
10.04534239212181 3
10.052491686695808 7
10.059640981269805 10
10.066790275843802 9
10.073939570417798 7
10.081088864991795 13
10.088238159565792 6
10.09538745413979 9
10.102536748713785 8
10.109686043287782 7
10.11683533786178 6
10.123984632435777 11
10.131133927009774 8
10.13828322158377 11
10.145432516157767 7
10.152581810731764 7
10.159731105305761 14
10.166880399879759 6
10.174029694453754 10
10.181178989027751 15
10.188328283601749 9
10.195477578175746 13
10.202626872749741 15
10.209776167323739 17
10.216925461897736 10
10.224074756471733 13
10.231224051045729 15
10.238373345619726 14
10.245522640193723 11
10.25267193476772 9
10.259821229341718 14
10.266970523915713 22
10.27411981848971 24
10.281269113063708 16
10.288418407637705 19
10.2955677022117 7
10.302716996785698 13
10.309866291359695 16
10.317015585933692 12
10.324164880507688 20
10.331314175081685 27
10.338463469655682 17
10.34561276422968 23
10.352762058803677 13
10.359911353377672 24
10.36706064795167 21
10.374209942525667 24
10.381359237099664 21
10.388508531673661 20
10.395657826247657 19
10.402807120821654 23
10.409956415395651 25
10.417105709969649 24
10.424255004543644 31
10.431404299117641 24
10.438553593691639 19
10.445702888265636 22
10.452852182839631 21
10.460001477413629 12
10.467150771987626 19
10.474300066561623 25
10.48144936113562 19
10.488598655709616 20
10.495747950283613 26
10.50289724485761 27
10.510046539431608 27
10.517195834005605 25
10.5243451285796 24
10.531494423153598 23
10.538643717727595 18
10.545793012301592 23
10.552942306875588 20
10.560091601449585 22
10.567240896023582 31
10.57439019059758 26
10.581539485171575 26
10.588688779745572 21
10.59583807431957 28
10.602987368893567 30
10.610136663467564 26
10.61728595804156 28
10.624435252615557 22
10.631584547189554 26
10.638733841763552 33
10.645883136337549 30
10.653032430911544 27
10.660181725485542 30
10.667331020059539 21
10.674480314633534 22
10.681629609207532 22
10.688778903781529 17
10.695928198355526 27
10.703077492929523 23
10.710226787503519 27
10.717376082077516 27
10.724525376651513 20
10.73167467122551 29
10.738823965799508 22
10.745973260373503 24
10.7531225549475 21
10.760271849521498 21
10.767421144095495 18
10.77457043866949 20
10.781719733243488 28
10.788869027817485 30
10.796018322391483 18
10.803167616965478 29
10.810316911539475 25
10.817466206113473 23
10.82461550068747 20
10.831764795261467 16
10.838914089835463 20
10.84606338440946 17
10.853212678983457 18
10.860361973557454 25
10.867511268131452 13
10.874660562705447 24
10.881809857279444 8
10.888959151853442 15
10.896108446427439 16
10.903257741001434 19
10.910407035575432 18
10.917556330149429 14
10.924705624723426 20
10.931854919297422 10
10.939004213871419 11
10.946153508445416 22
10.953302803019414 12
10.96045209759341 9
10.967601392167406 9
10.974750686741404 12
10.9818999813154 9
10.989049275889398 10
10.996198570463395 15
11.00334786503739 11
11.010497159611388 10
11.017646454185385 12
11.02479574875938 13
11.031945043333378 12
11.039094337907375 11
11.046243632481373 14
11.05339292705537 7
11.060542221629365 14
11.067691516203363 11
11.07484081077736 14
11.081990105351357 14
11.089139399925354 13
11.09628869449935 8
11.103437989073347 9
11.110587283647344 3
11.117736578221342 6
11.124885872795337 8
11.132035167369335 4
11.139184461943332 8
11.146333756517329 3
11.153483051091325 8
11.160632345665322 7
11.167781640239319 2
11.174930934813316 10
11.182080229387314 9
11.189229523961309 8
11.196378818535306 8
11.203528113109304 6
11.210677407683301 5
11.217826702257298 6
11.224975996831294 4
11.232125291405291 5
11.239274585979288 5
11.246423880553285 3
11.253573175127281 1
11.260722469701278 4
11.267871764275275 4
11.275021058849273 5
11.282170353423268 6
11.289319647997266 6
11.296468942571263 5
11.30361823714526 4
11.310767531719257 8
11.317916826293253 3
11.32506612086725 2
11.332215415441247 4
11.339364710015245 6
11.346514004589242 2
11.353663299163237 2
11.360812593737235 3
11.367961888311232 1
11.375111182885227 6
11.382260477459225 4
11.389409772033222 3
11.39655906660722 5
11.403708361181216 7
11.410857655755212 1
11.41800695032921 2
11.425156244903206 3
11.432305539477204 4
11.439454834051201 3
11.446604128625196 1
11.453753423199194 5
11.460902717773191 0
11.468052012347187 3
11.475201306921186 6
11.482350601495181 2
11.489499896069178 1
11.496649190643176 3
11.503798485217171 2
11.510947779791168 3
11.518097074365166 0
11.525246368939163 4
11.53239566351316 2
11.539544958087156 1
11.546694252661153 1
11.55384354723515 1
11.560992841809147 3
11.568142136383145 0
11.57529143095714 1
11.582440725531137 4
11.589590020105135 1
11.59673931467913 1
11.603888609253127 0
11.611037903827125 3
11.618187198401122 2
11.62533649297512 0
11.632485787549115 0
11.639635082123112 2
11.64678437669711 3
11.653933671271107 1
11.661082965845104 4
11.6682322604191 1
11.675381554993097 2
11.682530849567094 0
11.689680144141091 0
11.696829438715088 1
11.703978733289084 0
11.711128027863081 0
11.718277322437078 2
11.725426617011074 2
11.732575911585071 2
11.739725206159068 3
11.746874500733066 5
11.754023795307063 4
11.761173089881058 1
11.768322384455056 1
11.775471679029053 2
11.78262097360305 0
11.789770268177048 1
11.796919562751043 2
11.80406885732504 1
11.811218151899038 2
11.818367446473033 2
11.825516741047032 1
11.832666035621028 3
11.839815330195025 2
11.846964624769022 0
11.854113919343018 2
11.861263213917015 0
11.868412508491012 3
11.87556180306501 3
11.882711097639007 0
11.889860392213002 3
11.897009686787 1
11.904158981360997 0
11.911308275934994 0
11.918457570508991 1
11.925606865082987 0
11.932756159656984 1
11.939905454230981 0
11.947054748804977 5
11.954204043378974 1
11.961353337952971 1
11.968502632526969 2
11.975651927100966 1
11.982801221674961 1
11.989950516248959 2
11.997099810822956 2
12.004249105396953 1
12.01139839997095 0
12.018547694544946 2
12.025696989118943 0
12.03284628369294 1
12.039995578266938 0
12.047144872840935 1
12.05429416741493 5
12.061443461988928 0
12.068592756562925 1
12.07574205113692 0
12.082891345710918 1
12.090040640284915 0
12.097189934858912 0
12.10433922943291 1
12.111488524006905 1
12.118637818580902 0
12.1257871131549 0
12.132936407728897 2
12.140085702302894 1
12.14723499687689 2
12.154384291450887 1
12.161533586024884 0
12.16868288059888 0
12.175832175172879 1
12.182981469746874 0
12.190130764320871 3
12.197280058894869 0
12.204429353468864 1
12.211578648042861 1
12.218727942616859 1
12.225877237190856 0
12.233026531764853 0
12.240175826338849 0
12.247325120912846 1
12.254474415486843 0
12.26162371006084 0
12.268773004634838 1
12.275922299208833 3
12.28307159378283 0
12.290220888356828 0
12.297370182930823 0
12.30451947750482 1
12.311668772078818 0
12.318818066652815 0
12.325967361226812 1
12.333116655800808 0
12.340265950374805 0
12.347415244948802 0
12.3545645395228 0
12.361713834096797 0
12.368863128670792 1
12.37601242324479 0
12.383161717818787 0
12.390311012392784 0
12.397460306966781 0
12.404609601540777 1
12.411758896114774 0
12.418908190688771 0
12.426057485262767 0
12.433206779836764 0
12.440356074410762 0
12.447505368984759 0
12.454654663558756 0
12.461803958132752 0
12.468953252706749 0
12.476102547280746 0
12.483251841854743 0
12.49040113642874 0
12.497550431002736 0
12.504699725576733 0
12.51184902015073 0
12.518998314724726 0
12.526147609298725 0
12.53329690387272 0
12.540446198446718 0
12.547595493020715 0
12.55474478759471 0
12.561894082168708 0
12.569043376742705 0
12.576192671316702 0
12.5833419658907 0
12.590491260464695 0
12.597640555038693 0
12.60478984961269 0
12.611939144186687 0
12.619088438760684 0
12.62623773333468 0
12.633387027908677 0
12.640536322482674 0
12.64768561705667 0
12.654834911630667 0
12.661984206204664 0
12.669133500778662 0
12.676282795352659 0
12.683432089926654 0
12.690581384500652 0
12.697730679074649 0
12.704879973648646 0
12.712029268222643 0
12.719178562796639 0
12.726327857370636 0
12.733477151944633 0
12.74062644651863 0
12.747775741092628 0
12.754925035666624 0
12.76207433024062 1
12.769223624814618 0
12.776372919388614 0
12.78352221396261 0
12.790671508536608 0
12.797820803110605 0
12.804970097684603 0
12.812119392258598 0
12.819268686832595 0
12.826417981406593 0
12.83356727598059 0
12.840716570554587 0
12.847865865128583 0
12.85501515970258 0
12.862164454276577 0
12.869313748850573 0
12.87646304342457 0
12.883612337998567 0
12.890761632572564 1
