8.272664659465415 1
8.283615273101587 0
8.29456588673776 0
8.305516500373932 0
8.316467114010106 0
8.327417727646278 0
8.33836834128245 0
8.349318954918623 0
8.360269568554795 0
8.371220182190967 0
8.38217079582714 0
8.393121409463312 0
8.404072023099486 0
8.415022636735658 0
8.42597325037183 1
8.436923864008003 0
8.447874477644175 0
8.458825091280348 0
8.46977570491652 0
8.480726318552692 0
8.491676932188867 0
8.502627545825039 0
8.513578159461211 0
8.524528773097384 0
8.535479386733556 0
8.546430000369728 0
8.5573806140059 0
8.568331227642073 0
8.579281841278247 0
8.59023245491442 0
8.601183068550592 0
8.612133682186764 0
8.623084295822936 0
8.634034909459109 0
8.644985523095281 0
8.655936136731453 0
8.666886750367627 0
8.6778373640038 0
8.688787977639972 0
8.699738591276144 0
8.710689204912317 0
8.72163981854849 0
8.732590432184661 0
8.743541045820834 0
8.754491659457008 0
8.76544227309318 0
8.776392886729353 0
8.787343500365525 0
8.798294114001697 0
8.80924472763787 0
8.820195341274042 0
8.831145954910216 0
8.842096568546388 0
8.85304718218256 0
8.863997795818733 0
8.874948409454905 0
8.885899023091078 0
8.89684963672725 0
8.907800250363422 0
8.918750863999596 0
8.929701477635769 0
8.940652091271941 0
8.951602704908113 0
8.962553318544286 0
8.973503932180458 0
8.98445454581663 0
8.995405159452803 0
9.006355773088977 0
9.01730638672515 0
9.028257000361322 1
9.039207613997494 0
9.050158227633666 0
9.061108841269839 1
9.072059454906011 0
9.083010068542183 0
9.093960682178357 0
9.10491129581453 0
9.115861909450702 0
9.126812523086874 1
9.137763136723047 0
9.148713750359219 0
9.159664363995391 0
9.170614977631566 0
9.181565591267738 0
9.19251620490391 0
9.203466818540083 0
9.214417432176255 0
9.225368045812427 0
9.2363186594486 1
9.247269273084772 0
9.258219886720944 0
9.269170500357118 0
9.28012111399329 0
9.291071727629463 0
9.302022341265635 0
9.312972954901808 1
9.32392356853798 1
9.334874182174152 0
9.345824795810326 0
9.356775409446499 0
9.367726023082671 1
9.378676636718843 0
9.389627250355016 1
9.400577863991188 0
9.41152847762736 0
9.422479091263533 0
9.433429704899705 1
9.44438031853588 1
9.455330932172052 1
9.466281545808224 0
9.477232159444396 0
9.488182773080569 0
9.499133386716741 2
9.510084000352915 1
9.521034613989087 0
9.53198522762526 1
9.542935841261432 1
9.553886454897604 0
9.564837068533777 0
9.575787682169949 0
9.586738295806121 0
9.597688909442294 1
9.608639523078468 1
9.61959013671464 1
9.630540750350812 0
9.641491363986985 1
9.652441977623157 0
9.66339259125933 1
9.674343204895502 1
9.685293818531676 1
9.696244432167848 1
9.70719504580402 0
9.718145659440193 1
9.729096273076365 1
9.740046886712538 0
9.75099750034871 2
9.761948113984882 0
9.772898727621055 2
9.783849341257229 0
9.794799954893401 0
9.805750568529573 0
9.816701182165746 1
9.827651795801918 0
9.83860240943809 0
9.849553023074263 1
9.860503636710437 1
9.87145425034661 2
9.882404863982782 2
9.893355477618954 1
9.904306091255126 2
9.915256704891299 2
9.92620731852747 0
9.937157932163643 0
9.948108545799817 0
9.95905915943599 1
9.970009773072162 0
9.980960386708334 0
9.991911000344507 2
10.002861613980679 2
10.013812227616851 2
10.024762841253025 2
10.035713454889198 2
10.04666406852537 3
10.057614682161542 2
10.068565295797715 1
10.079515909433887 3
10.09046652307006 2
10.101417136706232 2
10.112367750342404 2
10.123318363978578 2
10.13426897761475 1
10.145219591250923 0
10.156170204887095 1
10.167120818523268 3
10.17807143215944 2
10.189022045795612 3
10.199972659431786 1
10.210923273067959 2
10.221873886704131 1
10.232824500340303 1
10.243775113976476 1
10.254725727612648 2
10.26567634124882 2
10.276626954884993 3
10.287577568521165 2
10.29852818215734 6
10.309478795793511 2
10.320429409429684 0
10.331380023065856 2
10.342330636702028 6
10.3532812503382 2
10.364231863974375 2
10.375182477610547 1
10.38613309124672 2
10.397083704882892 3
10.408034318519064 4
10.418984932155237 4
10.429935545791409 2
10.440886159427581 6
10.451836773063754 5
10.462787386699926 0
10.4737380003361 7
10.484688613972272 3
10.495639227608445 6
10.506589841244617 3
10.51754045488079 1
10.528491068516962 4
10.539441682153136 3
10.550392295789308 2
10.56134290942548 4
10.572293523061653 4
10.583244136697825 1
10.594194750333997 8
10.60514536397017 2
10.616095977606342 8
10.627046591242514 6
10.637997204878689 5
10.648947818514861 4
10.659898432151033 12
10.670849045787206 8
10.681799659423378 2
10.69275027305955 9
10.703700886695724 9
10.714651500331897 5
10.725602113968069 4
10.736552727604241 5
10.747503341240414 4
10.758453954876586 2
10.769404568512758 2
10.78035518214893 13
10.791305795785103 7
10.802256409421275 9
10.81320702305745 4
10.824157636693622 7
10.835108250329794 8
10.846058863965967 11
10.857009477602139 9
10.867960091238311 5
10.878910704874485 8
10.889861318510658 7
10.90081193214683 5
10.911762545783002 9
10.922713159419175 9
10.933663773055347 10
10.94461438669152 7
10.955565000327692 8
10.966515613963864 3
10.977466227600036 6
10.98841684123621 12
10.999367454872383 6
11.010318068508555 6
11.021268682144727 7
11.0322192957809 10
11.043169909417072 9
11.054120523053246 6
11.065071136689419 10
11.07602175032559 6
11.086972363961763 7
11.097922977597936 10
11.108873591234108 13
11.11982420487028 8
11.130774818506453 9
11.141725432142625 11
11.152676045778799 12
11.163626659414971 11
11.174577273051144 11
11.185527886687316 9
11.196478500323488 12
11.20742911395966 7
11.218379727595835 15
11.229330341232007 11
11.24028095486818 11
11.251231568504352 13
11.262182182140524 14
11.273132795776696 15
11.284083409412869 11
11.295034023049041 3
11.305984636685213 7
11.316935250321386 10
11.32788586395756 10
11.338836477593732 15
11.349787091229905 13
11.360737704866077 10
11.37168831850225 10
11.382638932138422 11
11.393589545774596 10
11.404540159410768 14
11.41549077304694 14
11.426441386683113 14
11.437392000319285 13
11.448342613955457 12
11.45929322759163 11
11.470243841227802 14
11.481194454863974 21
11.492145068500147 7
11.50309568213632 6
11.514046295772493 19
11.524996909408666 15
11.535947523044838 10
11.54689813668101 15
11.557848750317184 18
11.568799363953357 18
11.579749977589529 16
11.590700591225701 13
11.601651204861874 14
11.612601818498046 12
11.623552432134218 14
11.63450304577039 12
11.645453659406563 21
11.656404273042735 10
11.66735488667891 15
11.678305500315082 12
11.689256113951254 18
11.700206727587426 20
11.711157341223599 18
11.722107954859771 17
11.733058568495945 15
11.744009182132118 16
11.75495979576829 20
11.765910409404462 22
11.776861023040635 28
11.787811636676807 18
11.79876225031298 22
11.809712863949152 24
11.820663477585324 18
11.831614091221496 13
11.84256470485767 17
11.853515318493843 20
11.864465932130015 20
11.875416545766187 18
11.88636715940236 19
11.897317773038532 18
11.908268386674706 17
11.919219000310878 25
11.93016961394705 29
11.941120227583223 14
11.952070841219395 22
11.963021454855568 11
11.97397206849174 19
11.984922682127912 27
11.995873295764085 26
12.006823909400257 18
12.017774523036431 19
12.028725136672604 19
12.039675750308776 21
12.050626363944948 10
12.06157697758112 13
12.072527591217295 20
12.083478204853467 27
12.09442881848964 22
12.105379432125812 19
12.116330045761984 16
12.127280659398156 21
12.138231273034329 10
12.149181886670501 31
12.160132500306673 12
12.171083113942846 22
12.18203372757902 23
12.192984341215192 19
12.203934954851364 21
12.214885568487537 25
12.22583618212371 18
12.236786795759881 16
12.247737409396056 22
12.258688023032228 22
12.2696386366684 20
12.280589250304573 22
12.291539863940745 25
12.302490477576917 21
12.31344109121309 14
12.324391704849262 24
12.335342318485434 16
12.346292932121607 10
12.357243545757779 29
12.368194159393953 23
12.379144773030125 23
12.390095386666298 19
12.40104600030247 16
12.411996613938644 21
12.422947227574817 16
12.433897841210989 13
12.444848454847161 17
12.455799068483334 27
12.466749682119506 22
12.477700295755678 21
12.48865090939185 10
12.499601523028023 12
12.510552136664195 17
12.521502750300368 17
12.532453363936542 13
12.543403977572714 19
12.554354591208886 11
12.565305204845059 15
12.576255818481233 17
12.587206432117405 11
12.598157045753577 15
12.60910765938975 12
12.620058273025922 10
12.631008886662094 17
12.641959500298267 8
12.652910113934439 7
12.663860727570611 10
12.674811341206784 10
12.685761954842956 8
12.696712568479128 13
12.707663182115303 9
12.718613795751475 12
12.729564409387647 11
12.74051502302382 8
12.751465636659994 2
12.762416250296166 16
12.773366863932338 16
12.78431747756851 10
12.795268091204683 14
12.806218704840855 7
12.817169318477028 7
12.8281199321132 4
12.839070545749372 7
12.850021159385545 10
12.860971773021717 9
12.87192238665789 7
12.882873000294063 7
12.893823613930236 3
12.904774227566408 9
12.91572484120258 3
12.926675454838755 7
12.937626068474927 1
12.9485766821111 5
12.959527295747272 10
12.970477909383444 7
12.981428523019616 4
12.992379136655789 2
13.003329750291961 4
13.014280363928133 3
13.025230977564306 7
13.036181591200478 2
13.047132204836652 5
13.058082818472824 13
13.069033432108997 8
13.079984045745169 2
13.090934659381343 5
13.101885273017515 4
13.112835886653688 3
13.12378650028986 5
13.134737113926032 2
13.145687727562205 2
13.156638341198377 2
13.16758895483455 5
13.178539568470722 2
13.189490182106894 3
13.200440795743067 1
13.211391409379239 1
13.222342023015413 3
13.233292636651585 1
13.244243250287758 3
13.25519386392393 4
13.266144477560104 3
13.277095091196276 3
13.288045704832449 1
13.298996318468621 3
13.309946932104793 1
13.320897545740966 3
13.331848159377138 1
13.34279877301331 3
13.353749386649483 2
13.364700000285655 1
13.375650613921827 2
13.386601227558 0
13.397551841194174 1
13.408502454830346 1
13.419453068466519 0
13.430403682102693 1
13.441354295738865 2
13.452304909375037 1
13.46325552301121 0
13.474206136647382 0
13.485156750283554 1
13.496107363919727 0
13.507057977555899 1
13.518008591192071 0
13.528959204828244 3
13.539909818464416 0
13.550860432100588 1
13.561811045736762 1
13.572761659372935 1
13.583712273009107 0
13.59466288664528 1
13.605613500281454 0
13.616564113917626 0
13.627514727553798 0
13.63846534118997 1
13.649415954826143 0
13.660366568462315 1
13.671317182098488 0
13.68226779573466 1
13.693218409370832 1
13.704169023007005 0
13.715119636643177 0
13.72607025027935 0
13.737020863915523 1
