6.7516285891846834 1
6.762861746843594 1
6.774094904502505 1
6.785328062161415 0
6.796561219820326 1
6.807794377479237 1
6.819027535138147 0
6.830260692797058 2
6.841493850455969 2
6.852727008114879 0
6.86396016577379 2
6.8751933234327005 1
6.886426481091611 8
6.897659638750521 2
6.9088927964094315 4
6.920125954068342 7
6.931359111727253 8
6.9425922693861635 6
6.953825427045074 5
6.965058584703985 7
6.976291742362895 9
6.987524900021806 11
6.998758057680717 8
7.009991215339627 9
7.021224372998538 21
7.032457530657449 25
7.043690688316359 18
7.05492384597527 16
7.0661570036341805 23
7.077390161293091 31
7.088623318952002 30
7.0998564766109125 29
7.111089634269823 30
7.122322791928734 46
7.133555949587644 40
7.144789107246555 47
7.156022264905465 55
7.167255422564375 49
7.178488580223286 53
7.189721737882197 49
7.200954895541107 62
7.212188053200018 56
7.223421210858929 59
7.234654368517839 69
7.24588752617675 68
7.257120683835661 61
7.268353841494571 45
7.279586999153482 82
7.2908201568123925 69
7.302053314471303 63
7.313286472130214 71
7.324519629789124 63
7.335752787448035 44
7.346985945106946 66
7.358219102765856 67
7.369452260424767 56
7.380685418083678 60
7.391918575742588 60
7.403151733401499 58
7.4143848910604095 65
7.42561804871932 52
7.436851206378231 52
7.4480843640371415 40
7.459317521696051 62
7.470550679354962 52
7.4817838370138725 42
7.493016994672783 42
7.504250152331694 47
7.515483309990604 45
7.526716467649515 48
7.537949625308426 36
7.549182782967336 27
7.560415940626247 39
7.571649098285158 28
7.582882255944068 28
7.594115413602979 26
7.60534857126189 21
7.6165817289208 16
7.627814886579711 23
7.6390480442386215 15
7.650281201897532 26
7.661514359556443 24
7.672747517215353 18
7.683980674874264 15
7.695213832533174 15
7.7064469901920845 19
7.717680147850995 14
7.728913305509906 12
7.740146463168816 14
7.751379620827727 15
7.762612778486638 22
7.773845936145548 14
7.785079093804459 14
7.79631225146337 8
7.80754540912228 7
7.818778566781191 6
7.8300117244401015 4
7.841244882099012 7
7.852478039757923 3
7.863711197416833 4
7.874944355075744 9
7.886177512734655 7
7.897410670393565 5
7.908643828052476 5
7.919876985711387 7
7.931110143370297 6
7.942343301029208 5
7.953576458688119 5
7.964809616347029 4
7.97604277400594 4
7.9872759316648505 3
7.998509089323761 4
8.009742246982672 2
8.020975404641582 0
8.032208562300493 4
8.043441719959404 5
8.054674877618314 2
8.065908035277225 3
8.077141192936136 2
8.088374350595046 2
8.099607508253957 1
8.110840665912868 4
8.122073823571778 3
8.133306981230689 2
8.1445401388896 0
8.155773296548508 1
8.167006454207419 3
8.17823961186633 1
8.18947276952524 0
8.200705927184151 1
8.211939084843062 1
8.223172242501972 3
8.234405400160883 2
8.245638557819793 3
8.256871715478704 1
8.268104873137615 1
8.279338030796525 1
8.290571188455436 0
8.301804346114347 0
8.313037503773257 1
8.324270661432168 0
8.335503819091079 3
8.34673697674999 1
8.3579701344089 0
8.36920329206781 0
8.380436449726721 0
8.391669607385632 0
8.402902765044542 1
8.414135922703453 1
8.425369080362364 0
8.436602238021274 0
8.447835395680185 0
8.459068553339096 1
8.470301710998006 0
8.481534868656917 1
8.492768026315828 0
8.504001183974738 2
8.515234341633649 1
8.52646749929256 0
8.53770065695147 0
8.54893381461038 0
8.560166972269291 0
8.571400129928202 0
8.582633287587113 0
8.593866445246023 0
8.605099602904934 0
8.616332760563845 0
8.627565918222755 0
8.638799075881664 0
8.650032233540575 0
8.661265391199485 0
8.672498548858396 0
8.683731706517307 0
8.694964864176217 0
8.706198021835128 0
8.717431179494039 0
8.72866433715295 0
8.73989749481186 0
8.75113065247077 0
8.762363810129681 0
8.773596967788592 1
8.784830125447503 1
8.796063283106413 0
8.807296440765324 1
8.818529598424234 0
8.829762756083145 0
8.840995913742056 0
8.852229071400966 0
8.863462229059877 0
8.874695386718788 0
8.885928544377698 0
8.897161702036609 0
8.90839485969552 0
8.91962801735443 1
8.93086117501334 0
8.942094332672252 0
8.953327490331162 0
8.964560647990073 0
8.975793805648983 0
8.987026963307894 0
8.998260120966805 1
9.009493278625715 0
9.020726436284626 0
9.031959593943537 0
9.043192751602447 0
9.054425909261358 0
9.065659066920269 0
9.07689222457918 0
9.08812538223809 0
9.099358539897 0
9.110591697555911 0
9.121824855214822 0
9.133058012873732 0
9.144291170532643 1
9.155524328191554 0
9.166757485850464 0
9.177990643509375 1
9.189223801168286 1
9.200456958827196 0
9.211690116486107 1
9.222923274145018 0
9.234156431803928 0
9.245389589462839 0
9.25662274712175 0
9.26785590478066 0
9.27908906243957 0
9.29032222009848 0
9.30155537775739 0
9.312788535416301 1
9.324021693075212 1
9.335254850734122 0
9.346488008393033 0
9.357721166051943 0
9.368954323710854 0
9.380187481369765 0
9.391420639028675 0
9.402653796687586 0
9.413886954346497 1
9.425120112005407 0
9.436353269664318 0
9.447586427323229 0
9.45881958498214 0
9.47005274264105 1
9.48128590029996 0
9.492519057958871 0
9.503752215617782 0
9.514985373276692 3
9.526218530935603 1
9.537451688594514 1
9.548684846253424 0
9.559918003912335 1
9.571151161571246 0
9.582384319230156 1
9.593617476889067 0
9.604850634547978 2
9.616083792206888 1
9.627316949865799 0
9.63855010752471 0
9.64978326518362 0
9.66101642284253 0
9.672249580501441 2
9.683482738160352 1
9.694715895819263 1
9.705949053478172 3
9.717182211137082 0
9.728415368795993 2
9.739648526454904 0
9.750881684113814 0
9.762114841772725 1
9.773347999431635 0
9.784581157090546 2
9.795814314749457 0
9.807047472408367 0
9.818280630067278 1
9.829513787726189 0
9.8407469453851 3
9.85198010304401 0
9.86321326070292 3
9.874446418361831 1
9.885679576020742 1
9.896912733679653 2
9.908145891338563 0
9.919379048997474 0
9.930612206656384 1
9.941845364315295 1
9.953078521974206 2
9.964311679633116 1
9.975544837292027 0
9.986777994950938 1
9.998011152609848 1
10.009244310268759 2
10.02047746792767 0
10.03171062558658 0
10.04294378324549 1
10.054176940904402 2
10.065410098563312 0
10.076643256222223 0
10.087876413881133 2
10.099109571540044 1
10.110342729198955 0
10.121575886857865 2
10.132809044516776 0
10.144042202175687 1
10.155275359834597 1
10.166508517493508 0
10.177741675152419 1
10.18897483281133 0
10.20020799047024 0
10.21144114812915 0
10.222674305788061 0
10.233907463446972 2
10.245140621105882 0
10.256373778764793 1
10.267606936423704 0
10.278840094082614 1
10.290073251741525 0
10.301306409400436 1
10.312539567059346 1
10.323772724718257 0
10.335005882377168 2
10.346239040036078 1
10.357472197694989 0
10.3687053553539 2
10.37993851301281 1
10.391171670671719 1
10.40240482833063 0
10.41363798598954 1
10.424871143648451 2
10.436104301307362 1
10.447337458966272 0
10.458570616625183 0
10.469803774284093 0
10.481036931943004 1
10.492270089601915 1
10.503503247260825 0
10.514736404919736 0
10.525969562578647 0
10.537202720237557 1
10.548435877896468 3
10.559669035555379 0
10.57090219321429 1
10.5821353508732 2
10.59336850853211 1
10.604601666191021 1
10.615834823849932 0
10.627067981508842 0
10.638301139167753 0
10.649534296826664 0
10.660767454485574 0
10.672000612144485 1
10.683233769803396 1
10.694466927462306 0
10.705700085121217 0
10.716933242780128 2
10.728166400439038 1
10.739399558097949 2
10.75063271575686 0
10.761865873415768 1
10.773099031074679 0
10.78433218873359 1
10.7955653463925 1
10.806798504051411 0
10.818031661710322 1
10.829264819369232 0
10.840497977028143 1
10.851731134687054 2
10.862964292345964 2
10.874197450004875 1
10.885430607663785 0
10.896663765322696 1
10.907896922981607 0
10.919130080640517 1
10.930363238299428 1
10.941596395958339 0
10.95282955361725 1
10.96406271127616 1
10.97529586893507 1
10.986529026593981 1
10.997762184252892 1
11.008995341911803 0
11.020228499570713 1
11.031461657229624 0
11.042694814888534 0
11.053927972547445 0
11.065161130206356 0
11.076394287865266 1
11.087627445524177 2
11.098860603183088 1
11.110093760841998 2
11.121326918500909 1
11.13256007615982 0
11.14379323381873 2
11.15502639147764 0
11.166259549136551 1
11.177492706795462 0
11.188725864454373 2
11.199959022113283 0
11.211192179772194 0
11.222425337431105 2
11.233658495090015 0
11.244891652748926 0
11.256124810407837 1
11.267357968066747 1
11.278591125725658 0
11.289824283384569 0
11.30105744104348 0
11.31229059870239 2
11.3235237563613 1
11.334756914020211 1
11.345990071679122 0
11.357223229338032 0
11.368456386996943 0
11.379689544655854 2
11.390922702314764 0
11.402155859973675 0
11.413389017632586 0
11.424622175291496 0
11.435855332950407 1
11.447088490609318 1
11.458321648268228 0
11.469554805927139 0
11.48078796358605 0
11.49202112124496 0
11.50325427890387 0
11.514487436562781 1
11.525720594221692 0
11.536953751880603 0
11.548186909539512 1
11.559420067198422 0
11.570653224857333 0
11.581886382516243 0
11.593119540175154 0
11.604352697834065 2
11.615585855492975 0
11.626819013151886 0
11.638052170810797 1
11.649285328469707 3
11.660518486128618 0
11.671751643787529 0
11.68298480144644 0
11.69421795910535 0
11.70545111676426 0
11.716684274423171 0
11.727917432082082 0
11.739150589740992 1
11.750383747399903 0
11.761616905058814 0
11.772850062717724 0
11.784083220376635 0
11.795316378035546 0
11.806549535694456 0
11.817782693353367 0
11.829015851012276 1
11.840249008671186 0
11.851482166330097 1
11.862715323989008 0
11.873948481647918 0
11.885181639306829 0
11.89641479696574 1
11.90764795462465 2
11.918881112283561 0
11.930114269942472 0
11.941347427601382 1
11.952580585260293 0
11.963813742919204 0
11.975046900578114 1
11.986280058237025 0
11.997513215895935 0
12.008746373554846 1
12.019979531213757 0
12.031212688872667 1
12.042445846531578 0
12.053679004190489 0
12.0649121618494 0
12.07614531950831 0
12.08737847716722 0
12.098611634826131 0
12.109844792485042 0
12.121077950143953 0
12.132311107802863 0
12.143544265461774 0
12.154777423120684 0
12.166010580779595 0
12.177243738438506 0
12.188476896097416 0
12.199710053756327 0
12.210943211415238 0
12.222176369074148 0
12.233409526733059 0
12.24464268439197 0
12.25587584205088 0
12.26710899970979 0
12.278342157368701 0
12.289575315027612 0
12.300808472686523 0
12.312041630345433 0
12.323274788004344 0
12.334507945663255 0
12.345741103322165 0
12.356974260981076 1
