7.288506865751729 1
7.294507251068437 0
7.300507636385143 0
7.306508021701851 0
7.312508407018559 0
7.318508792335266 0
7.324509177651973 0
7.330509562968681 0
7.336509948285388 0
7.342510333602096 0
7.348510718918803 0
7.3545111042355105 0
7.360511489552218 0
7.366511874868926 0
7.3725122601856325 0
7.37851264550234 0
7.384513030819048 0
7.3905134161357555 0
7.396513801452462 0
7.40251418676917 0
7.408514572085878 0
7.414514957402585 0
7.420515342719292 0
7.426515728036 0
7.432516113352707 0
7.438516498669415 0
7.444516883986122 0
7.450517269302829 0
7.456517654619537 0
7.462518039936245 0
7.4685184252529515 0
7.474518810569659 0
7.480519195886367 0
7.4865195812030745 0
7.492519966519781 0
7.498520351836489 0
7.504520737153197 0
7.510521122469903 0
7.516521507786611 0
7.522521893103319 0
7.528522278420026 0
7.534522663736733 0
7.540523049053441 0
7.546523434370148 0
7.552523819686856 0
7.558524205003563 0
7.5645245903202705 0
7.570524975636978 0
7.576525360953686 0
7.5825257462703926 0
7.5885261315871 0
7.594526516903808 0
7.6005269022205155 0
7.606527287537222 0
7.61252767285393 0
7.618528058170638 0
7.624528443487345 0
7.630528828804052 0
7.63652921412076 0
7.642529599437467 0
7.648529984754175 0
7.654530370070882 0
7.660530755387589 0
7.666531140704297 0
7.672531526021005 0
7.6785319113377115 0
7.684532296654419 0
7.690532681971127 0
7.6965330672878345 0
7.702533452604541 0
7.708533837921249 0
7.714534223237957 0
7.720534608554663 1
7.726534993871371 0
7.732535379188079 0
7.738535764504786 0
7.744536149821494 0
7.750536535138201 0
7.756536920454908 0
7.762537305771616 0
7.768537691088323 0
7.7745380764050305 0
7.780538461721738 0
7.786538847038446 0
7.792539232355153 0
7.79853961767186 0
7.804540002988568 0
7.8105403883052755 0
7.816540773621982 0
7.82254115893869 0
7.828541544255398 0
7.834541929572105 0
7.840542314888812 0
7.84654270020552 1
7.852543085522227 0
7.858543470838935 0
7.864543856155642 0
7.870544241472349 0
7.876544626789057 0
7.882545012105765 0
7.8885453974224715 0
7.894545782739179 1
7.900546168055887 0
7.9065465533725945 0
7.912546938689301 0
7.918547324006009 1
7.924547709322717 1
7.930548094639423 2
7.936548479956131 0
7.942548865272839 0
7.948549250589546 0
7.954549635906254 0
7.960550021222961 0
7.966550406539668 2
7.972550791856376 0
7.978551177173083 0
7.9845515624897905 0
7.990551947806498 0
7.996552333123206 0
8.002552718439913 0
8.00855310375662 1
8.014553489073327 1
8.020553874390036 0
8.026554259706742 0
8.03255464502345 0
8.038555030340158 0
8.044555415656864 0
8.050555800973573 1
8.05655618629028 0
8.062556571606986 0
8.068556956923695 0
8.074557342240402 1
8.08055772755711 0
8.086558112873817 0
8.092558498190524 1
8.098558883507232 0
8.10455926882394 0
8.110559654140646 0
8.116560039457354 2
8.122560424774061 0
8.128560810090768 1
8.134561195407477 1
8.140561580724183 1
8.146561966040892 1
8.152562351357599 1
8.158562736674305 1
8.164563121991014 0
8.17056350730772 1
8.17656389262443 0
8.182564277941136 0
8.188564663257843 0
8.194565048574551 1
8.200565433891258 3
8.206565819207965 2
8.212566204524673 2
8.21856658984138 1
8.224566975158087 1
8.230567360474796 1
8.236567745791502 0
8.24256813110821 1
8.248568516424918 2
8.254568901741624 2
8.260569287058333 1
8.26656967237504 3
8.272570057691746 0
8.278570443008455 2
8.284570828325162 2
8.290571213641869 2
8.296571598958577 5
8.302571984275284 1
8.308572369591992 2
8.3145727549087 4
8.320573140225406 3
8.326573525542114 2
8.332573910858821 2
8.33857429617553 1
8.344574681492237 3
8.350575066808943 1
8.356575452125652 4
8.362575837442359 4
8.368576222759065 5
8.374576608075774 3
8.38057699339248 4
8.386577378709188 4
8.392577764025896 2
8.398578149342603 2
8.404578534659311 3
8.410578919976018 2
8.416579305292725 0
8.422579690609433 4
8.42858007592614 3
8.434580461242849 5
8.440580846559556 1
8.446581231876262 9
8.45258161719297 8
8.458582002509678 1
8.464582387826384 7
8.470582773143093 6
8.4765831584598 3
8.482583543776506 1
8.488583929093215 5
8.494584314409922 11
8.50058469972663 3
8.506585085043337 3
8.512585470360044 4
8.518585855676752 8
8.52458624099346 11
8.530586626310166 5
8.536587011626874 6
8.542587396943581 10
8.548587782260288 10
8.554588167576997 4
8.560588552893703 7
8.566588938210412 4
8.572589323527119 5
8.578589708843825 7
8.584590094160534 7
8.59059047947724 10
8.59659086479395 7
8.602591250110656 16
8.608591635427363 10
8.614592020744071 5
8.620592406060778 9
8.626592791377485 14
8.632593176694193 8
8.6385935620109 8
8.644593947327607 11
8.650594332644316 11
8.656594717961022 7
8.66259510327773 6
8.668595488594438 13
8.674595873911144 7
8.680596259227853 16
8.68659664454456 10
8.692597029861268 9
8.698597415177975 16
8.704597800494682 7
8.71059818581139 11
8.716598571128097 17
8.722598956444804 12
8.728599341761512 22
8.73459972707822 19
8.740600112394926 13
8.746600497711635 19
8.752600883028341 18
8.75860126834505 14
8.764601653661757 22
8.770602038978463 15
8.776602424295172 12
8.782602809611879 20
8.788603194928585 17
8.794603580245294 14
8.800603965562 20
8.806604350878708 15
8.812604736195416 18
8.818605121512123 13
8.824605506828831 15
8.830605892145538 20
8.836606277462245 16
8.842606662778953 16
8.84860704809566 11
8.854607433412369 18
8.860607818729076 16
8.866608204045782 32
8.87260858936249 16
8.878608974679198 17
8.884609359995904 16
8.890609745312613 28
8.89661013062932 18
8.902610515946026 23
8.908610901262735 35
8.914611286579442 16
8.92061167189615 20
8.926612057212857 13
8.932612442529564 16
8.938612827846272 24
8.94461321316298 19
8.950613598479686 25
8.956613983796395 13
8.962614369113101 19
8.968614754429808 19
8.974615139746517 20
8.980615525063223 24
8.986615910379932 20
8.992616295696639 34
8.998616681013345 17
9.004617066330054 26
9.01061745164676 17
9.01661783696347 17
9.022618222280176 22
9.028618607596883 18
9.034618992913591 19
9.040619378230298 21
9.046619763547005 23
9.052620148863713 20
9.05862053418042 23
9.064620919497127 29
9.070621304813836 18
9.076621690130542 24
9.08262207544725 21
9.088622460763958 18
9.094622846080664 18
9.100623231397373 24
9.10662361671408 20
9.112624002030788 25
9.118624387347495 19
9.124624772664202 25
9.13062515798091 15
9.136625543297617 20
9.142625928614324 13
9.148626313931032 29
9.15462669924774 26
9.160627084564446 22
9.166627469881155 20
9.172627855197861 29
9.17862824051457 18
9.184628625831277 17
9.190629011147983 12
9.196629396464692 23
9.202629781781399 21
9.208630167098105 28
9.214630552414814 18
9.22063093773152 23
9.226631323048228 26
9.232631708364936 16
9.238632093681643 18
9.244632478998351 15
9.250632864315058 23
9.256633249631765 27
9.262633634948473 21
9.26863402026518 18
9.274634405581889 21
9.280634790898596 20
9.286635176215302 21
9.292635561532009 14
9.298635946848718 19
9.304636332165424 17
9.310636717482133 15
9.31663710279884 12
9.322637488115546 17
9.328637873432255 16
9.334638258748962 18
9.34063864406567 16
9.346639029382377 14
9.352639414699084 12
9.358639800015792 9
9.3646401853325 16
9.370640570649208 13
9.376640955965915 15
9.382641341282621 19
9.388641726599328 13
9.394642111916037 17
9.400642497232743 13
9.406642882549452 15
9.412643267866159 12
9.418643653182865 11
9.424644038499574 12
9.43064442381628 9
9.43664480913299 8
9.442645194449696 11
9.448645579766403 9
9.454645965083111 9
9.460646350399818 12
9.466646735716527 13
9.472647121033233 7
9.47864750634994 8
9.484647891666647 12
9.490648276983356 9
9.496648662300062 7
9.50264904761677 9
9.508649432933478 7
9.514649818250184 11
9.520650203566893 5
9.5266505888836 7
9.532650974200308 10
9.538651359517015 11
9.544651744833722 10
9.550652130150429 10
9.556652515467137 5
9.562652900783844 6
9.568653286100552 10
9.57465367141726 11
9.580654056733966 9
9.586654442050675 5
9.592654827367381 6
9.59865521268409 8
9.604655598000797 10
9.610655983317503 7
9.616656368634212 8
9.622656753950919 1
9.628657139267627 4
9.634657524584334 7
9.64065790990104 3
9.646658295217748 4
9.652658680534456 4
9.658659065851163 5
9.664659451167871 4
9.670659836484578 5
9.676660221801285 5
9.682660607117993 2
9.6886609924347 2
9.694661377751409 5
9.700661763068116 4
9.706662148384822 4
9.712662533701529 1
9.718662919018238 2
9.724663304334944 6
9.730663689651653 3
9.73666407496836 3
9.742664460285066 1
9.748664845601775 0
9.754665230918482 5
9.76066561623519 2
9.766666001551897 3
9.772666386868604 1
9.778666772185312 3
9.78466715750202 5
9.790667542818728 4
9.796667928135435 3
9.802668313452141 2
9.808668698768848 3
9.814669084085557 2
9.820669469402263 1
9.826669854718972 6
9.832670240035679 1
9.838670625352385 1
9.844671010669094 4
9.8506713959858 4
9.85667178130251 2
9.862672166619216 3
9.868672551935923 3
9.874672937252631 1
9.880673322569338 2
9.886673707886047 5
9.892674093202753 2
9.89867447851946 0
9.904674863836167 0
9.910675249152876 2
9.916675634469582 0
9.92267601978629 3
9.928676405102998 1
9.934676790419704 1
9.940677175736413 2
9.94667756105312 2
9.952677946369828 3
9.958678331686535 1
9.964678717003242 0
9.970679102319949 2
9.976679487636657 2
9.982679872953364 2
9.988680258270072 1
9.99468064358678 2
10.000681028903486 1
10.006681414220195 3
10.012681799536901 0
10.01868218485361 1
10.024682570170317 2
10.030682955487023 0
10.036683340803732 0
10.042683726120439 2
10.048684111437147 2
10.054684496753854 0
10.06068488207056 1
10.066685267387268 0
10.072685652703976 2
10.078686038020683 0
10.084686423337391 2
10.090686808654098 0
10.096687193970805 0
10.102687579287513 0
10.10868796460422 2
10.114688349920929 1
10.120688735237636 0
10.126689120554342 0
10.13268950587105 2
10.138689891187758 0
10.144690276504464 0
10.150690661821173 0
10.15669104713788 0
10.162691432454587 3
10.168691817771295 0
10.174692203088002 0
10.18069258840471 1
10.186692973721417 1
10.192693359038124 0
10.198693744354832 1
10.20469412967154 0
10.210694514988248 0
10.216694900304955 0
10.222695285621661 1
10.228695670938368 1
10.234696056255077 1
10.240696441571783 0
10.246696826888492 0
10.252697212205199 0
10.258697597521905 0
10.264697982838614 0
10.27069836815532 0
10.27669875347203 0
10.282699138788736 1
