6.983070383504983 1
6.998791638495718 0
7.014512893486453 0
7.030234148477188 0
7.045955403467922 0
7.061676658458658 1
7.077397913449393 0
7.093119168440127 0
7.108840423430863 2
7.124561678421598 0
7.140282933412332 0
7.156004188403068 0
7.171725443393802 0
7.187446698384537 0
7.203167953375273 1
7.218889208366007 0
7.234610463356742 0
7.250331718347477 0
7.266052973338212 0
7.281774228328947 0
7.297495483319682 0
7.313216738310417 0
7.328937993301152 0
7.344659248291887 0
7.360380503282622 1
7.376101758273356 0
7.391823013264092 1
7.407544268254827 0
7.423265523245561 0
7.438986778236297 0
7.454708033227032 0
7.470429288217766 0
7.486150543208502 0
7.501871798199236 0
7.517593053189971 0
7.533314308180707 0
7.549035563171441 1
7.564756818162176 2
7.580478073152911 0
7.596199328143646 0
7.611920583134381 0
7.627641838125116 0
7.643363093115851 0
7.659084348106585 0
7.674805603097321 1
7.690526858088056 2
7.70624811307879 0
7.721969368069526 0
7.737690623060261 1
7.753411878050995 0
7.769133133041731 0
7.784854388032466 0
7.8005756430232 1
7.816296898013936 0
7.83201815300467 3
7.847739407995405 1
7.8634606629861405 2
7.879181917976875 0
7.89490317296761 1
7.910624427958345 1
7.92634568294908 0
7.942066937939815 1
7.95778819293055 1
7.973509447921285 1
7.989230702912019 2
8.004951957902755 1
8.02067321289349 3
8.036394467884225 1
8.052115722874959 1
8.067836977865694 2
8.08355823285643 1
8.099279487847165 3
8.1150007428379 0
8.130721997828633 1
8.146443252819369 1
8.162164507810104 1
8.17788576280084 0
8.193607017791575 2
8.20932827278231 1
8.225049527773043 2
8.240770782763779 3
8.256492037754514 4
8.27221329274525 2
8.287934547735984 2
8.303655802726718 4
8.319377057717453 1
8.335098312708189 1
8.350819567698924 4
8.36654082268966 3
8.382262077680394 7
8.397983332671128 5
8.413704587661863 4
8.429425842652599 1
8.445147097643334 3
8.460868352634069 4
8.476589607624803 4
8.492310862615538 4
8.508032117606273 1
8.523753372597008 2
8.539474627587744 6
8.555195882578477 4
8.570917137569213 4
8.586638392559948 1
8.602359647550683 6
8.618080902541418 4
8.633802157532152 7
8.649523412522887 3
8.665244667513623 5
8.680965922504358 7
8.696687177495093 2
8.712408432485827 8
8.728129687476562 6
8.743850942467297 8
8.759572197458033 4
8.775293452448768 5
8.791014707439501 8
8.806735962430237 7
8.822457217420972 2
8.838178472411707 6
8.853899727402442 6
8.869620982393176 3
8.885342237383911 4
8.901063492374647 3
8.916784747365382 4
8.932506002356117 6
8.948227257346852 9
8.963948512337586 6
8.979669767328321 11
8.995391022319057 7
9.011112277309792 4
9.026833532300525 4
9.042554787291262 9
9.058276042281996 6
9.073997297272731 6
9.089718552263466 8
9.105439807254202 6
9.121161062244937 11
9.13688231723567 8
9.152603572226406 8
9.168324827217141 11
9.184046082207876 7
9.199767337198612 7
9.215488592189345 9
9.23120984718008 5
9.246931102170816 4
9.262652357161551 11
9.278373612152286 14
9.29409486714302 13
9.309816122133755 10
9.32553737712449 9
9.341258632115226 5
9.356979887105961 6
9.372701142096695 11
9.38842239708743 8
9.404143652078165 5
9.4198649070689 11
9.435586162059636 12
9.45130741705037 11
9.467028672041105 17
9.48274992703184 9
9.498471182022575 15
9.51419243701331 10
9.529913692004044 17
9.54563494699478 9
9.561356201985515 12
9.57707745697625 10
9.592798711966985 15
9.608519966957719 11
9.624241221948454 9
9.63996247693919 15
9.655683731929924 12
9.67140498692066 15
9.687126241911393 19
9.70284749690213 12
9.718568751892864 12
9.7342900068836 20
9.750011261874334 16
9.765732516865068 6
9.781453771855805 13
9.797175026846539 16
9.812896281837274 15
9.828617536828009 16
9.844338791818744 19
9.86006004680948 15
9.875781301800213 17
9.891502556790948 16
9.907223811781684 24
9.922945066772419 13
9.938666321763154 18
9.954387576753888 19
9.970108831744623 15
9.985830086735358 22
10.001551341726094 17
10.017272596716829 25
10.032993851707563 17
10.048715106698298 16
10.064436361689033 17
10.080157616679768 21
10.095878871670504 20
10.111600126661237 17
10.127321381651972 8
10.143042636642708 21
10.158763891633443 15
10.174485146624178 18
10.190206401614912 22
10.205927656605647 19
10.221648911596382 23
10.237370166587118 21
10.253091421577853 15
10.268812676568587 21
10.284533931559322 23
10.300255186550057 23
10.315976441540792 17
10.331697696531528 26
10.347418951522261 23
10.363140206512996 17
10.378861461503732 21
10.394582716494467 13
10.410303971485202 14
10.426025226475936 19
10.441746481466673 20
10.457467736457406 18
10.473188991448142 17
10.488910246438877 26
10.50463150142961 20
10.520352756420348 27
10.536074011411081 24
10.551795266401816 11
10.567516521392552 22
10.583237776383287 28
10.598959031374022 21
10.614680286364756 21
10.630401541355491 12
10.646122796346226 23
10.661844051336962 21
10.677565306327697 23
10.69328656131843 18
10.709007816309166 19
10.724729071299901 15
10.740450326290636 18
10.756171581281372 16
10.771892836272105 20
10.78761409126284 16
10.803335346253576 18
10.819056601244311 14
10.834777856235046 11
10.85049911122578 15
10.866220366216515 13
10.88194162120725 18
10.897662876197986 13
10.913384131188721 15
10.929105386179454 12
10.94482664117019 15
10.960547896160925 21
10.97626915115166 13
10.991990406142396 17
11.00771166113313 9
11.023432916123866 18
11.0391541711146 11
11.054875426105335 10
11.07059668109607 8
11.086317936086804 7
11.102039191077541 15
11.117760446068274 13
11.13348170105901 13
11.149202956049745 10
11.164924211040478 11
11.180645466031216 15
11.196366721021949 13
11.212087976012684 15
11.22780923100342 12
11.243530485994153 13
11.25925174098489 13
11.274972995975624 15
11.290694250966359 10
11.306415505957094 13
11.322136760947828 9
11.337858015938565 7
11.353579270929298 10
11.369300525920034 14
11.385021780910769 11
11.400743035901503 12
11.41646429089224 7
11.432185545882973 12
11.447906800873708 15
11.463628055864444 16
11.479349310855179 5
11.495070565845914 3
11.510791820836648 7
11.526513075827383 7
11.542234330818118 9
11.557955585808854 9
11.573676840799589 10
11.589398095790322 5
11.605119350781058 17
11.620840605771793 9
11.636561860762528 11
11.652283115753264 11
11.668004370743997 12
11.683725625734734 2
11.699446880725468 8
11.715168135716203 8
11.730889390706938 8
11.746610645697672 8
11.762331900688409 7
11.778053155679142 7
11.793774410669878 6
11.809495665660613 8
11.825216920651346 8
11.840938175642084 5
11.856659430632817 8
11.872380685623552 11
11.888101940614288 4
11.903823195605021 5
11.919544450595758 0
11.935265705586492 10
11.950986960577227 12
11.966708215567962 3
11.982429470558696 1
11.998150725549433 7
12.013871980540166 5
12.029593235530902 6
12.045314490521637 6
12.06103574551237 8
12.076757000503108 9
12.092478255493841 5
12.108199510484576 3
12.123920765475312 5
12.139642020466045 8
12.155363275456782 4
12.171084530447516 8
12.186805785438251 7
12.202527040428986 9
12.218248295419722 3
12.233969550410457 5
12.24969080540119 5
12.265412060391926 9
12.281133315382661 5
12.296854570373396 4
12.312575825364132 5
12.328297080354865 7
12.3440183353456 6
12.359739590336336 1
12.375460845327071 12
12.391182100317806 9
12.40690335530854 4
12.422624610299277 4
12.43834586529001 4
12.454067120280746 7
12.46978837527148 3
12.485509630262214 2
12.501230885252951 4
12.516952140243685 4
12.53267339523442 4
12.548394650225156 5
12.564115905215889 4
12.579837160206626 7
12.59555841519736 4
12.611279670188095 2
12.62700092517883 4
12.642722180169564 7
12.6584434351603 5
12.674164690151034 1
12.68988594514177 5
12.705607200132505 4
12.721328455123238 6
12.737049710113975 6
12.752770965104709 5
12.768492220095444 2
12.78421347508618 2
12.799934730076913 3
12.81565598506765 6
12.831377240058384 2
12.847098495049119 3
12.862819750039854 3
12.878541005030588 4
12.894262260021325 4
12.909983515012058 3
12.925704770002794 4
12.941426024993529 3
12.957147279984264 3
12.972868534975 1
12.988589789965733 4
13.004311044956468 6
13.020032299947204 1
13.035753554937939 5
13.051474809928674 3
13.067196064919408 4
13.082917319910143 1
13.098638574900878 3
13.114359829891614 2
13.130081084882349 3
13.145802339873082 1
13.16152359486382 1
13.177244849854553 1
13.192966104845288 4
13.208687359836023 2
13.224408614826757 1
13.240129869817494 1
13.255851124808228 3
13.271572379798963 2
13.287293634789698 2
13.303014889780432 2
13.318736144771169 2
13.334457399761902 0
13.350178654752638 1
13.365899909743373 3
13.381621164734106 2
13.397342419724843 1
13.413063674715577 3
13.428784929706312 1
13.444506184697048 2
13.460227439687781 1
13.475948694678518 1
13.491669949669252 3
13.507391204659987 0
13.523112459650722 2
13.538833714641456 1
13.554554969632193 0
13.570276224622926 3
13.585997479613662 2
13.601718734604397 0
13.61743998959513 0
13.633161244585867 0
13.648882499576601 0
13.664603754567336 1
13.680325009558072 1
13.696046264548807 1
13.711767519539542 2
13.727488774530276 1
13.743210029521011 0
13.758931284511746 0
13.774652539502481 0
13.790373794493217 1
13.80609504948395 2
13.821816304474686 0
13.83753755946542 1
13.853258814456156 1
13.868980069446891 0
13.884701324437625 1
13.900422579428362 0
13.916143834419096 0
13.93186508940983 1
13.947586344400566 0
13.9633075993913 0
13.979028854382037 0
13.99475010937277 0
14.010471364363505 0
14.02619261935424 0
14.041913874344974 0
14.057635129335711 0
14.073356384326445 0
14.08907763931718 0
14.104798894307915 0
14.120520149298649 1
14.136241404289386 1
14.15196265928012 0
14.167683914270855 0
14.18340516926159 0
14.199126424252324 0
14.21484767924306 0
14.230568934233794 0
14.24629018922453 0
14.262011444215265 0
14.277732699205998 0
14.293453954196735 0
14.309175209187469 0
14.324896464178204 0
14.34061771916894 0
14.356338974159673 0
14.37206022915041 1
14.387781484141144 0
14.403502739131879 0
14.419223994122614 1
14.43494524911335 0
14.450666504104085 0
14.466387759094818 0
14.482109014085554 0
14.497830269076289 0
14.513551524067024 0
14.52927277905776 0
14.544994034048493 0
14.560715289039228 0
14.576436544029963 0
14.592157799020699 0
14.607879054011434 0
14.623600309002168 0
14.639321563992905 0
14.655042818983638 0
14.670764073974373 0
14.686485328965109 0
14.702206583955842 0
14.71792783894658 0
14.733649093937313 0
14.749370348928048 0
14.765091603918783 0
14.780812858909517 0
14.796534113900254 0
14.812255368890987 0
14.827976623881723 1
