9.431830014496864 1
9.442348913582432 0
9.452867812668 0
9.463386711753568 0
9.473905610839134 0
9.484424509924702 0
9.49494340901027 0
9.505462308095838 0
9.515981207181406 0
9.526500106266974 0
9.537019005352542 0
9.54753790443811 0
9.558056803523677 0
9.568575702609245 0
9.579094601694813 0
9.58961350078038 0
9.600132399865949 0
9.610651298951517 0
9.621170198037085 0
9.631689097122653 0
9.642207996208219 0
9.652726895293787 0
9.663245794379355 0
9.673764693464923 0
9.684283592550491 0
9.69480249163606 0
9.705321390721627 0
9.715840289807195 0
9.726359188892761 0
9.73687808797833 0
9.747396987063897 1
9.757915886149465 0
9.768434785235034 0
9.778953684320602 1
9.78947258340617 0
9.799991482491738 1
9.810510381577304 1
9.821029280662872 0
9.83154817974844 0
9.842067078834008 0
9.852585977919576 0
9.863104877005144 0
9.873623776090712 1
9.884142675176278 0
9.894661574261846 0
9.905180473347414 1
9.915699372432982 0
9.92621827151855 0
9.936737170604118 1
9.947256069689686 2
9.957774968775254 0
9.968293867860822 1
9.978812766946389 1
9.989331666031957 0
9.999850565117525 0
10.010369464203093 0
10.02088836328866 1
10.031407262374229 0
10.041926161459797 0
10.052445060545363 0
10.062963959630931 0
10.073482858716499 1
10.084001757802067 2
10.094520656887635 1
10.105039555973203 1
10.115558455058771 0
10.12607735414434 5
10.136596253229905 0
10.147115152315473 1
10.157634051401041 1
10.16815295048661 0
10.178671849572178 0
10.189190748657746 2
10.199709647743314 1
10.210228546828882 2
10.220747445914448 2
10.231266345000016 2
10.241785244085584 0
10.252304143171152 1
10.26282304225672 4
10.273341941342288 3
10.283860840427856 2
10.294379739513424 3
10.30489863859899 3
10.315417537684558 5
10.325936436770126 2
10.336455335855694 1
10.346974234941262 3
10.35749313402683 6
10.368012033112398 4
10.378530932197965 2
10.389049831283533 5
10.3995687303691 4
10.410087629454669 1
10.420606528540237 4
10.431125427625805 5
10.441644326711373 7
10.45216322579694 5
10.462682124882509 4
10.473201023968075 5
10.483719923053643 6
10.494238822139211 3
10.50475772122478 4
10.515276620310347 5
10.525795519395915 4
10.536314418481483 2
10.54683331756705 1
10.557352216652617 5
10.567871115738185 5
10.578390014823754 5
10.588908913909322 8
10.59942781299489 9
10.609946712080458 6
10.620465611166026 3
10.630984510251592 7
10.64150340933716 7
10.652022308422728 8
10.662541207508296 7
10.673060106593864 9
10.683579005679432 6
10.694097904765 12
10.704616803850566 11
10.715135702936134 14
10.725654602021702 7
10.73617350110727 9
10.746692400192838 9
10.757211299278406 11
10.767730198363974 10
10.778249097449542 11
10.78876799653511 12
10.799286895620677 5
10.809805794706245 13
10.820324693791813 10
10.83084359287738 7
10.841362491962949 8
10.851881391048517 6
10.862400290134085 13
10.872919189219651 7
10.883438088305219 8
10.893956987390787 12
10.904475886476355 15
10.914994785561923 10
10.925513684647491 11
10.93603258373306 7
10.946551482818627 10
10.957070381904195 9
10.967589280989761 9
10.97810818007533 10
10.988627079160898 13
10.999145978246466 5
11.009664877332034 9
11.020183776417602 7
11.030702675503168 9
11.041221574588736 9
11.051740473674304 17
11.062259372759872 12
11.07277827184544 4
11.083297170931008 7
11.093816070016576 10
11.104334969102144 10
11.114853868187712 11
11.125372767273278 10
11.135891666358846 14
11.146410565444414 9
11.156929464529982 6
11.16744836361555 8
11.177967262701118 7
11.188486161786686 12
11.199005060872253 9
11.20952395995782 20
11.220042859043389 10
11.230561758128957 14
11.241080657214525 12
11.251599556300093 13
11.26211845538566 7
11.272637354471229 12
11.283156253556797 9
11.293675152642363 16
11.304194051727931 15
11.3147129508135 12
11.325231849899067 4
11.335750748984635 7
11.346269648070203 9
11.356788547155771 8
11.367307446241337 7
11.377826345326906 9
11.388345244412474 9
11.398864143498042 10
11.40938304258361 13
11.419901941669178 6
11.430420840754746 15
11.440939739840314 13
11.451458638925882 9
11.461977538011448 12
11.472496437097016 7
11.483015336182584 8
11.493534235268152 10
11.50405313435372 10
11.514572033439288 16
11.525090932524854 11
11.535609831610422 8
11.54612873069599 10
11.556647629781558 20
11.567166528867126 9
11.577685427952694 19
11.588204327038262 15
11.59872322612383 14
11.609242125209398 10
11.619761024294966 17
11.630279923380533 10
11.6407988224661 14
11.651317721551669 13
11.661836620637237 25
11.672355519722805 21
11.682874418808371 15
11.693393317893939 11
11.703912216979507 12
11.714431116065075 12
11.724950015150643 12
11.735468914236211 20
11.74598781332178 22
11.756506712407347 18
11.767025611492915 15
11.777544510578483 17
11.78806340966405 14
11.798582308749618 11
11.809101207835186 19
11.819620106920754 17
11.830139006006322 14
11.84065790509189 18
11.851176804177456 11
11.861695703263024 12
11.872214602348592 18
11.88273350143416 16
11.893252400519728 17
11.903771299605296 14
11.914290198690864 10
11.924809097776432 15
11.935327996862 13
11.945846895947568 16
11.956365795033134 20
11.966884694118702 10
11.97740359320427 23
11.987922492289838 12
11.998441391375406 11
12.008960290460974 13
12.01947918954654 10
12.029998088632109 15
12.040516987717677 17
12.051035886803245 20
12.061554785888813 16
12.07207368497438 18
12.082592584059949 15
12.093111483145517 20
12.103630382231085 18
12.114149281316653 11
12.12466818040222 17
12.135187079487787 18
12.145705978573355 20
12.156224877658923 14
12.166743776744491 14
12.177262675830058 12
12.187781574915626 18
12.198300474001194 15
12.208819373086762 18
12.21933827217233 16
12.229857171257898 14
12.240376070343466 15
12.250894969429034 13
12.261413868514602 13
12.27193276760017 18
12.282451666685736 9
12.292970565771304 14
12.303489464856872 22
12.31400836394244 14
12.324527263028008 18
12.335046162113576 12
12.345565061199142 21
12.35608396028471 18
12.366602859370278 8
12.377121758455846 9
12.387640657541414 15
12.398159556626982 15
12.40867845571255 17
12.419197354798118 15
12.429716253883687 13
12.440235152969255 16
12.45075405205482 15
12.461272951140389 8
12.471791850225957 18
12.482310749311525 11
12.492829648397093 9
12.503348547482661 11
12.513867446568227 8
12.524386345653795 10
12.534905244739363 11
12.545424143824931 7
12.5559430429105 13
12.566461941996067 6
12.576980841081635 12
12.587499740167203 10
12.598018639252771 11
12.608537538338338 11
12.619056437423906 5
12.629575336509474 8
12.640094235595042 16
12.65061313468061 10
12.661132033766178 8
12.671650932851744 5
12.682169831937312 11
12.69268873102288 13
12.703207630108448 10
12.713726529194016 8
12.724245428279584 11
12.734764327365152 7
12.74528322645072 10
12.755802125536288 5
12.766321024621856 5
12.776839923707422 6
12.78735882279299 10
12.797877721878558 8
12.808396620964126 7
12.818915520049694 8
12.829434419135263 16
12.839953318220829 9
12.850472217306397 8
12.860991116391965 10
12.871510015477533 6
12.8820289145631 11
12.892547813648669 7
12.903066712734237 8
12.913585611819805 9
12.924104510905373 9
12.934623409990941 10
12.945142309076507 10
12.955661208162075 8
12.966180107247643 8
12.976699006333211 2
12.98721790541878 7
12.997736804504347 5
13.008255703589914 3
13.018774602675482 10
13.02929350176105 13
13.039812400846618 11
13.050331299932186 11
13.060850199017754 4
13.071369098103322 2
13.08188799718889 7
13.092406896274458 4
13.102925795360024 4
13.113444694445592 5
13.12396359353116 5
13.134482492616728 2
13.145001391702296 4
13.155520290787864 3
13.16603918987343 4
13.176558088958998 7
13.187076988044566 4
13.197595887130134 4
13.208114786215702 3
13.21863368530127 4
13.229152584386838 2
13.239671483472407 7
13.250190382557975 5
13.260709281643543 6
13.271228180729109 2
13.281747079814677 8
13.292265978900245 3
13.302784877985813 5
13.313303777071381 4
13.323822676156949 11
13.334341575242515 4
13.344860474328083 1
13.355379373413651 2
13.36589827249922 4
13.376417171584787 7
13.386936070670355 8
13.397454969755923 4
13.407973868841491 1
13.41849276792706 1
13.429011667012627 3
13.439530566098195 3
13.450049465183762 5
13.46056836426933 3
13.471087263354898 5
13.481606162440464 2
13.492125061526032 6
13.5026439606116 3
13.513162859697168 2
13.523681758782736 2
13.534200657868304 3
13.544719556953872 2
13.55523845603944 3
13.565757355125008 5
13.576276254210576 4
13.586795153296144 6
13.597314052381712 3
13.607832951467278 1
13.618351850552846 1
13.628870749638414 3
13.639389648723983 1
13.649908547809549 6
13.660427446895117 3
13.670946345980685 2
13.681465245066253 3
13.69198414415182 0
13.702503043237389 6
13.713021942322957 5
13.723540841408525 5
13.734059740494093 3
13.744578639579661 4
13.755097538665229 4
13.765616437750797 2
13.776135336836363 2
13.786654235921931 4
13.7971731350075 1
13.807692034093067 1
13.818210933178634 2
13.828729832264202 2
13.83924873134977 1
13.849767630435338 0
13.860286529520906 0
13.870805428606474 2
13.881324327692042 0
13.89184322677761 1
13.902362125863178 2
13.912881024948746 1
13.923399924034314 2
13.93391882311988 2
13.944437722205448 2
13.954956621291016 0
13.965475520376584 1
13.97599441946215 1
13.986513318547718 1
13.997032217633286 1
14.007551116718854 0
14.018070015804422 0
14.02858891488999 1
14.039107813975559 0
14.049626713061127 1
14.060145612146695 0
14.070664511232263 0
14.08118341031783 0
14.091702309403399 1
14.102221208488965 2
14.112740107574533 0
14.123259006660101 2
14.133777905745669 0
14.144296804831235 2
14.154815703916803 1
14.165334603002371 1
14.17585350208794 0
14.186372401173507 2
14.196891300259075 1
14.207410199344643 0
14.217929098430211 0
14.22844799751578 1
14.238966896601347 0
14.249485795686915 0
14.260004694772483 0
14.27052359385805 0
14.281042492943618 1
14.291561392029186 0
14.302080291114754 0
14.31259919020032 0
14.323118089285888 1
14.333636988371456 1
14.344155887457024 1
14.354674786542592 0
14.36519368562816 0
14.375712584713728 0
14.386231483799296 1
14.396750382884864 0
14.407269281970432 0
14.417788181056 0
14.428307080141566 0
14.438825979227135 0
14.449344878312703 1
14.45986377739827 0
14.470382676483837 0
14.480901575569405 2
14.491420474654973 0
14.50193937374054 0
14.512458272826109 0
14.522977171911677 0
14.533496070997245 0
14.544014970082813 0
14.554533869168381 0
14.565052768253949 0
14.575571667339517 0
14.586090566425085 0
14.596609465510651 0
14.60712836459622 0
14.617647263681787 0
14.628166162767355 0
14.638685061852922 0
14.64920396093849 0
14.659722860024058 1
14.670241759109626 0
14.680760658195194 1
