6.443955663271135 2
6.44792491396579 0
6.4518941646604455 1
6.4558634153551 0
6.459832666049756 0
6.463801916744411 0
6.467771167439067 1
6.471740418133722 0
6.475709668828378 1
6.479678919523033 0
6.4836481702176885 0
6.487617420912343 0
6.491586671606999 0
6.495555922301654 0
6.49952517299631 0
6.503494423690965 0
6.507463674385621 0
6.511432925080276 0
6.515402175774931 0
6.519371426469586 1
6.523340677164242 0
6.527309927858897 0
6.531279178553553 0
6.535248429248208 0
6.539217679942864 0
6.5431869306375186 0
6.547156181332174 0
6.551125432026829 0
6.555094682721485 1
6.55906393341614 0
6.563033184110796 0
6.567002434805451 0
6.570971685500107 1
6.5749409361947615 0
6.578910186889417 0
6.582879437584072 0
6.586848688278728 0
6.590817938973383 1
6.594787189668039 1
6.598756440362694 0
6.6027256910573495 0
6.6066949417520044 0
6.61066419244666 0
6.614633443141315 1
6.618602693835971 0
6.622571944530626 0
6.626541195225282 1
6.630510445919937 0
6.6344796966145925 1
6.638448947309247 1
6.642418198003903 0
6.646387448698558 0
6.650356699393214 0
6.654325950087869 0
6.658295200782525 0
6.66226445147718 2
6.666233702171835 0
6.67020295286649 0
6.674172203561146 1
6.678141454255801 0
6.682110704950457 0
6.686079955645112 0
6.690049206339768 1
6.6940184570344226 0
6.697987707729078 0
6.701956958423733 3
6.705926209118389 1
6.709895459813044 2
6.7138647105077 0
6.717833961202355 1
6.721803211897011 2
6.7257724625916655 0
6.729741713286321 1
6.733710963980976 0
6.737680214675632 1
6.741649465370287 1
6.745618716064943 1
6.749587966759598 1
6.7535572174542535 2
6.7575264681489084 1
6.761495718843564 2
6.765464969538219 1
6.769434220232875 1
6.77340347092753 2
6.777372721622186 1
6.781341972316841 4
6.7853112230114965 2
6.789280473706151 0
6.793249724400807 4
6.797218975095462 0
6.801188225790118 2
6.805157476484773 3
6.809126727179429 2
6.813095977874084 2
6.817065228568739 5
6.821034479263394 3
6.82500372995805 2
6.828972980652705 5
6.832942231347361 2
6.836911482042016 1
6.840880732736672 3
6.844849983431327 4
6.848819234125982 2
6.852788484820637 3
6.856757735515293 2
6.860726986209948 6
6.864696236904604 5
6.868665487599259 1
6.872634738293915 4
6.8766039889885695 2
6.880573239683225 3
6.88454249037788 5
6.888511741072536 6
6.892480991767191 0
6.896450242461847 4
6.900419493156502 8
6.9043887438511575 6
6.9083579945458125 3
6.912327245240468 7
6.916296495935123 2
6.920265746629779 7
6.924234997324434 5
6.92820424801909 8
6.932173498713745 7
6.9361427494084005 2
6.940112000103055 5
6.944081250797711 11
6.948050501492366 5
6.952019752187022 7
6.955989002881677 8
6.959958253576333 7
6.963927504270988 8
6.967896754965643 7
6.971866005660298 10
6.975835256354954 6
6.979804507049609 9
6.983773757744265 6
6.98774300843892 9
6.991712259133576 10
6.995681509828231 9
6.999650760522886 7
7.003620011217541 12
7.007589261912197 14
7.011558512606852 6
7.015527763301508 7
7.019497013996163 12
7.023466264690819 7
7.0274355153854735 9
7.031404766080129 9
7.035374016774784 9
7.03934326746944 8
7.043312518164095 11
7.047281768858751 10
7.051251019553406 6
7.0552202702480615 8
7.0591895209427165 10
7.063158771637372 10
7.067128022332027 16
7.071097273026683 10
7.075066523721338 12
7.079035774415994 7
7.083005025110649 10
7.0869742758053045 23
7.090943526499959 8
7.094912777194615 12
7.09888202788927 10
7.102851278583926 13
7.106820529278581 15
7.110789779973237 9
7.114759030667892 14
7.118728281362547 22
7.122697532057202 10
7.126666782751858 13
7.130636033446513 14
7.134605284141169 13
7.138574534835824 12
7.14254378553048 20
7.146513036225135 13
7.15048228691979 11
7.154451537614445 14
7.158420788309101 18
7.162390039003756 16
7.166359289698412 15
7.170328540393067 12
7.174297791087723 18
7.1782670417823775 24
7.182236292477033 19
7.186205543171688 13
7.190174793866344 13
7.194144044560999 12
7.198113295255655 20
7.20208254595031 15
7.2060517966449655 19
7.2100210473396205 16
7.213990298034276 14
7.217959548728931 21
7.221928799423587 19
7.225898050118242 11
7.229867300812898 14
7.233836551507553 17
7.2378058022022085 24
7.241775052896863 16
7.245744303591519 26
7.249713554286174 18
7.25368280498083 20
7.257652055675485 17
7.261621306370141 21
7.265590557064796 22
7.269559807759451 21
7.273529058454106 18
7.277498309148762 15
7.281467559843417 24
7.285436810538073 19
7.289406061232728 15
7.293375311927384 18
7.297344562622039 14
7.301313813316694 15
7.305283064011349 18
7.309252314706005 27
7.31322156540066 15
7.317190816095316 29
7.321160066789971 27
7.325129317484627 17
7.3290985681792815 16
7.333067818873937 20
7.337037069568592 21
7.341006320263248 26
7.344975570957903 15
7.348944821652559 17
7.352914072347214 17
7.3568833230418695 22
7.3608525737365245 17
7.36482182443118 15
7.368791075125835 28
7.372760325820491 29
7.376729576515146 25
7.380698827209802 23
7.384668077904457 18
7.3886373285991125 20
7.392606579293767 25
7.396575829988423 19
7.400545080683078 21
7.404514331377734 12
7.408483582072389 12
7.412452832767045 13
7.4164220834617 20
7.420391334156355 18
7.42436058485101 26
7.428329835545666 12
7.432299086240321 27
7.436268336934977 16
7.440237587629632 18
7.444206838324288 19
7.448176089018943 16
7.452145339713598 12
7.456114590408253 22
7.460083841102909 18
7.464053091797564 15
7.46802234249222 13
7.471991593186875 7
7.475960843881531 22
7.4799300945761855 12
7.483899345270841 12
7.487868595965496 24
7.491837846660152 13
7.495807097354807 9
7.499776348049463 18
7.503745598744118 22
7.5077148494387735 16
7.5116841001334285 22
7.515653350828084 18
7.519622601522739 17
7.523591852217395 15
7.52756110291205 11
7.531530353606706 20
7.535499604301361 12
7.5394688549960165 10
7.543438105690671 14
7.547407356385327 17
7.551376607079982 8
7.555345857774638 11
7.559315108469293 21
7.563284359163949 14
7.567253609858604 18
7.571222860553259 10
7.575192111247914 9
7.57916136194257 9
7.583130612637225 6
7.587099863331881 9
7.591069114026536 12
7.595038364721192 10
7.599007615415847 14
7.602976866110502 13
7.606946116805157 7
7.610915367499813 15
7.614884618194468 19
7.618853868889124 9
7.622823119583779 7
7.626792370278435 6
7.6307616209730895 8
7.634730871667745 12
7.6387001223624 10
7.642669373057056 12
7.646638623751711 5
7.650607874446367 12
7.654577125141022 7
7.6585463758356775 8
7.6625156265303325 12
7.666484877224988 16
7.670454127919643 9
7.674423378614299 5
7.678392629308954 11
7.68236188000361 7
7.686331130698265 9
7.6903003813929205 6
7.694269632087575 8
7.698238882782231 6
7.702208133476886 8
7.706177384171542 5
7.710146634866197 6
7.714115885560853 10
7.718085136255508 5
7.722054386950163 7
7.726023637644818 3
7.729992888339474 5
7.733962139034129 3
7.737931389728785 11
7.74190064042344 5
7.745869891118096 4
7.749839141812751 7
7.753808392507406 8
7.757777643202061 4
7.761746893896717 4
7.765716144591372 3
7.769685395286028 5
7.773654645980683 5
7.777623896675339 6
7.7815931473699935 3
7.785562398064649 5
7.789531648759304 6
7.79350089945396 5
7.797470150148615 4
7.801439400843271 4
7.805408651537926 2
7.8093779022325815 8
7.8133471529272365 1
7.817316403621892 2
7.821285654316547 3
7.825254905011203 3
7.829224155705858 5
7.833193406400514 2
7.837162657095169 3
7.8411319077898245 5
7.845101158484479 3
7.849070409179135 1
7.85303965987379 4
7.857008910568446 1
7.860978161263101 3
7.864947411957757 1
7.868916662652412 4
7.872885913347067 1
7.876855164041722 2
7.880824414736378 4
7.884793665431033 1
7.888762916125689 2
7.892732166820344 1
7.896701417515 2
7.900670668209655 1
7.90463991890431 0
7.908609169598965 1
7.912578420293621 2
7.916547670988276 2
7.920516921682932 1
7.924486172377587 1
7.928455423072243 1
7.9324246737668975 1
7.936393924461553 1
7.940363175156208 0
7.944332425850864 1
7.948301676545519 1
7.952270927240175 0
7.95624017793483 0
7.9602094286294856 2
7.9641786793241405 2
7.968147930018796 1
7.972117180713451 1
7.976086431408106 1
7.980055682102762 1
7.984024932797418 4
7.987994183492073 0
7.991963434186728 1
7.995932684881383 0
7.999901935576039 1
8.003871186270693 1
8.007840436965349 2
8.011809687660005 0
8.01577893835466 0
8.019748189049317 1
8.02371743974397 0
8.027686690438626 1
8.031655941133282 0
8.035625191827936 1
8.039594442522592 0
8.043563693217248 0
8.047532943911904 1
8.05150219460656 0
8.055471445301214 0
8.05944069599587 0
8.063409946690525 1
8.06737919738518 2
8.071348448079835 0
8.07531769877449 2
8.079286949469147 1
8.083256200163802 2
8.087225450858456 0
8.091194701553112 2
8.095163952247768 0
8.099133202942422 2
8.103102453637078 0
8.107071704331734 1
8.11104095502639 0
8.115010205721045 0
8.1189794564157 2
8.122948707110355 0
8.126917957805011 0
8.130887208499665 0
8.13485645919432 1
8.138825709888977 2
8.142794960583633 0
8.146764211278288 1
8.150733461972942 0
8.154702712667598 0
8.158671963362254 0
8.162641214056908 0
8.166610464751564 0
8.17057971544622 0
8.174548966140875 0
8.178518216835531 0
8.182487467530185 0
8.186456718224841 1
8.190425968919497 0
8.194395219614151 0
8.198364470308807 0
8.202333721003463 0
8.206302971698118 0
8.210272222392774 0
8.214241473087428 0
8.218210723782084 0
8.22217997447674 0
8.226149225171394 0
8.23011847586605 0
8.234087726560706 0
8.238056977255361 1
8.242026227950017 0
8.245995478644671 0
8.249964729339327 1
8.253933980033983 1
8.257903230728637 0
8.261872481423293 0
8.265841732117948 2
8.269810982812604 0
8.27378023350726 0
8.277749484201914 0
8.28171873489657 0
8.285687985591226 0
8.28965723628588 0
8.293626486980536 0
8.297595737675191 0
8.301564988369847 0
8.305534239064503 0
8.309503489759157 1
8.313472740453813 0
8.317441991148469 0
8.321411241843123 0
8.325380492537779 0
8.329349743232434 0
8.33331899392709 0
8.337288244621746 0
8.3412574953164 0
8.345226746011056 0
8.349195996705712 0
8.353165247400366 1
8.357134498095022 0
8.361103748789677 0
8.365072999484333 0
8.369042250178989 0
8.373011500873643 0
8.376980751568299 0
8.380950002262955 0
8.384919252957609 0
8.388888503652264 0
8.39285775434692 1
8.396827005041576 0
8.400796255736232 0
8.404765506430886 0
8.408734757125542 0
8.412704007820198 0
8.416673258514852 0
8.420642509209507 0
8.424611759904163 1
