5.281816292005586 1
5.285862650067358 0
5.28990900812913 0
5.293955366190902 0
5.298001724252675 0
5.302048082314447 0
5.306094440376219 0
5.310140798437991 0
5.314187156499763 0
5.318233514561535 0
5.322279872623307 0
5.32632623068508 0
5.330372588746852 0
5.334418946808624 0
5.338465304870396 0
5.342511662932168 1
5.34655802099394 0
5.350604379055712 0
5.354650737117485 1
5.358697095179257 0
5.362743453241029 0
5.366789811302801 0
5.370836169364573 0
5.374882527426345 0
5.378928885488117 0
5.382975243549889 0
5.387021601611662 0
5.391067959673434 0
5.395114317735206 1
5.399160675796978 0
5.40320703385875 0
5.407253391920522 0
5.411299749982294 0
5.415346108044067 0
5.419392466105839 2
5.423438824167611 0
5.427485182229383 2
5.431531540291155 1
5.435577898352927 2
5.439624256414699 1
5.4436706144764715 0
5.4477169725382435 0
5.4517633306000155 1
5.4558096886617875 1
5.4598560467235595 0
5.4639024047853315 0
5.4679487628471035 0
5.471995120908876 0
5.476041478970648 2
5.48008783703242 0
5.484134195094192 1
5.488180553155964 2
5.492226911217736 1
5.496273269279508 1
5.50031962734128 0
5.504365985403053 0
5.508412343464825 1
5.512458701526597 3
5.516505059588369 0
5.520551417650141 3
5.524597775711913 1
5.528644133773685 2
5.532690491835458 1
5.53673684989723 0
5.540783207959002 1
5.544829566020774 3
5.548875924082546 3
5.552922282144318 5
5.55696864020609 1
5.561014998267863 1
5.565061356329635 1
5.569107714391407 1
5.573154072453179 1
5.577200430514951 1
5.581246788576723 5
5.585293146638495 0
5.589339504700268 1
5.59338586276204 2
5.597432220823812 3
5.601478578885584 3
5.605524936947356 3
5.609571295009128 1
5.6136176530709 3
5.617664011132673 1
5.621710369194445 1
5.625756727256217 3
5.629803085317989 0
5.633849443379761 3
5.637895801441533 3
5.641942159503305 4
5.645988517565078 2
5.65003487562685 3
5.654081233688622 4
5.658127591750394 3
5.662173949812166 3
5.666220307873938 5
5.67026666593571 7
5.674313023997482 6
5.678359382059255 4
5.682405740121027 6
5.686452098182799 4
5.690498456244571 6
5.694544814306343 3
5.698591172368115 2
5.702637530429887 7
5.70668388849166 2
5.710730246553432 5
5.714776604615204 7
5.718822962676976 6
5.722869320738748 6
5.72691567880052 6
5.730962036862292 4
5.735008394924064 3
5.739054752985837 4
5.743101111047609 10
5.747147469109381 8
5.751193827171153 5
5.755240185232925 11
5.759286543294697 5
5.763332901356469 9
5.767379259418242 9
5.771425617480014 5
5.775471975541786 11
5.779518333603558 9
5.78356469166533 7
5.787611049727102 6
5.791657407788874 8
5.7957037658506465 5
5.7997501239124185 5
5.8037964819741905 6
5.8078428400359625 8
5.8118891980977345 11
5.8159355561595065 4
5.8199819142212785 8
5.824028272283051 6
5.828074630344823 6
5.832120988406595 8
5.836167346468367 6
5.840213704530139 10
5.844260062591911 6
5.8483064206536834 9
5.852352778715456 3
5.856399136777228 17
5.860445494839 4
5.864491852900772 8
5.868538210962544 6
5.872584569024316 7
5.876630927086088 6
5.880677285147861 5
5.884723643209633 10
5.888770001271405 11
5.892816359333177 13
5.896862717394949 15
5.900909075456721 10
5.904955433518493 16
5.909001791580266 12
5.913048149642038 11
5.91709450770381 8
5.921140865765582 7
5.925187223827354 6
5.929233581889126 15
5.933279939950898 15
5.937326298012671 14
5.941372656074443 6
5.945419014136215 13
5.949465372197987 15
5.953511730259759 16
5.957558088321531 13
5.961604446383303 11
5.965650804445075 10
5.969697162506848 19
5.97374352056862 20
5.977789878630392 17
5.981836236692164 11
5.985882594753936 18
5.989928952815708 7
5.99397531087748 14
5.998021668939252 16
6.002068027001025 17
6.006114385062797 15
6.010160743124569 20
6.014207101186341 15
6.018253459248113 18
6.022299817309885 18
6.026346175371657 19
6.03039253343343 17
6.034438891495202 13
6.038485249556974 14
6.042531607618746 12
6.046577965680518 17
6.05062432374229 18
6.054670681804062 15
6.058717039865835 13
6.062763397927607 26
6.066809755989379 14
6.070856114051151 17
6.074902472112923 15
6.078948830174695 13
6.082995188236467 11
6.08704154629824 19
6.091087904360012 13
6.095134262421784 14
6.099180620483556 18
6.103226978545328 19
6.1072733366071 17
6.111319694668872 23
6.115366052730645 20
6.119412410792417 13
6.123458768854189 19
6.127505126915961 22
6.131551484977733 18
6.135597843039505 15
6.139644201101277 19
6.1436905591630495 18
6.1477369172248215 16
6.1517832752865935 16
6.1558296333483655 17
6.1598759914101375 19
6.1639223494719095 21
6.1679687075336815 26
6.172015065595454 12
6.176061423657226 18
6.180107781718998 19
6.18415413978077 15
6.1882004978425424 16
6.1922468559043145 6
6.1962932139660865 7
6.200339572027859 18
6.204385930089631 12
6.208432288151403 16
6.212478646213175 24
6.216525004274947 18
6.220571362336719 11
6.224617720398491 15
6.228664078460264 17
6.232710436522036 14
6.236756794583808 15
6.24080315264558 14
6.244849510707352 18
6.248895868769124 17
6.252942226830896 20
6.256988584892668 20
6.26103494295444 16
6.265081301016213 13
6.269127659077985 21
6.273174017139757 22
6.277220375201529 17
6.281266733263301 19
6.285313091325074 23
6.289359449386845 14
6.293405807448618 18
6.29745216551039 12
6.301498523572162 12
6.305544881633934 21
6.309591239695706 28
6.313637597757478 21
6.31768395581925 8
6.321730313881023 9
6.325776671942795 20
6.329823030004567 11
6.333869388066339 15
6.337915746128111 12
6.341962104189883 11
6.346008462251655 17
6.350054820313428 13
6.3541011783752 7
6.358147536436972 10
6.362193894498744 10
6.366240252560516 15
6.370286610622288 9
6.37433296868406 11
6.378379326745833 8
6.382425684807605 8
6.386472042869377 11
6.390518400931149 14
6.394564758992921 13
6.398611117054693 16
6.402657475116465 18
6.406703833178238 8
6.41075019124001 10
6.414796549301782 9
6.418842907363554 13
6.422889265425326 15
6.426935623487098 18
6.43098198154887 12
6.435028339610643 14
6.439074697672415 13
6.443121055734187 9
6.447167413795959 10
6.451213771857731 10
6.455260129919503 12
6.459306487981275 19
6.463352846043048 9
6.46739920410482 8
6.471445562166592 11
6.475491920228364 8
6.479538278290136 11
6.483584636351908 10
6.48763099441368 11
6.4916773524754525 9
6.495723710537224 7
6.4997700685989965 11
6.5038164266607685 15
6.5078627847225405 7
6.5119091427843125 6
6.5159555008460845 9
6.520001858907857 14
6.5240482169696286 7
6.5280945750314014 8
6.5321409330931735 9
6.5361872911549455 7
6.5402336492167175 12
6.5442800072784895 9
6.548326365340262 10
6.5523727234020335 9
6.556419081463806 6
6.560465439525578 11
6.56451179758735 11
6.568558155649122 10
6.572604513710894 13
6.576650871772667 5
6.580697229834438 5
6.584743587896211 11
6.588789945957983 4
6.592836304019755 3
6.596882662081527 9
6.600929020143299 8
6.604975378205071 4
6.609021736266843 5
6.613068094328616 6
6.617114452390388 7
6.62116081045216 10
6.625207168513932 4
6.629253526575704 6
6.633299884637476 5
6.637346242699248 6
6.641392600761021 9
6.645438958822793 7
6.649485316884565 3
6.653531674946337 6
6.657578033008109 2
6.661624391069881 7
6.665670749131653 6
6.669717107193426 3
6.673763465255198 3
6.67780982331697 5
6.681856181378742 7
6.685902539440514 7
6.689948897502286 3
6.693995255564058 4
6.698041613625831 4
6.702087971687603 6
6.706134329749375 3
6.710180687811147 3
6.714227045872919 1
6.718273403934691 0
6.722319761996463 7
6.726366120058236 2
6.730412478120008 2
6.73445883618178 7
6.738505194243552 2
6.742551552305324 3
6.746597910367096 5
6.750644268428868 2
6.754690626490641 6
6.758736984552412 5
6.762783342614185 4
6.766829700675957 2
6.770876058737729 4
6.774922416799501 2
6.778968774861273 2
6.783015132923046 3
6.787061490984817 7
6.79110784904659 2
6.795154207108362 0
6.799200565170134 4
6.803246923231906 6
6.807293281293678 2
6.811339639355451 2
6.815385997417222 4
6.819432355478995 2
6.823478713540767 3
6.827525071602539 1
6.831571429664311 2
6.835617787726083 1
6.8396641457878555 1
6.843710503849627 4
6.8477568619113995 0
6.8518032199731715 0
6.8558495780349435 0
6.8598959360967156 2
6.863942294158488 1
6.86798865222026 1
6.872035010282032 1
6.8760813683438045 0
6.8801277264055765 3
6.8841740844673485 2
6.8882204425291205 0
6.8922668005908925 0
6.8963131586526645 0
6.9003595167144365 4
6.904405874776209 1
6.908452232837981 2
6.912498590899753 0
6.916544948961525 0
6.920591307023297 1
6.924637665085069 0
6.928684023146841 3
6.932730381208614 1
6.936776739270386 1
6.940823097332158 2
6.94486945539393 2
6.948915813455702 0
6.952962171517474 0
6.957008529579246 0
6.961054887641019 2
6.965101245702791 1
6.969147603764563 0
6.973193961826335 1
6.977240319888107 3
6.981286677949879 2
6.985333036011651 2
6.989379394073424 1
6.993425752135196 1
6.997472110196968 0
7.00151846825874 0
7.005564826320512 1
7.009611184382284 0
7.013657542444056 2
7.017703900505829 1
7.021750258567601 0
7.025796616629373 0
7.029842974691145 1
7.033889332752917 1
7.037935690814689 0
7.041982048876461 1
7.046028406938234 1
7.050074765000005 0
7.054121123061778 0
7.05816748112355 0
7.062213839185322 0
7.066260197247094 1
7.070306555308866 0
7.074352913370639 1
7.07839927143241 0
7.082445629494183 2
7.086491987555955 0
7.090538345617727 1
7.094584703679499 0
7.098631061741271 0
7.102677419803044 0
7.106723777864815 0
7.110770135926588 0
7.11481649398836 1
7.118862852050132 0
7.122909210111904 1
7.126955568173676 0
7.131001926235448 0
7.13504828429722 1
7.139094642358993 0
7.143141000420765 0
7.147187358482537 1
7.151233716544309 0
7.155280074606081 0
7.159326432667853 0
7.163372790729625 0
7.167419148791398 0
7.17146550685317 0
7.175511864914942 0
7.179558222976714 0
7.183604581038486 0
7.187650939100258 1
7.19169729716203 0
7.1957436552238025 0
7.1997900132855746 0
7.203836371347347 0
7.207882729409119 0
7.211929087470891 1
7.215975445532663 0
7.220021803594435 0
7.2240681616562075 0
7.2281145197179795 1
7.2321608777797515 0
7.2362072358415235 0
7.2402535939032955 0
7.2442999519650675 0
7.2483463100268395 0
7.252392668088612 0
7.256439026150384 0
7.260485384212156 0
7.264531742273928 0
7.2685781003357 0
7.272624458397472 0
7.276670816459244 0
7.280717174521017 0
7.284763532582788 0
7.288809890644561 0
7.292856248706333 0
7.296902606768105 1
7.300948964829877 0
