0 14.909171126746061
1 14.1907390699492
2 13.941266448744667
3 14.216302317367397
4 14.642442046274457
5 14.141844700780927
6 14.639392171626808
7 14.73151510175549
8 14.62529989941096
9 13.98786206402659
10 14.43722688954942
11 14.575237631942803
12 13.962123826721594
13 14.313740238186716
14 14.453908385285395
15 14.981148036143333
16 15.003138077789263
17 14.691264717511281
18 14.7446700266101
19 14.649100239805879
20 14.859672913125491
21 14.081385658113582
22 14.85802021941199
23 14.7697251026466
24 14.641842914911232
25 14.687254106844897
26 14.455072940649982
27 14.244126345148825
28 14.72271562179786
29 14.722696723229513
30 14.797746058599468
31 14.339847634881702
32 14.34804088834611
33 14.766733103559812
34 15.265473707212484
35 14.394485112249814
36 14.839101265809932
37 14.103002487157788
38 14.452899967492971
39 14.869207929948525
40 14.317565407998496
41 13.892474003604892
42 14.148367869506814
43 14.836955004874447
44 14.745885998062201
45 14.01834283515761
46 14.618025193351423
47 14.618194221070413
48 14.516293038224259
49 14.34423224159387
50 14.49694363977121
51 14.202041015493243
52 14.859651092050882
53 14.268539473136972
54 14.243887928905965
55 13.992169175214432
56 14.289583206926938
57 14.725406786825001
58 14.840299870455148
59 14.266563991308072
60 14.373476636656441
61 14.433260858325962
62 14.672123742480585
63 14.241601492125877
64 14.412253309232895
65 14.74304363504552
66 14.667673152234505
67 14.559444479111276
68 14.580779286617423
69 14.379612902683322
70 14.799138098847198
71 14.74983438673605
72 14.359002272142956
73 15.232831389951379
74 14.574736367044544
75 14.691036869149377
76 15.052423240134727
77 15.191867412549383
78 14.436848980319882
79 14.399274662888121
80 14.233333669351355
81 14.005750495000859
82 15.16816178963363
83 14.601432801598152
84 14.073009400103988
85 14.253224372975053
86 14.565260097507407
87 14.250552726992087
88 14.073832497619762
89 14.514293542618907
90 14.301033352635237
91 14.237486993269936
92 14.64777375648373
93 14.21330205596723
94 13.846675433352509
95 14.270868250708903
96 14.281340188372583
97 14.833528107017715
98 14.62070294564154
99 15.018320412482721
100 14.00023891505704
101 14.17311919265483
102 13.605237175921504
103 15.292609809526882
104 14.303508074653251
105 15.17697194254791
106 14.350680227066672
107 14.594287925822272
108 15.143300821362283
109 14.872998742658872
110 15.111028560783943
111 14.968875314914774
112 14.888516417897591
113 14.051348671030672
114 14.639046879606724
115 14.702141213283266
116 14.15713112927197
117 13.806886687261025
118 14.673020370983597
119 14.508148507291851
120 14.983819308687044
121 14.459602659440641
122 14.792662398158068
123 14.756465744026263
124 14.47195606317798
125 15.114217337623439
126 14.371121931211494
127 14.519329286523567
128 15.815536592044193
129 14.80481179625768
130 14.836482663429283
131 14.814573584999115
132 14.644528449608671
133 14.475524030961651
134 14.987917663812018
135 13.933082773324221
136 14.756646316492164
137 14.239876046850595
138 14.418990052931324
139 15.3588235584523
140 14.845508867497907
141 14.543363978609552
142 14.428332175796369
143 15.099687823181961
144 14.092488690405451
145 14.826868274632295
146 14.108557573511224
147 14.204999870981228
148 14.51743743102034
149 14.49131825790302
150 14.97773278463613
151 14.715126988639591
152 14.647522175856992
153 14.77216052183195
154 14.823195815006743
155 15.101169147861425
156 14.324508877341493
157 14.53274886923848
158 14.357973932633334
159 14.242224612271029
160 14.364672463204622
161 14.487668704240312
162 15.037678167632237
163 15.209980054822386
164 15.169461006688007
165 14.522046891281713
166 14.175169517733586
167 14.505650975701096
168 14.457044166064003
169 14.876535990066493
170 14.650601457326035
171 14.62572481930059
172 14.442737765640938
173 14.847687766448075
174 15.727033697821613
175 14.877891605707163
176 14.849297017598575
177 14.663783036259474
178 14.700764204598734
179 14.574564939091085
180 14.861559725526767
181 14.30706823161775
182 14.315979790511186
183 14.499547469801312
184 15.292894997345208
185 14.703404912080922
186 15.034024119011114
187 14.256721382356146
188 15.286927533120972
189 14.845797150930496
190 15.043473181553733
191 15.18641980521265
192 14.596531579595903
193 14.542054302757489
194 14.20759516450212
195 14.708656399261388
196 14.850722540395534
197 14.172190181276173
198 14.423900825174716
199 15.158992565005363
200 15.186144406488468
201 14.62683457398713
202 15.192522230008521
203 14.54261923249151
204 14.83165365586415
205 14.62601319636609
206 13.455818316482747
207 14.061709851957165
208 14.826437874627958
209 14.197396998105217
210 13.90887237013748
211 15.550654446636251
212 14.58768458231359
213 14.780776920659159
214 15.2279666533561
215 14.706605222009228
216 13.815238522002403
217 14.19236446109049
218 14.587132466186766
219 14.16670747811474
220 14.506195918570223
221 14.816596194183795
222 14.503820518823446
223 14.888907204237627
224 14.146753200345062
225 15.078682149565788
226 15.05033107068816
227 15.196556219588139
228 14.394004955472388
229 15.083324260752079
230 15.090809211461126
231 15.086133329630496
232 14.670158082741528
233 14.637471953566713
234 14.63638484077091
235 14.681830432809802
236 14.46419777984186
237 13.811983765935075
238 14.249406716686163
239 13.963065575896819
240 14.035566234897216
241 14.469552201514194
242 14.833656404702772
243 14.402887223829637
244 14.565153898804015
245 14.563271497573162
246 14.395213863012959
247 14.346103500668008
248 14.254560597635576
249 15.067217716349612
250 14.928594192038886
251 14.537512144595205
252 14.599615178009413
253 14.730758890060699
254 15.200178599094
255 14.652096037952939
256 14.669491905083252
257 14.542295692505911
258 14.47850278269915
259 14.957333311955542
260 14.565012184924315
261 14.716705532154778
262 15.111886565024028
263 14.78576119169214
264 14.471749047831967
265 14.550861982760264
266 14.040187920955145
267 14.620887193721138
268 14.440758224650981
269 14.576025727382818
270 14.60086933655941
271 15.094188753121022
272 15.036440312195298
273 15.282916271104984
274 14.977083264800067
275 14.581286579792897
276 14.65401019098948
277 14.6786472978155
278 14.540343367050713
279 14.454549464197115
280 14.253525331079077
281 14.219139346783466
282 14.377433051598578
283 14.26929875323559
284 14.49100128026508
285 14.338317195851356
286 14.774502990523274
287 14.343117719848895
288 14.506237132663212
289 14.514891015443803
290 14.396122821689454
291 13.850475634764754
292 14.974085040094662
293 14.754834532938467
294 14.520680879842203
295 15.55640875977052
296 14.856681465598221
297 14.161522161927339
298 14.707459874410839
299 14.46026829693318
300 15.284231972455679
301 14.957368206625075
302 14.835310292880235
303 14.538772645519426
304 14.788937808089656
305 14.625701969496525
306 14.507205920052556
307 14.473178674429024
308 14.778791341913912
309 14.194005098739341
310 14.265380727541157
311 14.094881492848318
312 14.72749746540762
313 14.804406584828957
314 14.294769809641496
315 14.555698249285495
316 14.602515571954594
317 14.885259183229179
318 13.995320071605857
319 14.614269546376088
320 13.967169639990852
321 14.846238827255986
322 14.138888550867586
323 14.499737998910154
324 13.751177245580765
325 12.714774308503518
326 14.064089158622009
327 13.80256802316636
328 13.286111738598624
329 13.600935121277223
330 13.354594501651745
331 13.588730483387176
332 13.393995969302392
333 13.664921648316842
334 13.826874176720313
335 13.621135719223073
336 13.976592632568861
337 14.059172240855217
338 14.293855571409939
339 14.706638945185926
340 13.518169876645425
341 14.316588122032373
342 14.156663051274549
343 13.942167841897591
344 13.959345038180725
345 13.43107877058571
346 13.59496335165504
347 13.516120313969822
348 13.733085514750924
349 14.24646183834975
350 14.160145682849832
351 14.31742159305162
352 14.337668734856562
353 14.315804510807775
354 14.553795737811667
355 14.002482995719786
356 14.924280184149449
357 14.52215030505317
358 14.195544890215361
359 14.091469915083254
360 13.834428890016808
361 14.172107914347087
362 14.514208115947106
363 14.354976414601268
364 14.54772574560297
365 15.192197257084965
366 14.829889004258144
367 14.212876646759197
368 15.039625738220371
369 14.762698702196412
370 15.138180865133311
371 14.392294510242342
372 15.014423404462269
373 15.374286772492628
374 15.314162647898305
375 15.054698407278009
376 14.812468310243762
377 14.808101556659468
378 15.132956057748157
379 14.701801032489865
380 14.730403791404433
381 15.005741677361108
382 14.32021168993419
383 15.51366730846905
384 14.30146832394055
385 13.570903715721025
386 14.651522183453068
387 14.263220329453643
388 14.563602633480684
389 14.976782176714568
390 14.675199533699912
391 15.339009996158273
392 14.621502362742705
393 14.438073988024616
394 14.888036519495026
395 14.320565044882146
396 14.680496179336311
397 14.709506133948889
398 14.068617273345845
399 14.535963349743758
400 15.2492831450613
401 16.098473065228443
402 16.11028864286816
403 14.452980061514454
404 14.632835788033015
405 15.43777862773354
406 14.401652839168184
407 14.286109314294356
408 14.689634739734188
409 14.201272684025431
410 14.401703230874437
411 14.582500101112434
412 14.066545705556338
413 14.165295928494826
414 13.514363951008852
415 14.416425229387292
416 14.387876606258718
417 15.353659185663943
418 15.170359470313246
419 14.730304527230528
420 14.6758815484737
421 14.535137761428587
422 14.876444042742625
423 15.711793057600172
424 14.69235071566832
425 14.041279959179116
426 15.323027724224847
427 15.145315204225193
428 14.246111220659282
429 14.924239148285157
430 14.875676770092213
431 15.324904283498293
432 14.49619736882115
433 15.075082682718175
434 14.871934379304035
435 14.62127909122946
436 14.768021202983139
437 14.449642729725998
438 15.181386116195627
439 15.04945420965255
440 14.620825376899603
441 14.758794586947
442 15.914962097416561
443 14.761361789781338
444 14.787663806517473
445 14.434256163228921
446 14.540327423517486
447 15.010435940672007
448 14.757337170011462
449 14.283483343285265
450 14.315791041624209
451 14.08473962972946
452 14.394677605343656
453 13.797125125714132
454 14.230086734140867
455 14.536017862172688
456 14.740853893279379
457 14.50911331371772
458 14.114324985550235
459 14.110548526533679
460 14.436307088734953
461 14.198961944238604
462 14.812599411169113
463 14.798064239435227
464 14.535851997514628
465 14.169347602182027
466 14.387663111411655
467 14.869216821571651
468 14.01172305078393
469 14.853006170203065
470 15.522974661892066
471 14.50678821467681
472 14.9374059936617
473 14.76463924255869
474 14.274356211433759
475 13.94607130371344
476 13.611312653424003
477 12.742814306447436
478 13.500741902781929
479 12.681299354196453
480 12.800941756965479
481 13.498021953764498
482 12.934083880181557
483 13.91816616502976
484 13.60624268905928
485 13.96970207957487
486 13.21802365136266
487 13.566355470638765
488 13.952998413226199
489 13.365100165030444
490 13.944380644624713
491 13.19297972047229
492 12.868603821111394
493 13.089734436248394
494 12.84444566081411
495 13.892077095805464
496 14.819883541358093
497 13.86981675305913
498 13.33466131330611
499 14.100121496596742
500 13.872365275077959
501 14.3573844059594
502 14.098259056481055
503 14.008835177724663
504 13.321719982139005
505 13.335213529832316
506 12.995480178958775
507 13.850712687836275
508 13.72373273065221
509 13.38455344675956
510 13.447202229668804
511 12.81215470398676
512 12.703702039190395
513 13.15685919889754
514 12.946503923145594
515 13.355271568238642
516 13.039869916476118
517 13.806764532473188
518 12.963933194831887
519 12.777432623698985
520 13.390374776519122
521 13.821250459548493
522 15.007878950717902
523 14.527481744256535
524 14.129537109469833
525 14.54600519745712
526 14.28651426784642
527 14.36590577337221
528 13.393517147328089
529 14.571906531009038
530 13.636603735934633
531 14.935660517301653
532 15.081085741149423
533 14.487129263239364
534 14.744262364918432
535 14.625829676672772
536 14.832660679018861
537 14.573050810525602
538 14.007729566819368
539 14.841361068272867
540 14.484021487232939
541 14.062707391525155
542 14.885021850178068
543 15.183726818239409
544 14.38695453938378
545 14.87042633208669
546 14.66062532573031
547 14.454729834767647
548 14.579425983167324
549 14.483068193330137
550 14.585136664430182
551 14.38295734901333
552 14.408042692542121
553 14.241471782412695
554 15.212007998951032
555 14.597845398139166
556 14.955900658294166
557 14.51767248310258
558 14.169156137709008
559 14.283161027324393
560 14.71958252424284
561 14.889077314422607
562 14.946726305266505
563 14.52579575935508
564 14.41464696035105
565 14.310225983411184
566 14.450563312141322
567 14.262428031436606
568 14.185763458372293
569 14.481638912735484
570 14.474716918090596
571 14.38397067121713
572 14.276885458257304
573 15.11910906510149
574 14.522112805122747
575 14.76278792466871
576 14.886570943991714
577 14.29457994045543
578 13.8622906575224
579 15.132157801941979
580 14.377404398244465
581 14.869623826488397
582 13.919770012730499
583 14.260458862733998
584 14.990064908655684
585 14.06354632416782
586 14.378965061766868
587 14.610565658692405
588 14.90710642040955
589 14.127320553910764
590 14.080339002454332
591 15.084385332618389
592 14.63626077812432
593 14.551450693473752
594 14.979083897396679
595 13.844827265484607
596 14.461937119789342
597 14.779404352339698
598 14.502461628734439
599 14.586403070419738
600 15.210734118188261
601 14.658020585200928
602 15.125151823901717
603 14.162795113802549
604 14.196170419246746
605 14.436577006985013
606 13.949091536840896
607 14.58499830787723
608 14.667195434094936
609 14.273639003971129
610 14.695622567402555
611 14.55495706062911
612 15.049557619253537
613 15.477210013100091
614 16.088201392361434
615 14.401960843375992
616 15.06381485696989
617 15.103315895002831
618 14.37518604226773
619 14.532512170089213
620 14.074230407729214
621 15.08499472401038
622 14.642523363208255
623 15.016360505083213
624 14.94289936791961
625 13.753460824765238
626 14.355310093424682
627 14.87414858587046
628 14.9824294993964
629 14.235967338217698
630 14.690488152035403
631 15.02922270901836
632 14.298371208687701
633 15.123311420329344
634 14.216846987179252
635 14.20376104406016
636 14.38883264281619
637 14.33637402578934
638 15.233486794923282
639 14.497610821733977
640 14.769375981435177
641 14.101499484320698
642 14.73240980002651
643 14.47310946532757
644 15.166285338124114
645 14.732817206487242
646 14.520804251392923
647 15.3167686875634
648 14.756153445835155
649 14.826676982045644
650 14.2945096189125
651 14.323448657058249
652 13.9860872679922
653 13.733106193669174
654 13.973922586700372
655 13.881290918232308
656 13.795601446844355
657 13.953727419981869
658 14.21033333470639
659 14.248488174378375
660 13.714052331806313
661 13.864252604807291
662 15.636583176873298
663 14.74892258597972
664 15.097141670314308
665 14.393929167313498
666 15.533383111131789
667 14.519932713920376
668 15.164577288763315
669 15.330727394680085
670 15.970586439737385
671 15.580598384338163
672 16.047493032033845
673 15.416563699502154
674 16.29452307625348
675 15.54373510526186
676 14.110785220780144
677 15.592044867889678
678 15.617934780552046
679 15.980565761362174
680 15.912730892697919
681 15.228460928605395
682 15.190667233959557
683 15.944469216800476
684 16.293313610873447
685 15.429799888066716
686 14.885067611440181
687 14.365217878923408
688 14.397214612551016
689 14.429487994868438
690 14.94663825047579
691 15.012118739816652
692 15.342627765994587
693 14.905643241183736
694 14.067041295919315
695 15.578411097968836
696 14.75028353340728
697 14.681220105919438
698 14.919095673361596
699 15.072832239620151
700 15.37716825928814
701 14.338822781921314
702 14.514930598012661
703 14.85126467671551
704 14.677376767127448
705 14.501276867137882
706 15.909328617532994
707 14.203273173615159
708 14.7039571797848
709 14.245636297358613
710 14.675386703472505
711 14.957656767957841
712 14.593939734904504
713 14.700499805797156
714 14.786823613878378
715 15.016403413708876
716 14.84096242024937
717 14.518716841489042
718 14.627179662770102
719 15.212474294112916
720 15.332266581412082
721 14.703175992795796
722 16.226296698824974
723 14.489395492534443
724 14.947631041299054
725 14.576910646027779
726 14.386791665548849
727 14.72480418209844
728 14.038609748221434
729 14.766707264341974
730 13.905123845687259
731 13.917112214079843
732 14.199037310322115
733 14.196978101252778
734 13.532465443029702
735 13.393705819800026
736 13.965925842652524
737 13.685451257742658
738 14.881232441898648
739 14.342247712974176
740 14.89613080081762
741 14.354848924399413
742 14.47784093181557
743 14.853249104475372
744 14.250972591112918
745 15.008202795207957
746 14.043727969757283
747 14.891105588361938
748 14.7060017445005
749 14.497294002607617
750 14.515622342505031
751 14.555247552367348
752 14.475401162546182
753 14.45802842522183
754 14.3860439000314
755 14.016414824071195
756 14.296011230746826
757 14.177146712102848
758 14.456621951686556
759 14.034491727947717
760 14.378768870151024
761 13.655372027664637
762 13.764415968223256
763 13.832971013916092
764 13.756770782197814
765 14.106249552485142
766 14.243951585532779
767 14.313559863306983
768 13.378688497939066
769 13.859771360619611
770 14.242630198611332
771 13.425763995994908
772 14.750254022786335
773 13.321613665038214
774 14.425838827680831
775 13.793001780188098
776 14.557087545760188
777 14.988513694334502
778 14.217763504633423
779 14.533715159038762
780 15.78259268944422
781 16.173039466180434
782 15.43379923291408
783 15.442275009200033
784 14.780637276994508
785 14.265405144018436
786 15.287385661740126
787 14.646693855147147
788 13.585366061135915
789 15.080380647216979
790 14.64530231980219
791 14.774294900882188
792 15.182193302256378
793 14.344447232011833
794 14.568204370867397
795 14.512895150881285
796 14.130253217434122
797 13.813392605729423
798 14.784172996685696
799 14.412008596006554
800 14.062607989678888
801 14.486747252970957
802 15.346831962022419
803 14.462065764579574
804 13.218601663013699
805 13.838360184286783
806 14.32710914667391
807 14.297457167021225
808 14.656029434901024
809 14.4573530071071
810 14.568574062571292
811 14.818745069806669
812 14.823545034121754
813 14.949995757210372
814 14.763619165736143
815 14.62459913197626
816 15.880704331078029
817 14.271299030387125
818 14.569578116829723
819 13.904538736547016
820 14.90938369516656
821 14.662073877059543
822 14.291953978426989
823 14.251095561151551
824 14.700539743780778
825 14.299162020642061
826 13.76853758455654
827 14.22194091361537
828 14.327210829565114
829 13.75546038187782
830 14.06932563286493
831 14.460929191097131
832 14.5861850977121
833 14.008035737904741
834 14.567156049286828
835 14.068552599679059
836 14.776645249201458
837 14.626847433627859
838 15.001601803480577
839 14.075225507910252
840 13.841072896867662
841 14.274574765007014
842 14.58213800354975
843 14.460653470728737
844 13.855050293065522
845 14.139481955813922
846 13.6682477122947
847 13.959502562526922
848 14.574802685137259
849 15.027329904796927
850 14.1452240643964
851 14.771490492051624
852 13.530695982781445
853 13.792766243790387
854 15.305224208307788
855 14.697791695884938
856 14.00938435200871
857 14.120371560684815
858 14.33898827478011
859 14.356560946234943
860 13.24154292951841
861 14.12705191866981
862 14.253659678148495
863 14.324881826435806
864 14.896532650591206
865 14.58250660623055
866 13.812366786327038
867 14.108541041958553
868 14.140997468923823
869 13.936557699638934
870 14.102614883792851
871 14.023841807940206
872 14.42512800239821
873 14.291822584117233
874 14.19736747208965
875 14.911162270091586
876 14.569654061197614
877 14.879128490396267
878 14.802956015469297
879 15.596917049429052
880 14.975215971572563
881 14.15959928081401
882 14.733307511660065
883 14.430297185544879
884 13.03406097550147
885 15.000610581117018
886 14.593180220201013
887 14.229687916407117
888 14.12670588859285
889 14.500388204031314
890 14.747501698788142
891 13.633203742909767
892 14.49164025960098
893 14.701021661381457
894 15.263592656213794
895 14.495374531758635
896 14.655933433456406
897 13.922250182027861
898 14.66888916705161
899 13.982225304470633
900 15.064084798524313
901 14.637124301992728
902 14.444717233414158
903 14.617210062615555
904 14.965023400224291
905 14.738578753886882
906 14.61052375593856
907 15.04813915594724
908 14.361081724403363
909 14.053330255331963
910 14.61160485190731
911 14.429146968085007
912 14.229748697788157
913 14.247926782518888
914 13.790517771141774
915 14.285557210980489
916 14.631798904548925
917 14.217087760759755
918 13.298270629942497
919 13.934324873224316
920 14.337308306797551
921 14.06837959521851
922 15.253932096831878
923 14.100499384692132
924 14.780651346053897
925 14.399096808360781
926 14.53255409074712
927 14.494544728388872
928 13.472282391035364
929 15.294938842300875
930 14.813520757929078
931 14.014138560084596
932 13.995099755726534
933 14.913631447813843
934 14.506799309950813
935 14.481970939606587
936 14.717086981769647
937 15.058681405381957
938 14.085236253433026
939 14.313946853250775
940 14.764039049088918
941 14.024914774074567
942 15.012771835614352
943 14.311243492481056
944 14.09178067966365
945 14.196062896225236
946 14.521439737634347
947 14.490512255115098
948 14.158675760735537
949 14.132849565125342
950 14.734507700965478
951 14.012318252203912
952 14.632244022133179
953 14.529904366819737
954 15.403800804971873
955 14.626048399641112
956 14.786842913669151
957 14.797626263842679
958 14.911585405905512
959 14.196950122195704
960 14.998581337925788
961 14.904273644136797
962 15.582094325814566
963 15.053579142721563
964 14.55287212352202
965 14.985759333340157
966 14.303289588360819
967 13.706806494064496
968 14.246473933588508
969 13.87041818217585
970 15.47406394768181
971 15.150411344406969
972 15.282699127108144
973 14.467906934790657
974 14.581228174682126
975 14.76052097793572
976 14.52621504641148
977 14.680213475254794
978 15.002082597517331
979 14.610224403578231
980 14.180969200466846
981 14.106322389398606
982 14.269815279217033
983 14.729856689718517
984 13.98793245831624
985 14.278702028564195
986 14.330231292104635
987 15.139269857815714
988 14.624416113090795
989 14.045522307701113
990 13.994116824475173
991 13.965947656000054
992 14.079478972894755
993 14.142833910136885
994 13.781871439683155
995 15.149422763760446
996 15.37941565795536
997 14.879468887001485
998 15.021169588620467
999 14.724510847608107
1000 14.52229736995615
1001 13.950910036861593
1002 13.764927904805186
1003 14.367826700489504
1004 14.060211211059814
1005 13.856015134063629
1006 14.022926462102387
1007 13.900156989275628
1008 14.312467559988686
1009 14.704139245492373
1010 13.996501375151002
1011 14.196644862982088
1012 13.79144386309909
1013 14.487267614505837
1014 13.937963371789984
1015 13.750179503770248
1016 15.205746157433058
1017 14.593312359338316
1018 15.54886062775526
1019 15.162975849022668
1020 14.240887545586522
1021 14.168610921328712
1022 15.51210240002491
1023 15.508539360990673
1024 14.594113040516469
1025 14.633901935497878
1026 14.580198114413179
1027 14.86596660547693
1028 15.056135477921059
1029 14.60184089234953
1030 14.758652718538812
1031 14.599471197705624
1032 14.725369535245186
1033 14.793427913778553
1034 13.991236646991725
1035 13.980015908415979
1036 13.989269805092711
1037 14.557707051888952
1038 14.13213088707092
1039 13.796037781268595
1040 12.838913940891674
1041 13.796414380788052
1042 13.959828597830862
1043 13.753670290825694
1044 14.171909648902123
1045 14.429024848949387
1046 13.804863477111612
1047 14.500780252779695
1048 14.522039865225656
1049 14.737073489186312
1050 14.763281991877681
1051 14.558114847141784
1052 14.741334629316821
1053 14.460937433359021
1054 14.615266517848902
1055 14.851101570799665
1056 14.487637463350797
1057 14.699495130088778
1058 14.319420721171966
1059 14.374734546454523
1060 14.311563196258014
1061 15.339551035713493
1062 14.565409148929842
1063 14.970238765502435
1064 14.635968698529204
1065 14.660219544971147
1066 14.377951111602261
1067 14.708711916611321
1068 14.509217084398163
1069 14.124973179487673
1070 14.492351609790184
1071 15.27796070192888
1072 15.076808703052013
1073 15.013224586953255
1074 14.201751512449263
1075 14.615418979271666
1076 14.377944898994429
1077 14.467165406455548
1078 14.946034343090174
1079 14.056662605590166
1080 14.667899539471659
1081 15.027997286942078
1082 14.988588070232424
1083 14.428055495919901
1084 15.03689339025448
1085 14.482415469873013
1086 14.583863322689464
1087 15.033869305110747
1088 14.696589899989181
1089 14.689735054132804
1090 15.64990777269733
1091 14.20559063742304
1092 14.948840192882914
1093 15.011508079198498
1094 15.542750350675021
1095 14.52036595072762
1096 14.768575551756701
1097 15.25677049514721
1098 13.740187096565524
1099 13.981864275610462
1100 14.792363524419955
1101 14.466723781440376
1102 14.720907961196685
1103 14.30589966258868
1104 14.755149881434594
1105 15.62337582571071
1106 14.39456442548426
1107 14.40551604831588
1108 13.689811258896832
1109 13.534863915216736
1110 14.535268637740673
1111 13.640632099241476
1112 15.149093034845055
1113 14.330244937042306
1114 13.08694993612982
1115 13.43829896788365
1116 13.462851986573249
1117 13.578893134256438
1118 13.622803742370193
1119 13.266182017560752
1120 13.219204860094536
1121 13.077628183249537
1122 13.353639231484102
1123 13.790498712494331
1124 13.91311176844209
1125 13.558975177028227
1126 13.63488654190535
1127 14.9032945255149
1128 15.127612606115388
1129 15.433988001644442
1130 14.609755055647703
1131 14.173152742516727
1132 14.09199115890506
1133 14.452288998269927
1134 15.701093676330112
1135 14.767712948445668
1136 15.228319076927683
1137 15.45219292605436
1138 15.508334977335226
1139 15.788346633322881
1140 15.192874302122796
1141 15.136400742937361
1142 15.903424383264214
1143 15.41523248277914
1144 14.46538140547815
1145 14.460477924717566
1146 15.15265103586118
1147 14.997395193778406
1148 15.458104440042737
1149 15.238117035119826
1150 15.678423125199433
1151 14.85477100477698
1152 15.336673701708795
1153 14.858675381612949
1154 15.2008552033958
1155 15.676597153770185
1156 15.17837119620451
1157 15.944626299878509
1158 15.084643407568416
1159 15.423177730061541
1160 14.867679637073975
1161 13.586965817918717
1162 14.09751239399933
1163 15.37869619335376
1164 14.299531552816635
1165 14.3053845215956
1166 13.866135049865592
1167 14.982676696707808
1168 14.235542988251893
1169 14.851812278097723
1170 15.371912055973374
1171 15.01878504613892
1172 15.573068370459245
1173 14.96491560607157
1174 15.14844019243279
1175 14.12466433068653
1176 15.366526635721364
1177 14.788218577720784
1178 15.20799768132832
1179 15.216511954541412
1180 15.253506468877033
1181 15.242663318074241
1182 14.681362218953657
1183 14.64641614868778
1184 14.913851483642992
1185 15.316539433714416
1186 14.865512422172923
1187 15.348554476001764
1188 14.4287994474538
1189 15.056202465738748
1190 14.55693234291692
1191 15.006428760098693
1192 15.139149002261032
1193 15.66182278933544
1194 15.327530219700382
1195 15.142091166366056
1196 15.18494325271742
1197 15.063299382155678
1198 14.838333759873514
1199 15.796354409769009
1200 15.64821602212806
1201 14.478687340703082
1202 14.879226739376604
1203 14.533812869655561
1204 15.207941040864322
1205 14.509324074739371
1206 14.82876839836597
1207 15.308661153686304
1208 15.358289693031331
1209 15.541702461355898
1210 15.695535516286002
1211 14.991465345065228
1212 15.205713045215031
1213 15.190061528664248
1214 15.866457307830172
1215 14.680849464775456
1216 15.325160199114382
1217 15.027708656159835
1218 14.035570181683381
1219 15.593704051039241
1220 15.520063056436069
1221 15.690867754145668
1222 14.805570424089707
1223 14.413748856763087
1224 15.189960792495542
1225 15.502816807852346
1226 15.552062772252132
1227 14.92637984544339
1228 15.41343611733069
1229 15.451318310723524
1230 14.958541277127804
1231 14.240204999870054
1232 13.912047128787982
1233 15.160422143205578
1234 14.699079087908828
1235 14.436999851146519
1236 14.680655904673635
1237 14.538386731729164
1238 14.422985920016004
1239 15.641125252399243
1240 14.9320913927747
1241 15.554686763535958
1242 14.433257863269395
1243 15.046722313987429
1244 14.494202980708184
1245 14.968499850857107
1246 14.476401649380449
1247 14.574077634802238
1248 15.450690982595209
1249 14.90914883807852
1250 14.992922839602443
1251 13.800612384923525
1252 15.229450261244919
1253 14.546151248574335
1254 14.86899358199968
1255 15.537843291374672
1256 14.630953246274025
1257 14.909874709885191
1258 14.930920646169339
1259 14.691925395959387
1260 14.228967372640748
1261 13.71009026961505
1262 14.388180142603334
1263 14.588800983103035
1264 14.52100180126716
1265 14.800746081776081
1266 14.314708990815687
1267 13.616414110819495
1268 13.587977288219978
1269 14.08021053709167
1270 14.730213193510997
1271 14.835365804037822
1272 14.109273438272679
1273 13.242787662589901
1274 14.844802723560184
1275 14.52334408424468
1276 13.147814592019012
1277 13.009461997913839
1278 14.224112586302219
1279 14.656912493148006
1280 13.850972800096065
1281 13.904026433651348
1282 13.817364748653874
1283 14.290919110251306
1284 13.824570652155025
1285 12.678268927684197
1286 13.465092434295826
1287 14.310347519215252
1288 13.888897053404476
1289 13.963285671315315
1290 14.231089974887393
1291 14.086587412759398
1292 14.491647581529692
1293 14.110493171595275
1294 13.714511319102751
1295 14.01953566844894
1296 13.600444771444693
1297 12.91165194338777
1298 14.633561232109443
1299 13.939016865175354
1300 14.41606712409861
1301 13.553689181789244
1302 13.81794945362047
1303 13.683633237838336
1304 13.659680767899326
1305 13.748682551668109
1306 13.651707994777054
1307 14.740211806499945
1308 13.996355497840963
1309 15.662643855098382
1310 15.444935118172637
1311 14.925458312899563
1312 14.953713675861879
1313 14.46432883256709
1314 15.514167062066585
1315 15.238257303867819
1316 14.894964995395638
1317 15.021161844729615
1318 14.660905270480871
1319 14.46007655948196
1320 14.279980616544682
1321 14.489275505610093
1322 14.642891743453587
1323 15.504519092464506
1324 14.786131417451207
1325 15.209505538506496
1326 15.034242570807134
1327 14.356357037914442
1328 15.429923524583945
1329 15.224051127132613
1330 14.807899851441135
1331 15.354703477108307
1332 15.192715499812977
1333 15.561535160371912
1334 15.332282312240336
1335 14.503654403699738
1336 14.037185552094865
1337 14.443912628720344
1338 15.925489115019829
1339 14.55874938003036
1340 14.975007371418327
1341 15.099338514971121
1342 15.69085555138357
1343 14.628202848249304
1344 13.876456462080412
1345 14.230376740800633
1346 14.929438517407087
1347 13.864268969647984
1348 14.353979658221064
1349 14.624997039277257
1350 13.309670947715771
1351 13.836875392816086
1352 13.785719425785079
1353 14.306203883883956
1354 13.912292085315627
1355 15.042005824794018
1356 14.49272952930716
1357 14.5865113267186
1358 14.984373626746622
1359 14.046291103558387
1360 15.421319151820873
1361 15.907262539783273
1362 15.170183477956419
1363 15.142959272848179
1364 14.869822197390212
1365 14.77560026850776
1366 14.773299736753895
1367 13.773426647717956
1368 14.624781468341771
1369 14.602584294369239
1370 14.641197131139025
1371 15.151950440287278
1372 14.5098833169053
1373 14.364793168391824
1374 14.675200061695737
1375 14.912042561809226
1376 14.77329408901
1377 13.881507930382753
1378 14.319391386637323
1379 13.624343933165433
1380 14.606104407371914
1381 14.32235745579598
1382 13.711314312564046
1383 13.589521312630406
1384 15.253549338169991
1385 14.948521525922265
1386 14.420444012071437
1387 14.898827143052007
1388 14.2014523818867
1389 15.250598430128177
1390 14.301446466172738
1391 14.56028725829923
1392 14.120684499377427
1393 13.856167408405675
1394 13.254239047655584
1395 13.325919839230199
1396 13.566107262573539
1397 14.307822374293323
1398 14.379583580691326
1399 13.821713011403276
1400 14.41441684831222
1401 14.509454967187681
1402 14.844242862965585
1403 13.445763109980819
1404 14.24083309438773
1405 14.53464061117509
1406 15.397831927545791
1407 14.46527604667779
1408 14.147416489954168
1409 14.3428340093168
1410 14.777224443087798
1411 14.091766694220468
1412 14.434082452691369
1413 14.627620697649995
1414 13.961537810321788
1415 15.404389175507223
1416 14.585018918336775
1417 13.629175722584296
1418 13.470682342081757
1419 13.848920984238548
1420 13.758613031795049
1421 13.364944056560825
1422 14.60706125570274
1423 13.106971660023857
1424 13.286547761674674
1425 14.324120604847414
1426 14.19800159559769
1427 14.376398626354186
1428 14.510591371739176
1429 14.515450988936665
1430 14.877387585181777
1431 14.807185902409076
1432 14.042119018888108
1433 14.801991422367486
1434 14.788633122473604
1435 14.144925638138382
1436 14.848877645342641
1437 14.256967506563266
1438 14.288633910853685
1439 13.829988879515
1440 14.44424013843253
1441 15.046477161032072
1442 14.360580007258298
1443 15.007650906046937
1444 14.468211286422832
1445 15.32127163952178
1446 15.057821718454285
1447 14.547937258475683
1448 14.994898199308627
1449 15.023674604071902
1450 14.603332618436905
1451 14.711226656318411
1452 14.014442722088045
1453 13.879169441299338
1454 14.034565329576738
1455 15.252748640363173
1456 15.030844455590705
1457 15.462349424686039
1458 15.030248683551052
1459 15.129318391769335
1460 15.051536555728905
1461 14.454339374826471
1462 15.63489651551233
1463 15.13742434049459
1464 15.475571908031336
1465 14.91209501651191
1466 15.223008598408335
1467 14.859630796171125
1468 14.75515415029024
1469 14.88148769511964
1470 14.627860393430883
1471 14.770809998431655
1472 14.788491311756095
1473 14.789135560912372
1474 14.438325430599694
1475 14.513431126218897
1476 15.464339084213456
1477 14.485942907494175
1478 14.694070135871494
1479 14.770503898715928
1480 14.586425954079251
1481 14.605459802517132
1482 13.853249308344703
1483 14.539448052856933
1484 14.098244739664935
1485 14.196706587868633
1486 14.583292098224428
1487 14.790235153911551
1488 14.543317430577895
1489 14.168888058759755
1490 14.895689534195071
1491 14.026698501719697
1492 15.087144013708878
1493 14.373293972604639
1494 14.48514328998432
1495 13.675252332487753
1496 13.91378610705997
1497 13.524112922349326
1498 14.526650766346028
1499 14.235140428092018
1500 13.984328045473202
1501 15.242039236087763
1502 14.800138480077232
1503 14.280438412727676
1504 14.222436434648827
1505 15.219295067606932
1506 14.925749323410134
1507 15.675854510861265
1508 15.194889707685554
1509 14.261907545707285
1510 14.738592437244526
1511 14.802968410541125
1512 14.008650033834025
1513 14.600888845446192
1514 14.65573766698433
1515 14.342374433851957
1516 14.01876404766976
1517 13.764346531170633
1518 14.701809775966654
1519 14.384989753857557
1520 14.819926435145593
1521 14.802267343615911
1522 14.48228311271426
1523 14.564965616955002
1524 13.797884922936209
1525 14.24723812106211
1526 15.19817399129007
1527 14.55602718170137
1528 14.109472561866081
1529 14.082279035439909
1530 14.337969388722577
1531 14.63572588812341
1532 14.619785955530828
1533 15.006952276474054
1534 14.431952859346424
1535 15.346573912454708
1536 14.518622511246289
1537 14.883362557241963
1538 13.77962063281503
1539 14.201795087378638
1540 14.81541078788398
1541 15.021597824514535
1542 14.24292878713175
1543 15.264170527407
1544 14.267044040431744
1545 14.111792436458746
1546 13.804475377326124
1547 13.753826124799303
1548 14.19748307534752
1549 13.848415882634068
1550 13.18758754196701
1551 13.637247889419566
1552 14.013191082776391
1553 14.133613654660373
1554 13.69102463787224
1555 13.612357768675022
1556 14.467431420973947
1557 14.112428022639643
1558 14.300752396103878
1559 14.172637551827426
1560 14.39113551074461
1561 13.067236689911812
1562 13.806125539052774
1563 14.224583413649988
1564 15.170289677250047
1565 14.579431927348988
1566 14.771191114654842
1567 14.445509277079823
1568 13.778921840792721
1569 14.92854632490729
1570 14.530614317509704
1571 14.827198454150542
1572 14.62615804539388
1573 14.239332230146937
1574 14.825378956088388
1575 14.058832924977864
1576 14.813098869896997
1577 13.836788158631093
1578 13.9800681155438
1579 14.404048497388219
1580 14.061351027794036
1581 14.811136491940122
1582 14.12358965768425
1583 14.298286256340422
1584 14.729961299672162
1585 15.13217025919434
1586 14.787936465725407
1587 14.02832593044907
1588 15.231992628770753
1589 14.658080314765824
1590 14.856656382217658
1591 14.510861893400705
1592 14.304133763868053
1593 13.441127497375671
1594 13.968109329898729
1595 13.872394716995556
1596 14.588561309586197
1597 14.447536521409612
1598 13.808829321768789
1599 14.282444336299687
1600 14.286143658000833
1601 13.685658583453403
1602 13.993244735666178
1603 13.73988205697122
1604 13.58878800022898
1605 13.885726656144959
1606 14.568358059828627
1607 14.307018836100292
1608 13.969236901205633
1609 14.734813335843068
1610 14.247606396536955
1611 14.76583603786871
1612 15.16892765539151
1613 14.252818834121989
1614 15.008261205405626
1615 14.480492477891172
1616 14.508546630789247
1617 14.556830897073745
1618 14.22125747685017
1619 13.214338175208429
1620 14.117656604161505
1621 14.506731975600994
1622 14.583209151940261
1623 14.536016226647195
1624 14.580447708417843
1625 13.897858377442402
1626 14.726811421607762
1627 13.602351154875473
1628 14.93840042071669
1629 13.680191753393412
1630 13.7844130814364
1631 14.57609367390488
1632 14.686277024243998
1633 14.977565808725295
1634 14.150800156261495
1635 14.83871348549082
1636 13.602526791431147
1637 14.29674260232
1638 14.7320111150125
1639 13.628522285248788
1640 14.439614034889853
1641 14.048930707500874
1642 14.201458237832284
1643 14.414809795053415
1644 14.475957556208616
1645 14.257419029338468
1646 14.212723404790427
1647 14.19916424782254
1648 15.347906780524045
1649 13.329600744733026
1650 14.119392129528565
1651 14.366784101409449
1652 14.625403852603638
1653 14.666252560395971
1654 14.58995700258457
1655 14.2022796976814
1656 13.83489163019029
1657 14.515701630078937
1658 14.071602042356444
1659 13.536247273399914
1660 14.569116552601935
1661 14.475315877436222
1662 13.652764834102113
1663 13.991683356206739
1664 14.155248227013939
1665 14.718761004615395
1666 14.764488625642391
1667 13.641642559269199
1668 14.029052305800581
1669 13.998647112748312
1670 13.555611879064436
1671 14.114779907069265
1672 14.696806095474063
1673 15.432443452808425
1674 14.226701407170694
1675 14.55390838937406
1676 14.411390006109295
1677 14.911879824814998
1678 13.907555122884876
1679 13.449908431685994
1680 14.38915148856421
1681 14.510085965742231
1682 14.019324622899928
1683 14.527482116496072
1684 14.065990112891628
1685 14.452007152749953
1686 14.419694502684257
1687 13.649094432654472
1688 13.949737677833053
1689 13.69404051807259
1690 14.136832422761026
1691 14.631799725955984
1692 14.366589318110073
1693 14.680268438050804
1694 14.578422559267256
1695 14.456444900857903
1696 13.936304872470009
1697 14.11183184584315
1698 13.47953912861181
1699 14.211270958275193
1700 14.133612977799167
1701 14.032728801606702
1702 13.842069106460356
1703 14.557212391484486
1704 14.845457146175642
1705 15.16484521695109
1706 14.082988912649768
1707 14.557494781496747
1708 14.923137898748374
1709 14.367341483312618
1710 13.813752231550717
1711 15.096336053035536
1712 14.21335547695767
1713 14.570153800529608
1714 14.535934920570792
1715 14.936510861746942
1716 14.31400856990287
1717 14.940122729626628
1718 14.026444954753742
1719 14.239655720376675
1720 14.670863138266098
1721 14.582969267428805
1722 14.689965363814483
1723 14.32199082047355
1724 14.583669287673455
1725 13.646076556623786
1726 14.211557547106002
1727 13.704624468694806
1728 14.081893631739751
1729 13.402536377255593
1730 13.395808804752145
1731 13.663143550931693
1732 14.270999435532698
1733 14.50372840729179
1734 15.4181134466149
1735 14.50879151332235
1736 14.707679329543188
1737 15.122821953529538
1738 14.817425384182842
1739 14.544542287813156
1740 14.12930070189722
1741 14.104857048956982
1742 13.71141329259417
1743 14.302854174394126
1744 15.335145974442753
1745 14.850580485960235
1746 15.400396930067451
1747 15.41548488726401
1748 14.718952837718941
1749 14.24381057055531
1750 15.132157522984642
1751 14.17099166198777
1752 13.777402918051202
1753 14.553241726292766
1754 14.224959070609662
1755 14.779893775548176
1756 14.793823560744128
1757 13.759615465500314
1758 14.873086318419464
1759 14.983166542076757
1760 14.426808931723608
1761 14.825368703183191
1762 14.435167980257177
1763 13.991886662215025
1764 14.278736804046696
1765 14.890310795226574
1766 15.295081908708545
1767 14.929324657045507
1768 14.169579956802078
1769 14.062180015561719
1770 14.556611259102889
1771 15.326038851405544
1772 14.927443237570209
1773 14.273398132427571
1774 15.056459159080191
1775 14.710106953291955
1776 13.99265094606927
1777 14.599188703571004
1778 14.137807063209436
1779 14.81595244315453
1780 15.230738301886745
1781 15.268234265196748
1782 14.843262898565898
1783 15.185586884674581
1784 14.587904858807198
1785 15.177970331660566
1786 15.496408864127808
1787 15.21760144390626
1788 14.798226946336525
1789 15.391791101179212
1790 15.317415851412218
1791 15.164391275722782
1792 15.039773158598342
1793 14.451847427972284
1794 14.873486187164453
1795 13.89804517901557
1796 15.580150146870027
1797 14.611100545855086
1798 14.580879712853518
1799 14.579882227551522
1800 14.201261297372634
1801 14.204560515968023
1802 14.704941396782285
1803 15.050588075279299
1804 15.066737772481925
1805 14.431039791357087
1806 15.180821996478997
1807 15.477540282723297
1808 14.910847706237083
1809 16.07914705808291
1810 14.966874233666298
1811 15.748876848291552
1812 14.73106733788236
1813 15.529562422874957
1814 15.055572103912866
1815 14.561737777819983
1816 14.902661473310484
1817 15.058291493059963
1818 14.850851553422139
1819 14.322447281944317
1820 14.658464442977083
1821 14.984184308231967
1822 15.105624717358793
1823 14.263870730732195
1824 14.192621125495085
1825 14.977442108761974
1826 15.01215584954865
1827 15.237622636183412
1828 14.61728444810254
1829 15.093712745636942
1830 15.175940576611334
1831 14.798158920078887
1832 13.806264482946911
1833 14.499392903305463
1834 14.927595132938178
1835 16.0914532517553
1836 15.127811099230403
1837 14.706263241290817
1838 15.11667038530349
1839 14.691069360191463
1840 14.403028483126722
1841 14.956914211597311
1842 15.227317917125394
1843 15.676236593320748
1844 15.21675476995131
1845 14.201549535382593
1846 14.263880996746078
1847 14.126284815545018
1848 14.656341640335768
1849 14.83008903769006
1850 15.211343926874125
1851 14.679763040842971
1852 14.927370203499976
1853 14.586995984151919
1854 15.153349065921223
1855 14.653239105065673
1856 14.39992675157571
1857 14.480442546623529
1858 14.981108178285073
1859 15.035701132945634
1860 15.291720711178431
1861 14.774915822381173
1862 14.35655160792518
1863 14.373506953332743
1864 15.036241067711781
1865 15.30860030570014
1866 15.294800115657083
1867 15.23427026355456
1868 14.813976345688705
1869 14.975282056893214
1870 14.50418728485943
1871 14.716906801512234
1872 14.894683265450618
1873 15.025140960318401
1874 15.05097567852329
1875 14.68061014442573
1876 14.891928001411157
1877 15.302921803568136
1878 15.260818006085788
1879 15.044987813177741
1880 14.702976128836156
1881 14.851664931738012
1882 15.07055540288314
1883 14.52982791346848
1884 15.66406339141831
1885 14.629833561632092
1886 15.581848987106724
1887 15.25591556380508
1888 15.426065989440778
1889 15.08477077297427
1890 15.221258349431219
1891 14.698847968497885
1892 15.309836324468185
1893 15.058498120580856
1894 15.413213517193716
1895 15.772250961236537
1896 14.076504171147906
1897 14.732217292724394
1898 14.933059990131413
1899 15.197306917180242
1900 14.941287468036638
1901 14.928134860694085
1902 14.404965888932125
1903 14.732936854235877
1904 15.748482322197153
1905 15.009284212073629
1906 14.981158089963888
1907 14.778008297680508
1908 15.01997172879343
1909 14.812085221706583
1910 14.694399063273549
1911 14.323095508570557
1912 14.62672797521463
1913 14.157902718883856
1914 15.113823253647395
1915 14.402436608335943
1916 14.76241438708207
1917 14.78509572196737
1918 15.638039759714703
1919 14.468543936393498
1920 15.151050997269977
1921 14.678723987144881
1922 14.2973582648444
1923 14.478619005400727
1924 14.620734919369438
1925 15.119704732255158
1926 14.123000485657665
1927 15.300836935648016
1928 14.923570924871173
1929 14.775806886882863
1930 14.914503008602452
1931 14.122557907659555
1932 13.902141717899015
1933 14.90126731260984
1934 15.188622719342689
1935 14.355088996551565
1936 14.114973493007767
1937 14.074791376980313
1938 14.994674426418737
1939 14.422635979601557
1940 14.206096782892903
1941 15.53120667291948
1942 15.064510802060473
1943 14.353342276930958
1944 13.646403888517517
1945 13.22315890374107
1946 13.485237437190664
1947 13.982804045015182
1948 13.987280219481429
1949 14.571575204889253
1950 14.114045388764296
1951 14.881435280030878
1952 14.36050376125547
1953 14.80608861947714
1954 14.96841336864202
1955 14.979167318000894
1956 15.0539736358036
1957 14.920621670325815
1958 15.030707645164284
1959 14.783230905215117
1960 14.654507692307515
1961 14.711046849281683
1962 14.997531858362695
1963 15.111390559165834
1964 13.65687151858116
1965 13.992245417510926
1966 14.988363639181461
1967 15.062243772039732
1968 15.127244009362244
1969 14.882176529681184
1970 15.089292397568064
1971 14.553647553429347
1972 14.389272080077415
1973 16.130854753638953
1974 15.667865084696794
1975 15.61595478295774
1976 16.105690995175248
1977 15.062781160797787
1978 15.035704682697954
1979 15.027574886931886
1980 14.70140775479339
1981 15.079241784535961
1982 14.535386607013857
1983 14.35272675419761
1984 14.610994195498595
1985 15.089690982974549
1986 14.953518487091328
1987 15.111320165655808
1988 14.964166901153478
1989 15.26587502067679
1990 14.682755174279851
1991 15.208356158142502
1992 14.647323005864916
1993 14.907956941588136
1994 13.74140635757184
1995 14.903056334937355
1996 14.58487636874424
1997 14.84259546237505
1998 14.579490815546533
1999 14.339907629057471
2000 14.954590804112737
2001 14.990229627192877
2002 14.47153256630152
2003 15.548363935792507
2004 14.554271724732843
2005 14.112022287050838
2006 15.407178181564895
2007 15.310629838327602
2008 14.700683473890019
2009 14.88236371406339
2010 15.170344697183065
2011 15.135638361689672
2012 15.570578051270534
2013 14.787015619298653
2014 15.167633549629612
2015 14.764211075081192
2016 15.372762227775294
2017 15.831832467064038
2018 14.754927201431201
2019 14.517226336363471
2020 15.020502587224081
2021 14.157485161367658
2022 15.034852351623826
2023 15.284326689200956
2024 14.109581698761675
2025 14.548786189796425
2026 15.237133727831731
2027 15.267253471768955
2028 15.240488515445978
2029 15.092567176807101
2030 14.61250885391429
2031 14.900755149811358
2032 14.780006278023935
2033 16.51789594508123
2034 16.30886678827256
2035 16.047748067523276
2036 15.977666931834431
2037 14.579944618821889
2038 15.023210624576306
2039 15.120345573453474
2040 14.617087307202034
2041 14.218515308862033
2042 14.77733045935421
2043 15.10191718278657
2044 14.810161665394805
2045 14.889953263958086
2046 14.742340393806717
2047 14.676644120663694
2048 14.579189160792652
2049 14.361225552902424
2050 14.037110905203336
2051 13.73864699793356
2052 13.900716689898236
2053 14.243895146619986
2054 14.399372080592592
2055 14.053370510945685
2056 14.125549338448712
2057 14.224898654627872
2058 15.736065740629018
2059 15.660096711108897
2060 14.717987478187846
2061 14.85802373425677
2062 14.340545665285614
2063 14.581240657116277
2064 14.57022641879089
2065 14.740291053087818
2066 15.180548009133213
2067 14.988972244930954
2068 14.373311695316366
2069 14.586572220685929
2070 14.59334674436557
2071 14.31170662501957
2072 15.218461015853402
2073 14.526819896780513
2074 13.73178488654045
2075 15.046045707115146
2076 14.913008532582673
2077 14.129693142229058
2078 14.132348983841581
2079 13.739663894462131
2080 14.412502250325584
2081 14.6762175308458
2082 15.421129239879683
2083 13.982517991175161
2084 14.716272192214195
2085 14.633103343270477
2086 15.264526170512
2087 15.04669465819244
2088 14.642484062911448
2089 15.083916386829825
2090 14.459959104323952
2091 15.50716934355479
2092 14.926043245566674
2093 14.57485242609082
2094 14.907907276637737
2095 14.158737166463128
2096 14.854380762764327
2097 15.323927161177528
2098 15.151929937765846
2099 15.262755942097991
2100 14.466185885322233
2101 14.456914603901538
2102 14.708106374902457
2103 15.333623073251333
2104 15.87615741349998
2105 14.998969387306593
2106 14.668552031769154
2107 14.682865338817942
2108 15.00276183914512
2109 14.692170987887414
2110 14.22496603885593
2111 15.105307540153
2112 15.235302930798106
2113 15.272122421590536
2114 14.860886625937448
2115 15.205691988142599
2116 15.047709146450812
2117 15.1430324552643
2118 15.097636229983923
2119 14.67109292820063
2120 14.9706052642477
2121 14.266362597677459
2122 14.873429547074366
2123 14.488585484860028
2124 14.44605142827178
2125 14.506309650647804
2126 14.986930488674322
2127 15.426828731063154
2128 13.892884477532455
2129 14.048955006800316
2130 13.707127827721342
2131 13.519332833742357
2132 13.453919888003686
2133 14.358360212875402
2134 14.860393894234736
2135 14.814890595403059
2136 14.848633619860914
2137 13.998652319058845
2138 15.000659760239847
2139 14.9519779818594
2140 15.610598433541593
2141 15.219344371250177
2142 15.27949015616899
2143 14.662616156895275
2144 14.973611200751165
2145 14.603605909829353
2146 15.212478680584573
2147 14.982817857083788
2148 14.396013216445938
2149 15.53205531714466
2150 15.569046545830396
2151 14.865365769426758
2152 14.012805190449662
2153 14.649216419583498
2154 14.956396603384098
2155 14.376568333134035
2156 15.168585765480577
2157 14.741651958551145
2158 14.717588787337917
2159 14.863338728644868
2160 14.12724183215455
2161 14.51859529733205
2162 13.762173206067377
2163 14.28900020114269
2164 14.885314300853597
2165 14.613359677985663
2166 14.668844916985153
2167 14.418391367810703
2168 14.704539940766331
2169 14.820688738528384
2170 14.902386436998118
2171 14.968052118027716
2172 14.786019710508716
2173 14.646924111429822
2174 14.770839798193636
2175 14.782292209931308
2176 15.00269449413879
2177 14.792744748604319
2178 14.738583766174797
2179 14.66612161488029
2180 14.976005300190637
2181 15.831524366831346
2182 14.862721440713251
2183 14.628606490454981
2184 14.687440033324107
2185 14.571386709679638
2186 14.796636351262284
2187 14.243475607211398
2188 15.124912674926025
2189 15.145639780431434
2190 14.97659771086279
2191 15.287071631446894
2192 14.900161213482926
2193 15.708269919324792
2194 15.541235546335146
2195 15.287322894218173
2196 15.424561645378008
2197 15.067014607668833
2198 15.362991541083598
2199 14.367770365228328
2200 14.367762949707933
2201 15.450815723191024
2202 14.701927793290258
2203 15.508844871865078
2204 15.170833941621073
2205 15.765061628400106
2206 15.295799497069746
2207 14.971440727537875
2208 14.80123903156235
2209 14.792797271029036
2210 14.528271682046508
2211 13.90684353710114
2212 14.358325165356513
2213 14.423171413109023
2214 14.493379724278407
2215 14.93171360158397
2216 15.044555225500687
2217 14.643457214799072
2218 14.482618830407167
2219 15.300004380127763
2220 14.129899497444644
2221 15.318963225773109
2222 15.770865151039025
2223 14.802274773705049
2224 15.13503757597532
2225 13.004089408683475
2226 13.052168707837678
2227 14.168037542074883
2228 13.617259465969036
2229 13.17340436831225
2230 13.047596121310937
2231 12.905620069035427
2232 12.509273483908496
2233 12.594635589176129
2234 12.08902179112414
2235 11.765498641247614
2236 11.899358844690262
2237 13.474173848346803
2238 13.397679994979217
2239 12.240758610318897
2240 12.38422645987638
2241 12.873062926670759
2242 12.894749788478423
2243 12.690251267325936
2244 12.810879897975255
2245 12.864825818814204
2246 12.483248793739962
2247 13.003878416687277
2248 12.619230907104436
2249 12.007846771331689
2250 13.143817010098491
2251 12.132167039868904
2252 13.197092088980193
2253 12.784437592052873
2254 12.99804001947076
2255 13.391999559866543
2256 13.254624295174988
2257 13.435728528220947
2258 13.2818072270206
2259 13.224888280385871
2260 12.318015882324566
2261 12.682499405806547
2262 13.96674840919717
2263 15.042802687329406
2264 14.349491772112126
2265 13.383476291554334
2266 12.864035043462335
2267 13.846708035460983
2268 13.725966461701274
2269 13.851382687314068
2270 12.882900504816885
2271 13.134468357234882
2272 13.225720839018177
2273 13.83757207352486
2274 13.864227702903358
2275 13.442330220718672
2276 13.37717313759887
2277 12.718287817000672
2278 12.687038255211394
2279 13.384367631792585
2280 13.171882542129353
2281 12.381828979749386
2282 12.788756458359815
2283 12.967634386471884
2284 12.566668076640193
2285 12.693806310097475
2286 12.85273879516898
2287 13.004460749259978
2288 13.192944821652658
2289 12.950970667509694
2290 12.543915270966256
2291 12.540904222909544
2292 12.979328312493136
2293 13.161040865875176
2294 12.976814666680006
2295 13.139772060677041
2296 13.013448076165112
2297 13.431867619512635
2298 12.100559007515766
2299 13.503741915627579
2300 12.980032160912867
2301 13.15783642223777
2302 12.839862053941902
2303 12.895614631960207
2304 13.288155783292236
2305 12.92279001059838
2306 12.7919058059688
2307 13.212074859166943
2308 14.771703396765137
2309 13.20655252674536
2310 12.829472621538537
2311 12.782716899999796
2312 13.020067965292574
2313 12.577649665580456
2314 12.521796090789602
2315 12.811293143274828
2316 12.525469546944597
2317 13.290127408112767
2318 12.722516995983444
2319 12.380515197302024
2320 13.340745677822751
2321 12.175779857780235
2322 12.144239442611514
2323 12.588354888739428
2324 11.871891704003371
2325 12.338546832028927
2326 12.726737671989296
2327 12.37822546915143
2328 12.051661744336021
2329 11.790063256025771
2330 12.180942589508637
2331 12.212997000957516
2332 12.64229403010562
2333 12.649533720631709
2334 12.422204382379345
2335 12.471586164217156
2336 12.619574629628916
2337 12.62040282407936
2338 13.236746774774451
2339 14.365702940906498
2340 13.656044357716137
2341 14.610771294059193
2342 13.769646153365347
2343 14.380620329763847
2344 14.366937443107268
2345 13.747196763927487
2346 13.603241995535797
2347 14.712235859596996
2348 14.251021930206472
2349 14.473910046428497
2350 13.567306986263846
2351 12.522926830500339
2352 13.235103419454273
2353 11.915935432607169
2354 12.491723637688818
2355 11.55402509095502
2356 12.192692323095555
2357 12.103065471423145
2358 11.65764432048238
2359 11.862843922394326
2360 11.80901854989243
2361 11.991892897767269
2362 11.77511689023452
2363 11.812886828373152
2364 11.988916832080074
2365 11.98070811142348
2366 12.19324162232441
2367 11.774087314215773
2368 12.214687782256409
2369 11.850577675945424
2370 11.831760921292853
2371 12.258194100158452
2372 12.01330752661802
2373 11.875733724379263
2374 11.743463538218844
2375 11.974148783873536
2376 11.974933372786492
2377 13.991822177247263
2378 13.694660698713488
2379 13.566191832749706
2380 12.644831504965788
2381 12.870900014142643
2382 13.80883287643818
2383 12.324821750632637
2384 11.993872659017192
2385 12.82825805407794
2386 13.091602858202393
2387 13.721372765851086
2388 13.253134701697
2389 12.311894163620632
2390 13.306960433080635
2391 13.151510340628628
2392 13.552632650295449
2393 13.07260584697639
2394 12.608659907157202
2395 12.657153175790036
2396 12.764891668534833
2397 12.437731224023405
2398 12.832365891591248
2399 13.021007985704353
2400 12.622610455874964
2401 13.263523001241909
2402 13.157566528302066
2403 12.806832625346315
2404 12.578628340902645
2405 12.770026494006435
2406 12.817202545016254
2407 13.376836479735626
2408 12.952110131617669
2409 13.049876662036068
2410 12.947607085518227
2411 11.93503072945698
2412 12.412934277664094
2413 12.875587684364978
2414 13.050379176008839
2415 12.97960012922529
2416 12.451782188516148
2417 12.630029191688028
2418 13.317437746055768
2419 12.690515061725385
2420 12.221965321040985
2421 12.16096690735859
2422 11.960774834196613
2423 12.303210110405148
2424 11.979651026127122
2425 12.289194349773606
2426 11.734453605043146
2427 12.61787531951077
2428 13.321582191358571
2429 13.220656767081133
2430 14.006900042072402
2431 13.471318472385931
2432 13.15435948949799
2433 12.711556569738379
2434 12.997062764006792
2435 12.68903424436899
2436 13.031253271804506
2437 12.314380247729071
2438 12.179316568349472
2439 12.786790026265171
2440 12.944354393801614
2441 12.253096265702991
2442 14.199261741952654
2443 13.68211779915643
2444 13.214605823279301
2445 13.446860391520168
2446 14.096167269933902
2447 13.565933257307327
2448 13.051872088922723
2449 13.208896103258791
2450 13.35250340916017
2451 13.763264169414272
2452 13.456378768843193
2453 13.012000448699206
2454 13.641243918151659
2455 13.83698478546115
2456 14.162746425460982
2457 13.501166130763794
2458 13.49160748326352
2459 13.637628061378084
2460 13.956026852178727
2461 14.43673572659725
2462 14.313631851993842
2463 14.196547734599863
2464 13.277047509173864
2465 13.637545729911613
2466 13.55293377045554
2467 13.97924493328237
2468 13.49485965123169
2469 13.487845847100862
2470 12.666903088523545
2471 13.055957783190912
2472 12.468613598893267
2473 12.221119593542058
2474 12.52318289929671
2475 12.922536476185128
2476 12.840589757859552
2477 12.86397971188175
2478 12.916737316358676
2479 13.203706945015748
2480 12.712617412327797
2481 12.988162472381717
2482 13.654774447518049
2483 12.56784898856108
2484 13.091139876097472
2485 12.34825322928028
2486 12.693377902571322
2487 12.883343716959656
2488 12.567541414978306
2489 13.295092225219046
2490 12.068365776369939
2491 12.597929155018683
2492 12.74146567955756
2493 12.511197838049668
2494 12.030624788905445
2495 11.470184808803886
2496 11.342038262472794
2497 11.548637180817408
2498 11.219881213490984
2499 11.222962285004716
2500 12.294365473825811
2501 11.705879549078974
2502 11.567012529255132
2503 11.68550237526871
2504 11.659844229138649
2505 12.090453680772326
2506 12.031964102917827
2507 11.795119672155426
2508 11.885318454251694
2509 11.65618185786296
2510 12.124147647956423
2511 12.075346690039797
2512 12.43017619317766
2513 11.801206540544706
2514 12.056382009901352
2515 12.15139510539879
2516 12.223824870336134
2517 11.80916807959493
2518 11.205237553079872
2519 10.785166091582925
2520 12.090061320733897
2521 11.595312853262847
2522 12.047223437278744
2523 11.882691945134143
2524 11.786123017096344
2525 11.779809339174102
2526 12.470821228661332
2527 12.291203834042514
2528 12.1918344527102
2529 11.310486157917612
2530 11.500607296442753
2531 11.28265579192342
2532 11.424193475884142
2533 11.25238322191049
2534 11.963388561559354
2535 12.537103905631502
2536 11.942361743357013
2537 13.393792773950628
2538 12.540970041821815
2539 12.006224669813378
2540 11.764322067665848
2541 12.318985067368498
2542 11.87156385159526
2543 12.240003561879861
2544 12.747109252717108
2545 13.46339205987346
2546 13.641684452229049
2547 12.818294224281683
2548 11.719416472719534
2549 11.394339625092408
2550 11.596722956357445
2551 12.175493511106753
2552 11.329687360675473
2553 11.490880629070833
2554 11.478702380097085
2555 11.13784669375535
2556 11.671736485256089
2557 11.370984544633275
2558 11.534105657505252
2559 11.45802639335508
2560 11.629433048070837
2561 11.646166963096995
2562 11.470072041703608
2563 11.911025006686494
2564 11.4228047786739
2565 12.109764501030082
2566 11.515504534130883
2567 11.085263207454915
2568 11.784455187359868
2569 11.676357162145003
2570 11.38181670998109
2571 11.492093168874609
2572 11.49775552678449
2573 11.329152034136094
2574 11.340173735468694
2575 11.109176038771302
2576 11.615501349600194
2577 11.152007130711057
2578 11.919167682070812
2579 11.073901440375462
2580 11.825835376476688
2581 11.913022124746192
2582 11.695291331714142
2583 12.034224340436856
2584 12.255820760599198
2585 11.639560593966314
2586 11.79610185473232
2587 12.170933169129382
2588 11.792690383533605
2589 11.426826002772724
2590 11.381228717532885
2591 12.200639417226272
2592 13.14356394007214
2593 13.18563959248038
2594 12.774539011752857
2595 12.354749549259987
2596 12.80420029403487
2597 12.977548713302168
2598 13.46771188360238
2599 12.912647417000562
2600 12.172878503708658
2601 12.180565136545386
2602 12.165315781926642
2603 12.185060909959436
2604 12.380180322380111
2605 12.40380187237336
2606 12.865813325810564
2607 13.016770024413152
2608 12.267924214469613
2609 12.21035558930662
2610 12.016786026371108
2611 12.462727344543172
2612 12.650921911685705
2613 11.287895771958924
2614 11.895140434036392
2615 12.888311519068116
2616 13.168871798302868
2617 14.430588911979799
2618 13.572918162695167
2619 13.142938289320258
2620 12.746883053799502
2621 13.403110030992973
2622 12.99484705366653
2623 12.793741039874632
2624 13.03512426050781
2625 12.501326063503763
2626 13.134988132850681
2627 11.246025311915156
2628 11.452134623579536
2629 11.911625961338224
2630 12.166847832679478
2631 12.654079695321347
2632 12.361840616774199
2633 13.310614791224564
2634 11.578994049216897
2635 12.492087367732656
2636 12.746408141445109
2637 12.821632648924417
2638 13.338326854353342
2639 13.208637291068852
2640 14.131962955173876
2641 12.660222617783091
2642 12.351916200175733
2643 13.10488548826906
2644 14.01943776990471
2645 14.3695493329147
2646 13.979777441976285
2647 12.716602761221436
2648 12.304921084139679
2649 12.62277939326335
2650 13.440341509754766
2651 12.991737222678761
2652 13.966167021067363
2653 13.695105137050142
2654 13.607450410218547
2655 13.605064430301576
2656 12.90742915324216
2657 13.687947772980692
2658 13.73500849188886
2659 13.924354206525392
2660 13.815374069636137
2661 13.325323087901221
2662 14.327769882228692
2663 13.792534648573863
2664 13.748090010825104
2665 14.255545303020305
2666 14.11780035194902
2667 13.86936824732479
2668 12.654381650803513
2669 12.984750016456822
2670 12.153769702340874
2671 12.785316230604602
2672 13.246054175017681
2673 11.534939898544105
2674 11.67947836749932
2675 11.849674652705854
2676 12.304894271745002
2677 12.30157974539695
2678 13.37327937018346
2679 11.627534194138558
2680 12.102430247677509
2681 12.034674942396688
2682 12.895342530393389
2683 12.583204578851648
2684 11.23961199305678
2685 11.33841915484579
2686 12.296136084707934
2687 11.676808099582018
2688 11.716975816978
2689 12.131376071981448
2690 11.57911178314785
2691 11.553753208846537
2692 11.488120063832103
2693 11.242794939373939
2694 11.536301175656556
2695 12.005028886014005
2696 11.459242550257512
2697 12.501078434878146
2698 11.65846313282002
2699 12.262193534519529
2700 12.138449507162807
2701 11.721267813172288
2702 11.650646778555235
2703 11.260771391647541
2704 11.66627527921563
2705 11.75994342422484
2706 11.5224024644816
2707 12.250783753339597
2708 13.83567565260603
2709 12.16818663934604
2710 12.148627163283722
2711 12.656109011874912
2712 11.804295908805384
2713 12.559195088880498
2714 12.040796353910576
2715 12.224589342719193
2716 11.76395802726261
2717 12.295117087576738
2718 12.529006758200596
2719 12.087038521187873
2720 11.697743318016387
2721 12.426329636945361
2722 11.927520363443469
2723 12.66132958555772
2724 12.207873667533567
2725 11.900644070191474
2726 12.416223799962605
2727 12.162093824754201
2728 11.579061490381843
2729 11.895548240674055
2730 11.58628892740496
2731 12.262333655426302
2732 12.67788551083756
2733 13.275010876616033
2734 12.033832792005935
2735 11.420620868655286
2736 12.842308608260915
2737 10.9657183080596
2738 11.425370215105174
2739 11.95468747599957
2740 11.972362985355655
2741 11.603325608621782
2742 11.865881642768784
2743 10.974533288362872
2744 11.764356998281125
2745 12.007423474411539
2746 12.322458689267185
2747 11.897839589746814
2748 11.7893660582109
2749 11.841956031632723
2750 11.699249138664175
2751 11.900903377939917
2752 12.157726168996822
2753 11.556523541320015
2754 12.684960748648905
2755 11.884059781041886
2756 12.0529179286121
2757 12.189938093450431
2758 12.320073438769294
2759 12.051611459676943
2760 11.3192429827765
2761 12.297001040636227
2762 11.263216315186245
2763 11.964708972914284
2764 11.818262477883945
2765 11.758286820108625
2766 12.411315681275168
2767 11.978945524586475
2768 11.919333552593958
2769 12.216854003562556
2770 11.603790077325392
2771 11.74810168174935
2772 11.90348513626667
2773 11.88335698942645
2774 12.201256506170115
2775 11.9784137188076
2776 11.425731733410633
2777 11.831676491588146
2778 13.041424658903212
2779 12.529745075507678
2780 11.832548578568023
2781 12.048879897872665
2782 12.292243528389825
2783 11.527362324210824
2784 12.25126159372365
2785 12.100867502346583
2786 12.462733194130045
2787 12.14923646518409
2788 12.523079454357037
2789 11.360268415959387
2790 12.171896107692062
2791 12.257758030412285
2792 12.143094124050664
2793 11.532699128905591
2794 12.903250534131242
2795 11.934803010733038
2796 11.800453267860524
2797 12.04147864109789
2798 12.020440179285638
2799 12.434610664037267
2800 11.658607794649507
2801 12.070245511349949
2802 12.53874548299071
2803 12.940028481840653
2804 11.862068286200142
2805 12.017736328370928
2806 12.247249316263021
2807 12.507323156749207
2808 12.881299314008398
2809 11.840463153696845
2810 12.712114899891509
2811 11.811173631020731
2812 12.027843931030878
2813 13.007213752445304
2814 14.204441064118535
2815 12.357362673637713
2816 12.721809688253856
2817 12.796103156717239
2818 12.687664880505643
2819 13.179822801740972
2820 12.51507776487259
2821 13.030096492354208
2822 12.319619094422885
2823 13.238029245013948
2824 12.623325342143408
2825 12.540147456691543
2826 12.061952584736991
2827 12.225032082361354
2828 12.026127436972608
2829 12.568922854794383
2830 12.368435159143607
2831 13.341118688202734
2832 13.5405545652559
2833 13.015419688649807
2834 12.827116817475094
2835 12.573567935346906
2836 12.606944532165903
2837 11.94131251737783
2838 11.841940454125856
2839 11.9998127594242
2840 12.023515339875695
2841 12.244030674945483
2842 12.709077303872393
2843 12.642134581310376
2844 13.096250195913765
2845 12.073335878457954
2846 11.764428885212848
2847 12.359672409689464
2848 11.976339534451025
2849 11.547978280802136
2850 11.439503437546144
2851 12.650776790284048
2852 12.568227253062856
2853 12.46689414588051
2854 12.207866802166693
2855 12.184881400009397
2856 11.606057683100909
2857 12.556528278718863
2858 12.123282992866994
2859 11.997772284183691
2860 12.622451074426241
2861 13.031037290506319
2862 12.645035696727591
2863 14.1215293250858
2864 13.400287623825179
2865 13.904149822119319
2866 12.648193703135295
2867 13.147357116792545
2868 12.060370590757248
2869 12.029054520467536
2870 11.711055099846059
2871 13.38083590702217
2872 13.50181063372128
2873 12.817064173063011
2874 13.35008181538055
2875 13.441132284926397
2876 13.579372144507348
2877 13.025942264871611
2878 12.611955884888587
2879 13.06140377382153
2880 11.323068838128778
2881 11.374333518419066
2882 12.7931906212061
2883 13.69297168563166
2884 13.27255837445571
2885 12.720850275174952
2886 11.852340655985664
2887 12.978759346519954
2888 13.111141440603499
2889 12.713147555865865
2890 12.884504398898223
2891 12.059096469866512
2892 12.098154779760474
2893 11.681146394042548
2894 12.734607857549792
2895 12.543607152620174
2896 12.944477417459959
2897 13.079115734919226
2898 13.520340271526115
2899 13.31031331425363
2900 13.02682520308637
2901 13.255072078461312
2902 12.763003107474871
2903 12.157398209808226
2904 12.30503985319455
2905 13.512142259396411
2906 13.630759173670599
2907 13.548642192002507
2908 13.175375446380567
2909 12.853230825875917
2910 13.448261922252028
2911 13.216764996559334
2912 14.001621193151244
2913 12.44681341349406
2914 13.494906070391105
2915 13.470749263963203
2916 13.43237683998456
2917 13.746644344282437
2918 13.382973835283055
2919 13.375335404393876
2920 13.071586128682569
2921 12.86810772541169
2922 13.33846912696062
2923 13.177773256191058
2924 12.041544558234493
2925 12.16687698982757
2926 13.0937067021107
2927 12.922855271903337
2928 13.182898922167286
2929 13.617200728131811
2930 13.012209151371017
2931 13.33660150738443
2932 13.173802500975881
2933 14.085467686449558
2934 12.482801648213162
2935 12.051708441618624
2936 13.461732851998294
2937 13.259818236770935
2938 13.38714409601247
2939 13.311176561070006
2940 13.83363977218433
2941 13.453731389635019
2942 14.534580230468224
2943 14.173637747525717
2944 13.838208884230704
2945 13.462938616824282
2946 14.546756057994338
2947 13.952901606157448
2948 13.37592456347815
2949 13.70251556380748
2950 13.404554022404257
2951 13.283862202721856
2952 13.446397757271512
2953 14.050904171321344
2954 13.188626997942066
2955 12.57188162836182
2956 12.14912472476279
2957 11.299020112241726
2958 11.712789056347532
2959 11.453334490992045
2960 12.653818731414006
2961 12.576497263156575
2962 13.288769655974313
2963 14.156355913369435
2964 13.563053919712711
2965 13.957178471323296
2966 14.146353847926472
2967 13.386000249249003
2968 14.128714448607948
2969 13.780720195164482
2970 13.399772860466333
2971 12.274046593910633
2972 12.552513839160275
2973 12.105830329605048
2974 12.919300989606194
2975 12.672697564644723
2976 11.69325539758643
2977 11.430560095310664
2978 12.128945679219962
2979 12.23504170079431
2980 12.001326290173054
2981 11.942785614094747
2982 13.672803317038445
2983 14.375683152532318
2984 13.64446116812613
2985 13.587318614116809
2986 13.811581085163295
2987 14.078927297269598
2988 14.110875611866579
2989 13.051376854880939
2990 11.746252601926617
2991 13.17246541941073
2992 12.208205292441395
2993 12.308582675028127
2994 13.36811165974615
2995 13.417534211414443
2996 12.775321049325335
2997 12.395842154053753
2998 13.2047323377071
2999 12.951091226766652
3000 12.622699046292327
3001 12.452413733793772
3002 12.753978862139071
3003 12.787221490631653
3004 13.388272185287356
3005 13.362635886979183
3006 13.139587105854254
3007 12.932182796199024
3008 13.013889144221737
3009 13.10914523197463
3010 12.71762186917217
3011 13.236744170519728
3012 12.922563054175148
3013 13.230243217757218
3014 13.247450138705265
3015 13.243758033846476
3016 13.664799544055827
3017 12.441144069356463
3018 13.602722110525628
3019 13.852445362944339
3020 13.342342577136002
3021 12.025190011219793
3022 13.130512858079836
3023 12.658683612677622
3024 12.218311183816283
3025 12.578275677605939
3026 12.193978059019537
3027 12.024481301127093
3028 11.862584590937233
3029 13.751036727282953
3030 12.576146590129502
3031 12.887247218093743
3032 12.894908753625677
3033 13.492617281781463
3034 12.943736257618882
3035 12.512657763344626
3036 12.489529012405823
3037 13.035155747228135
3038 12.784699179042072
3039 11.929372605527435
3040 12.049601453466932
3041 12.585091771936757
3042 12.394055441264298
3043 12.817036542568228
3044 13.581885362186167
3045 13.108431390350566
3046 13.586314243914144
3047 13.04390712120708
3048 13.753398365924397
3049 14.274978927492675
3050 13.52518508797463
3051 12.960216171265213
3052 12.463346447625076
3053 13.53066534092283
3054 12.712965055936476
3055 12.438865133318098
3056 13.24815805227144
3057 12.66609519136483
3058 13.262002862311492
3059 13.211487570831512
3060 13.068781322321346
3061 13.709024684556265
3062 12.301721329115416
3063 12.876501945399202
3064 13.025820807113096
3065 12.924817683300262
3066 12.788197277662482
3067 14.169469379213906
3068 13.70265479924955
3069 12.716028540919483
3070 12.844425256670911
3071 12.241003149910442
3072 12.812006509854115
3073 12.966002687050727
3074 12.406136064940767
3075 12.320089668053141
3076 12.272385755632738
3077 12.532370610742515
3078 13.143341264280767
3079 13.044040578739201
3080 13.74225624762974
3081 11.879278556887286
3082 12.184267386455106
3083 12.467331631402493
3084 12.287379184130536
3085 12.637135006187695
3086 13.030898551655604
3087 12.066412379687458
3088 13.114756108609733
3089 12.836108459100553
3090 12.85830093327765
3091 13.139268871260725
3092 13.462037708071819
3093 13.808288811422399
3094 13.346157247056787
3095 12.847910909672791
3096 12.788179205234261
3097 13.338176559798361
3098 12.04577402465086
3099 12.288200521074748
3100 11.456530507865647
3101 12.022161959696778
3102 11.679864908764136
3103 11.781371453267377
3104 13.009580095298114
3105 11.653612128668247
3106 11.85066320896916
3107 11.208229332045685
3108 11.823965660308513
3109 11.683492394990045
3110 12.47433254729561
3111 12.679943825845422
3112 12.985451982804523
3113 12.741666185022197
3114 12.588760466636321
3115 12.984610333004419
3116 12.060057581321965
3117 11.907097735478658
3118 12.932723447270835
3119 13.905783678158734
3120 13.171581253479104
3121 13.876769673879682
3122 13.751915080007018
3123 12.147212175487535
3124 12.22626813858183
3125 13.845502944950496
3126 14.068235378787534
3127 13.600352184383514
3128 14.325176416778652
3129 12.904687550158442
3130 13.451942723631651
3131 13.00319329828687
3132 13.060884542428365
3133 12.892517389565855
3134 12.480234750773281
3135 13.97400594205684
3136 13.085873212461813
3137 12.791276683858761
3138 11.78165236716916
3139 12.242619366153397
3140 11.89413780315282
3141 12.21981282398417
3142 12.100165183473845
3143 12.697342874636801
3144 11.661460375177537
3145 12.290822891049118
3146 12.54086557021043
3147 12.153666053412314
3148 11.982085674562633
3149 11.915962510642686
3150 11.723551001384585
3151 12.13570413274292
3152 12.083090943164487
3153 13.43242457455651
3154 11.942251410145488
3155 11.93364650201962
3156 11.924710933120105
3157 12.288488702846418
3158 11.963107830744878
3159 12.017932638129166
3160 11.881052390493661
3161 12.186147666045287
3162 11.7937674442846
3163 12.172761636102502
3164 12.576869124930957
3165 11.695593813740464
3166 11.98720726407644
3167 11.82548097758719
3168 12.938409544811753
3169 11.832356389328954
3170 12.318443124746196
3171 11.822565356996346
3172 12.882149411112056
3173 12.088705254734663
3174 12.45026416609792
3175 12.150584424763542
3176 12.592889595620274
3177 12.082912809994475
3178 11.982689058415472
3179 12.422451240061273
3180 13.405194314425128
3181 12.772301489335309
3182 12.571892230922806
3183 13.848584816513387
3184 13.925639857037984
3185 14.152503822492001
3186 13.958088844358203
3187 13.728343248754816
3188 13.195235168094634
3189 14.877985595155536
3190 13.543461432317747
3191 13.430871728151656
3192 13.277159917148815
3193 12.9195833964717
3194 13.289016032706403
3195 14.19041896685769
3196 13.412600464451248
3197 13.008976372156873
3198 12.915654061335909
3199 13.735678918950567
3200 13.488016139715759
3201 14.202477595223659
3202 13.131477150268543
3203 13.004748156125693
3204 13.60415280220508
3205 12.8321073255122
3206 12.897630669077904
3207 13.97521848983339
3208 12.633563750673215
3209 13.3721350130604
3210 12.98249944397206
3211 13.114863913632142
3212 13.332485624528141
3213 13.04205742384983
3214 11.910244534548369
3215 11.492773782698976
3216 12.491442681693739
3217 12.04877496933343
3218 13.385046704225454
3219 13.314568541170823
3220 12.470831028259656
3221 12.88645267487825
3222 13.457763286320086
3223 13.934847638943463
3224 14.221282211367502
3225 13.166559373327859
3226 12.105252768894822
3227 13.742952257998951
3228 12.733445417115608
3229 13.462461185369838
3230 12.180593600948576
3231 12.145673931220372
3232 12.078950839580909
3233 12.455407739053753
3234 11.766500781386636
3235 12.861275788098222
3236 13.204592833900488
3237 14.02747181280516
3238 12.827425766326273
3239 11.877613932845096
3240 12.285966314179072
3241 12.029181959675375
3242 11.739247666833013
3243 12.933589866628608
3244 12.251269147525472
3245 11.592063645784986
3246 11.775388523563493
3247 12.166469216168746
3248 11.987013205826244
3249 12.628659402556215
3250 13.588438487756344
3251 13.431548552551742
3252 13.252042166070487
3253 14.58386601918979
3254 12.406842793165412
3255 13.728931542048937
3256 12.543834971789133
3257 12.882015169323878
3258 12.926918948157848
3259 11.773318740795018
3260 11.877404478317015
3261 11.292336127636503
3262 11.626162204329116
3263 11.74215886527118
3264 12.292481259301745
3265 11.78372662313501
3266 12.740138397937878
3267 12.004831104769732
3268 11.084189957717498
3269 11.484679620770217
3270 11.210135130028087
3271 11.763272964019519
3272 11.404528026567341
3273 12.137455640398107
3274 11.466539146746628
3275 12.108110400698646
3276 11.069247305377058
3277 11.565832328181543
3278 12.357472618992704
3279 11.752605504661465
3280 13.711231348593834
3281 13.056937203219032
3282 12.354420355888259
3283 11.896034510499787
3284 11.559466295619973
3285 12.711606631867607
3286 12.348155407142809
3287 12.537069912998591
3288 12.395511951808386
3289 12.889302269641327
3290 13.052973146873793
3291 12.275919861578991
3292 12.374190234000162
3293 12.490419219851365
3294 12.108826108745449
3295 12.27731903530884
3296 11.920334761116955
3297 11.726405842034591
3298 12.515338914677978
3299 11.472454041661447
