0 11.786489653215082
1 11.768431955012195
2 11.700345604531991
3 11.674055499540296
4 11.698887235372393
5 11.513081438634435
6 11.206082800685353
7 11.669570464860605
8 11.405882448344688
9 11.33154358181218
10 11.754297270890664
11 11.75542143270303
12 11.597032286601435
13 11.672103146525187
14 11.725016466712002
15 11.290792475347619
16 12.13457254549457
17 11.266608649973843
18 11.8055983206131
19 11.986026937082364
20 11.436819292097105
21 11.655354954752509
22 11.512420401474957
23 11.268135921641125
24 11.59364457723887
25 12.004184945198112
26 11.663115203904272
27 11.423423403171896
28 11.73240425659902
29 11.62392503956498
30 11.614082625776325
31 12.01428659639123
32 11.524465614006207
33 11.33994914439963
34 11.695904767159327
35 11.453963186598004
36 11.280482096859455
37 11.360024189932378
38 11.520315024970795
39 11.548895952126985
40 11.466128443549156
41 10.860405947085388
42 11.080430732681775
43 11.406502957539297
44 11.55168176973524
45 11.946665559378642
46 11.386054081073462
47 11.805954440378374
48 11.27352292729918
49 11.41944730088144
50 11.92237956242328
51 11.685028837138713
52 11.629726586057183
53 11.5166248314081
54 12.383327382468302
55 12.058840991475606
56 12.024640115935933
57 11.810969899375207
58 11.694104660844058
59 11.617406294036599
60 11.380633964319728
61 11.499006077218905
62 11.537225030458849
63 11.60253618550225
64 11.592807677469052
65 11.74636842703746
66 11.71483092449116
67 11.441495433496756
68 11.582008633637647
69 12.037226358503892
70 11.410926247560196
71 11.850661417414885
72 11.731271681097757
73 12.10092625955559
74 11.417635424035904
75 11.867861396744534
76 11.151613503089534
77 11.062312472378132
78 11.546733035471952
79 11.407430548441168
80 11.856580432281262
81 11.417223888486944
82 11.38960886700695
83 11.771689302574396
84 11.460836386020272
85 11.519070368549105
86 11.555587974374477
87 11.629583085572367
88 11.593995961622321
89 11.59340104548633
90 11.766730864889514
91 11.809714619835345
92 11.420712253429924
93 11.6830513400551
94 11.946867064474937
95 11.671601596820912
96 11.90564132367313
97 11.767941685047049
98 11.63223678461383
99 11.541049152494953
100 11.431422245553874
101 11.865074479511447
102 12.186996927862394
103 11.935462985093515
104 11.712531472976018
105 11.570249950140148
106 11.798245671667747
107 11.604522885462716
108 11.6791939979536
109 11.652636466431066
110 11.52317535862487
111 11.655706333056148
112 11.771538188903827
113 11.549224207324878
114 11.72842390358977
115 11.71859409326479
116 11.740162587129426
117 11.133332457516017
118 11.716306837270446
119 11.166841222128962
120 11.027336737378295
121 11.689999399620248
122 11.068810576343902
123 10.909762832023024
124 11.22728414210988
125 11.621699125021859
126 11.620291890801957
127 11.769783384049289
128 11.00749545734643
129 11.511038439638671
130 11.837239058935218
131 11.715580225592756
132 11.62069794083363
133 11.295988412452513
134 11.092561758974734
135 11.302965903887927
136 11.485512214367608
137 11.533238607652947
138 11.703220881266994
139 11.456572328823137
140 11.703769517929434
141 11.538199852187692
142 11.423017430800169
143 11.686833443563634
144 11.627821394938657
145 11.358228078965857
146 11.464503030703579
147 11.912343157920864
148 11.335813047452419
149 11.575982191194372
150 11.315974108084239
151 11.61971334377308
152 11.904969414856579
153 11.134547526684148
154 11.546618541047765
155 10.838019181448765
156 11.448768962362562
157 11.004856405112168
158 11.328737650495047
159 10.929019786312345
160 10.887277925667915
161 11.27325077670068
162 11.459286206843846
163 11.038220875848959
164 11.2467496226254
165 10.798488563039328
166 11.095314612587114
167 11.28065898175419
168 11.180231643816747
169 11.456740807789107
170 11.39983455130376
171 11.066945668884898
172 11.308912413649557
173 11.695767694581804
174 11.452500908733839
175 10.902896138030199
176 11.647350203743235
177 11.129654778192357
178 11.526990864602944
179 11.865692739285253
180 11.579809861140888
181 11.632442026196586
182 11.638483343082614
183 11.432259006448515
184 11.267264838311299
185 11.491237665609416
186 11.426076295181508
187 11.636415752707528
188 11.532055130883602
189 11.256852875456374
190 11.262546504891786
191 11.140555471193
192 11.499997916843995
193 11.048507471298292
194 11.062267155780823
195 11.157559308748757
196 11.535099849711457
197 11.335529027854752
198 11.17801042079324
199 11.171672413253102
200 11.440954311403546
201 11.52791784421697
202 11.431337140385534
203 11.06018463276084
204 11.74108423255162
205 11.161417845295361
206 11.465610530515844
207 11.662716315887073
208 11.063834348833215
209 11.453242891395153
210 11.572696027923577
211 11.445049471992338
212 11.501482902240872
213 11.477514871265358
214 11.277228971571752
215 11.400650379816184
216 11.094857207022821
217 11.229428383740048
218 11.591019424392144
219 10.901812270968302
220 11.477425713440649
221 11.40438419325326
222 11.586375977253303
223 11.328189511657094
224 11.21177684821936
225 11.144305852564512
226 11.004777420096095
227 11.480509079103781
228 10.604959278556189
229 11.50571428355534
230 11.382264193433414
231 11.671539472925135
232 11.548801004591752
233 11.371342224999475
234 11.134409282738979
235 11.20279022785212
236 11.213976686718592
237 11.337737653926338
238 11.497100815205679
239 11.469382103004659
240 12.019750704521066
241 11.469287035047907
242 11.695896268783637
243 11.65138005351861
244 11.775136633212357
245 11.40202063269079
246 11.424933726802598
247 11.360825258458988
248 11.301824860253115
249 11.396538027595199
250 11.39155772384212
251 11.116809807407979
252 11.588210896091734
253 11.157317422124429
254 11.80240773589249
255 11.503006263272807
256 11.562527843212381
257 11.740421266200967
258 11.797601634396157
259 11.47727409932701
260 11.462582173895596
261 11.23543417183948
262 11.308430642825265
263 11.29777843928429
264 11.450011724187927
265 11.334888292315478
266 11.374030853697407
267 11.49389667991179
268 11.633893536051632
269 12.011184430345748
270 11.236753543733236
271 12.020576525692341
272 11.784590585613346
273 11.559044377695141
274 11.628749528440782
275 11.342632372646555
276 11.291192830940624
277 11.610328952713271
278 10.856009590213324
279 11.70848185512413
280 11.659573441538774
281 11.115688953483831
282 11.404384421084053
283 11.897573231889185
284 11.615962356460633
285 11.305926021369533
286 11.334358104999703
287 11.442984835111723
288 11.32932230683955
289 11.23186477458427
290 11.378182328338873
291 11.279256214316563
292 11.570060386255568
293 11.476315198203391
294 11.27601678610275
295 11.37372243726729
296 11.467067285044362
297 11.094483313850814
298 11.3364219968674
299 11.085656727925686
300 11.304130251533149
301 11.362567132416228
302 11.310809466162393
303 11.155137611808897
304 11.499610660908635
305 11.771543351223615
306 11.668245986194613
307 11.702672460639342
308 11.737302304148507
309 11.656592702442195
310 11.671939631583205
311 11.396854511929865
312 11.391517316420531
313 11.734606934226859
314 11.533868337156468
315 11.60922163547737
316 11.713241695596478
317 11.468546123555333
318 11.598210989016977
319 12.08075747068902
320 11.582357798503352
321 11.517128950938597
322 11.649113916146842
323 11.660894059221667
324 11.474697914792408
325 11.612706917756542
326 11.521799881500149
327 11.533232820738016
328 11.772217466006774
329 11.559830182870723
330 11.545713933203475
331 11.558434649808268
332 11.393125826984164
333 12.047608152182256
334 11.904700673405404
335 11.599202204422566
336 11.730422861084225
337 11.673714943189333
338 11.711748909491678
339 11.613266559330501
340 11.021787716961342
341 11.434929269288135
342 11.608944518495298
343 11.112045324741771
344 11.21167940079627
345 11.468237057994203
346 11.533210009806307
347 11.56478200743997
348 11.578293302912291
349 11.126339757676961
350 11.113343762710125
351 11.741437237179818
352 11.258520673396928
353 10.96658028933203
354 11.521817708034847
355 11.263876987588173
356 11.330935667151563
357 11.546546984382166
358 11.701327715032452
359 11.553064246342553
360 11.21207442073773
361 11.610528397669002
362 11.35701752448335
363 11.604095865186409
364 11.55501718802102
365 11.110853116203115
366 11.258716915516644
367 11.375067616681998
368 11.395040799871405
369 11.380232033362242
370 11.107567979716979
371 11.018401322909407
372 11.524734196882832
373 11.638143812782026
374 11.384049499765007
375 11.090358118496653
376 11.378932320399041
377 11.661579819642936
378 11.848922532666393
379 11.319538075295268
380 11.905168756367724
381 11.133544811530827
382 11.385820322795707
383 10.776938510595024
384 11.299673049395059
385 11.436193752351889
386 11.294303046815008
387 10.933631390606482
388 11.221331161911609
389 11.580398408985202
390 11.530314296317458
391 11.614128625562552
392 11.242780937574082
393 11.36946619105191
394 11.767636460093177
395 11.054532994675538
396 12.02815706213537
397 11.356860119088386
398 11.294749919474114
399 11.054585681483246
400 11.640667689955473
401 11.45563865357022
402 11.719702886311488
403 10.368298399973916
404 11.055623454017134
405 11.504658000936386
406 11.93239849849414
407 11.22699841048409
408 11.985889692304898
409 11.235910237869302
410 11.15466137172428
411 11.06378070794629
412 11.221473370842746
413 11.194633087883572
414 11.165138934557605
415 11.252079565783092
416 12.099324069194108
417 11.775367069577536
418 11.767767736238204
419 11.458360321466591
420 11.613883178975115
421 11.78759565607479
422 11.439079085375477
423 11.560738591448647
424 11.404940924874472
425 11.303099116978094
426 11.586798362794095
427 11.563239545585075
428 11.464529785006082
429 11.648869356435402
430 11.31240597988696
431 11.750627172637481
432 11.699436235823008
433 11.886162394530857
434 11.395918095992993
435 11.59582298662962
436 11.381810026031685
437 11.287301281196305
438 11.746764859200521
439 11.562759522167962
440 11.758727069382743
441 11.658799448374
442 11.27755627744028
443 11.970704729861822
444 11.845596556488259
445 11.783065496638796
446 11.84755891820381
447 11.665102209439608
448 12.019657542122399
449 11.503431803936648
450 11.032920272674403
451 11.718382756007365
452 11.577924121342962
453 11.771058937948046
454 11.925124216556805
455 12.106938715022906
456 11.78822300405436
457 11.595118827646461
458 11.525685980280478
459 11.760286121689845
460 11.82230868271264
461 11.30075735867674
462 11.620942283554172
463 12.345935483939364
464 11.693410498434737
465 11.553310015061422
466 11.033713982036243
467 11.056156745221523
468 11.63296625025424
469 11.398844506226052
470 11.137045634576666
471 11.278497752717877
472 11.146521743714205
473 10.647732816250222
474 11.234938659287657
475 11.567377922205976
476 11.551167717692149
477 11.654039322262449
478 11.61062533176317
479 11.31867525494307
480 11.109647969234981
481 10.753820083898454
482 11.093514821954987
483 11.60213932714316
484 11.240823761469423
485 11.19165233634523
486 11.140014509572577
487 11.409252852013303
488 11.685346508026738
489 11.68621821270194
490 11.798869445409958
491 11.696101296237122
492 11.698338783851453
493 11.102296020328092
494 12.209760552520509
495 11.458456983698094
496 11.2885011063292
497 11.656605939150214
498 11.173097847271976
499 11.396385884244523
500 11.562726285872435
501 11.666727232295848
502 11.276717174698105
503 11.371349106744686
504 11.127881226529201
505 10.95281404356965
506 11.102791575736282
507 11.201180421443134
508 11.630596208718329
509 11.453018818948738
510 11.188017131871876
511 11.58971209285783
512 11.6211192581579
513 11.601854073391758
514 11.638186148774846
515 11.401616042820987
516 12.0345495429322
517 11.344253772423272
518 11.624357866210318
519 11.459103546982588
520 11.738514962830354
521 11.32283438652223
522 11.39784176052047
523 11.823018164956359
524 11.917819903826334
525 10.82850949712273
526 11.068024446518788
527 12.144028434314425
528 12.144980116013617
529 11.793601204680053
530 11.660416944263059
531 11.835132094594178
532 11.954872816586038
533 11.476277904197216
534 11.93430285240803
535 11.598915324865049
536 11.953184726476293
537 11.310774334122334
538 11.596499472262968
539 11.05976390196585
540 11.441643457555712
541 10.609912495410061
542 11.081527519975136
543 10.890309570029292
544 11.188431999866076
545 10.991220798714835
546 10.888227847999334
547 11.231412737882444
548 11.076188283870948
549 10.924151675024289
550 10.828543417585703
551 11.154275173268333
552 10.78170845237995
553 11.302705519546752
554 11.63164622198239
555 11.481631034867304
556 11.80836075082601
557 11.215907335220937
558 11.653413126059291
559 11.84889259873552
560 12.266257316751936
561 11.424817382466829
562 11.124588614973833
563 10.522107663555103
564 11.374259454661113
565 11.644850181972577
566 11.854178994919705
567 11.467050136531158
568 10.946202027238584
569 10.765725359952121
570 10.848767721814431
571 12.161676322968525
572 12.104974678113894
573 12.096487085422284
574 12.509554306270031
575 12.245573781172888
576 11.939583759580508
577 11.469646026795532
578 11.717067249697418
579 11.796380570204022
580 11.572411499365163
581 12.200307755444799
582 11.758947762249168
583 12.292664660010043
584 11.72100327244786
585 11.844519473533625
586 11.56837135823598
587 11.659363081606815
588 11.690731267722557
589 11.376754664479527
590 11.515320026587942
591 11.641007003336897
592 11.73410593301298
593 11.44936709672846
594 11.517672058121734
595 11.865771625486815
596 11.866523374479618
597 11.592123400518194
598 11.649490019464574
599 11.51878833601637
600 11.457660471039107
601 11.110599265543069
602 11.79432008402943
603 11.450832162497774
604 11.564193621328949
605 11.760763654542622
606 11.614751948951117
607 11.325612177853195
608 11.436058349151619
609 10.9691194063993
610 10.883789105972083
611 11.559736667695658
612 11.43248540567348
613 11.855638478572892
614 11.663344311046535
615 11.902531811010864
616 11.990632912242349
617 12.236350708346041
618 11.90285468993173
619 11.584082376949429
620 11.413667142566588
621 11.433636134501697
622 11.689677194087686
623 11.325997856680296
624 11.414899045892518
625 11.195419628823444
626 11.302105423134442
627 11.8471755037805
628 11.334962927693761
629 12.110668289958305
630 11.653349696952498
631 11.177679798223616
632 11.268807694320493
633 11.43029848067787
634 11.641209820851698
635 11.642869566493754
636 11.654582965288109
637 11.549630126136412
638 11.307176366154145
639 12.148123132069555
640 11.905256963299209
641 11.79024198448441
642 11.751646819993216
643 11.407282100776163
644 12.447928794935944
645 11.875037097637986
646 12.046993093559147
647 11.391407862899797
648 11.632575559695088
649 12.146198735533423
650 11.55360285859101
651 12.090425785044959
652 11.552362839095727
653 11.444959029737202
654 11.946705767227439
655 11.387834449177305
656 11.905762005546512
657 11.461824706863297
658 11.46482459862122
659 11.34022520970612
660 11.517632639251849
661 11.5246710596361
662 11.283871796544494
663 11.40042056483002
664 11.405192425070062
665 11.746354612671846
666 11.336861366421958
667 11.150479008980968
668 11.746132692534816
669 11.446021132642894
670 10.950753338423995
671 11.538136755776033
672 11.390646178143276
673 11.699489263583414
674 11.776440677242494
675 11.33162441466021
676 11.441650999584116
677 11.433894435404376
678 11.733143523001226
679 11.188061287663801
680 11.408604345060036
681 11.833598925194243
682 11.75608254113263
683 11.764910101944306
684 11.849822281051805
685 11.515126264965758
686 11.693122175904888
687 11.565409685820347
688 11.564388849078012
689 11.517483469769257
690 11.59487415355887
691 11.266659751742775
692 11.19576942831213
693 11.661575738428207
694 11.503444196698828
695 11.918758106864255
696 11.208320080926509
697 12.08683769148912
698 11.658092863797076
699 11.632983920015077
700 11.796755179634337
701 11.288230639972003
702 11.605572993802989
703 11.657332933357331
704 11.855895963986526
705 11.661118629531154
706 11.625366104591855
707 11.84131560056935
708 11.775389846386226
709 11.412787457020082
710 11.43219122564693
711 11.61196192734546
712 11.608599191468246
713 12.197256515320126
714 11.68822562820973
715 12.24377114931601
716 11.288009865798163
717 11.699054492519958
718 11.769278571831238
719 11.554971321512472
720 11.705942518282438
721 10.877046631884241
722 11.548866357040573
723 11.409991538517462
724 11.418032167318255
725 11.865213810099641
726 11.772326892335503
727 11.60614992082502
728 11.324888498397687
729 11.624481981115457
730 11.038337967119341
731 11.694524790105278
732 11.480794460510628
733 11.613603406765572
734 12.15108977035615
735 11.407548036464354
736 11.72946873742887
737 11.473431474928413
738 11.307491259315002
739 11.723743801463732
740 11.603392853009387
741 11.322945012989267
742 11.111450444565378
743 11.378905257416827
744 11.792613441550316
745 11.488107644112507
746 11.674152179455833
747 12.062470897451083
748 11.78882013692494
749 11.846736303067035
750 11.423721182481966
751 11.721160024867071
752 11.592548780342051
753 12.128088517431086
754 11.595495954523713
755 11.258833710905943
756 11.719841571651259
757 11.413074863643876
758 11.509607556123708
759 11.949751778550322
760 11.616747216833907
761 11.220190974056676
762 11.30991400901521
763 11.86782324518397
764 11.278358750131567
765 12.065800919359676
766 11.587005142895032
767 11.553196556565885
768 11.380563948341301
769 11.723350860115321
770 11.635051225952902
771 11.668274414996722
772 11.906503676373804
773 11.345003702403822
774 11.714605720060527
775 11.953722865775246
776 11.603765149490235
777 11.792965121949832
778 11.346892350946279
779 12.212978201953568
780 11.844569749282304
781 11.570165379515965
782 11.686300029310075
783 11.996876486334612
784 11.472957540877877
785 11.685463363322667
786 12.301286459688095
787 11.955664191734918
788 12.281684345790207
789 12.311315829205675
790 11.838615492207001
791 11.822836494028751
792 12.03199550549458
793 12.098677017288852
794 11.412559381003437
795 11.564173114511394
796 12.201800250087693
797 12.172418117240863
798 11.571409902996736
799 11.595711769600525
800 11.810387324883509
801 11.721732851008772
802 11.578824189415307
803 11.442715659635377
804 12.16020346488095
805 12.222845165503479
806 11.820478019381596
807 11.688997059807113
808 11.775257571565586
809 11.854655121125385
810 12.091656297029063
811 11.636614706504918
812 11.773249752609543
813 11.672677824486545
814 11.631333194576065
815 11.246101795364543
816 11.560394918026224
817 11.706847334198299
818 12.004128911018366
819 12.246703142385744
820 12.18639140879014
821 12.181670518795281
822 12.523990653970781
823 11.813059796810448
824 12.212758762614278
825 11.714806424186365
826 11.886850826090011
827 12.168752875412345
828 12.807797738892864
829 13.002291879863417
830 13.750259708736962
831 12.891668575002331
832 12.890597563999378
833 13.41125205316585
834 12.748567271112938
835 12.867912001992323
836 12.367835029309912
837 12.537017288072878
838 12.675233180167046
839 13.117017728549127
840 12.909488162379276
841 13.245441971325846
842 12.459079075678236
843 13.116800357183742
844 12.923269542658865
845 13.409152953921586
846 12.515334337165653
847 12.364021106785744
848 11.90793640636807
849 12.405102827780913
850 12.36361507071816
851 12.835934763345735
852 12.290723799249657
853 12.666834059563168
854 12.29146280819994
855 12.271466100965602
856 12.310226371287234
857 13.009424649703409
858 12.364406959052337
859 12.821208870149379
860 12.906192878866698
861 11.861806471781588
862 12.323339216654276
863 12.317578620831934
864 11.940338687632432
865 11.993886541425441
866 12.165952219019859
867 11.713151490284947
868 12.319139612988241
869 12.53197918210625
870 12.094430522008826
871 12.306418472222894
872 12.499779054530018
873 12.63293263693359
874 11.944504897696577
875 12.462097960007965
876 12.320981752704748
877 12.322473140802327
878 12.424177408771142
879 12.928472863967533
880 12.535875947528973
881 12.698775981938486
882 12.254217679787834
883 12.558915235468307
884 12.043573809412603
885 12.581204550755832
886 11.413512602286966
887 12.01492500075121
888 12.103403639052816
889 12.42392063604254
890 12.3009791644957
891 12.047147495678486
892 12.65257438170842
893 12.432696589187323
894 12.625891700565889
895 12.396117098659914
896 12.859416394574394
897 12.873429157348626
898 12.39232437954834
899 13.012721350465137
900 13.192425957772926
901 13.093093549408659
902 12.49902183967653
903 12.886328235612293
904 12.019907474275493
905 12.245160425267589
906 12.090354801371294
907 12.04404639143053
908 12.115212754101513
909 12.551810823385809
910 12.102887134216992
911 12.796761640597424
912 11.819496686495796
913 12.001575449539049
914 11.598088049087677
915 12.477859117815383
916 12.430975386199057
917 12.599560275646486
918 12.152470288809123
919 12.502961169832991
920 11.873510284558506
921 11.88737642871448
922 11.837150146438582
923 12.56086288344907
924 11.761141143828
925 12.007795278076525
926 12.04339062152866
927 12.380467655159919
928 11.90618892143207
929 11.678212742588668
930 12.199345136983268
931 12.102791910714478
932 11.913485140538997
933 12.194273431430767
934 11.74329682551483
935 11.922676725563049
936 12.106621537088005
937 11.596779843596076
938 11.507478828900124
939 11.34556366750207
940 12.14835084849192
941 11.676417936953397
942 11.821246962266521
943 11.48960007749633
944 11.183507676713669
945 11.947863692616174
946 11.628777324764188
947 11.25289274181256
948 12.19534850997583
949 12.549811126620016
950 11.810115682045067
951 11.697038789532197
952 11.970179143548455
953 11.979680948424502
954 11.883349350024595
955 11.431031147488282
956 11.938374796927569
957 11.995181133757594
958 11.950943019719668
959 11.729059579403357
960 11.533718215976151
961 11.980441628249723
962 11.213206727193644
963 11.814332071946865
964 11.235331564065426
965 11.405355224494716
966 11.593160940550884
967 12.218117856354665
968 11.648028957320516
969 11.545343207639807
970 11.917482151210042
971 11.764138529668628
972 11.932334259095049
973 11.561374111323449
974 11.455645723207288
975 11.690680525081653
976 11.882213355013075
977 12.312950125794293
978 11.593677099930401
979 11.78254907705113
980 11.756748188693846
981 11.752234802542647
982 11.320445479641826
983 11.782272759919683
984 11.532891557624737
985 11.46794064535043
986 11.852579839540528
987 11.928298062917902
988 12.185514303044236
989 12.04829395341552
990 11.877137778103389
991 11.665671033543122
992 11.532949651262108
993 11.323990692911014
994 11.70674095200202
995 11.584383873171106
996 11.748067019480109
997 11.448136014036931
998 11.784993568818445
999 11.892764390361078
1000 11.832369107046539
1001 11.542872981678302
1002 11.83525303808496
1003 11.58079299139861
1004 11.818588012049517
1005 11.25151554165631
1006 11.632931195843343
1007 11.867423974837418
1008 11.874316964936215
1009 11.89124566996884
1010 11.915444462908411
1011 11.804626225456898
1012 11.211031486947741
1013 12.045409796450928
1014 11.577761881628177
1015 11.765972514292253
1016 11.44381033338558
1017 11.806272792999525
1018 11.70124835078105
1019 11.777376680944146
1020 11.900070602747704
1021 11.663740954674102
1022 11.739026573739102
1023 11.741110668302136
1024 11.682734323419096
1025 11.293430528653776
1026 11.80795610286372
1027 11.776874962984929
1028 11.38674949600478
1029 11.96611880448937
1030 12.174103938934302
1031 11.308078456963681
1032 11.226418150083738
1033 11.636397265782257
1034 11.511703262230109
1035 11.497605435088587
1036 11.077866371648462
1037 11.450038649169718
1038 11.7312361128465
1039 10.993692661462331
1040 11.597686139270193
1041 11.753469279933245
1042 11.637780480514662
1043 11.23542903144742
1044 11.403342735673409
1045 11.533963776959595
1046 11.347549645837082
1047 11.200113352498017
1048 11.17733805835821
1049 11.510415065698064
1050 11.200302151177171
1051 11.994748194713997
1052 11.356830686423102
1053 11.608771833181377
1054 12.06559090829086
1055 11.23747809864556
1056 11.422743493997467
1057 11.421728224697299
1058 11.333234416065157
1059 11.398890444055331
1060 11.310354062878245
1061 11.531717243135066
1062 11.484123981402067
1063 11.522637503841999
1064 11.727083700871813
1065 12.002259780650869
1066 11.485397357030795
1067 11.58022216168203
1068 11.867011714922143
1069 11.855292942171184
1070 11.486812987334194
1071 11.637961535261589
1072 10.858568225158809
1073 11.408489156123995
1074 11.363461176763506
1075 11.811071264753416
1076 12.055125295782169
1077 11.698709758199412
1078 11.649760413238653
1079 10.991553339543659
1080 11.676046309383105
1081 11.469390439278381
1082 11.12846477783672
1083 11.07999322452546
1084 11.695188104057364
1085 11.277087643950903
1086 11.424305621458204
1087 11.035577814326302
1088 11.809623814064867
1089 11.689361708643595
1090 11.161661666357702
1091 11.687908352464367
1092 11.569260887684004
1093 11.207790653003997
1094 11.565834453548135
1095 11.529001047972084
1096 11.489327612152087
1097 11.256568873528156
1098 11.094069277939063
1099 11.241880078569272
1100 10.885504758812354
1101 11.049146119247395
1102 10.989703694223008
1103 10.93640642081396
1104 10.492228367201921
1105 11.184676942949686
1106 11.05759869381453
1107 10.768313008498989
1108 11.13823628579222
1109 11.54594916679643
1110 11.492282795037898
1111 10.969033326858739
1112 11.026700468943211
1113 10.96872628115865
1114 10.902689094513113
1115 10.953941808507638
1116 11.47546383669395
1117 10.784515378415266
1118 11.303249888555522
1119 10.740808593773874
1120 10.831661709452954
1121 10.882303520850435
1122 10.774341418148907
1123 10.843922012589704
1124 10.637319183213803
1125 11.066804776136557
1126 11.364682943705722
1127 11.167882754648133
1128 11.23499853060161
1129 10.9488265312837
1130 11.115576425660656
1131 11.452557057980217
1132 11.362946363488364
1133 10.636678100500106
1134 10.792345252771588
1135 10.862475672967298
1136 10.925425603946714
1137 10.808197524664452
1138 11.260468070319066
1139 11.037898464268338
1140 11.033369908475274
1141 11.576221571545004
1142 10.960835391566338
1143 11.382668515180137
1144 10.957215257843783
1145 11.28405527322492
1146 11.17583051186112
1147 10.754113097508553
1148 11.22963759065557
1149 11.44510052106762
1150 11.023795467979085
1151 12.08271498993803
1152 11.26374991639002
1153 11.340303859806468
1154 11.033358953800448
1155 11.335339377783558
1156 11.35295218022482
1157 11.758617083953652
1158 11.250014420963042
1159 11.396714077668625
1160 11.536371980904317
1161 11.345595228020533
1162 11.122963546255301
1163 11.315670320178633
1164 11.261892450334207
1165 11.486997633513067
1166 11.648056503184543
1167 11.324032840311196
1168 11.310889552074446
1169 11.481988424438919
1170 11.590964219432509
1171 11.379294665343634
1172 11.494796026749828
1173 11.441798920025978
1174 11.295652419100227
1175 11.70612567678623
1176 11.241563739477794
1177 11.919905138978331
1178 11.812458816293642
1179 11.665511374670615
1180 11.26147503951547
1181 11.36768707194803
1182 11.658966913942846
1183 11.4759677707809
1184 11.637049230983386
1185 11.746963797161973
1186 11.603126040783714
1187 11.756796186897695
1188 11.610136095031073
1189 11.840026524093604
1190 11.697496315543143
1191 11.944914838612927
1192 11.863174895202238
1193 11.24520650457899
1194 11.85730305329713
1195 11.411718189246207
1196 11.886960475464479
1197 11.26154738376235
1198 11.493899226533333
1199 12.597424705555456
1200 11.34903224269542
1201 11.849134102776041
1202 12.069017843520752
1203 12.031558036255095
1204 11.636788452136127
1205 11.666877213349869
1206 11.769849693236306
1207 11.238909983566483
1208 11.441908043547054
1209 11.601375752942515
1210 11.710962033115752
1211 11.800331734088463
1212 11.684512750334788
1213 11.689150778819291
1214 11.498026068052827
1215 11.284251231052373
1216 11.432959853571784
1217 11.759105489038477
1218 12.009179411286683
1219 11.71077722645402
1220 11.70388782345651
1221 11.53557224502713
1222 11.879411949339428
1223 11.685732587366521
1224 11.414805139665537
1225 12.058174802373271
1226 11.515527481781225
1227 11.583922487396737
1228 11.203738972377995
1229 11.35596070514601
1230 11.091941394008263
1231 11.424769685142591
1232 11.595791732476398
1233 11.333838542287811
1234 11.706239148521972
1235 11.358651014642119
1236 11.62412849414587
1237 11.109850546673867
1238 12.126210696641168
1239 12.039806916131885
1240 11.452087997881275
1241 11.023046776433539
1242 11.331596998285523
1243 11.518703592840916
1244 11.155596011006404
1245 11.944515125870064
1246 11.375755634067769
1247 11.781015296598683
1248 11.579498949208054
1249 11.425737623367432
1250 11.44940771403917
1251 11.560684169259474
1252 11.313667716453015
1253 11.752510909565377
1254 11.460720816657819
1255 11.687815999502977
1256 11.20778469478841
1257 12.07014889794968
1258 11.328032314273917
1259 11.761523501896859
1260 11.216848332245226
1261 11.911444525574032
1262 11.631191221406112
1263 11.696964354871362
1264 11.968234592423958
1265 11.897611400646435
1266 11.05609053201888
1267 11.418801652696285
1268 11.426668690915669
1269 11.593162698983821
1270 11.414480819628828
1271 11.935675399869533
1272 11.193205553687656
1273 11.309464262184765
1274 11.744122150399962
1275 11.884550370976031
1276 11.133233773963262
1277 11.239474223804093
1278 11.306517281540923
1279 11.124616416225587
1280 11.488229161060387
1281 11.290296695521965
1282 11.414629973864834
1283 10.702342111951374
1284 11.322414648623782
1285 10.962487823329955
1286 11.117733964066002
1287 11.020956537334513
1288 11.414227880650161
1289 11.370682248739802
1290 11.524705972961472
1291 11.44048620702521
1292 11.157995690937282
1293 11.047114414700784
1294 11.438512176386785
1295 11.032712918256381
1296 11.19889393683376
1297 11.334091010899447
1298 11.019712069477889
1299 11.543180528604855
1300 11.147408439272425
1301 11.172030835677985
1302 11.768247988452122
1303 10.91615181447112
1304 11.312622828239112
1305 10.88001664949393
1306 11.064594854515192
1307 11.036826940438814
1308 11.824825009593003
1309 11.210584841721827
1310 11.576057271599597
1311 11.184674973088907
1312 11.261306724652801
1313 11.316631593661713
1314 11.121636946402509
1315 11.235495570473743
1316 11.508958339816289
1317 10.939895530810002
1318 11.55008087463548
1319 11.435762008414647
1320 11.045553162954093
1321 11.328446554180246
1322 11.214599673634412
1323 11.050927743461251
1324 11.046599959969036
1325 10.97803553913163
1326 11.657121996055427
1327 10.933959800839602
1328 11.246123523153226
1329 10.963780756374963
1330 11.110060296555007
1331 11.11395060026029
1332 11.235443625133284
1333 10.85182966638113
1334 10.961838611061594
1335 11.200268635306472
1336 11.37817716292769
1337 10.904303402818298
1338 11.005865978885414
1339 11.648103673071926
1340 11.041943341174253
1341 11.226165484420129
1342 10.782190359630825
1343 11.11520131189075
1344 11.178315929090974
1345 11.141821536826926
1346 11.39567560107145
1347 11.524578305046912
1348 11.402542377867483
1349 11.259793919164489
1350 10.77039313214341
1351 11.06955163180706
1352 11.478424012214253
1353 11.460235042413345
1354 11.611507383534748
1355 11.379985793881845
1356 10.941785716650243
1357 11.272379907185396
1358 11.480517296410818
1359 11.116052863795872
1360 11.060730223292246
1361 10.973516414608305
1362 10.71281914749383
1363 11.932430036572429
1364 10.983685881445368
1365 11.190318938056599
1366 11.204955532753177
1367 11.599561577683371
1368 11.332672827013635
1369 11.169210284483018
1370 11.596216161437093
1371 11.09528618867393
1372 10.967634798471117
1373 11.018520627162772
1374 11.600699864768872
1375 11.484459008984505
1376 11.368612959772905
1377 11.109768305582865
1378 10.89295283440732
1379 11.152538495062132
1380 10.914361940297875
1381 11.216880865436243
1382 11.158028555427741
1383 11.100285432539293
1384 11.186688487649448
1385 11.710373900794503
1386 12.280858507957642
1387 11.816707147749264
1388 11.756653537726818
1389 10.982209377138874
1390 11.078243731225067
1391 11.458810377705117
1392 11.487908028491812
1393 11.249737189843113
1394 10.988022346992288
1395 11.344799978938132
1396 11.104415331423187
1397 11.377828950426386
1398 11.158802795065071
1399 11.463001395551775
1400 11.092195942796595
1401 11.245317566300573
1402 11.77539943975606
1403 11.506153684672073
1404 11.446758692295438
1405 11.30684076069705
1406 11.671927958478635
1407 11.62227894368928
1408 11.616605351859695
1409 11.762857117120603
1410 11.487611528928086
1411 11.41436101619302
1412 11.421816639379829
1413 11.315826330281011
1414 11.61744646898545
1415 11.559202492952036
1416 11.66738644018141
1417 11.319748313041947
1418 11.541869233128653
1419 11.495710589607722
1420 11.657601230352942
1421 11.349170358429005
1422 11.454560241323582
1423 11.73168751242004
1424 11.674959582554987
1425 11.567014580567667
1426 11.87462940147297
1427 11.141409423166593
1428 11.430800914643655
1429 11.645148836692062
1430 11.757741915284342
1431 11.878919381315495
1432 11.67590675766293
1433 11.732026990525128
1434 11.350614511991772
1435 11.38778831774527
1436 10.972942302718662
1437 11.721051940675355
1438 11.618528086689423
1439 11.425549525406192
1440 11.647638300363674
1441 11.969912715385831
1442 11.733213837861646
1443 11.933647289745055
1444 11.382588854183632
1445 11.526632530645298
1446 11.732926927761438
1447 11.673468623823082
1448 11.70233595197698
1449 11.59420793292695
1450 11.63536494270714
1451 11.432369151480387
1452 11.474701929491616
1453 11.562090678139066
1454 11.353006223219518
1455 11.831871600998712
1456 11.696682504822927
1457 11.470423920538488
1458 11.460615863035907
1459 11.30388674669142
1460 11.10629540601968
1461 11.805877405525605
1462 11.506305359412593
1463 11.203342506365054
1464 11.084440535895698
1465 11.524774316855158
1466 11.623813461178015
1467 11.41184093655707
1468 11.395344038209597
1469 11.617587405557641
1470 11.548211652826012
1471 11.565441656987305
1472 11.671685058622154
1473 11.69987381873357
1474 11.40387071407199
1475 11.084583973086966
1476 11.597520807984216
1477 11.874926509338765
1478 11.587219139341684
1479 11.399199059374192
1480 11.485596712379543
1481 11.129044517133801
1482 11.261381773502144
1483 11.262994021572446
1484 11.379737514049209
1485 11.42735034724294
1486 11.460375434073717
1487 11.616017119508815
1488 11.57594056690221
1489 11.54115690883594
1490 11.812569376488064
1491 11.788412975201227
1492 12.077977556091978
1493 11.566799945827988
1494 11.274095020761493
1495 11.501054811433178
1496 11.436047008728895
1497 11.339336557563916
1498 11.362823144274879
1499 11.461851770859608
1500 11.580459696175375
1501 11.153255185256583
1502 11.476604719087584
1503 11.36210645706329
1504 11.679345559426965
1505 11.511463422701047
1506 11.893604158300537
1507 11.965804664767994
1508 11.723280483520549
1509 11.9320722326038
1510 11.730098255808354
1511 11.801214971975703
1512 11.657922578795295
1513 11.599247331880555
1514 11.747313389971216
1515 11.4081891111255
1516 11.012274151953278
1517 11.455503016539343
1518 11.684165518871934
1519 11.701319427729194
1520 11.708722849380196
1521 11.848789909732544
1522 12.0501325913575
1523 11.69162881174283
1524 11.6531972458194
1525 11.745302264283028
1526 11.545456467679744
1527 11.68302288712602
1528 11.963132145007364
1529 11.919370564197605
1530 11.89072400113155
1531 11.436406941063765
1532 11.679327615377685
1533 11.686290054662969
1534 11.644555076999385
1535 11.738596209026994
1536 11.854257214323496
1537 11.830201344926467
1538 11.805924339359047
1539 11.752354175123132
1540 11.635595240388204
1541 11.880309467129091
1542 11.512573323622881
1543 11.932026144605901
1544 11.8994492797647
1545 11.987742957277105
1546 11.961128730339853
1547 11.988528041248639
1548 11.825695579105222
1549 11.70215519673236
1550 12.08879828940271
1551 11.956179293815554
1552 11.717617306425755
1553 11.504453086437408
1554 11.866493100810935
1555 11.926595798682825
1556 11.784595787955181
1557 11.788778364014208
1558 11.774197599119828
1559 11.73682031805248
1560 11.551957555998136
1561 11.587142963656085
1562 11.767424567386886
1563 11.677840656920994
1564 11.571547970416928
1565 11.575558171405232
1566 11.512988799636654
1567 11.98898353793064
1568 11.795787132918647
1569 11.311996887195395
1570 11.582894910095893
1571 11.644024688958922
1572 11.930407861819297
1573 11.715909579105762
1574 11.905588293345332
1575 11.716059489455212
1576 11.89135829944929
1577 12.158900029169232
1578 12.39663467653077
1579 12.3347613754947
1580 11.901767000975962
1581 12.12641971811929
1582 11.847069038775633
1583 11.721037532214563
1584 11.648276716912656
1585 11.57103551648586
1586 11.549270265383646
1587 11.509086583542794
1588 11.340224742558526
1589 11.661484113146791
1590 11.438688429769716
1591 11.654711740340057
1592 11.437370977963923
1593 11.104373710166366
1594 11.328483464128785
1595 11.581540288360207
1596 11.411786214460944
1597 12.00980155789827
1598 11.208566225726186
1599 11.149787595478678
1600 11.356390294938842
1601 11.355923254098549
1602 11.001448551150807
1603 11.762790908561165
1604 11.25557946823844
1605 11.602661662125644
1606 11.683423310184295
1607 11.486420051442627
1608 11.267028372116346
1609 11.549523558868676
1610 11.633704732954541
1611 11.984464335860697
1612 11.500982522150784
1613 10.713628969112252
1614 12.014993309146071
1615 11.654257828204278
1616 11.368674872023277
1617 11.372141477203453
1618 11.92422994458228
1619 11.550893405686475
1620 11.711836584093804
1621 11.158789545251096
1622 11.5937069590221
1623 12.342301993353507
1624 11.964069904196087
1625 11.672779781342726
1626 11.558332081969766
1627 11.496592250040822
1628 11.159673535167839
1629 11.122508274607577
1630 11.708387212018668
1631 11.435911845694713
1632 11.64770735832024
1633 11.880498669643202
1634 11.581059058478973
1635 11.662112166649028
1636 11.37307190703874
1637 11.424544275184676
1638 11.67555030240306
1639 11.185106368795296
1640 11.672196590618443
1641 11.65096262144502
1642 11.446590857254742
1643 11.651063256903937
1644 11.255303660281534
1645 11.53162860748366
1646 11.296583413210737
1647 11.615161169848246
1648 11.096817467127801
1649 10.830821415362847
1650 11.300050789273987
1651 11.969783156788289
1652 11.192945562816872
1653 11.523054395470425
1654 11.880725016415838
1655 11.60220313648593
1656 11.557881601963942
1657 11.594132473447265
1658 11.82506033353841
1659 11.74854011155704
1660 11.578860772635052
1661 11.372727747985289
1662 11.346298100082658
1663 11.410255231284609
1664 12.143224002671117
1665 11.75864351728401
1666 10.920734321463266
1667 11.462485980690388
1668 11.701560603465163
1669 11.340145345823165
1670 11.552168765477036
1671 11.482875117620756
1672 11.334152272228947
1673 11.994028060135937
1674 11.058185374209252
1675 11.41409079723752
1676 11.267840293093217
1677 11.886635199183585
1678 11.585625159311276
1679 11.639687349567247
1680 11.97017317895921
1681 11.340937640390289
1682 11.230101871278531
1683 11.135556972559145
1684 11.73401452025391
1685 12.065582674052395
1686 11.324566202023593
1687 11.606816735953231
1688 11.355631667202825
1689 11.670131671053605
1690 11.592286249204712
1691 11.436839754388343
1692 11.680152879882371
1693 11.492392142590964
1694 11.454624807996849
1695 11.282128407994824
1696 11.599031529223364
1697 11.661545357717028
1698 11.396329696881303
1699 11.719162581170195
1700 11.71709624434131
1701 11.500394203362307
1702 11.743427000792986
1703 11.387626906692848
1704 11.710305061189402
1705 11.708784588829893
1706 11.880543940099031
1707 11.717312909408019
1708 11.386012309583899
1709 11.615352653202473
1710 11.184427082517166
1711 10.999776017177256
1712 11.015892723140443
1713 11.540079488390825
1714 11.977306921800349
1715 11.377896650499826
1716 11.353411189146543
1717 11.190599044185959
1718 11.216863479951353
1719 11.382350086657013
1720 11.476689061835337
1721 11.552212950850464
1722 11.359627300098934
1723 11.146154428022717
1724 11.10165848499432
1725 11.525318087175837
1726 11.775468914373088
1727 11.194771851217473
1728 11.917649400029916
1729 11.170140391556028
1730 11.550693381593904
1731 12.042867815066513
1732 11.602617117412791
1733 11.593749263075026
1734 11.554627612608053
1735 11.194384961283854
1736 11.350960854668589
1737 11.48597196330632
1738 11.615037833738262
1739 11.320297911264348
1740 11.549256885782357
1741 11.509748851582673
1742 11.44567193152127
1743 11.44052484005366
1744 11.481273340172464
1745 11.714236605663947
1746 11.314706839340221
1747 11.342768868065376
1748 11.574410334632848
1749 12.024359068099217
1750 11.666567648395104
1751 11.608789724009897
1752 11.463104530017656
1753 11.707341747616422
1754 11.992466727632419
1755 11.420600400649104
1756 11.801812897972598
1757 11.401273167734548
1758 11.568917680619343
1759 11.636142873684703
1760 11.634403366784014
1761 11.651090526604182
1762 11.50973169018595
1763 11.43374422772686
1764 11.474354305026578
1765 11.297803614216969
1766 11.542937414608943
1767 11.909712678468647
1768 11.595738889703535
1769 11.593124015186698
1770 11.22283681614965
1771 11.521667980623798
1772 11.55244998511566
1773 11.746133752042278
1774 11.897316328987463
1775 11.693954497082746
1776 11.444650090406235
1777 11.833700816681684
1778 11.646299368195038
1779 11.826066171987717
1780 11.902580435535814
1781 11.653150392221193
1782 12.005746498921225
1783 11.586966061442496
1784 11.407921984929194
1785 12.047685418078576
1786 11.692811631277948
1787 11.466629650675642
1788 11.58477696636914
1789 11.761891171339904
1790 11.600509225758422
1791 11.868132046873535
1792 11.667975932282188
1793 11.747256095157772
1794 12.2838530896187
1795 12.177705486365083
1796 11.767569977009623
1797 12.007917071169144
1798 11.72782520711513
1799 11.909341484395789
1800 11.790820622307551
1801 11.471408919061487
1802 11.764839985169525
1803 11.891752745219405
1804 11.202954944056385
1805 11.870292910884476
1806 12.61128162312641
1807 11.770601430173157
1808 11.585987410367466
1809 11.736896540414952
1810 11.271372352774174
1811 11.645070101113477
1812 11.322977371958952
1813 11.650132042876278
1814 11.852634083930857
1815 11.836732357236425
1816 11.649216971336278
1817 11.873455862472117
1818 12.097810472432172
1819 11.498941461760284
1820 11.575635555176143
1821 11.55930445092553
1822 11.901061401909306
1823 11.748611457186206
1824 12.08118584033657
1825 11.889790264590022
1826 11.935576662827886
1827 11.964169288402362
1828 11.950453026325626
1829 11.888515644978071
1830 11.686213830721819
1831 11.34233821803957
1832 11.89499320352331
1833 11.86928861992427
1834 12.070487002146491
1835 11.983489883549536
1836 12.046977657854713
1837 12.067985082695316
1838 11.467082714012147
1839 11.358841499550987
1840 12.170352972940517
1841 12.282699350610377
1842 11.329580606626717
1843 11.933313314231873
1844 11.405824555218617
1845 12.254212839967591
1846 11.766202416701685
1847 11.535516807828133
1848 11.697476737992279
1849 11.807451097195552
1850 11.677016118899735
1851 12.30592848836739
1852 12.4992209909682
1853 12.068579674523068
1854 11.958682373521668
1855 12.800444602359526
1856 12.191598672345114
1857 12.671528811793786
1858 11.93952578362779
1859 11.865398709119521
1860 11.001340251396003
1861 11.166212875934137
1862 11.200388978395889
1863 11.206126803357007
1864 11.690339470247924
1865 10.791750587272594
1866 10.850524003640327
1867 11.394165781251127
1868 11.344529525525612
1869 10.630673911059418
1870 10.895980812201536
1871 11.12123063672078
1872 11.519715656114707
1873 11.072180185117311
1874 11.488943915497229
1875 12.332901930890666
1876 11.952209441766389
1877 11.52402820055462
1878 11.570045283327051
1879 11.857236589457663
1880 12.02451472017076
1881 11.450596085909387
1882 11.985982168292578
1883 11.95476395866861
1884 12.331138787942786
1885 12.172322629310756
1886 11.577215302061418
1887 11.792720828767086
1888 11.568008428691297
1889 11.279392103247584
1890 11.035983327801521
1891 11.073225787689463
1892 12.027768060869029
1893 11.430545778767723
1894 11.465819344967768
1895 11.296055540433553
1896 11.238920018711344
1897 11.340827124873737
1898 11.546494040534858
1899 10.904515748538248
1900 11.651603969041805
1901 11.45001026905408
1902 11.009099338999434
1903 11.713512637431954
1904 11.53812949625054
1905 11.676196728676937
1906 11.536150760433793
1907 11.370220598193752
1908 11.424871812330963
1909 11.874119671680425
1910 11.620227858236856
1911 11.26406047195176
1912 11.480097059132822
1913 11.475025514140274
1914 11.503727595807202
1915 11.493562106843859
1916 11.360384391698252
1917 11.523992454962311
1918 11.915651023911295
1919 11.52516234579317
1920 11.561285892674942
1921 11.848832754780133
1922 11.620669574855212
1923 11.646845750666921
1924 11.895924800245488
1925 11.316986855564252
1926 11.485667849239723
1927 11.64004007996083
1928 12.296383526092368
1929 11.88712396323991
1930 11.812201388679755
1931 11.87490813212569
1932 11.44566356987914
1933 11.753520458212543
1934 10.969112423121212
1935 11.925667907553638
1936 11.619876814109132
1937 11.940879703969289
1938 11.701864940089076
1939 11.850288954783029
1940 11.866456672039611
1941 11.511532264519214
1942 11.408514790207123
1943 11.62655919918759
1944 11.566906456041558
1945 11.738884028819264
1946 11.688665324761846
1947 11.600958433723363
1948 11.650187650863705
1949 11.75838736657352
1950 12.132589875415023
1951 11.872200026702357
1952 12.04588014397081
1953 11.97814106931001
1954 11.994647279537528
1955 11.989377258658854
1956 12.017564233385999
1957 11.518708497369119
1958 11.954630067027844
1959 11.614704245539828
1960 11.4932896244108
1961 11.669424703557166
1962 11.73667782515551
1963 11.86012536685342
1964 11.913799288719497
1965 12.00832749667697
1966 12.151607542563191
1967 11.699617815708457
1968 11.723004278070833
1969 11.833559951285343
1970 11.71115094463526
1971 11.433173665073054
1972 12.10928466310331
1973 11.837306488891773
1974 11.820142404829564
1975 11.692681117880266
1976 11.406374087022092
1977 11.838196600361236
1978 11.481337714688236
1979 11.31380132176336
1980 11.531616555474931
1981 11.159934127624458
1982 11.683921363427888
1983 10.916832224894772
1984 11.165995851344404
1985 11.276857417599965
1986 11.67155008557962
1987 11.961526767096244
1988 11.309926387838331
1989 11.074276932750987
1990 11.121537948085573
1991 11.363067559305346
1992 10.933445845299683
1993 11.662561100049748
1994 11.592916741197316
1995 11.889006477778068
1996 11.29166484494617
1997 11.780279024711794
1998 11.163879809406286
1999 11.860824472809172
2000 11.380118301731233
2001 11.81472861529653
2002 11.40458751455032
2003 11.22812803987282
2004 11.592396808937528
2005 11.398604315092784
2006 11.77390281690417
2007 11.60658713564562
2008 11.435028513115313
2009 11.638749380636934
2010 11.831657775932822
2011 11.525844919835974
2012 11.281951632542533
2013 11.406891380918585
2014 11.46964617743645
2015 11.443373431530292
2016 11.48714249002662
2017 11.101511635940492
2018 11.415444939744678
2019 11.525494581361052
2020 11.205219273952936
2021 11.510279977475069
2022 11.636077203811402
2023 11.957427074734442
2024 11.723373575070488
2025 11.480716229190664
2026 11.493506467304785
2027 11.879073516623817
2028 11.582705886856669
2029 11.640606031530933
2030 11.840414061233766
2031 11.726533442838385
2032 12.091656848342282
2033 11.981413850507977
2034 11.404138864213133
2035 11.641915419448274
2036 11.42052335487177
2037 11.296185598931975
2038 11.788608967054989
2039 11.413196969267423
2040 11.980841126034774
2041 11.621428375350114
2042 11.374447347267095
2043 11.82748081362204
2044 11.628103131768425
2045 12.287061134321942
2046 11.193288334774202
2047 11.433374459310022
2048 11.453279099975854
2049 11.944527747694957
2050 11.602656309577512
2051 11.778998329619693
2052 11.73391853936493
2053 11.754984917727482
2054 11.45265426421812
2055 10.720419117906614
2056 11.968191234425746
2057 11.260998676287665
2058 11.45138897214852
2059 11.674706795577773
2060 11.660315105409104
2061 12.065510170217767
2062 11.117217818472309
2063 11.998413427112286
2064 11.757561257641997
2065 11.48069580674564
2066 11.687459898733138
2067 11.233251813108279
2068 11.666916823159106
2069 11.318037244653997
2070 11.624207668005075
2071 11.893366766241494
2072 11.316000614953229
2073 11.673363767565649
2074 11.59504261863153
2075 11.434575974372143
2076 11.63084398268491
2077 11.632894788429756
2078 11.919677904499208
2079 11.65424357151992
2080 11.209073776970126
2081 11.605181080071128
2082 11.377837174305691
2083 12.134004738251953
2084 11.726207669613496
2085 11.614440679405613
2086 11.041096004078533
2087 11.562906909064992
2088 11.500224826547232
2089 11.43760501753875
2090 11.794612740005126
2091 11.353687831651735
2092 12.067854106137881
2093 12.189161904155569
2094 11.472287998475645
2095 11.432665212846652
2096 11.797541806860565
2097 11.856959618933747
2098 11.26429449604267
2099 11.307014748747049
2100 11.30606522611069
2101 11.451466711881073
2102 11.614087188188178
2103 11.732995217524895
2104 11.54127938920827
2105 11.550384630751447
2106 11.3811362047109
2107 11.852029827099264
2108 11.44689690498182
2109 11.675555231628781
2110 11.686760355668438
2111 11.478120257393165
2112 11.010450132939221
2113 11.460218380802841
2114 11.487640979962938
2115 11.539079195940133
2116 11.466724000670428
2117 11.76845246588615
2118 11.682246028532207
2119 11.338789570926846
2120 11.626329180232752
2121 11.76981628653789
2122 11.555339999690588
2123 11.689641292707753
2124 11.604075633446005
2125 12.350336739720401
2126 11.604703477556903
2127 11.983209919345246
2128 11.4992145427614
2129 11.1432629566925
2130 11.563625950399233
2131 11.55451103007501
2132 11.748361754695976
2133 11.449793955540516
2134 11.519008093056065
2135 11.541751118633568
2136 12.034336507507389
2137 11.807881428799211
2138 11.943354137266583
2139 11.559577781903851
2140 11.561589909130234
2141 11.840819027726267
2142 11.641301854784196
2143 11.77937917117177
2144 12.020359470896798
2145 11.497285791353747
2146 11.438042228533915
2147 12.027332237636998
2148 11.898363138281843
2149 11.238862511708936
2150 11.826602950949603
2151 11.447155403227823
2152 11.572812567977817
2153 11.940668143270326
2154 11.491838057932036
2155 11.401799848144163
2156 10.939071824613647
2157 11.81392051984636
2158 11.758336680623533
2159 11.584488112695913
2160 12.228201752893797
2161 11.175123996549837
2162 11.387733419045396
2163 11.464093559703011
2164 11.555882242137162
2165 11.292785531182686
2166 11.043661109429815
2167 11.472612490047124
2168 11.592384891574081
2169 12.09321812298365
2170 11.576579714572935
2171 11.482598807219986
2172 11.106279116068357
2173 12.390463960324364
2174 12.201103877571413
2175 12.455420817382864
2176 12.337189407313884
2177 12.53199406437216
2178 12.119378311859144
2179 11.936440047571336
2180 11.746272934907593
2181 11.869965209499975
2182 12.571039936351958
2183 11.456668622839274
2184 12.355499771705341
2185 11.315292913369285
2186 11.034101944174411
2187 10.985964294471954
2188 11.02765285411582
2189 11.147551402316363
2190 11.625089251972772
2191 11.50024803156637
2192 11.716993150606736
2193 10.952963255945482
2194 11.486661849819829
2195 11.96693738482509
2196 11.596352292416874
2197 11.373404837980816
2198 11.896788196482376
2199 11.924900182773612
2200 11.429790615002652
2201 11.808008654893463
2202 11.121874359315486
2203 11.957079239143374
2204 11.426984535630552
2205 11.452394566342056
2206 11.519263429725223
2207 11.34389456052389
2208 10.611494533344306
2209 11.033056250973738
2210 11.459439321734274
2211 11.645222041387964
2212 11.781947242525582
2213 11.504819235330077
2214 11.539225346087804
2215 11.105060356552087
2216 11.582765193102018
2217 11.374438648210562
2218 11.181605156836293
2219 11.258383839061123
2220 11.485305830594516
2221 11.702520224211568
2222 11.234212215210103
2223 11.000455212612195
2224 11.16947102320604
2225 11.114639809042943
2226 11.996689113352586
2227 11.598890920314597
2228 11.543082764235415
2229 11.67525377665803
2230 11.556619482833295
2231 11.807387274241284
2232 11.346318546578981
2233 11.482124921485745
2234 11.980533015177281
2235 11.447483321982688
2236 11.07817000201985
2237 11.391317827334657
2238 12.018066979471104
2239 11.771402156648767
2240 11.809107163945663
2241 11.746200481133446
2242 11.506663393935035
2243 11.344116169985043
2244 11.669340211219245
2245 11.731488844221374
2246 11.509456842208714
2247 11.757109790816909
2248 11.53792643293802
2249 11.598717547589345
2250 11.75079210944256
2251 11.48806026534717
2252 11.479209317212826
2253 11.749452094735325
2254 11.684524650367699
2255 11.204515739801469
2256 11.668278006788093
2257 11.572888495637303
2258 12.467576791969057
2259 11.484183362304078
2260 11.553498289095693
2261 11.205795412974235
2262 11.5721055454816
2263 11.174914678487658
2264 11.749723993273504
2265 11.088580474788152
2266 11.535526953696252
2267 11.981972722955225
2268 11.899469838079213
2269 11.690062870992302
2270 11.282281177595543
2271 11.452492829153512
2272 11.650782312268017
2273 11.145732814228433
2274 11.558777497388936
2275 11.625813343174261
2276 11.827487836923915
2277 11.451305695172053
2278 11.979029933311304
2279 11.486015156475078
2280 11.860361400466187
2281 11.243572658694722
2282 11.52295894315567
2283 11.430518679764814
2284 11.739614652204875
2285 11.401026579922842
2286 11.216823516479272
2287 10.853889547995667
2288 11.418176350000959
2289 11.750781679510695
2290 11.187909628112065
2291 11.524042901515058
2292 11.562806660799716
2293 11.450747629430541
2294 11.633647815325418
2295 11.882338830284043
2296 11.404016878498004
2297 11.561460951528671
2298 11.486070195788297
2299 11.784529233454116
2300 11.194897795397237
2301 11.250785981385556
2302 11.603123784905588
2303 11.840273063959772
2304 11.25534691733761
2305 11.583608399463742
2306 11.47162890901159
2307 11.754437232457716
2308 11.441131854898476
2309 11.843156535501247
2310 11.572066881496609
2311 11.812200783770281
2312 12.19198298279541
2313 11.326404730533671
2314 11.69410829332769
2315 11.7326785430139
2316 11.595799192115676
2317 11.600727391337465
2318 11.236068223237744
2319 11.534636728561711
2320 11.250926743955143
2321 11.32053890044565
2322 11.429697481644427
2323 11.040112282414736
2324 11.611560170935277
2325 11.504840140861003
2326 11.461360460592692
2327 11.559077603155371
2328 11.59713920106304
2329 11.454430012540664
2330 11.828708039519878
2331 11.719092518101437
2332 11.009435705616665
2333 11.796607142510934
2334 11.675620281451083
2335 11.373391618964382
2336 11.21356417579449
2337 11.230158015280455
2338 11.657900979627282
2339 11.519345460015252
2340 11.365490623463764
2341 11.452541550497653
2342 11.578336469577811
2343 11.52958296420155
2344 11.928224991828369
2345 11.58079473485901
2346 11.305674081719527
2347 11.273994849422241
2348 11.570143194289802
2349 11.966191143757932
2350 11.757711138160554
2351 11.619285316454102
2352 11.227688821652555
2353 11.852026093650432
2354 11.694416073288638
2355 11.742402788780444
2356 11.945512453656212
2357 11.601287440507006
2358 11.5901498484247
2359 11.838472686048275
2360 11.643041865796572
2361 11.722215715115212
2362 11.388164216990859
2363 11.78522950000748
2364 11.677653757215685
2365 11.58738517296946
2366 11.787733622716974
2367 11.792101057785946
2368 11.923070455037514
2369 11.774075276082762
2370 11.97458551000587
2371 11.67548140724759
2372 11.438509162949673
2373 11.442552355884192
2374 12.03732182276371
2375 11.502401971557152
2376 11.447288130692984
2377 11.380812385364726
2378 11.655309844658444
2379 11.68444501745693
2380 11.84144172188029
2381 11.689587242966347
2382 11.218902771198161
2383 11.779486071410682
2384 11.67715467294334
2385 11.315127715421937
2386 11.677521059409566
2387 11.734864732417385
2388 11.408557310916818
2389 11.191789650859189
2390 11.571395041192483
2391 11.75315534099973
2392 11.410682392049292
2393 12.036764305317162
2394 11.703309147902836
2395 12.025764415053406
2396 11.935642146620673
2397 11.745229344750626
2398 11.920874560141096
2399 11.837490181414799
2400 11.879190112277765
2401 12.080252618932825
2402 11.64101922081743
2403 11.97937815172025
2404 12.155382833510796
2405 11.987238277420092
2406 11.864547568842738
2407 11.59782096496579
2408 11.6948185808799
2409 11.88775514895666
2410 11.793222759392979
2411 11.481909152917499
2412 11.78139526144938
2413 11.358754797486043
2414 11.06439332133741
2415 11.3427148484262
2416 11.151343309768436
2417 11.013368201946866
2418 12.013700493229218
2419 11.804170617296228
2420 11.604837856768526
2421 11.614008156670637
2422 11.385880130608667
2423 11.400108559266041
2424 11.882966931009335
2425 12.036018404704219
2426 11.986182049370546
2427 12.0168104437411
2428 11.707447595447428
2429 12.042202849770307
2430 12.081035024453994
2431 11.720009634846974
2432 11.947510094440652
2433 12.096221217106693
2434 11.693111173170731
2435 11.752646954803957
2436 11.491009294109848
2437 11.62232748412701
2438 11.676504644799966
2439 11.566473454533394
2440 11.330928569980355
2441 11.560129038270006
2442 11.609174037939427
2443 11.354561644415881
2444 11.85579586384664
2445 11.377744923730681
2446 12.126048159691166
2447 12.044555582846836
2448 12.019017013034311
2449 11.7262593002376
2450 11.975846759642398
2451 12.247360640598316
2452 12.145611139639529
2453 12.300667927383511
2454 12.289396407956254
2455 11.97582414495066
2456 12.246126555924313
2457 11.92742701362019
2458 12.315330970104313
2459 12.67726677642276
2460 12.081278915576412
2461 12.043665108740335
2462 12.559725957816545
2463 12.32051042589588
2464 13.244005299637161
2465 12.039327381356907
2466 12.002860842444973
2467 12.415408178802481
2468 12.10322510916401
2469 12.06320779141533
2470 12.297023259204213
2471 11.91016614001565
2472 12.486079021738737
2473 12.196312589861723
2474 12.398406011529014
2475 12.04330496064464
2476 12.120484014087564
2477 12.894044567470358
2478 12.203173877053112
2479 11.730124661204512
2480 11.960068755150164
2481 12.012519667239413
2482 12.121537588788255
2483 11.725875465457326
2484 12.001594844171354
2485 11.604317539852843
2486 12.046390207719078
2487 12.144715063891114
2488 12.454586234837002
2489 11.938769063042052
2490 12.066076799275283
2491 12.002812068475762
2492 12.296644525755735
2493 12.156489083548951
2494 11.992746457587216
2495 12.26736098227371
2496 12.089906300940877
2497 12.277975616159218
2498 12.066350095361496
2499 12.301869358785646
2500 11.674620065222348
2501 11.78921947426612
2502 11.938017813779222
2503 11.879360047525632
2504 12.185580251124321
2505 12.02874408230335
2506 12.523262976985405
2507 12.156125431029775
2508 12.12673188964584
2509 11.956936714154137
2510 12.049237091104525
2511 11.611056630718076
2512 12.139038021339378
2513 11.997119200067267
2514 12.352257185373533
2515 11.779113016064146
2516 11.88475513217512
2517 11.937064244537696
2518 11.665249328372084
2519 11.742969893377081
2520 11.17530532119074
2521 11.937001696172208
2522 11.305370057014382
2523 11.410565827665058
2524 11.410050180179127
2525 11.595299514782345
2526 11.74096849407073
2527 11.04024080947265
2528 11.303708140875468
2529 12.23528442531055
2530 11.489609482633877
2531 11.427764284450484
2532 11.506742797523962
2533 11.2873904818914
2534 11.043236138373096
2535 11.134544868316292
2536 11.47762480837453
2537 11.277769711067576
2538 11.50633774333207
2539 12.156982099698993
2540 11.58097402994411
2541 11.391271461970176
2542 11.647787727546989
2543 11.28669031368233
2544 11.254883156425947
2545 11.392544238365632
2546 11.767762775834175
2547 11.64383546394615
2548 11.577921242551053
2549 11.802906561507319
2550 12.023242818890923
2551 11.758858719494524
2552 11.908852956699244
2553 12.084590239886749
2554 12.06517433255556
2555 11.572352690819093
2556 11.82839811155097
2557 12.00328343307437
2558 12.172901618832515
2559 12.07388569658885
2560 11.622146967859637
2561 12.050064916842329
2562 11.527653992439443
2563 11.76391086395753
2564 11.742028688043312
2565 11.248827694321417
2566 12.04476215838145
2567 11.434043403159546
2568 11.829077718436682
2569 11.712794080536879
2570 12.649943417215102
2571 12.213045220885649
2572 11.969046699405883
2573 11.846473095632765
2574 11.163617499288065
2575 11.736518086739213
2576 12.069384505784607
2577 12.149020392899386
2578 12.170460037555902
2579 11.964934247719178
2580 12.224422738598314
2581 11.840923899108526
2582 11.380654601889892
2583 11.54996962324968
2584 11.579332720020682
2585 11.879703011831499
2586 12.047514747131597
2587 11.404590394849885
2588 11.667357211107104
2589 11.517112854458869
2590 11.725230229850105
2591 12.205485898263607
2592 12.027254275203939
2593 11.274040313603926
2594 11.56463239844909
2595 12.36746187951162
2596 12.229541618654716
2597 12.474427993592004
2598 12.423523824127836
2599 12.06070978579809
2600 11.825578180139908
2601 11.752640029927514
2602 12.038090467324356
2603 11.815890276083332
2604 11.641421448172313
2605 11.939918303870142
2606 11.662750251178423
2607 11.701771746794718
2608 11.967191973545738
2609 11.519294481248181
2610 11.488186414371093
2611 11.432928311508716
2612 12.0588318999339
2613 12.07222861553978
2614 12.157610114998995
2615 11.617207383080647
2616 11.986789410365919
2617 11.6754173999049
2618 11.870405807631208
2619 11.93011594190248
2620 12.077636120547131
2621 12.045955819504176
2622 12.041275606734207
2623 12.064211516059103
2624 11.593072330412603
2625 11.62195036470572
2626 11.221659498730446
2627 11.80382164426737
2628 11.571101658787475
2629 11.852472316358876
2630 12.156937290456428
2631 11.592129115128566
2632 11.498446785466207
2633 11.558030010622986
2634 11.854399446613732
2635 11.992132107945476
2636 11.955089149941344
2637 11.715170571570226
2638 12.02583086716183
2639 11.997652787178247
2640 11.564262683446348
2641 11.661537475050443
2642 11.404346894698612
2643 11.246460945364474
2644 11.593952291884168
2645 11.797624307480115
2646 11.470379303027496
2647 11.339673397640246
2648 11.164255375637183
2649 11.565977865035741
2650 11.8242138093524
2651 12.171367907610666
2652 11.11011046476201
2653 11.588238764096186
2654 11.530433058081405
2655 11.297018667913484
2656 11.660988627176614
2657 11.515779271248006
2658 12.097268393591966
2659 11.888779086329757
2660 11.770490276600967
2661 11.620858954577281
2662 11.817768259733077
2663 11.631377282897251
2664 11.976331030278459
2665 12.034530842612343
2666 12.13592540110171
2667 11.935940382575424
2668 11.596599267402057
2669 11.948571985154015
2670 12.033515877648686
2671 11.76804692851642
2672 12.26417884660749
2673 11.576837776983513
2674 12.04744877326137
2675 12.257370443945536
2676 11.452181125040275
2677 11.65225220763873
2678 11.578250371538774
2679 11.956702813302579
2680 12.02673220917605
2681 11.719678430328177
2682 11.69603139679309
2683 11.759576398389386
2684 11.723472040338873
2685 11.902433289235788
2686 11.709077154604337
2687 11.52165291582047
2688 12.020887265822168
2689 11.79188050061548
2690 11.758306628767508
2691 11.749664539486742
2692 11.844616644088317
2693 11.111220990354285
2694 11.475394815406979
2695 11.666159025831952
2696 11.978814429737108
2697 11.617736981601604
2698 12.187932809781817
2699 11.371474669525645
2700 11.603551653717348
2701 11.692662629764868
2702 11.813252602136215
2703 11.44438047296641
2704 11.597239685466912
2705 11.316835450001964
2706 12.411596436971557
2707 11.279184350659195
2708 11.8315999891268
2709 11.56136227070357
2710 11.565099975098123
2711 11.573962865025187
2712 11.988064548684374
2713 11.632538609992395
2714 11.431865213273733
2715 11.539274605714448
2716 12.031426274637937
2717 11.471833097411924
2718 11.760101888927997
2719 11.353627503734796
2720 10.98974333172455
2721 12.197891168516042
2722 12.077798221521814
2723 11.253028014884503
2724 11.418188592549056
2725 11.07746306489477
2726 11.13889594730213
2727 11.531787401658997
2728 12.012766548420693
2729 11.932174754700066
2730 11.443210033920296
2731 11.246741260646774
2732 11.722824203976225
2733 11.714655082990662
2734 11.791333606693804
2735 11.733537279357334
2736 11.667319905955516
2737 11.761600612175057
2738 11.570983416206198
2739 11.462205462930305
2740 11.844129166741766
2741 11.091508102526682
2742 11.762078203721781
2743 11.894508669575062
2744 11.145436736973462
2745 11.37085658736125
2746 11.575306459088809
2747 11.576332804354745
2748 11.243223891132034
2749 12.02742823405113
2750 11.875892679635372
2751 11.68872909921082
2752 11.432502383604588
2753 11.935111902291572
2754 12.27438204959372
2755 11.782687672968306
2756 11.904169293293174
2757 12.108489115516303
2758 11.557723967134176
2759 12.31832334267818
2760 11.155524434189944
2761 12.120660639865653
2762 11.970326744455964
2763 11.454814700655552
2764 11.842215270678068
2765 11.847990166114498
2766 12.318837077209398
2767 11.968678420410264
2768 11.898625870187018
2769 12.119159126805434
2770 12.215736535954882
2771 12.251962683343246
2772 11.675710883469048
2773 11.58617437405845
2774 11.459112169740887
2775 11.58296247515408
2776 12.053037300122336
2777 12.09471924609156
2778 12.175419208785742
2779 11.809104311071247
2780 11.635321608223864
2781 11.521643539192937
2782 11.366123508885577
2783 11.430868999399454
2784 11.580676428784539
2785 11.598822325754226
2786 11.76011158953132
2787 11.709155635373966
2788 11.498754793277621
2789 11.466151935089522
2790 11.850943280163497
2791 11.300770431905836
2792 11.503562067821754
2793 11.395476421279227
2794 11.756248194095361
2795 11.86331654148212
2796 11.622070255551359
2797 11.649683994210148
2798 11.657195777686754
2799 12.117539713329057
2800 11.87111094863453
2801 11.74781611746031
2802 11.666932649382677
2803 11.653384259940449
2804 11.90894984645268
2805 11.492594558240347
2806 12.377826068165277
2807 11.491120111708948
2808 11.455411444416514
2809 11.498178749085149
2810 11.759393797094642
2811 11.971669268967368
2812 11.99788676074103
2813 11.366891029546398
2814 11.522872708239674
2815 11.449760906734841
2816 11.496978845735143
2817 11.607728683541314
2818 11.78243720948055
2819 12.310771172609465
2820 12.112245656870732
2821 11.862026296674655
2822 11.717649741746103
2823 11.765772272001886
2824 11.925813412389221
2825 11.956013941106445
2826 11.363445611108792
2827 11.837948811993472
2828 11.38661585969529
2829 11.821433095156596
2830 12.145787075847986
2831 11.440177908732482
2832 11.62056071200918
2833 11.550437376457326
2834 11.677216152917314
2835 11.66945737840462
2836 11.360475519152844
2837 11.711959257489639
2838 11.564078598991388
2839 12.001350967936315
2840 11.987412278458425
2841 11.889739027731073
2842 11.55542210999407
2843 11.591036789838283
2844 11.359892975171265
2845 11.724345084036178
2846 11.399094583699638
2847 11.865122554015413
2848 11.727769745015724
2849 12.150588374720572
2850 11.874745087738788
2851 11.558149699839275
2852 11.943285054664592
2853 11.835971201424188
2854 12.04729074685942
2855 11.692532358327355
2856 11.105472358459997
2857 11.306081615797876
2858 11.122214640083953
2859 11.219879397855326
2860 11.65176270609603
2861 11.4242620997776
2862 11.787466987479535
2863 11.057517893657113
2864 11.583049007619207
2865 11.788990676914073
2866 11.280925750209223
2867 11.751250520227597
2868 11.788639942062524
2869 12.064297990099623
2870 11.92973022501216
2871 12.054093023497854
2872 11.880084434390522
2873 11.822039446104098
2874 11.93708225828345
2875 11.568710204182523
2876 12.239089576476541
2877 11.607818295127732
2878 11.391875744832346
2879 11.694754731189681
2880 11.681114654421625
2881 11.638992424313159
2882 11.750301036182258
2883 11.93943960805058
2884 11.895152954551701
2885 11.668027913708759
2886 11.011061778854339
2887 11.35201556962218
2888 11.020606714600715
2889 11.722141055648203
2890 11.433667285043597
2891 11.470798513218094
2892 11.466251123552741
2893 11.819576951471003
2894 12.201691078990365
2895 11.938656388697083
2896 11.744550181263325
2897 11.86940405512142
2898 12.223770269326662
2899 11.846150240601178
2900 11.533957877997652
2901 12.109615726960488
2902 11.763116174710133
2903 11.89368341907661
2904 11.352188027912145
2905 12.12140927902551
2906 11.468453023760718
2907 11.71628335054952
2908 11.176455421496012
2909 11.445285685906569
2910 11.6503488580626
2911 11.260582942586911
2912 11.619058869800986
2913 11.729099747449105
2914 11.973431960185023
2915 11.48427758989535
2916 11.689102731357995
2917 11.503470551838458
2918 12.29708476225115
2919 11.609318015742284
2920 11.19005983422376
2921 11.025639203227138
2922 11.74106378603707
2923 11.32854716036271
2924 12.180172378523556
2925 11.803511924008157
2926 11.63508863552763
2927 11.24266322890237
2928 10.94250306765207
2929 11.671585390263683
2930 11.758171335301638
2931 11.800350917256363
2932 11.637946653050117
2933 11.599923355560657
2934 11.854032935559783
2935 11.734056995990406
2936 12.010551780313481
2937 11.75194281567361
2938 12.324583599042054
2939 11.599648976698699
2940 11.731911140623577
2941 11.36145511544842
2942 11.188134823464681
2943 11.099557327340879
2944 11.702481234759912
2945 11.88768731335972
2946 11.565478061975448
2947 11.887003007679182
2948 11.356234104549516
2949 11.72913400890709
2950 11.561411009776359
2951 11.082250054372594
2952 11.165070380017282
2953 11.924356152704366
2954 11.643198392576544
2955 11.460407359205758
2956 11.516371176338911
2957 11.86327649051474
2958 11.803725856511862
2959 11.356789709254551
2960 11.074783740455675
2961 12.010811251445295
2962 11.482579125654897
2963 11.543430618854682
2964 11.047983648859597
2965 11.799861962203309
2966 11.918952149326948
2967 11.378684425189942
2968 11.04663627584845
2969 11.501640801658763
2970 11.699931351688853
2971 11.56723585293909
2972 11.897299924892087
2973 11.941683446643587
2974 11.18909967629304
2975 10.89595028501614
2976 11.414805539172301
2977 11.530190440243556
2978 10.989680887857624
2979 11.721316903928276
2980 12.093726531034331
2981 11.906242468698732
2982 12.055594762504793
2983 11.798430701055926
2984 11.808832888030844
2985 11.82760431975951
2986 11.83155863045737
2987 11.678996731654234
2988 11.778474561170533
2989 11.95067289990862
2990 11.840187175187392
2991 11.842328813221515
2992 11.758080436280771
2993 11.633504004222283
2994 12.157606312927847
2995 11.647539827601513
2996 11.494926201575328
2997 11.407804874751395
2998 11.783083326053783
2999 11.48119323021578
3000 10.93297690212658
3001 11.491818456102123
3002 11.34428995735877
3003 11.397480372561512
3004 11.299365567528652
3005 11.44557095129589
3006 11.356127453626307
3007 11.566402639576816
3008 11.883553492349122
3009 11.86772182830293
3010 11.3525243484347
3011 11.136276534828855
3012 11.283777514420315
3013 11.437638870154634
3014 10.973378933085819
3015 11.492499320293192
3016 11.358751246687717
3017 11.543495067822473
3018 11.123353043878412
3019 12.23649279971499
3020 11.65454741385873
3021 11.412114452858683
3022 11.635341835417181
3023 11.79323240380102
3024 11.82815676839968
3025 12.174506055048928
3026 11.8069247549534
3027 11.36071128790698
3028 11.40080583040636
3029 11.495764880852654
3030 11.526145552161156
3031 11.160310584838848
3032 12.383721235919603
3033 12.52767232741955
3034 11.993350341455319
3035 12.34433374791659
3036 11.939647571269065
3037 12.057359447023273
3038 11.92536111941745
3039 11.14550745835053
3040 11.903096793602383
3041 11.637964570262195
3042 11.628624872920179
3043 11.995064152237076
3044 11.450896147044853
3045 12.014757820920371
3046 11.42697556462467
3047 11.341670892124618
3048 11.10605028388059
3049 11.452051356071145
3050 11.607818156065477
3051 11.316455694193886
3052 11.852612019675465
3053 11.892601047093558
3054 12.234564156538665
3055 11.89568273083547
3056 11.840255281339665
3057 11.513121702341497
3058 11.814754284540387
3059 11.909443382201482
3060 12.208833665314485
3061 11.902039701799612
3062 12.006824416196602
3063 11.517430038969676
3064 11.761481703255733
3065 11.190319395931654
3066 11.527422141768474
3067 12.104247671324496
3068 12.149189067680341
3069 11.465372393365081
3070 11.614762645413995
3071 11.728650809310945
3072 11.408012125685952
3073 11.523817101488598
3074 11.396231969556105
3075 11.580320502664827
3076 11.798035978742844
3077 10.990938437650408
3078 11.57984330478949
3079 11.774548626914594
3080 11.447299192336237
3081 11.339205084045389
3082 10.874619873921274
3083 11.426367446351957
3084 11.551220737311937
3085 11.401820449860129
3086 11.786963263902758
3087 11.407425199685193
3088 12.435287858720496
3089 11.713368947126403
3090 12.005266091477703
3091 11.545568565789289
3092 12.359354364727395
3093 12.217127261457012
3094 11.968610714952833
3095 11.21830811219752
3096 11.088281410424694
3097 10.72534871898484
3098 10.55907828405713
3099 11.036202942303834
3100 11.789454553372218
3101 11.67893387222578
3102 11.452314273476038
3103 12.10620899339483
3104 12.132189103291442
3105 11.547150542791874
3106 11.433699053596875
3107 11.20874512452622
3108 11.581781866267896
3109 11.491174213564104
3110 11.514677625690236
3111 11.474316486874045
3112 11.60293636211905
3113 11.849731800326639
3114 11.014385513877961
3115 10.930470689989198
3116 11.471682788113844
3117 11.446864347179906
3118 11.591768140272066
3119 11.58873965308497
3120 11.13368001598171
3121 11.093737889689049
3122 11.325481289341223
3123 11.27162531108567
3124 10.808794873281254
3125 11.136706054775296
3126 11.261100527777648
3127 10.917081146220285
3128 11.667596160780697
3129 10.637621796419909
3130 11.367461680220394
3131 11.326855447710653
3132 11.652803080605441
3133 11.534290593091296
3134 11.649034166341739
3135 11.296760044469236
3136 11.36617820913169
3137 11.279768969770602
3138 11.45760468488821
3139 10.921253331263157
3140 11.046188702540015
3141 11.287285220836724
3142 11.759944386589865
3143 11.049786782918714
3144 11.210615310934182
3145 11.345258602118161
3146 11.318673527716422
3147 10.853020786617009
3148 11.443382093939022
3149 10.931918137069824
3150 11.820776199031098
3151 12.563126859675458
3152 12.014440278876947
3153 11.547047548699624
3154 11.725742056840263
3155 11.634610216572177
3156 11.99354700898774
3157 12.108378597519014
3158 12.234959023873738
3159 12.243549440986788
3160 11.788037476957877
3161 12.195797512085354
3162 11.800839502406978
3163 11.570003799163148
3164 11.730360723073074
3165 11.905447127496975
3166 11.661826382815955
3167 12.014324547600156
3168 12.020342969723224
3169 11.537597912716306
3170 11.556788949244238
3171 11.267458307662032
3172 12.119272378544022
3173 11.647616617987389
3174 11.395378037596096
3175 11.339943874284984
3176 11.541471469764518
3177 11.676514839071555
3178 11.64426556447921
3179 11.902152327166217
3180 11.757986209439078
3181 11.441623633320198
3182 11.895476426775936
3183 11.522756562734163
3184 11.487499604718582
3185 11.820534355830638
3186 11.705018340476716
3187 11.331879543696362
3188 11.288733935627308
3189 11.239044580568978
3190 12.059858613491347
3191 11.597784481637925
3192 11.346687275771925
3193 11.575822888086302
3194 11.622050556331446
3195 11.676817112170498
3196 10.81890706266874
3197 11.956086381511463
3198 12.068851049216406
3199 11.576611965193704
3200 11.362612485492148
3201 11.851769926937584
3202 11.605280674834583
3203 11.655734607496612
3204 11.729565609352752
3205 11.629731346783874
3206 11.590477930477045
3207 11.496667470081716
3208 11.625828221230234
3209 11.566442169912651
3210 11.493772002748903
3211 11.533513057265344
3212 11.588347282593286
3213 11.644018477409569
3214 11.964210046651502
3215 12.019148609218426
3216 11.7228843709373
3217 11.990747806431377
3218 12.251070943563663
3219 11.93666815081703
3220 12.089411895612018
3221 12.071844687741555
3222 11.553675073321333
3223 11.77538221950027
3224 11.959022968356583
3225 12.063020258128484
3226 11.938068849979404
3227 11.645448147348302
3228 11.909484052146736
3229 11.490953660652707
3230 11.697816583697632
3231 11.347940321799834
3232 11.629745500310756
3233 11.724973080788782
3234 12.018762611226308
3235 11.678255776556501
3236 11.744323386269686
3237 11.796042293434228
3238 11.569221934282531
3239 11.798913817489444
3240 11.42405695557362
3241 11.941075334618318
3242 12.131189886927878
3243 11.962268969732886
3244 12.04178740320039
3245 11.310100751323539
3246 11.591108491280524
3247 11.599122210353805
3248 11.426657740918522
3249 11.457969917520748
3250 11.1431576553915
3251 11.31916336362051
3252 11.745568738640545
3253 11.829775726974383
3254 11.562261663116445
3255 11.820521311284768
3256 11.775455375519527
3257 12.023440059080817
3258 11.794456960746237
3259 11.803395734752735
3260 11.946053143852005
3261 12.126911902883736
3262 11.543483869526986
3263 11.605950341898865
3264 12.131256540280075
3265 11.544525172840757
3266 11.63278203738088
3267 12.040362886705688
3268 11.770261195437536
3269 12.233595971508844
3270 11.73213659503968
3271 11.539011834967813
3272 11.737673006559506
3273 11.584819609184317
3274 11.553014691030576
3275 11.813131948814888
3276 11.958989372282264
3277 11.645529212232237
3278 12.052652903861583
3279 11.827701353122457
3280 11.761736075027558
3281 11.85771193774072
3282 11.825046613567455
3283 11.452030627363808
3284 11.3678790764195
3285 11.518802324005744
3286 11.345016588460036
3287 11.262755370571446
3288 11.242818157319196
3289 11.48132470376821
3290 11.45865329197421
3291 12.250371993448036
3292 11.960200613134624
3293 11.566798246660142
3294 11.929302840359476
3295 11.746954265665796
3296 11.467721010652047
3297 11.871317080855825
3298 11.68137568084088
3299 12.337473106740953
