0 10.589614357525825
1 9.751168736058236
2 9.790937332436316
3 10.46152953443221
4 10.21779849674995
5 10.286203874217648
6 10.545111915639998
7 9.678004052461144
8 10.199127478199582
9 9.496632614407716
10 9.815619191612324
11 9.704666165915313
12 9.744978939372864
13 10.405414075134397
14 10.880455878110595
15 11.765919637650297
16 11.554738815454707
17 10.814547865032536
18 10.77356612577687
19 11.510483111880438
20 11.491618687629206
21 10.823585077337881
22 11.532728286381627
23 10.919500086538818
24 10.686730364029028
25 10.231648789178914
26 9.941306828360942
27 9.880261833440272
28 9.902410450857007
29 10.292837376293148
30 9.809408129869398
31 9.530930785879558
32 9.831436187961188
33 9.968363811279557
34 10.921499197150606
35 9.957634714703312
36 10.242493122731409
37 9.764369302153787
38 10.039652994105438
39 10.231610839153523
40 9.529291740663075
41 10.119145839863107
42 9.580879882814315
43 11.462224868153074
44 10.215409429215187
45 9.479309810236547
46 10.042359005742577
47 10.265352101066776
48 10.538034126349185
49 9.753327006988945
50 10.608725796723666
51 9.456851370120987
52 11.044992350876841
53 9.607869153169595
54 10.433889339463562
55 9.45541135472163
56 9.94340488278956
57 10.733992897266928
58 10.052166582321961
59 10.178056172856477
60 10.43517926261399
61 10.159168970537463
62 10.066833705631531
63 9.980341196225668
64 9.804174946538602
65 10.035295098240157
66 9.991079055543935
67 10.629695316534967
68 10.331533007306131
69 10.62444440896242
70 10.464465974072569
71 10.292960541652542
72 10.492434207281137
73 10.44427535431431
74 9.753284917548054
75 9.780565709460605
76 10.481764641896044
77 11.073779777781267
78 10.569098446417561
79 11.019800848394631
80 10.6101004540381
81 10.427921596198122
82 10.9722364711127
83 10.3746236516471
84 9.870775050874101
85 10.01099627179216
86 9.862887044906923
87 10.150828395883517
88 9.996442924962828
89 10.587407096729532
90 10.335595696937723
91 9.81373384057227
92 10.569768942930134
93 10.311637138929035
94 9.733350674353524
95 9.548781903778366
96 9.973370323287378
97 10.468778339174746
98 9.980145807270588
99 10.541705490995685
100 9.607601867521566
101 10.280229203835157
102 9.673916943570527
103 10.201334649480291
104 10.305684729103493
105 10.58580875788662
106 10.55886948454248
107 10.209563480484698
108 11.07602600558773
109 10.673804657788343
110 11.004624552128293
111 10.870986010818966
112 10.06881819019203
113 9.695879230244014
114 10.401421421091761
115 11.282432473964647
116 9.647712353079225
117 9.810113490644104
118 10.642138093102368
119 10.2841850766484
120 11.4906759722504
121 10.861142958064988
122 10.550673879123064
123 10.940278478114156
124 11.854974359764293
125 10.874637645650774
126 10.48581531913852
127 10.382577750210466
128 11.245855188328836
129 10.589174028701958
130 11.327369025051079
131 10.616756676223453
132 10.060318835329726
133 9.48429913354074
134 9.936361966986444
135 9.10951933927406
136 10.05484090777724
137 10.613119180141977
138 10.376251453874222
139 10.245674396548127
140 10.223061474260161
141 9.660256798862477
142 9.43045572147995
143 10.467819080110292
144 9.50882256813008
145 10.269907278855795
146 9.723995798165701
147 9.244176225524935
148 10.763573698832104
149 10.531167541432279
150 11.040351007704903
151 10.793220058461191
152 11.093908984998047
153 10.97158635512346
154 10.697181432278851
155 10.508188231634099
156 10.053561017472104
157 11.076594180249808
158 9.903556456666255
159 9.599530418647767
160 9.994168795293215
161 10.006643610894447
162 10.231093236167435
163 10.065563715463139
164 10.37931522597892
165 10.611162548157079
166 9.77884798644739
167 10.397900655750734
168 10.796903798981356
169 10.358413477210082
170 10.220588634503232
171 9.594211475329711
172 9.67816540677099
173 10.523356609154947
174 11.17281022848213
175 10.293511780272183
176 9.894136596147252
177 10.039661222654601
178 10.24296535653119
179 10.157451616204366
180 10.544701840222746
181 10.74033291336945
182 10.113482056282063
183 10.504318062147409
184 10.820927471320257
185 10.046499858510051
186 10.427985939814166
187 9.678511348178912
188 10.708448362027177
189 10.958745601431712
190 11.420529941035054
191 10.966156174821984
192 11.031016949617966
193 10.782854582169822
194 10.91992735004053
195 10.174464870622833
196 10.505307540125356
197 9.767405461112746
198 10.257585254734458
199 10.891470334949712
200 10.3909446402017
201 10.332751691170428
202 10.815671318701563
203 10.793785348422272
204 10.515678923492652
205 10.275430568998186
206 9.516126512927789
207 10.174923297499998
208 10.20934305233046
209 9.694624485379835
210 9.896640219733182
211 11.363684609988022
212 11.101649235007507
213 11.10972892928272
214 10.892077209718012
215 10.882738137989435
216 10.268405015240022
217 10.01636555677778
218 10.945804306392954
219 10.912067833424345
220 10.545268363569585
221 11.042691466310563
222 10.905288940081272
223 10.506078026782326
224 10.455861318345171
225 10.992578927618398
226 10.90090592005713
227 11.750069166667089
228 10.787945081162992
229 10.959656513227428
230 11.207474136096202
231 11.276854521925735
232 10.592800161584128
233 10.480751411046771
234 10.687863130728118
235 10.113624206364873
236 10.395420037117459
237 10.136331552367745
238 10.07746656907926
239 9.938160922653996
240 10.429794497912006
241 10.235282488216288
242 10.379603282551356
243 10.483118622478896
244 10.844720894867354
245 11.230553888825701
246 10.758482881186076
247 10.735836070410977
248 11.062721915466042
249 11.845154155780834
250 11.716183831404493
251 10.872024162627842
252 10.286593899949542
253 10.98992992861637
254 11.427563508147022
255 11.18457167804715
256 10.553156671898554
257 10.351862444616392
258 10.805540850737897
259 10.996253790483708
260 11.26652747242637
261 10.91962920333385
262 11.058228572686641
263 12.079982157069695
264 10.92552527058232
265 11.5082771239556
266 11.065632968291663
267 11.112030053546441
268 11.171383458970551
269 10.250255254335196
270 10.259377544476823
271 11.62766355420108
272 11.08416883315683
273 11.171058012620932
274 10.756424551866928
275 11.232765076615756
276 10.628585356065356
277 10.530543095369156
278 10.33978736085882
279 10.792527552379857
280 10.74407691638797
281 11.021328641344104
282 9.608081132678226
283 10.386667085243653
284 10.498075364345883
285 10.496766777748606
286 10.33597369322476
287 10.435844369538996
288 10.083975910815987
289 10.792832420303656
290 10.5627521742921
291 10.109623426010064
292 11.002466950913693
293 11.385156846790531
294 10.234003596068494
295 11.29159238884742
296 10.395924763524436
297 10.765279117552474
298 11.163517629267986
299 9.942313520319482
300 10.957366343825456
301 10.571300303610368
302 11.065543677574098
303 10.708785783114145
304 11.463929411748502
305 11.054715117801518
306 10.788921879409019
307 9.921181283658253
308 10.58937504422133
309 10.341456336156645
310 10.681326172584535
311 9.258767882069662
312 10.714924621898474
313 10.69876377942841
314 10.808213363501698
315 10.57786052912766
316 11.119807724085396
317 11.412171731665754
318 10.09242055279317
319 10.576551648796043
320 9.651294006768664
321 10.714850310361063
322 10.069089455170236
323 10.05909860813283
324 8.972133308277858
325 8.152735626721219
326 9.039084882406671
327 8.410875037083892
328 8.884975703589532
329 9.056737513701496
330 9.17951468810995
331 9.110382592437583
332 9.21780556834258
333 9.851117248714827
334 9.499164389075103
335 9.774169099144626
336 10.541681972198278
337 10.405163903585171
338 10.758587035902925
339 10.431753732415338
340 9.800487319686969
341 10.6720813041823
342 10.70805768203808
343 10.046712329878149
344 9.877535809093198
345 9.58220257825817
346 9.308822327412955
347 9.496042837498715
348 8.886600542211784
349 10.088576492107444
350 9.927444383511236
351 9.691142187830378
352 9.827900596985254
353 10.067817247234217
354 11.073690714284204
355 9.990587055392538
356 10.548615908519322
357 11.186796951837918
358 10.92530100263751
359 9.856343484786562
360 10.415289628024775
361 10.548127089220344
362 10.820646905203333
363 10.20849469326709
364 10.427597362438544
365 10.834622140692204
366 10.549690821073323
367 10.326269034411728
368 11.025702624221998
369 9.966325826214439
370 10.864104119097949
371 9.822078890428122
372 10.613964745914796
373 10.819504348192156
374 11.681675095963566
375 11.359570258657165
376 11.332503549658801
377 10.626162266811948
378 11.577095994383345
379 11.052468551929577
380 11.06812109359323
381 11.318113802278665
382 10.511264775990083
383 11.341570198439756
384 10.162014438386903
385 9.873570089474821
386 11.09375396585058
387 11.133454377154154
388 11.339782363127425
389 11.143816409475297
390 11.28942403135578
391 11.52723746237276
392 10.43312890836704
393 9.785939466850529
394 10.515872876440032
395 10.087436289349176
396 10.531591525654262
397 10.252616616228439
398 9.92846162072376
399 10.651154290680383
400 11.338397009591052
401 11.174800050361656
402 11.885296461278955
403 9.943239992924486
404 10.216639496215143
405 11.374570445227231
406 9.955167322462938
407 10.382421950867515
408 10.003286181445928
409 9.76919760375186
410 9.719838070876293
411 10.135512579052216
412 9.824946729914602
413 10.352368700288809
414 9.969480830771365
415 11.14760062544096
416 10.625709725501599
417 11.440858573075595
418 11.440693055315686
419 10.23671738106155
420 11.580697828706683
421 10.650776989992691
422 11.087820729102168
423 11.72418202314244
424 10.891570508705396
425 9.596845650967358
426 11.107919093652603
427 10.710292880827028
428 10.836327830502007
429 10.787611604152273
430 10.434157367260713
431 11.8016238379472
432 11.545230808808517
433 11.316049525969655
434 11.173067544819466
435 10.458793973871071
436 11.119920394978335
437 10.408846454124937
438 11.577520158086964
439 11.017741947549895
440 11.009759445572078
441 11.296077584956564
442 12.31789291172525
443 11.756678445903725
444 11.54081543315884
445 10.876000990363806
446 11.580971846838024
447 11.392189420933187
448 10.541850129407967
449 10.75843562283531
450 10.556915835810607
451 10.163604294819319
452 10.457986777668442
453 9.993665525825273
454 10.64438114128499
455 10.924504217904879
456 10.738598548665713
457 11.147496734297153
458 10.222646572602262
459 9.535326757836033
460 10.673299330494016
461 10.804064428348315
462 10.623987527348358
463 10.961926719877024
464 10.853863526259925
465 9.776661608885124
466 10.772479911815804
467 10.950708344158262
468 10.495873675022947
469 10.942359041826874
470 11.165268406102351
471 11.020555288357114
472 12.131633565825782
473 11.174978641926348
474 10.269216127034738
475 10.217006690803954
476 10.253823317803347
477 9.51346568958206
478 9.958511950853039
479 9.877562354977739
480 10.053899463440962
481 10.191887100235533
482 10.146251644494033
483 10.666964135382113
484 10.3158635841817
485 10.98581569737974
486 9.674703731298774
487 10.082881593420064
488 11.050189746333675
489 10.162637378147263
490 10.120337022480511
491 9.973447074153663
492 9.89954047115577
493 9.79340099027504
494 9.314308795100212
495 9.96524598687616
496 11.449366675045647
497 10.409704404783454
498 9.317285315616395
499 9.789099694977018
500 9.399147990821536
501 10.459881531894249
502 9.823295599065904
503 10.724162899750617
504 9.530462216019787
505 9.923295766454341
506 9.467970902928606
507 10.276795877559932
508 10.68005688501657
509 9.472951657654898
510 9.13151849206922
511 9.234348759017115
512 9.07549977424429
513 9.557309362684238
514 9.732308254561461
515 10.248334493876227
516 10.03909910427902
517 10.302527459311003
518 8.976972452433758
519 9.30871015241649
520 10.562879786042513
521 11.017737712692167
522 10.99674949535345
523 10.010109263403821
524 10.592038301049703
525 11.403020843482645
526 10.299744463362801
527 9.788405290337932
528 8.87783727023039
529 10.756667933149124
530 9.763903874348609
531 11.213606728263525
532 11.268746927798446
533 10.642487751329954
534 10.419685420230651
535 10.48353153979509
536 10.812760028390603
537 10.358758629910671
538 9.605880296995888
539 10.224878182783613
540 10.076087195485293
541 9.779457551815696
542 10.067270279100507
543 10.589516777533625
544 10.03852878619416
545 10.918718445279238
546 10.340826188231935
547 10.129581083831232
548 11.162370347274692
549 10.579012070414235
550 10.405257341930678
551 10.282814803116388
552 10.2828453343236
553 10.691737280340993
554 11.239287476887657
555 10.854971876086775
556 11.027470986279683
557 10.741482071253655
558 10.760745778734229
559 10.449404853565841
560 11.161352555296807
561 11.004989031707186
562 10.796489064543994
563 10.184252279365879
564 10.53053629997614
565 10.552837849806647
566 10.32576905547172
567 10.672176479384731
568 10.000835359681716
569 10.880662534677603
570 10.446796725306081
571 10.51945961650745
572 10.292153417244368
573 10.943878194753593
574 10.61324370628675
575 10.73785952825042
576 11.125955429873805
577 10.395742585686246
578 10.227752740444584
579 11.250274050561169
580 10.689317464768802
581 10.712681573047508
582 9.937807137669873
583 10.592984786938677
584 11.250470862284333
585 10.175956919960793
586 10.539744299766555
587 10.364067533817659
588 10.752575656458779
589 9.902157823373512
590 10.427088427455876
591 10.712632277176455
592 10.550236590420507
593 10.401386219153617
594 11.21967832019678
595 9.627849237117708
596 10.65765702625639
597 10.32777009400877
598 10.185571921073683
599 10.96420214194628
600 10.515823942389986
601 10.212790372455041
602 10.982136071815649
603 10.300308362995326
604 9.80819200523101
605 10.383270016523142
606 10.099290162097441
607 10.752511312696905
608 10.658244863314362
609 9.938444080404839
610 10.803155235599625
611 10.11470236019453
612 11.18182815128142
613 11.052446831974535
614 11.509975260227002
615 10.338512061542783
616 9.9258144720738
617 10.88859596666473
618 10.268704662389208
619 9.581141053997289
620 9.760596486061685
621 9.912909282679838
622 10.211719817878144
623 10.340454254518937
624 10.532296074249855
625 8.980780419106457
626 9.849025045357266
627 10.271186182563401
628 10.538727735904013
629 10.346651550582727
630 10.34753826492902
631 11.100529304356387
632 9.73353067411694
633 10.487726590300186
634 9.465527556120454
635 9.719978304047839
636 9.692168640037064
637 9.758129092427557
638 10.483190735950716
639 9.44720911856171
640 10.21433295335003
641 9.243857414116826
642 10.161424959792951
643 9.451251923767646
644 10.130285426056922
645 9.366015225047905
646 9.196037267436285
647 10.15192871631435
648 9.461226077964348
649 9.073126983012404
650 9.474123944437974
651 9.168266257194071
652 8.992752959976471
653 8.953416691668501
654 9.065431712603628
655 8.269242261917354
656 8.695606555107952
657 8.861910019283666
658 8.723381808594128
659 8.902351856954432
660 8.535840244911475
661 8.341582755573377
662 9.848020220900356
663 9.744841118540505
664 9.984327052865698
665 9.530561263476383
666 11.0959245736561
667 9.756725243050871
668 10.292838883892156
669 10.335378346759653
670 11.049911674150389
671 10.427144235517005
672 10.41815295191012
673 10.082726367561895
674 10.468628837266376
675 10.418263051541562
676 8.998120927621388
677 10.514524513810196
678 10.44290087784537
679 11.005941740742495
680 10.926721651373063
681 10.040663540443232
682 10.007445202670528
683 10.492763785598886
684 10.994049463243186
685 10.819429253211224
686 9.948121820909822
687 9.575155339411275
688 9.298528228980397
689 9.489677377865986
690 10.112540313519673
691 9.700720771569657
692 10.114238841300006
693 9.793345847383085
694 9.568811764082081
695 10.3867199143922
696 9.931082595506066
697 9.705930709110264
698 10.19392446751433
699 10.102409869284859
700 10.069554911214958
701 9.211168361942866
702 9.411776355397288
703 10.277078290883527
704 9.504848423873744
705 9.850891570022691
706 10.721250818017603
707 9.130027176326665
708 9.968906401632907
709 9.238701548826752
710 10.120664896890291
711 10.184270992557547
712 9.939305187001018
713 9.7874574825958
714 9.99111791961305
715 10.179819888086206
716 9.875784980690145
717 9.366798260134848
718 10.452580374359252
719 10.301464352148283
720 10.334322000087278
721 10.559855449235517
722 11.15153043105664
723 10.109911801029662
724 10.095244164706985
725 9.658589624385732
726 9.969740087871552
727 10.75158897703715
728 9.078342387525657
729 9.923598029397823
730 8.995876207408008
731 9.112585932408926
732 10.10336163951636
733 9.295595113662156
734 8.23510455012004
735 8.288087635732962
736 8.60107432822431
737 8.627285001072607
738 9.65828538129078
739 9.068919613093724
740 9.693069610497115
741 8.763711699094344
742 10.164583478475512
743 10.065583473913607
744 9.435894835518194
745 9.569986980976577
746 9.021782214806354
747 10.161410837303201
748 9.530360284003077
749 9.613878871058237
750 9.581363022357895
751 9.465696639077578
752 9.221780954507194
753 9.09258376069831
754 9.357176284232473
755 8.548263957358362
756 8.828034841016205
757 8.879722437846244
758 8.94010418897837
759 8.933174810911751
760 8.863862084844799
761 9.057000735010629
762 8.790041657822371
763 9.159462346817904
764 8.935858638288193
765 9.186704119275678
766 9.303695577568572
767 8.595404602567136
768 8.429748293626142
769 9.038776126095808
770 9.861591915482089
771 9.009751509461886
772 9.981886494597926
773 8.797237923796182
774 9.653057472627786
775 8.80273957741539
776 9.487400423333881
777 9.477969777471015
778 9.734291140034223
779 9.681982335180779
780 11.186407060136684
781 11.346271457949
782 10.772077783901922
783 10.742057254685134
784 9.94576981644257
785 10.543146409067608
786 10.896498966854214
787 9.630400368973307
788 8.884312255559603
789 9.948848689839929
790 10.37143582277269
791 10.48322451542525
792 10.281766773953915
793 9.627259090342813
794 10.072280807879254
795 8.77823893439744
796 9.364973052586764
797 9.380289117242489
798 9.703639392774502
799 9.892740347804612
800 9.400655988466001
801 10.131371910596876
802 10.933087575903391
803 11.043044278665855
804 9.133406996884704
805 8.951940990982791
806 9.719025369761585
807 9.547244288652237
808 9.998382397779336
809 9.774088875775327
810 9.945101832810938
811 10.225269915092246
812 10.053920228047764
813 10.755979668089205
814 10.431570878088271
815 9.643477089321893
816 11.858017734049023
817 9.717959004597562
818 10.328592321300517
819 9.679340022255337
820 10.402560865081881
821 10.143708525690094
822 10.291277010902292
823 9.793362078134399
824 10.101293068009097
825 10.617050678016637
826 10.028880132108137
827 9.8579368282018
828 10.571938149583374
829 9.538603266215883
830 9.87769207176171
831 10.776991698320751
832 10.877672676041202
833 9.307399807610654
834 9.89855175156843
835 9.32991695254867
836 10.803047514083769
837 10.176816983146955
838 10.476134615815209
839 10.12441473641119
840 9.776751805090376
841 9.834947151794148
842 10.229490977958138
843 10.162419605253941
844 10.132363454172575
845 9.931927865855462
846 9.663707117201067
847 9.267624465582417
848 10.443581702251441
849 10.635338499982856
850 10.101946550584007
851 10.44734966402436
852 9.29175815316173
853 9.177003733807892
854 10.841370306119229
855 10.080343266745514
856 8.950250242168359
857 8.843261912810245
858 9.075830313605723
859 9.159708040332628
860 7.660599419695013
861 9.618194612848963
862 9.857141457082179
863 9.816112505600792
864 10.702453055048517
865 10.143053345491671
866 9.49654222059272
867 9.622901465700876
868 9.680778486913846
869 9.43554349266738
870 9.505724700421984
871 8.814729186776775
872 9.740497222969747
873 9.249214547469576
874 8.700962279837043
875 10.019476871069942
876 9.563585033362202
877 10.774151990674538
878 10.815973459435972
879 10.838994605846416
880 10.937128713684649
881 9.161949952300526
882 9.368264268549222
883 8.8008317574635
884 7.899081281551856
885 9.208966988021507
886 9.766668446521741
887 9.148832958383073
888 8.884576781490841
889 9.697580198933668
890 10.34924006977592
891 9.364830102967174
892 9.732991439142824
893 9.703803655395227
894 10.457088317083484
895 9.676178564469444
896 9.225394326298977
897 8.995097814080449
898 9.753021973422795
899 8.61159728030654
900 10.061342064672443
901 10.398617098380589
902 9.906120410901641
903 10.16584800180778
904 10.208818448271003
905 10.02280034226945
906 10.004027183271269
907 10.093924688673606
908 9.936194336131114
909 9.348383914329347
910 10.041984098652382
911 9.44055491396566
912 9.872792839054581
913 9.680889613547617
914 9.655142162017395
915 9.809863135790248
916 9.755425286864934
917 9.570642243047528
918 9.072866958969104
919 10.283071187865765
920 10.041176391603663
921 9.589341003263533
922 10.700511678674113
923 9.659651466204169
924 10.671908493833133
925 9.995148614616125
926 10.03274980727113
927 11.496228599601688
928 10.665132825626497
929 11.81181509287455
930 10.768308276631357
931 9.878336778918895
932 9.551516543868237
933 10.596476248187905
934 10.421530535487971
935 11.110247864934212
936 10.652082937288077
937 10.273086480546201
938 9.371309122405108
939 10.72993163262019
940 11.281412810728613
941 10.134273630520669
942 10.776103052783151
943 9.995594951540419
944 10.175976133901635
945 10.54293308411974
946 11.071601597869796
947 10.267869380930419
948 10.281403341630803
949 10.84853676081852
950 10.507256452206235
951 9.832646351090826
952 9.936199085281443
953 9.884534274947987
954 10.924026313091721
955 10.033146970084896
956 10.534499052018479
957 10.344647162229489
958 10.424307021156947
959 9.495268984832604
960 10.485738357889462
961 10.172233419922398
962 11.108087003046373
963 10.949560807522886
964 9.946759436920889
965 11.238609475480823
966 10.572514194846404
967 9.635486941078366
968 9.964497138294707
969 10.18490565280576
970 10.816090618455116
971 11.091375784213216
972 10.298740770128822
973 10.419181078191086
974 10.19826042206541
975 10.580511896129504
976 10.79163472011991
977 10.145177403385045
978 10.560507770642321
979 10.374914839513435
980 9.444172086247805
981 9.316750721740386
982 9.806967969267454
983 10.235653526404452
984 9.163733658747946
985 9.4296934233025
986 10.151802181609952
987 10.665799697561804
988 10.099732926257364
989 10.163539463850935
990 9.449435359296105
991 9.77602914109683
992 9.928297641898872
993 9.976868963517354
994 9.566595560710018
995 10.776153126314677
996 10.799419685594726
997 10.829245539860809
998 10.499938144095553
999 10.25195575095903
1000 10.131912651296945
1001 10.37005615027692
1002 9.33320695633295
1003 9.374358199203371
1004 9.49976771899714
1005 9.493947943831534
1006 9.901269024169562
1007 9.787123757838296
1008 10.406462543335971
1009 10.420914484338986
1010 9.791906672949215
1011 10.348986281546404
1012 9.570866299956531
1013 9.906361819739782
1014 10.162122537860832
1015 9.392957888925883
1016 10.712275988103679
1017 10.173046268704452
1018 10.783618793956663
1019 10.871737495929533
1020 10.239535159176262
1021 9.892891213112788
1022 11.167914092787347
1023 11.554027609898483
1024 10.471631188724405
1025 10.53585305012906
1026 10.930375919103417
1027 11.74271206103083
1028 11.248909393165349
1029 10.789689005180971
1030 10.657562579615576
1031 10.544773623329442
1032 10.547470152477503
1033 10.484479004780718
1034 9.684751619418993
1035 10.20384887347977
1036 9.94392429463636
1037 9.532234990464085
1038 9.808253123061991
1039 9.822528351006225
1040 9.229923867630111
1041 9.48099119313652
1042 9.25395589046281
1043 9.806395820713867
1044 10.237162771051361
1045 10.530325038297782
1046 10.443896057191239
1047 11.685758345568749
1048 11.033583735380272
1049 11.252292223797895
1050 10.964709845157593
1051 11.009490330070284
1052 11.158723289440818
1053 11.281496979289763
1054 11.36725968506096
1055 11.231822059065001
1056 11.168576677171869
1057 11.223640696672868
1058 10.696853282727897
1059 10.859901955751779
1060 10.854648407937225
1061 10.990093546790876
1062 11.038483754725613
1063 11.30192492153747
1064 10.796928495353942
1065 11.043816875593063
1066 10.994117456479493
1067 10.879704683550985
1068 10.47041058413999
1069 10.809970828795308
1070 10.61296488516428
1071 11.567031978777282
1072 11.036923744333738
1073 11.133568617546885
1074 10.340402560154155
1075 11.166500880699298
1076 10.864504444855337
1077 10.483570944392056
1078 11.008585806174631
1079 10.696026998461608
1080 11.32592419553131
1081 11.225279857248896
1082 11.44204696807153
1083 10.73696562486091
1084 11.599249919827972
1085 10.486914468879814
1086 11.195384692358719
1087 10.742352406108408
1088 11.270024821718945
1089 11.273189840484234
1090 11.606907171523416
1091 10.285799672495981
1092 11.239760534437044
1093 10.829799028768301
1094 11.74120347693814
1095 10.09147868479601
1096 10.657557625147211
1097 11.350894656652082
1098 10.604242730588087
1099 10.672795499487806
1100 10.909208187383689
1101 10.910395601134233
1102 10.876565280719136
1103 10.810864509695138
1104 10.815547179001477
1105 11.893993417818647
1106 9.901390874126403
1107 10.380001828081935
1108 9.407351603618098
1109 9.691507180641585
1110 10.537691955095033
1111 9.400762838145845
1112 11.327872052011012
1113 10.964982336402946
1114 9.966819672035419
1115 10.351891086400073
1116 9.940725392343369
1117 9.841541691407212
1118 10.53462142873277
1119 10.314418065730457
1120 9.819424224301954
1121 9.929900710793497
1122 9.808953644894846
1123 9.87986880479264
1124 10.091624148046796
1125 9.676165997916003
1126 9.733107303935709
1127 10.437242801606082
1128 11.662517133237845
1129 11.102094167787275
1130 11.316431742276178
1131 10.06279428218588
1132 10.598585325408
1133 11.013792391679793
1134 11.6299613456249
1135 10.396856512068535
1136 11.03339209370005
1137 11.42054475196951
1138 12.076018462668817
1139 11.607343008111963
1140 11.364452224918463
1141 10.798622665612065
1142 11.48751272757533
1143 10.313847371631015
1144 10.071747641924755
1145 10.450335229449573
1146 10.955300637051844
1147 10.92387754481315
1148 11.093041756210642
1149 10.776389736384125
1150 11.368811979620649
1151 10.935980830086093
1152 11.069866884231928
1153 10.73128791467201
1154 11.271981720667128
1155 11.130612891725692
1156 10.366693981296747
1157 10.980506917016564
1158 10.99831480865458
1159 11.389784042553565
1160 11.183855094231207
1161 9.398417717154263
1162 9.889701700498932
1163 11.444048101988226
1164 10.435519016686447
1165 10.205099832317098
1166 9.67688018623284
1167 10.647362685261273
1168 10.521292903408844
1169 10.78217411142292
1170 10.834786310412884
1171 10.770656282931483
1172 10.921615462024306
1173 10.787289640085305
1174 10.375349217276625
1175 11.264046254072902
1176 11.397576250559654
1177 10.91251492194113
1178 11.226865876282666
1179 11.042781683631489
1180 10.838824463007914
1181 12.075879991719217
1182 10.795577732557073
1183 10.451145819800018
1184 10.821489004682915
1185 11.269855251493873
1186 10.600773134779825
1187 10.75319173636604
1188 10.634936884977794
1189 10.597806648750371
1190 10.810486027613784
1191 10.798342900114047
1192 11.070344088369495
1193 11.745714031119086
1194 11.367787840605335
1195 11.243139182714039
1196 11.690788128878395
1197 11.452247090529958
1198 10.871618741880814
1199 11.464371816178485
1200 11.517582220950624
1201 10.245987443346348
1202 11.081396715659409
1203 10.753769392066769
1204 12.078761772089535
1205 11.007690166556042
1206 10.880275615206042
1207 11.568230231890304
1208 11.409845820360596
1209 11.483238961703506
1210 11.88483483625447
1211 10.87684381102256
1212 11.503577945096437
1213 11.818839811119581
1214 12.052944854371596
1215 10.93011803207098
1216 11.349812276641167
1217 11.147110975467477
1218 10.190084572936604
1219 11.757066291784565
1220 11.203641528098437
1221 10.675448929457758
1222 10.466389253988044
1223 10.570714904781155
1224 11.12793769541678
1225 11.212503923760476
1226 11.416722063878257
1227 10.450755033019703
1228 11.356598026624342
1229 11.438914967802406
1230 11.344047036122873
1231 10.495261990865043
1232 10.152746195583857
1233 11.330771524384463
1234 11.268818650967146
1235 11.338325486331598
1236 10.79334165933997
1237 11.512305982788035
1238 10.684059361571721
1239 11.477856801542124
1240 10.634158288986722
1241 12.166854609176124
1242 11.184831113498158
1243 11.079451170035677
1244 10.02222045857071
1245 11.165374710667232
1246 9.971835844155457
1247 10.540411597897963
1248 10.925157317761963
1249 10.183657180688323
1250 10.749379538382808
1251 9.484280874410812
1252 10.938025024576293
1253 10.0318959618828
1254 10.748956370051234
1255 10.963727576077828
1256 10.008876237176656
1257 10.21359342612413
1258 10.583594687268473
1259 9.875766670962674
1260 9.835566199215446
1261 9.583713257648332
1262 9.6232621025614
1263 9.826981320926581
1264 9.838461037007816
1265 9.793724059892366
1266 10.319279168143526
1267 9.517293340387965
1268 9.529669705980728
1269 10.2370955929035
1270 10.416463858621835
1271 10.09077047818295
1272 9.731700815144853
1273 9.321548697464547
1274 10.402164626220232
1275 10.15083630730285
1276 9.881612229176081
1277 9.843165344357908
1278 9.969819383349016
1279 10.268705429298116
1280 9.565912648550986
1281 10.416792840918305
1282 9.886250474930193
1283 10.565447091409236
1284 9.985446477331399
1285 9.17067611405859
1286 10.53671557596179
1287 9.397026253575188
1288 10.200346026209113
1289 9.554804121606065
1290 9.956575671349098
1291 9.446564426259085
1292 10.25245592371185
1293 9.60615623677885
1294 9.605920868100663
1295 9.523089053925014
1296 10.143313619335302
1297 9.467880267054149
1298 10.649417837591047
1299 9.677452785730045
1300 10.278303205516119
1301 9.46844122200141
1302 9.580433333364772
1303 10.072325462487482
1304 9.897762722498628
1305 10.155502235361174
1306 10.006743674445863
1307 11.31127998897411
1308 9.87424137298976
1309 12.772233143995933
1310 11.846735731377839
1311 11.532030776286817
1312 10.62451297710981
1313 11.405942270053144
1314 11.399416965687326
1315 10.890422183762949
1316 10.879791357105201
1317 10.90320290421116
1318 10.750523314467877
1319 10.19327429476145
1320 11.219110708395364
1321 11.284546354348256
1322 10.415054804071863
1323 11.685022940413573
1324 11.11168971305885
1325 11.660832409739461
1326 11.329291948881899
1327 9.92053196587684
1328 11.64195157649575
1329 11.41706334197089
1330 10.4706879118396
1331 12.404652198559916
1332 12.05003076125269
1333 11.59506099896685
1334 11.388451300638788
1335 11.013183153940286
1336 10.337482414425608
1337 10.271503827300013
1338 12.478472728437778
1339 11.776923402400097
1340 11.344802567820627
1341 11.53347528492957
1342 11.09361291765807
1343 10.54852246322798
1344 11.084969579545126
1345 10.612601644719996
1346 11.181333691803992
1347 9.521880704598543
1348 10.244749322203935
1349 10.45951916904184
1350 8.949450982853977
1351 8.603979821974823
1352 9.404509122775304
1353 9.823074850760527
1354 9.612169294854787
1355 10.104217223521731
1356 10.351414413627877
1357 10.044333467942014
1358 10.531315361651531
1359 9.636721986847306
1360 10.783160721469851
1361 10.987909540470275
1362 10.356652077316856
1363 10.512581962925866
1364 9.941713098425407
1365 10.001249253734057
1366 10.074536834604118
1367 9.717452577165796
1368 10.625626839656109
1369 10.084970235523416
1370 10.133066060953109
1371 10.367018867670868
1372 10.06989932708344
1373 9.55035049450349
1374 10.707568043643446
1375 10.397308935027578
1376 10.230566235465064
1377 10.287727735780317
1378 10.08885407593729
1379 9.828704075216507
1380 10.369606059068195
1381 9.156322423100994
1382 9.574080830897913
1383 9.772047950015583
1384 10.961752025248874
1385 10.92388431887296
1386 9.096938971440354
1387 9.922531073780343
1388 9.831620460072557
1389 9.786214970620568
1390 10.839440532545881
1391 11.118159228258648
1392 10.593273161326827
1393 9.501724952478883
1394 7.771695669878284
1395 9.011860060008035
1396 8.48002375841462
1397 8.612218848103586
1398 9.167018666960526
1399 8.50489705634192
1400 9.045018700140961
1401 8.94156767539102
1402 9.745434231030876
1403 8.32731332937795
1404 9.10493014316183
1405 10.638150088831958
1406 10.93989777053099
1407 10.661976311573868
1408 10.211019714575983
1409 11.269523998434773
1410 11.62971888193252
1411 11.102588445218798
1412 10.81963950694358
1413 11.203568682193797
1414 10.297572651515518
1415 10.800767611346782
1416 10.43689872928042
1417 10.563776293351449
1418 10.2617732422961
1419 10.544208858099758
1420 10.84894744356334
1421 10.283220764974008
1422 11.610701257799962
1423 10.52759661061636
1424 10.875138226403605
1425 11.06843922814523
1426 10.7107673855482
1427 10.81946894341768
1428 10.56922500830281
1429 10.688001091903699
1430 11.038125090770961
1431 10.783802921750032
1432 10.224500080096242
1433 10.95988639019195
1434 10.482952741676177
1435 10.135303044647314
1436 10.22110368464596
1437 10.361056115215158
1438 10.190904978286401
1439 10.829628762326648
1440 11.078672554410971
1441 10.999314871768856
1442 10.788185982242984
1443 11.36961814892342
1444 11.009040582900095
1445 11.288464208888863
1446 11.697498683541763
1447 10.550779333576962
1448 11.44712122117274
1449 10.833012501731446
1450 10.524026816816868
1451 10.721134672554179
1452 10.23377105022692
1453 10.115259220027792
1454 10.209384150470417
1455 10.87859818530215
1456 11.011352843904234
1457 11.781237335112625
1458 10.356116205330189
1459 11.132825557710625
1460 11.320347040050358
1461 10.942581501187142
1462 11.443764590205577
1463 11.678001024547202
1464 11.627199890908154
1465 11.249775057044197
1466 11.601409637218099
1467 11.6141362426468
1468 11.17929876000643
1469 11.226652339048616
1470 10.561301725980393
1471 11.90993250211366
1472 11.48990006291115
1473 11.218005633114828
1474 10.366483843214972
1475 10.429118340300693
1476 11.020713341561406
1477 10.739614381518422
1478 11.732847476345459
1479 11.690855647098303
1480 10.832105558839167
1481 10.389091444102485
1482 10.638270381913115
1483 10.593732891319197
1484 10.67211338027625
1485 10.30116112763348
1486 11.309985684534299
1487 11.232767026585318
1488 10.981538261168472
1489 10.563424425919377
1490 11.139173926352914
1491 10.826573617982799
1492 11.343326874890668
1493 10.544607281625124
1494 10.74490524781422
1495 9.699630436137769
1496 10.441143154204463
1497 10.092295877606759
1498 11.34624273419796
1499 10.344084271066247
1500 10.6461390061763
1501 11.47919387257688
1502 11.033368759865688
1503 11.016913698354816
1504 10.435311884818553
1505 11.090822705544987
1506 11.168486505486774
1507 11.327478886722952
1508 10.705890404728645
1509 9.766237961468779
1510 10.412655886014413
1511 10.039020306603186
1512 10.167432778931646
1513 10.545607705056435
1514 10.931605733754786
1515 10.926461883550804
1516 9.380599296024105
1517 10.389144407000009
1518 10.788071898212566
1519 10.292988477738188
1520 10.373495337465458
1521 10.372609678903594
1522 10.521781519069892
1523 10.701602047853465
1524 10.926529305857366
1525 10.741061610762785
1526 11.32093948018203
1527 10.531886118983142
1528 10.698329843725746
1529 10.652586901805414
1530 10.511785184681793
1531 11.245660437465414
1532 11.022361598703684
1533 11.53985008927374
1534 10.80553205850876
1535 11.22341739728865
1536 10.606589819101155
1537 10.71706548508997
1538 10.142984666187196
1539 9.969030853749405
1540 10.075036262687577
1541 11.326479885090631
1542 10.263037122298792
1543 11.044765449901453
1544 10.610670501598394
1545 10.618010046215602
1546 10.038071389779995
1547 9.74075839848957
1548 10.29854794994659
1549 10.448571518392292
1550 9.614270795521833
1551 10.541976758161413
1552 11.164840938483241
1553 10.068674154627631
1554 10.44034175078662
1555 10.597035567912549
1556 10.842302806383245
1557 10.411365953260027
1558 11.112661962309433
1559 10.941166357600675
1560 10.771591639702567
1561 8.593315402497684
1562 10.285370787485801
1563 10.608213190970885
1564 11.344166277649856
1565 10.87778258825515
1566 11.13524854526569
1567 10.995325452559571
1568 10.142601817148785
1569 10.942898646590901
1570 10.351641968074183
1571 10.717197862067865
1572 11.016696748697761
1573 10.84382489692896
1574 10.821974170697175
1575 10.63956837491635
1576 11.116723683351164
1577 10.14960761367661
1578 10.228631660388674
1579 10.656993971914414
1580 10.534793331428494
1581 11.034448905219367
1582 10.37576166279695
1583 10.555841408583724
1584 11.060089401880761
1585 10.920053974803643
1586 10.827311882309386
1587 9.998264277627412
1588 11.417134347174457
1589 11.123050555890051
1590 11.020124574587475
1591 11.10264556680958
1592 10.693441197339347
1593 10.230129633934927
1594 10.26298714500847
1595 9.960069394757243
1596 10.884294629457107
1597 11.689696745899065
1598 10.693847605811065
1599 10.55379669275446
1600 10.494630438922504
1601 9.896990363188287
1602 10.172283220386975
1603 9.36910472187167
1604 10.156749923660762
1605 10.533797262642338
1606 10.993853621464607
1607 10.708689592659152
1608 10.066818438483315
1609 10.843536436910922
1610 10.268183128130687
1611 10.784960937107636
1612 10.916540025980334
1613 10.454652550176665
1614 10.71226755929515
1615 10.642762267360572
1616 10.599745747651633
1617 10.641813655046567
1618 10.54844681866882
1619 10.035535647464348
1620 10.992904596516976
1621 11.115847064243589
1622 11.246331283242492
1623 10.23156719850172
1624 11.621732229164273
1625 10.938543067521927
1626 10.587196668589153
1627 10.634672679586265
1628 11.370530076831551
1629 11.134037973494948
1630 11.145911263791794
1631 11.123542819195219
1632 11.086246188107207
1633 11.412831938493703
1634 11.237528082097636
1635 10.808460560421809
1636 10.565479447895472
1637 11.309979978470711
1638 11.157657492436364
1639 10.40495208504579
1640 11.29440212998472
1641 10.85544767384492
1642 10.583282576703438
1643 11.11584982843527
1644 10.608732443398528
1645 10.644290900042746
1646 10.92708000412149
1647 10.71419404766619
1648 11.276824464617027
1649 9.552983904217006
1650 10.516737767629479
1651 10.751131892412038
1652 11.16456169416709
1653 11.407256419232478
1654 10.6630303523344
1655 11.076074782555105
1656 10.445435685675257
1657 11.705907797122343
1658 11.4664157374121
1659 10.264382450498713
1660 11.08158231889632
1661 11.0901310229765
1662 11.332372493578385
1663 10.495560676392811
1664 11.328858702114415
1665 10.899787881266908
1666 11.018435414621099
1667 10.233260810438223
1668 10.314730302599608
1669 10.058851293673484
1670 10.667743528744992
1671 10.215240883634685
1672 11.417129976046624
1673 12.584343963099192
1674 11.37648873122859
1675 11.201243080345943
1676 10.950456168863312
1677 11.324428152603423
1678 11.317151382099158
1679 11.039556121241528
1680 11.143961116645222
1681 11.753170885288764
1682 11.434672390290478
1683 11.837107271216691
1684 11.244215517176594
1685 11.894111221849814
1686 11.549363997821334
1687 11.206434238599732
1688 10.86936433530973
1689 10.814038450409457
1690 11.244238121980922
1691 11.335636465345429
1692 11.404737093678046
1693 10.721149001274599
1694 10.775726582508629
1695 10.840583516114666
1696 10.44540005617583
1697 11.803640203342411
1698 10.205537161421317
1699 10.715855720803303
1700 11.157140555880481
1701 10.08710238217865
1702 10.561710997670609
1703 11.474023126689561
1704 10.222452244200047
1705 11.193025189534858
1706 10.749377944763308
1707 10.93616165713964
1708 11.348385377086226
1709 11.534423704390205
1710 10.186164212602515
1711 11.182606166093253
1712 10.60451295196803
1713 10.744743333267857
1714 10.623501275323349
1715 10.6634162345734
1716 10.881694579344089
1717 10.6113001954682
1718 10.699806903738496
1719 10.699552015954573
1720 11.026385003066679
1721 10.69382008944868
1722 11.458955762101818
1723 10.53260975076356
1724 10.814760560725286
1725 10.334718843285152
1726 9.814607628069473
1727 9.48940499070454
1728 10.04965026154733
1729 9.503626136079573
1730 9.719916502299608
1731 9.709284208279694
1732 10.478409515500937
1733 10.87257044251928
1734 11.279395743583047
1735 10.947781354638053
1736 10.164190198575715
1737 11.180857226164816
1738 10.769178682390107
1739 11.424845981810153
1740 10.75628267222113
1741 10.391354992841027
1742 10.160871142058161
1743 10.559853793639324
1744 10.99975587635217
1745 10.737919050541628
1746 11.713820642818748
1747 11.334538979833543
1748 10.622236394293354
1749 10.11188669859867
1750 10.9115296669266
1751 10.808254860145915
1752 10.180883149589055
1753 10.148343415893734
1754 10.574046392073301
1755 10.919330025838237
1756 10.733231306538686
1757 10.162637984250486
1758 10.69134616355633
1759 10.799712400810154
1760 10.44481783749226
1761 10.730222349446953
1762 10.131794279205373
1763 10.281993642850725
1764 10.963507450677033
1765 10.595459564120809
1766 11.065398742466229
1767 10.740467039257918
1768 10.131808068012392
1769 10.182876673432949
1770 10.361501006488604
1771 10.650712640566436
1772 10.624545507769241
1773 9.64313538390067
1774 10.39361686072416
1775 9.91326268242006
1776 10.247428831376862
1777 10.007858687564617
1778 10.029910999814595
1779 10.608226391569499
1780 10.773629679236237
1781 10.206574548424575
1782 10.792414657419918
1783 10.49052223686834
1784 10.104206976513451
1785 10.644758563874387
1786 10.003790214619961
1787 10.533292096399371
1788 10.364849194887695
1789 11.671006078507919
1790 11.05945215223385
1791 10.657177691242413
1792 10.068863528327059
1793 10.297707224299772
1794 10.439877509452398
1795 9.007074822752953
1796 10.690954450238205
1797 10.571650681814273
1798 9.868833794358405
1799 10.617648156517571
1800 10.107531544743631
1801 10.324199021734707
1802 10.676485237550326
1803 11.301896538530421
1804 10.73882420680829
1805 10.677923436094675
1806 10.539677674894612
1807 10.1649479587801
1808 10.739543272355608
1809 11.361732075630082
1810 10.283810667394086
1811 11.790127314867869
1812 9.252426790700808
1813 10.392227390783326
1814 9.999470568651013
1815 9.247624266929742
1816 9.907008530590073
1817 10.030814971865574
1818 9.541722266082088
1819 9.015406322104537
1820 9.249560416640781
1821 9.968766784774933
1822 10.071747885208625
1823 9.17543928019173
1824 9.798312721002366
1825 10.5360786287039
1826 10.555323190479127
1827 10.845182824808006
1828 10.484726874738652
1829 10.091716259785285
1830 11.05513966597438
1831 10.168158115680866
1832 10.144345363081671
1833 9.492022974263243
1834 10.004431305606959
1835 11.781032888947093
1836 10.52564940371762
1837 9.835457252900014
1838 10.385256881651143
1839 9.690797419366227
1840 9.651045555797674
1841 10.416137569910415
1842 10.843568492703128
1843 10.83160283037364
1844 10.975801393804653
1845 10.002691512437185
1846 10.366698496590272
1847 10.322795368283877
1848 10.082818002829256
1849 10.61915385917718
1850 10.992756883585878
1851 10.289208984075314
1852 10.352362514145588
1853 10.185729398493532
1854 11.54941011860303
1855 10.908369131359455
1856 10.809392543791573
1857 11.256800748342538
1858 10.812620511520288
1859 11.601405892112957
1860 11.202795905659725
1861 11.025819115968496
1862 11.07123905738165
1863 10.186232590023385
1864 10.733609806785271
1865 10.297281740443708
1866 11.3458043781848
1867 10.721579041525853
1868 10.159668205087995
1869 10.996458938821313
1870 10.804182169425014
1871 10.82028637647935
1872 10.697819790571662
1873 10.744756642353543
1874 10.971109931442601
1875 10.103773202159283
1876 10.365838960730894
1877 10.595967160718425
1878 11.252684981818822
1879 10.615468437279764
1880 11.480898689503887
1881 10.283845711165927
1882 11.03705906719413
1883 10.268747404680646
1884 11.094285925051599
1885 11.208824409270303
1886 11.047388737202823
1887 10.798389784306599
1888 10.864389474695027
1889 11.112562591119314
1890 10.669124324282658
1891 10.49779048034653
1892 11.064396407876194
1893 10.610072016244489
1894 11.149530310284984
1895 11.513380593530822
1896 10.499781563853743
1897 10.475391443194379
1898 11.037378105276503
1899 11.087638530837454
1900 10.273017127114196
1901 11.270048633950763
1902 10.968271585603212
1903 10.79343865981232
1904 12.23616977821165
1905 11.144827051842043
1906 10.83996573442673
1907 11.336130497890897
1908 11.74729666933392
1909 10.7165207468325
1910 10.643966641682194
1911 10.620941970279159
1912 11.126074273678897
1913 9.649893949621001
1914 10.960552449332413
1915 10.922056480238057
1916 11.209842747742842
1917 11.263047896182936
1918 11.92696611166821
1919 11.40448212578183
1920 11.173845649269536
1921 11.013693242237832
1922 9.689377008971926
1923 10.766701347622854
1924 10.337579582861592
1925 10.734285378448968
1926 10.669928776520875
1927 10.525315278753522
1928 10.93765329659861
1929 10.655854634397594
1930 9.904045129600261
1931 10.424306442770803
1932 10.287047373998467
1933 10.845715003276204
1934 11.345707680445221
1935 10.408855677636698
1936 10.382835875434852
1937 10.006536075611555
1938 11.121710216490955
1939 11.150874186113052
1940 10.524567584673242
1941 10.99154933861522
1942 10.494555418448162
1943 10.2481294269871
1944 9.986739839654673
1945 9.172202055448322
1946 9.382942688118133
1947 9.907693027022239
1948 10.10312088535712
1949 10.645762721699219
1950 10.797414759582699
1951 11.615839768131739
1952 10.578461256049707
1953 11.345944062773007
1954 10.528044597605097
1955 10.533165548481827
1956 11.757144430380531
1957 11.117723217688525
1958 11.1201861617575
1959 11.17097121689384
1960 11.062440069167176
1961 10.692655374990267
1962 11.351477639599263
1963 10.823638532852186
1964 10.268076469119942
1965 9.99222427781951
1966 11.094291208556497
1967 10.384549244778924
1968 11.018290201166453
1969 11.347464213687168
1970 11.146459194111836
1971 10.233960092647225
1972 9.964402119603443
1973 11.689266559097362
1974 11.374097462926592
1975 10.994193571718203
1976 11.006597261839723
1977 10.90066468701987
1978 10.680802045582883
1979 10.807153351209063
1980 10.908334771117714
1981 10.884854880953894
1982 9.987554140680638
1983 10.069207359524745
1984 10.885400425983486
1985 10.56946437540762
1986 10.99306286140304
1987 10.969857378032682
1988 10.781174784469735
1989 10.289646383672215
1990 10.175094287113392
1991 10.599763194463442
1992 10.701056862232663
1993 10.573483925874259
1994 9.981091986984374
1995 10.322890883192212
1996 10.057724841307378
1997 10.519653319171315
1998 9.97174202556382
1999 10.41077786342597
2000 10.2589193874784
2001 11.464737184543994
2002 10.436751893713375
2003 11.529391660338849
2004 10.502855820303031
2005 10.114202823241012
2006 11.284557516730356
2007 10.580017298958635
2008 10.217436964557354
2009 10.545667901854594
2010 10.939536832043537
2011 10.78756702488727
2012 11.188281622718867
2013 10.741953191826182
2014 11.596747835296775
2015 10.588365838891312
2016 10.922564566778757
2017 11.491221359236638
2018 11.229932638631057
2019 10.23745615663985
2020 10.736178784076072
2021 9.964006036392373
2022 10.631783669373922
2023 10.526764759875917
2024 9.857555501831003
2025 10.236907554748807
2026 10.50749378490305
2027 10.43358428596143
2028 10.767722693970342
2029 10.687562959085458
2030 10.66798846572658
2031 10.770664706479307
2032 10.732654625218972
2033 11.518860105885693
2034 11.629270849254183
2035 11.64860650177438
2036 11.286934815889401
2037 10.550724177245275
2038 10.71819610043439
2039 10.68891028914199
2040 10.85519480877842
2041 11.023165194420288
2042 11.263267305629231
2043 11.567651867712668
2044 11.215666306737088
2045 11.59419259145799
2046 11.360232785572496
2047 11.103694392863341
2048 10.634746517036545
2049 10.9263653741687
2050 9.802595367812426
2051 10.324404064040568
2052 10.113367983164052
2053 10.623697922441027
2054 10.254194107990047
2055 10.184404955859021
2056 10.582318105976276
2057 10.354679134819644
2058 12.166592398980763
2059 11.803610097688393
2060 11.377333244921596
2061 11.24515483199824
2062 11.318844942737035
2063 10.962289631599893
2064 11.054483840821863
2065 11.710720155879786
2066 11.826215354187783
2067 10.710675821829735
2068 10.659802734840351
2069 10.8460524161233
2070 10.855908181834884
2071 10.542151240498288
2072 10.777719858940376
2073 9.718418864127605
2074 10.292448127986411
2075 10.737660954204644
2076 11.181583741438793
2077 10.729308877880745
2078 10.46963707351407
2079 9.633979747155745
2080 10.185036801227067
2081 10.876060861207186
2082 11.330862667649642
2083 9.794557672097673
2084 11.445743699603867
2085 10.842586280161507
2086 11.390533229511488
2087 11.846316112609637
2088 10.450195466460606
2089 10.934189325571067
2090 10.793098578975949
2091 11.46262838239686
2092 11.416512110466774
2093 10.641171893084945
2094 10.421957512788715
2095 10.538046728149475
2096 11.657554492999978
2097 11.36054899192766
2098 11.552807988534655
2099 11.736263042739415
2100 10.88048917337794
2101 11.563210380018159
2102 10.92314450924195
2103 11.509121418930988
2104 12.369217299044337
2105 11.800821041841656
2106 11.817100054860662
2107 11.386734236365214
2108 11.929993405203478
2109 11.849811456131073
2110 11.46330857033649
2111 11.736828592940057
2112 11.735367902221995
2113 11.666617789794344
2114 11.082387687135927
2115 12.040730504519862
2116 12.157670038921914
2117 11.707548302911592
2118 11.693300393314981
2119 11.599194886655441
2120 11.637927888290236
2121 11.053669704953162
2122 10.716423276542294
2123 11.803595631551312
2124 11.274542447753031
2125 10.912003741873509
2126 11.562442200809766
2127 12.374888445775378
2128 10.749973577814984
2129 10.77404614564578
2130 10.30917447913777
2131 10.202387020870939
2132 10.261482936513353
2133 10.716549206959838
2134 11.243968660850742
2135 11.190741043992755
2136 10.758959564849773
2137 10.767188560791052
2138 11.400339868182964
2139 10.996014908057294
2140 11.504858527854632
2141 11.021475454371094
2142 10.994289894465584
2143 11.182340212305535
2144 11.585961983466234
2145 10.610618393686487
2146 10.707779423587613
2147 10.67322777036273
2148 10.653620214385215
2149 11.177280174109406
2150 11.840897341499204
2151 11.232380849827738
2152 11.101779025379008
2153 10.966500568996077
2154 11.637059762765595
2155 10.679106361343731
2156 11.58288431560228
2157 10.683914834680564
2158 10.209620742934666
2159 10.913709071852308
2160 10.720644752074145
2161 11.314736950156565
2162 10.504815814352943
2163 10.620834421267691
2164 11.04136904965835
2165 10.798834333724294
2166 10.483570582368891
2167 10.87898032223068
2168 11.414709635489379
2169 11.019112341136871
2170 11.511189837480275
2171 11.479992891793744
2172 11.220257918233997
2173 10.973354132118681
2174 10.839406335522366
2175 11.424090929475643
2176 10.958436041400077
2177 11.686522404800462
2178 11.29526000552468
2179 11.349074589867387
2180 11.890393215968295
2181 12.630170975329662
2182 12.208276356335407
2183 11.825204880092421
2184 12.17588539110357
2185 11.903738992186655
2186 11.438924349683294
2187 11.322652337377336
2188 11.6980715345811
2189 12.475051514308467
2190 11.517662627895772
2191 11.790624231193368
2192 11.061402185181915
2193 11.77553769061305
2194 11.36595849544919
2195 11.623182661755758
2196 10.981438770069229
2197 10.879984818439217
2198 11.08323484083731
2199 9.975124106384381
2200 10.510222082759483
2201 11.400239099974977
2202 10.661574335668803
2203 11.880836194445045
2204 11.079853968025395
2205 12.385534525519045
2206 12.270752723976562
2207 11.31500383795021
2208 11.071371421797807
2209 10.698439874137883
2210 10.53435002553788
2211 10.34083411961858
2212 10.799828832076866
2213 10.927335134499387
2214 11.003590945687165
2215 11.085319673980832
2216 11.525609180370695
2217 10.881426716074856
2218 11.25774445786376
2219 11.826508990948057
2220 10.796290428862855
2221 11.548620636546945
2222 11.875592632383174
2223 11.148125439062081
2224 12.264709025679284
2225 10.239475755512268
2226 10.373023574237001
2227 11.682155140236016
2228 9.76493908928772
2229 9.98127594847002
2230 9.881870903712406
2231 8.803767984104606
2232 9.156350942479389
2233 9.031541523458673
2234 9.231147459155107
2235 9.67864837362629
2236 9.928129844888971
2237 10.189230375768366
2238 9.999083179428752
2239 8.49776082987819
2240 8.83167673272216
2241 9.178893018241846
2242 8.81558930381743
2243 8.623463034254192
2244 9.053241925295069
2245 8.623699839100224
2246 9.087789629531493
2247 9.243499193080728
2248 8.51025604988851
2249 9.015207873545574
2250 9.62283938215929
2251 8.90895397911951
2252 8.995856742443882
2253 9.723462022472127
2254 9.556118915530117
2255 10.264403830025264
2256 10.02320499072655
2257 10.149680893078934
2258 10.61386021234488
2259 9.631587044011525
2260 8.457089709903682
2261 8.65131130966524
2262 9.24676641629154
2263 10.54109341979842
2264 10.267422211550095
2265 8.387910161259255
2266 8.00473163615857
2267 8.85497011884813
2268 8.046115572472273
2269 8.976195094071283
2270 8.329651664320506
2271 8.269371978992933
2272 8.343154797443933
2273 8.951754661759638
2274 8.466147556146813
2275 8.791631319143535
2276 8.937835072474636
2277 8.785620098172217
2278 8.618723689432123
2279 8.421146297549573
2280 8.413537760242876
2281 8.604800872841272
2282 7.95538997810452
2283 8.356277457226549
2284 7.98230941261985
2285 8.002477683116586
2286 8.645766918582442
2287 7.952664427653705
2288 8.670846026547117
2289 7.701712443155037
2290 8.251864713998328
2291 8.69998744389177
2292 8.661735955818862
2293 8.031242236944527
2294 8.685237369419822
2295 8.449421150330762
2296 8.489500101759813
2297 8.946637355254163
2298 8.530827752242953
2299 8.687595798957553
2300 8.520611894286816
2301 8.619483049094393
2302 8.444323950227695
2303 8.751012905243226
2304 8.622544537190675
2305 8.100212198113622
2306 7.9528344422381565
2307 8.839121636371111
2308 9.617068634034547
2309 8.751293261583838
2310 8.34744644857823
2311 8.474312137417114
2312 9.617424112977274
2313 8.705103468156107
2314 7.314487813669907
2315 7.983164875610818
2316 8.114150164441012
2317 8.726114036909268
2318 8.506257755611498
2319 8.036590841556412
2320 9.381961559002667
2321 9.085429579626577
2322 9.234812785139752
2323 9.407307302671194
2324 8.775993607081611
2325 9.188111079408046
2326 8.812915317927764
2327 9.107771692056488
2328 8.32394438965904
2329 9.316924494513572
2330 9.29887596576899
2331 9.090804936013535
2332 8.473153111866166
2333 8.438927295661346
2334 8.439837282888092
2335 8.620495718181896
2336 8.686942473651587
2337 8.556769849199382
2338 8.961060750768613
2339 10.221722446939161
2340 10.442462592566033
2341 10.611826606831848
2342 11.029763144998501
2343 11.153820827871424
2344 10.327278665630477
2345 10.831115392877754
2346 11.478739815262303
2347 11.710391124958358
2348 10.692837340039603
2349 11.047787228537542
2350 9.625539690074424
2351 9.29642553096686
2352 9.662253977220375
2353 8.658190192382513
2354 8.88630240277347
2355 8.76237370630274
2356 8.558733126802442
2357 8.432899272671303
2358 8.747844816345145
2359 9.065928906886372
2360 8.80682125109925
2361 8.995106793681288
2362 8.862870006322787
2363 8.92385860261374
2364 9.353449619440255
2365 9.35012042810328
2366 9.05361654333948
2367 8.835136043118393
2368 8.58227985702362
2369 9.26571922300481
2370 9.092856546336266
2371 8.685646936345606
2372 8.781150608438184
2373 8.723846325506921
2374 8.26740340887013
2375 9.201875637647376
2376 8.74166622424523
2377 10.177683289516443
2378 8.749526442830573
2379 9.25515528739082
2380 7.805483751547108
2381 8.919505583993212
2382 9.470401649923277
2383 8.266955266213653
2384 7.753756072527404
2385 9.174390811021524
2386 8.797609263933166
2387 9.628844694359435
2388 8.952480867247504
2389 8.48089185599726
2390 9.2326223629291
2391 8.979479705321964
2392 8.63846744725858
2393 8.539808594167491
2394 8.864354892618291
2395 8.822296363658738
2396 8.391199399487622
2397 8.527087930249246
2398 8.877256593842084
2399 9.180973746097115
2400 8.910699608868764
2401 8.809052917708879
2402 8.912861476239543
2403 8.298799490297233
2404 8.711919764855867
2405 8.837427329685262
2406 8.275659121380249
2407 8.658476823343367
2408 8.67876759841982
2409 8.75125018118145
2410 8.905641340389181
2411 8.464541704741508
2412 8.072505128851445
2413 8.838098057417652
2414 9.060910385068908
2415 9.58346130178272
2416 9.921144047587774
2417 8.896149381711064
2418 10.1569868556275
2419 9.728746872575107
2420 9.881806573099492
2421 9.251527542653774
2422 8.419040870566867
2423 9.365675286361327
2424 8.335379690923576
2425 9.051488073768619
2426 7.834123975983472
2427 8.869688113127172
2428 9.320263861909416
2429 8.954045549545087
2430 9.661692184393086
2431 9.065128861777236
2432 8.690528332928697
2433 9.02567528939632
2434 8.940857240859764
2435 8.338848412063802
2436 8.465131724963015
2437 8.415991720495123
2438 8.206485630573114
2439 8.25208034723291
2440 8.348813036580408
2441 7.284581496933703
2442 9.054617319795135
2443 8.372366443266468
2444 8.162098120208526
2445 8.700109735009987
2446 8.991285599868698
2447 8.350628848418436
2448 8.165810077762297
2449 8.075606522271906
2450 8.418020328543774
2451 9.402284053532009
2452 8.615262815227053
2453 9.58796016888906
2454 8.308888254803275
2455 8.802553327738027
2456 9.527477378235789
2457 8.500259980190915
2458 8.8419836400777
2459 8.440961283429818
2460 8.672259200292679
2461 9.396994299655713
2462 9.726337184614541
2463 9.805539899039703
2464 8.15224694885873
2465 8.379120862434652
2466 9.26289097623331
2467 9.817067449721288
2468 10.229150275802846
2469 8.997379262589435
2470 8.578103623957212
2471 9.044824572532944
2472 8.642711422298625
2473 8.479148191124752
2474 8.68001133522512
2475 8.64317657188267
2476 8.048344234341245
2477 8.925838364222455
2478 8.71518395510228
2479 9.280052960159743
2480 8.65123422179812
2481 8.484243436870308
2482 8.822715400471303
2483 8.58200430768143
2484 8.626965301243384
2485 8.834877831021057
2486 7.9383373258465575
2487 9.486986902785643
2488 8.94669162396337
2489 9.104218679855483
2490 8.659192455368304
2491 8.837132428425354
2492 9.022002703660647
2493 8.842118134004865
2494 8.76829979700855
2495 8.917385650468935
2496 8.836932863664085
2497 8.912461743846695
2498 8.428020927990094
2499 8.658866203089579
2500 9.096585261969146
2501 9.975379845189611
2502 8.81012621048897
2503 9.55143049607933
2504 9.483060596038786
2505 9.827502465237632
2506 9.417631021818535
2507 8.844301652771453
2508 8.86546366308588
2509 8.741344764230476
2510 9.22461863956994
2511 8.68082446659151
2512 8.846346478794285
2513 9.218322585219585
2514 9.482003310681808
2515 8.842330286026016
2516 9.182907337148938
2517 8.62167793937003
2518 8.329428218445459
2519 9.486379497017987
2520 9.074036595755333
2521 8.701875270266614
2522 8.92482646431415
2523 8.685147303452885
2524 9.252947370305195
2525 8.598235069652292
2526 8.360349535093786
2527 9.058181516082456
2528 9.10786139616823
2529 8.789144985531513
2530 9.165396966599358
2531 9.315046540820974
2532 9.105657953882664
2533 8.826136709649061
2534 10.120097867698469
2535 9.268008374297983
2536 8.812256301787349
2537 10.504933438331406
2538 8.765733598112904
2539 9.274814312190575
2540 9.578897323619632
2541 9.18798733163852
2542 9.570608531174539
2543 10.113078891726172
2544 9.315266209454483
2545 10.763137707870548
2546 11.272274881928203
2547 9.750177182220769
2548 9.257980302165043
2549 9.149068614930401
2550 9.371526092629795
2551 9.255957062618556
2552 8.717679651443339
2553 8.518857971550691
2554 8.329653258209978
2555 8.337639787759011
2556 8.043745559930937
2557 8.987322353103517
2558 8.724656311118451
2559 8.673745531461524
2560 8.324123454504837
2561 8.617708983695644
2562 9.060660087584422
2563 8.853642238397182
2564 8.885367259645314
2565 9.487301571126439
2566 9.183411482115696
2567 9.452096603283778
2568 9.304639297543678
2569 9.22679920298756
2570 8.997459458692092
2571 9.531980366364492
2572 8.79259028890387
2573 8.596301801871586
2574 8.894205884964625
2575 8.882720490120612
2576 9.089338175939586
2577 8.552887208979342
2578 9.465364053226487
2579 8.46437767658565
2580 8.655034884200635
2581 9.09034423638623
2582 8.93712245021689
2583 8.519090298886775
2584 8.831028934891334
2585 8.552907255853743
2586 7.954332459563982
2587 7.838108152218712
2588 8.956252964619035
2589 8.093514463591598
2590 8.329648046850293
2591 8.369994666954804
2592 8.658386159640152
2593 8.749916572900595
2594 8.469606494354986
2595 8.592414978274139
2596 8.902366065967472
2597 8.85932839012597
2598 9.005419225573714
2599 7.59301370175475
2600 8.563004218546656
2601 8.322796533527947
2602 8.06125767314681
2603 8.469358108742751
2604 8.569412411080659
2605 9.607552550402975
2606 8.681513020170875
2607 8.922351677011134
2608 8.27976634934102
2609 8.856207673970628
2610 8.92945254295088
2611 8.819719861540632
2612 8.929835934436724
2613 8.197523352146538
2614 8.308896168945019
2615 9.577241329531905
2616 9.004658618732046
2617 11.674888717576394
2618 10.26388218425054
2619 10.88544974225991
2620 9.151095622275575
2621 10.508291367002544
2622 9.61489454807968
2623 9.788802475479466
2624 9.283633332762621
2625 8.721216726919891
2626 8.464090656508967
2627 8.633006885300226
2628 8.719817961113579
2629 9.010481128756492
2630 8.825218337210625
2631 8.988560433534792
2632 8.806024425503054
2633 9.477028388336192
2634 9.193445009694488
2635 8.650447076239798
2636 8.983318951411444
2637 9.488041474717537
2638 9.116744464121815
2639 9.348778159594888
2640 10.284241970681684
2641 8.942691145451928
2642 8.707454230495324
2643 8.87145224189895
2644 10.360663103935725
2645 10.265998072479896
2646 9.812280559750821
2647 9.521184679114354
2648 9.288231531517702
2649 8.99866615494405
2650 9.616445713288797
2651 9.702612106698208
2652 10.680647132072702
2653 11.422944164336913
2654 9.896015776890371
2655 10.021889856304114
2656 9.257888994301403
2657 11.72533840911008
2658 10.90680150624823
2659 10.865255294323466
2660 9.789631458681521
2661 10.371728244439481
2662 11.841152256785138
2663 10.1652671505771
2664 10.747876671449536
2665 11.048293639004749
2666 10.742296193583236
2667 10.178631604589707
2668 9.753589734244699
2669 9.766413010156306
2670 9.143636666970723
2671 9.628999957542314
2672 10.093702529166638
2673 9.303177646178012
2674 9.211950359367604
2675 9.002003760384246
2676 9.612007540367761
2677 8.8566224068091
2678 9.044427458978753
2679 8.905645445300282
2680 8.544633891373739
2681 8.674624259422675
2682 8.893862864442376
2683 9.24582137008074
2684 8.514292337906928
2685 8.680272627824552
2686 8.40437728126975
2687 8.66306069679939
2688 9.21670280587305
2689 8.498908168772912
2690 8.520779497165641
2691 9.183395372193202
2692 8.755714224673
2693 8.893574879437997
2694 8.778777822086465
2695 9.003481347352269
2696 8.90453756460484
2697 8.811299802986202
2698 8.696693783501557
2699 8.978888326322645
2700 9.067508818442855
2701 9.10926906022464
2702 8.612684861083553
2703 8.794524942662223
2704 8.776423467752902
2705 8.796655805670738
2706 9.09702744163498
2707 9.329403651789562
2708 10.728701438205874
2709 8.518605346583694
2710 9.042666932405739
2711 8.736804024603394
2712 8.62943888264855
2713 9.032598090074039
2714 9.090474624091303
2715 9.722199582010314
2716 8.752710169262143
2717 9.027139674976237
2718 8.756725633296838
2719 8.717044936658624
2720 8.684560849467282
2721 9.002966129836741
2722 9.233722865526623
2723 9.115778470866095
2724 9.54276408760204
2725 8.886557889160548
2726 8.909822658251446
2727 8.812270828384191
2728 9.308345963675709
2729 8.69337993166677
2730 8.909988659732411
2731 9.257534936840512
2732 9.097775847085142
2733 10.351413432903938
2734 9.043417839673449
2735 8.270786551986758
2736 9.555125655929082
2737 8.87321180781972
2738 9.028533348727587
2739 9.20416921261135
2740 8.733391855392563
2741 8.966592206780469
2742 9.106064901543483
2743 8.637142265948983
2744 8.949559646553427
2745 8.525188971168818
2746 8.80993440525884
2747 8.73662070533631
2748 9.102992121647366
2749 9.069169914596081
2750 8.738254063662408
2751 8.683409484983985
2752 9.055009742618553
2753 8.69745675382876
2754 8.74277425437232
2755 8.252190566319472
2756 8.774693956091195
2757 8.684614338938397
2758 8.555095826914894
2759 9.14799278434526
2760 7.854003471327846
2761 8.217893962152163
2762 8.446820014945
2763 8.236064571722919
2764 8.402371106884177
2765 8.064772482692245
2766 8.470312991189484
2767 9.20490071849935
2768 8.30078864411768
2769 8.52771943660776
2770 8.216415371079727
2771 8.158086185530706
2772 7.9002589867600514
2773 9.04142128004517
2774 8.835237496061396
2775 9.277129413690437
2776 9.147502080299791
2777 8.27002320501365
2778 8.962223034513096
2779 8.649041451164281
2780 8.760386970790186
2781 8.596101083769577
2782 9.04373347186127
2783 8.72287660203188
2784 8.691824609753315
2785 9.07281163170311
2786 9.223295249720987
2787 8.089604154280954
2788 8.389339988763554
2789 8.291328383531827
2790 8.720267770351496
2791 8.317439284054565
2792 8.212736865106981
2793 7.747796874262884
2794 8.681139576979717
2795 8.983396950154743
2796 8.860230591941137
2797 8.972101968924942
2798 8.570064513417512
2799 8.608699504398668
2800 8.371194262556932
2801 9.127166690864051
2802 8.894324363584971
2803 9.204661874152457
2804 8.950600657467243
2805 8.917890960542344
2806 9.079204992755585
2807 9.368843306533856
2808 8.980123075324528
2809 8.38810935504729
2810 9.44679631025277
2811 9.104148082088518
2812 8.707669127964698
2813 9.702849849651686
2814 10.07315707851364
2815 8.516589214629985
2816 9.315314415848064
2817 9.219203720156958
2818 8.42622073054492
2819 8.74774408450426
2820 8.89754623782607
2821 9.681351291177153
2822 8.875054580686506
2823 8.924795553047032
2824 8.647866532238853
2825 8.49970447430992
2826 9.209032222964371
2827 8.493700438548858
2828 8.680569364170763
2829 9.46210380418184
2830 8.055013338499379
2831 8.992618805964897
2832 9.455250785322368
2833 9.242503711517479
2834 8.134992737456992
2835 9.238123321880419
2836 8.596872650319476
2837 9.51109541044443
2838 9.131301854141906
2839 9.000774742791949
2840 8.451123345705676
2841 9.783885759673458
2842 9.60597463407721
2843 9.150403997226485
2844 9.797512887398577
2845 9.172669494392407
2846 9.612882035815913
2847 8.809150997509821
2848 8.366611565165194
2849 9.156736010237672
2850 8.633692700505566
2851 9.917532923719302
2852 9.49340338301813
2853 8.699429572682366
2854 9.234138351687717
2855 8.69206059321806
2856 8.745161964444419
2857 8.951640420121219
2858 9.092138182981348
2859 8.745972120652421
2860 9.205228172717801
2861 9.538450622657368
2862 9.06099883153958
2863 9.324840864905411
2864 9.454523692545235
2865 9.250400577154599
2866 8.789470663863744
2867 8.633634580972213
2868 8.700291234791672
2869 9.09546614044901
2870 8.457296925296083
2871 8.959840324576533
2872 9.32469286458505
2873 9.394920860332153
2874 9.40496632553231
2875 10.36872039437576
2876 9.66676342054696
2877 8.820230917083629
2878 8.32292437576733
2879 8.408040971469342
2880 8.097501885306757
2881 8.910950699070666
2882 9.883216349383178
2883 9.330518898233766
2884 10.138840675395043
2885 9.005098716945124
2886 9.218242903524358
2887 9.065584440507905
2888 9.020022662891716
2889 8.908492482575872
2890 9.522749943539697
2891 8.864215659083424
2892 9.03547710251603
2893 8.70410361760967
2894 8.61351711236119
2895 9.307861054993698
2896 9.702946809372822
2897 9.827647553939189
2898 9.525055133661148
2899 10.493074288653267
2900 9.789898289215705
2901 9.65673311556975
2902 8.732844395519484
2903 9.135169608562773
2904 9.358997552651042
2905 10.532856529309049
2906 10.7201740007576
2907 10.35136875237542
2908 10.853740191693669
2909 9.553717861504134
2910 10.278942994926984
2911 9.631639439888511
2912 9.707667416909224
2913 8.920842693832515
2914 9.77008276301853
2915 9.763793758010248
2916 9.759486474536091
2917 10.021560699525033
2918 8.942279689485284
2919 8.944301769581557
2920 8.739266129457702
2921 9.32552975431955
2922 9.396935209136142
2923 9.693146764395316
2924 8.763145815853564
2925 8.665388630030419
2926 8.233277486871208
2927 9.515560125333268
2928 9.093218555156737
2929 9.103006820047547
2930 8.150931084382478
2931 9.44601504294044
2932 8.479060885563706
2933 9.631568990896524
2934 8.359860703620535
2935 8.853360431748921
2936 9.999785784538167
2937 9.675519993800847
2938 9.599907189367427
2939 8.998448706884316
2940 10.20849338424682
2941 9.206565033482855
2942 10.013633649325836
2943 10.459530298904133
2944 11.023694569613616
2945 9.82572563173612
2946 9.411819401625065
2947 9.058398999378694
2948 8.364348881359515
2949 8.102664626175182
2950 8.325413203927628
2951 8.521522226127235
2952 8.589955765521044
2953 8.719305939431186
2954 8.584965222883723
2955 10.503536524054196
2956 9.47608827606867
2957 7.776097399445675
2958 8.417188869267976
2959 8.50552451414457
2960 9.18722698903665
2961 9.1845540723654
2962 10.315168624164544
2963 10.316582676164009
2964 10.552182334264796
2965 11.28812430622292
2966 10.865831680259554
2967 10.11605501724418
2968 10.52087283519833
2969 9.949654112666972
2970 9.313382055817234
2971 7.8766423941536505
2972 8.689862899958898
2973 8.095143509335468
2974 8.647044639775679
2975 9.604418203090813
2976 8.544137339475112
2977 9.191985656100547
2978 8.228089036729392
2979 8.600321559668277
2980 8.522648542644268
2981 9.237249472715067
2982 10.110418314479473
2983 10.46317304824603
2984 10.244861741910917
2985 8.92403585734685
2986 8.083319508279974
2987 8.810162990428939
2988 9.0533115835999
2989 9.405283518568826
2990 8.136095135026375
2991 8.306278874715913
2992 8.372568945385925
2993 8.70325786597069
2994 9.404175879542853
2995 9.518598289879126
2996 8.484503587629185
2997 8.131207731008415
2998 9.167317555987214
2999 8.881796286652655
3000 9.477496209049937
3001 9.078397410428643
3002 8.935840788356371
3003 8.66976595688502
3004 8.353180780648936
3005 8.56678293558668
3006 8.730171890441223
3007 8.12738131186609
3008 9.195436927051043
3009 9.121635702693343
3010 9.409438419864443
3011 9.178184926558204
3012 9.294918126581901
3013 8.841812124454508
3014 9.225781520966303
3015 9.088780556821208
3016 8.980084086861803
3017 8.453160506881124
3018 9.334878461954045
3019 9.286475929828331
3020 9.076516756636854
3021 8.557675000021145
3022 9.943065671790906
3023 8.596679533517877
3024 8.635096684460057
3025 8.585405315305174
3026 8.96054270627276
3027 8.836934378340137
3028 8.763602290873317
3029 9.373714086128924
3030 8.891203661001551
3031 8.708140786062053
3032 8.933370925045073
3033 10.471097698888888
3034 8.373269436044854
3035 9.3362057791941
3036 9.04264664492226
3037 9.173658655441558
3038 8.459902179248443
3039 8.696206535441606
3040 8.622004228013079
3041 9.133345478968508
3042 8.610861036283016
3043 9.423258748991925
3044 9.908998057454726
3045 9.494106136465751
3046 9.906418718529197
3047 8.765688444383695
3048 10.418156785914556
3049 9.65767257197689
3050 11.09729387721623
3051 9.465258963976357
3052 8.22711321586896
3053 9.659251121668971
3054 8.811114133500851
3055 8.365157473646164
3056 8.476027938215019
3057 8.58299590156822
3058 9.04820112621251
3059 9.05080234736296
3060 8.748007563244968
3061 8.811271369017886
3062 8.54596444885835
3063 9.369648502802825
3064 9.04274331220844
3065 8.60805236641607
3066 8.800930097242587
3067 9.926752160900975
3068 9.311415852800753
3069 9.35757097482676
3070 8.815919512451412
3071 7.918123520401857
3072 8.590343452981244
3073 9.056996607967736
3074 8.828285113820856
3075 9.058108511047793
3076 8.126790631652694
3077 9.153635000143169
3078 8.948354735739235
3079 9.020285528075632
3080 9.824995098521205
3081 8.415623717895562
3082 8.733436991880962
3083 8.226483386029729
3084 8.626661301937235
3085 8.8803190577146
3086 9.200265553838333
3087 8.329091013829142
3088 8.720144874010995
3089 9.392194540211104
3090 8.821756098227654
3091 9.161708351874116
3092 9.334065137137413
3093 10.409373618849735
3094 9.972749422176065
3095 9.190363876889474
3096 8.732009774197333
3097 9.318492578265854
3098 8.792206255540453
3099 9.432986654233973
3100 8.401778252438241
3101 8.51452851108066
3102 8.12783427294896
3103 8.42315908675257
3104 9.557065962373843
3105 8.343325727943267
3106 8.865603719519454
3107 8.295166578036094
3108 8.454787557429661
3109 8.372447563096776
3110 8.766083033493347
3111 8.762482715751606
3112 9.472912058459757
3113 9.639809313625088
3114 8.805114057859491
3115 8.785238401148913
3116 8.327191390431981
3117 8.69924136282146
3118 8.413081411149397
3119 10.06537366321295
3120 8.90026509489746
3121 9.593325846647838
3122 10.276526353848038
3123 8.923227263615324
3124 8.433542555930718
3125 9.685551631295523
3126 9.162379132666844
3127 9.237975049831226
3128 9.282322110139432
3129 8.886982652030307
3130 8.242631450038532
3131 9.44293958382756
3132 9.376101915361446
3133 8.377570958828743
3134 8.694323549607562
3135 10.270292768689073
3136 8.977417933473884
3137 8.635073564356649
3138 9.532746786454126
3139 8.936504527398387
3140 9.155551244330773
3141 9.334095967125181
3142 9.069984409544046
3143 9.861695691842735
3144 8.941460844946306
3145 8.575627278213194
3146 9.094099843504837
3147 9.5180825825705
3148 9.167305881434116
3149 9.710778587876845
3150 9.434842729486972
3151 7.781867187751549
3152 9.830553400909542
3153 9.59613121945711
3154 9.161148369385845
3155 8.94751962317072
3156 8.403190166231122
3157 8.595497546614304
3158 9.172571088357941
3159 9.244672682790181
3160 9.105980547793921
3161 9.148373282947059
3162 8.10599201640553
3163 8.612160138245319
3164 8.809021743912364
3165 8.63356203607195
3166 8.372886387460419
3167 8.537988749804652
3168 8.715630536734842
3169 9.052538030242776
3170 9.135388295490971
3171 8.49740895883111
3172 9.220601219278779
3173 9.36918205344736
3174 8.529881092200329
3175 8.634189767550094
3176 8.580118954782698
3177 8.695387444675644
3178 8.64315912496087
3179 9.445820876143577
3180 8.85907491760336
3181 9.84737672491842
3182 9.473171640110742
3183 9.969671389772321
3184 10.871786519963
3185 11.141849047566534
3186 10.317854998055113
3187 10.093990484488339
3188 9.458212011096048
3189 10.328042575574093
3190 8.19369401971596
3191 9.310465473645518
3192 9.15800855271164
3193 8.867055123983585
3194 8.882257795373155
3195 8.988022794865
3196 9.260095900654218
3197 7.7792467876590825
3198 9.034220239919897
3199 8.80315326830701
3200 9.013726098829625
3201 9.308718037817556
3202 8.44078576686283
3203 8.952592887804007
3204 9.394491507536836
3205 9.13414255754215
3206 9.000479548847656
3207 9.72189124847338
3208 9.039576627642012
3209 8.314450272457405
3210 8.994246671227268
3211 8.998241841336117
3212 8.994303406268253
3213 9.66854830466324
3214 8.780944546913819
3215 8.420585608819197
3216 9.334619562117632
3217 8.629560624899337
3218 9.1870460313728
3219 9.032679783253176
3220 9.262552533427286
3221 9.65859229421117
3222 9.627751368176979
3223 10.724260136681524
3224 10.388262491478198
3225 10.322381785180902
3226 8.808666170048891
3227 10.744809283348571
3228 9.614884261490205
3229 10.230785983734513
3230 9.046096161419243
3231 8.972885206393006
3232 8.801902917960364
3233 8.752223081075352
3234 8.798369878655258
3235 9.649660648060895
3236 10.095018469517568
3237 10.275349855127185
3238 10.338165520772396
3239 9.26386221262109
3240 8.743126693328085
3241 8.648641609245137
3242 9.038119395886998
3243 8.986314513250422
3244 9.221338738024748
3245 8.938732425771041
3246 8.741444163585067
3247 8.887324955854277
3248 9.315562247644728
3249 8.027397850200183
3250 11.471002333999268
3251 10.927281603365385
3252 10.832758597338502
3253 11.065842246564856
3254 8.761344871871392
3255 9.103314858350634
3256 8.779778636209526
3257 9.29415465765116
3258 9.527359071166764
3259 8.882383388060456
3260 8.222029001109522
3261 9.384255323311852
3262 9.014210153410826
3263 8.218797893609212
3264 9.469637660834977
3265 8.540886474854718
3266 8.819940062879297
3267 8.467325257555139
3268 8.82610304178006
3269 8.45455266143997
3270 8.801483472369831
3271 8.587662431878012
3272 8.389802322548105
3273 9.315333976536609
3274 9.772822372344798
3275 10.078011898374388
3276 8.448500876009788
3277 8.180690119985845
3278 8.48395344114465
3279 8.328516513732376
3280 9.207237841822106
3281 9.089704009755595
3282 8.240910000647848
3283 7.96600093901209
3284 8.609652814513364
3285 8.410493401389115
3286 9.19751593566087
3287 9.45154603385797
3288 8.498429011443303
3289 9.580998394419577
3290 9.187593942326432
3291 8.375370455324704
3292 8.452707712328742
3293 8.375644144300686
3294 7.700806826255963
3295 8.89206132533179
3296 8.351646979075559
3297 8.53665054252259
3298 9.502687024795543
3299 8.43610458310339
