0 12.147699965909561
1 12.633304174492874
2 12.987401309501001
3 12.405149011782518
4 12.067897334275226
5 12.4620616211699
6 12.136090119313014
7 12.947287065747258
8 12.564261490372992
9 11.854380104093952
10 12.09660042874266
11 11.776478873949516
12 12.147700623670666
13 12.205032644293626
14 12.742409692568634
15 12.89619318655496
16 12.798001050569551
17 12.002602928134346
18 12.712542514775366
19 12.426071741527943
20 12.429431105121976
21 12.208974335264955
22 13.03399583066728
23 11.544547897325357
24 13.382815748575219
25 12.396567357925349
26 12.76575158674199
27 12.498446100021095
28 12.791467779429947
29 12.11164908992023
30 12.685474451434114
31 12.835520025538049
32 12.866310869305472
33 13.936042320989776
34 12.171108449303588
35 12.86611696604798
36 12.572586558916631
37 12.419700228574733
38 12.93679406849132
39 12.589301227930324
40 11.635854312104255
41 12.051743516688227
42 12.090223181117635
43 12.419048488966466
44 12.31100760937561
45 13.331014976053474
46 11.791096504997059
47 12.404661334754884
48 11.924725373288297
49 11.782182764021423
50 12.520939584921093
51 11.506489183271919
52 11.225341715078317
53 11.514929363277336
54 12.430694267840648
55 12.014519576173539
56 12.561491121014797
57 12.543697680123
58 11.963700033860546
59 12.322143099840481
60 11.91817956594075
61 12.591597511501801
62 12.50032138625919
63 12.395412448837005
64 12.23770407969483
65 12.140401374241653
66 12.748861497252589
67 11.652603576162138
68 11.931660265532807
69 12.749110766254082
70 11.955312800586267
71 12.016554105049648
72 11.390355332932664
73 12.661171133307747
74 11.925138794638949
75 12.315798490433751
76 11.392428450209316
77 11.33473783772837
78 11.632271459164826
79 11.661326822439753
80 11.310761920453166
81 11.415376884928019
82 11.676822677726689
83 12.200384781799647
84 12.219838491600651
85 12.493605874514005
86 12.153679734425086
87 13.03827953503495
88 12.459781741081422
89 12.275696930487562
90 12.021342083426948
91 12.368239200312443
92 11.918078112737193
93 12.129878880088286
94 12.571917345899388
95 11.797901447801364
96 12.373303771529962
97 12.564847271233402
98 12.25256472265198
99 11.737625907261265
100 12.055931474598003
101 12.332235953758426
102 12.201724761729862
103 12.291309838522084
104 12.297085884059381
105 12.123550828779255
106 11.976879894443806
107 12.56528560521445
108 12.149443219993438
109 12.298323460134656
110 12.20425694132281
111 12.42440006190165
112 12.180775623172499
113 12.069413953624984
114 11.916568113535414
115 12.103726490633495
116 12.037155644126257
117 11.781449203732068
118 12.284401920758112
119 12.278603250898204
120 11.833865330983107
121 11.923229702782333
122 12.189281961478297
123 11.813667099898838
124 12.413783846718125
125 12.77024022061405
126 12.25384141189415
127 12.86323149393431
128 12.57106751668791
129 12.140641438620186
130 12.090383184300542
131 12.311651527578455
132 12.077635046910233
133 12.123845301907439
134 11.98963636565581
135 12.172827657972933
136 11.94325621341101
137 11.797598555004598
138 12.492727863027296
139 11.937888741257282
140 12.328093917305521
141 12.030966438354284
142 12.234280139867689
143 12.257921835604428
144 12.383866335671536
145 12.511518382200066
146 12.321672290788033
147 12.43175781576719
148 12.367709126853024
149 12.497035130248017
150 13.016975659440615
151 12.71771565046869
152 12.385968240835584
153 12.84105393453632
154 12.749617917066837
155 13.0332397807602
156 12.08658849725707
157 13.496901019461735
158 13.062453528722942
159 13.603728350314126
160 12.664446941034035
161 12.61061048689321
162 12.632260303978057
163 12.409017635098204
164 13.189072349132262
165 12.65382714261763
166 11.395740552329361
167 12.842955377003733
168 12.711560489026578
169 13.097441535435497
170 13.749583727542692
171 13.2499534761369
172 13.20365997357378
173 12.389987652955428
174 12.52816036984766
175 12.111353040623518
176 12.424440364340644
177 12.981071043689367
178 12.6009833763103
179 12.702202168646746
180 12.313970432376466
181 12.726116666657108
182 12.974497969779978
183 12.493413351398775
184 13.427785019227395
185 12.796832213254897
186 13.034055733252046
187 12.6140812391561
188 12.459088054292643
189 13.101169792196297
190 12.885970088652968
191 12.29770284529583
192 12.387079868751185
193 12.89259641155334
194 12.263091330778924
195 11.929133717870133
196 12.720865599965617
197 12.980145107271465
198 12.967084237641961
199 12.521183836787188
200 12.74763470127075
201 12.70674179586143
202 12.889685723138752
203 13.013387842103079
204 12.802610725520118
205 12.495305572332121
206 12.938151446346103
207 12.584412441115294
208 12.696805283565297
209 12.854228685892929
210 12.559547849969908
211 13.272055348474726
212 12.871871657864494
213 12.575568026574734
214 12.745538992725322
215 12.104951147058918
216 12.49516512332989
217 12.281000054135934
218 12.699769072664182
219 12.850097114869428
220 12.783869654917373
221 13.047337465775618
222 12.739701605295743
223 12.925090564701312
224 13.38461518691168
225 12.529284466092665
226 13.914515915951428
227 12.76977040811061
228 13.093091199391965
229 12.823889652342773
230 13.060157563877588
231 13.038373652588618
232 13.400168975683057
233 13.367492606404413
234 12.586159247768041
235 12.903900254511326
236 12.65030013756497
237 12.774438500552032
238 12.163162969295497
239 11.954281395206083
240 11.952019330830206
241 12.731982504588826
242 13.581069834619948
243 13.010908561763873
244 13.20572799798348
245 12.707290304573077
246 12.580146010949996
247 12.325595025990262
248 13.47370376733988
249 12.96415065819966
250 12.832508920073218
251 12.454069130340129
252 12.724646473190319
253 11.903323397747657
254 13.298098577081992
255 12.865511276311995
256 12.498022237832693
257 12.594763619226473
258 11.881772925300337
259 12.35594568939732
260 12.168557330407076
261 12.141099591409091
262 12.302121426923907
263 12.018275626176745
264 12.41521817388449
265 12.246159205499696
266 11.807797606463915
267 12.168796710703862
268 12.43303445711405
269 12.172403133836811
270 12.376123723486627
271 12.508838271851609
272 12.47973591563773
273 12.404685501847132
274 12.22514778639623
275 12.215063427803235
276 12.186052209575012
277 11.794330183154852
278 11.704560462623078
279 12.630630506552274
280 12.269388146482342
281 12.287550999610733
282 12.334608901071583
283 12.005524500389097
284 12.35374904785054
285 12.202061981698925
286 12.484686021426981
287 12.04750057402614
288 11.9642766790832
289 11.864441675805539
290 11.884547607672872
291 11.971656078991124
292 12.529163445116595
293 11.952499658589817
294 11.973017588378422
295 12.242325106481763
296 12.058270404234952
297 11.841541742538784
298 12.387573805201026
299 12.102742097279389
300 11.845771235956347
301 11.68550315197241
302 12.30799392854657
303 11.920858662859024
304 12.138542575633938
305 12.21867150139594
306 12.02792433279808
307 11.999989431108263
308 12.23495398839081
309 12.011874425653357
310 11.994849507641131
311 12.176318861412984
312 13.087780654692974
313 12.283298424856005
314 11.903895985511868
315 12.352034457154963
316 12.444133144419679
317 12.099558949590431
318 12.385931480749013
319 12.14318908870337
320 11.673053750427044
321 11.702950004220003
322 11.855377218794771
323 11.68581730000428
324 11.936725473724291
325 12.031115926615659
326 11.931792459815327
327 11.60674755132067
328 12.144803891596728
329 12.46224846089515
330 12.229372774964586
331 11.971160557192972
332 12.083314607471495
333 12.494423474648856
334 12.143619874533258
335 12.425037272930991
336 11.915163497225773
337 11.738436782628806
338 10.58888272805775
339 11.16983287867215
340 10.50138304523157
341 10.794616669940153
342 10.6075177847265
343 11.072768376925323
344 11.079410926373857
345 11.043965629295394
346 10.872950281823941
347 10.90626948900099
348 9.709289783129384
349 10.592535379631524
350 10.601534230372327
351 10.94948989245061
352 10.66356696291779
353 10.636357354242637
354 10.740392585928689
355 10.513199862459588
356 10.063729043582285
357 10.670513753721595
358 10.619640500995372
359 10.998241424545093
360 9.827300810478908
361 10.288902396669672
362 10.085481449128324
363 10.748761226024033
364 10.779095913111254
365 10.74269689519737
366 10.469146058559522
367 11.56774870035439
368 10.968356637704062
369 10.808275579335179
370 10.558332967681022
371 10.705363568025218
372 10.958811942187866
373 11.317078399748212
374 11.461807708384153
375 11.607605328452658
376 11.183045419630236
377 10.752079908638027
378 10.397229761028488
379 11.029639613741324
380 11.145389874746497
381 11.27082753458263
382 10.833466073793364
383 10.446705896264131
384 10.849846257211663
385 10.82187888569156
386 10.90739747534168
387 10.253199884557235
388 10.746211523018564
389 10.33337609711652
390 11.16121385473959
391 10.965928738671122
392 11.147826582087463
393 11.672417453402874
394 10.866475193408656
395 11.128424613801602
396 11.271655462001444
397 10.990835312814399
398 11.697112377722235
399 12.66701962938946
400 12.020023962932134
401 12.15483901604641
402 12.205845793968512
403 11.70190015236598
404 12.140095593607727
405 11.606743885545853
406 11.540066912256158
407 11.84300745596794
408 12.1500900642577
409 11.76246615933696
410 11.640928992002825
411 11.688674196413622
412 12.033671649397743
413 11.830647039891035
414 11.708152103375589
415 12.06221916718909
416 12.065818949073723
417 12.1133571220261
418 12.449469598107118
419 12.138702974883016
420 12.324016852134971
421 12.378093436156759
422 11.801188751981543
423 12.608194350608567
424 11.641829262350223
425 12.627969812885347
426 12.266584449365094
427 11.877814123926317
428 12.162995047528042
429 11.973977009788968
430 12.329969577516996
431 11.958921544622504
432 12.278947777844957
433 11.988919912572698
434 12.150762565365824
435 12.300157988699004
436 11.732556232855748
437 11.525362566483507
438 11.76708964883909
439 12.107295373474743
440 11.560919173338696
441 12.181738860112786
442 12.284608830162991
443 12.128484052773587
444 12.244243982573026
445 12.431928241140747
446 12.774771860069984
447 12.464634770221679
448 12.887283055219186
449 11.84227895650309
450 11.854900508440503
451 12.53003104892054
452 12.095512518958582
453 12.60128010040982
454 12.087574921679114
455 12.276656011890248
456 12.158012348601558
457 12.410638252402022
458 12.06700680626658
459 12.159306050082714
460 12.24920054508066
461 13.011933789461345
462 12.665959803077037
463 12.938427159105988
464 12.75385751625469
465 12.05289624510288
466 11.215111036996877
467 12.174150105129534
468 12.457824630390176
469 12.023023464418774
470 11.627150489082887
471 12.383298510812782
472 12.148761844246703
473 12.308643613759251
474 12.637108478912976
475 12.07695476878265
476 12.512350219891774
477 12.044969589644156
478 12.106944269366277
479 13.057797685674796
480 11.676075111297388
481 12.71735327984821
482 12.413721885379415
483 13.108476218061025
484 12.458993020057017
485 12.580919691647212
486 12.51468615494269
487 13.418517023269695
488 11.879610986645304
489 12.327347081215095
490 12.49603597618977
491 12.117625630043957
492 12.757694602851114
493 12.380571923368418
494 12.303872069850637
495 12.98981897937793
496 11.972887970021539
497 12.09623636870228
498 12.953926719753635
499 12.90459678217264
500 12.679761386744058
501 13.008685503479484
502 12.299034169469738
503 12.328721819678686
504 12.417459983245587
505 12.417817187959692
506 12.093422567351508
507 12.569258482879151
508 12.455692506360466
509 12.522922520835188
510 12.28337478178871
511 11.194410357207616
512 11.115675079168147
513 11.408445930121394
514 11.15413282031538
515 12.140218650492512
516 11.663372668064884
517 12.44918784942001
518 11.829863972732776
519 11.691956103272918
520 11.691341878428709
521 12.512549574000097
522 11.580176577766455
523 11.210156741033487
524 11.391778901544525
525 12.035830952910603
526 10.521470169409834
527 11.76529092776332
528 12.088489141174229
529 12.842485280535628
530 12.280117735318255
531 12.051886994187232
532 12.035577781456317
533 12.02721500327597
534 11.841853909384035
535 12.706314708427659
536 12.919551195936226
537 12.21011409021346
538 12.029480835583128
539 12.59462989278742
540 12.484651849315938
541 12.554934664318425
542 12.477243950870275
543 12.67698505305342
544 13.45320284889803
545 12.475676710194358
546 11.490547232230792
547 11.72910709590529
548 10.753517789033008
549 11.771197750809003
550 12.431333956640959
551 12.217176438945012
552 12.08511903513373
553 12.645638513325851
554 12.89036275550953
555 12.779427005171572
556 12.359154726667205
557 11.976042238489342
558 12.476809964088556
559 12.230162913705152
560 12.804545877233284
561 13.080743588587497
562 12.18698655166159
563 12.098968068722293
564 12.466815629105216
565 12.845307823604143
566 11.75125416791798
567 11.64189722559034
568 12.446226002120806
569 11.44199777421707
570 12.304165287426159
571 12.962572407697385
572 13.22065909089445
573 13.40037410455095
574 13.159988121800014
575 11.643781661658316
576 11.35214721915518
577 11.620156139782205
578 11.561749949722268
579 12.058368616838854
580 11.93209943603843
581 11.176479406286907
582 11.911833285118663
583 12.44361002771828
584 11.693279211393769
585 11.09263936084591
586 11.67948678557159
587 11.75379458190737
588 11.363672981893494
589 11.525867417524598
590 12.074332592864717
591 11.44886110927884
592 11.57579121150953
593 11.546418099344361
594 11.355491772521487
595 11.37474699776415
596 12.288145871609839
597 11.631486363901391
598 11.538272658651408
599 11.707280224667926
600 11.495459711939729
601 11.528884366835603
602 11.885080442874525
603 11.860229859581315
604 11.612174545417638
605 11.51606052622906
606 11.851336866320274
607 11.828726696536314
608 11.470955304336812
609 10.946633607306355
610 11.341597802606792
611 11.058328351191586
612 11.50214283637608
613 12.157783032902099
614 11.31822580053618
615 12.406425571664442
616 12.789137465512978
617 12.708763308841172
618 11.84528142233364
619 11.761818116510053
620 11.466349286705283
621 11.456155806432836
622 11.896671052274842
623 11.803974604437427
624 11.291104423857032
625 11.470456957421597
626 11.408321224196916
627 12.246134211506844
628 11.550963182408866
629 11.653317511192428
630 11.495604035080888
631 11.819175688486501
632 11.429718409542607
633 11.438360903177216
634 12.583316579844887
635 11.942052903073405
636 11.789233347648848
637 11.486910780435931
638 11.079847565140298
639 11.446122215819614
640 12.159624796665335
641 11.937199198743723
642 11.878103702566147
643 11.495487408573965
644 11.724246635460291
645 11.718604455244174
646 11.834827027243874
647 11.816401880319146
648 12.112461660412315
649 12.115109347809705
650 11.726376985096275
651 11.702871731224466
652 11.093110722414115
653 11.422999345843557
654 11.466287385006437
655 11.96568866069065
656 12.15142112367288
657 11.620874363376187
658 11.424318823646777
659 11.833998515811903
660 12.593253719755708
661 12.318576871439351
662 12.683174709343923
663 12.20801996900409
664 11.23541559276019
665 12.607764703677505
666 11.890982687450519
667 11.70609819793145
668 11.720728848469715
669 12.077311084895209
670 11.719122991575441
671 12.467695268735072
672 11.716542844588698
673 12.836751048636028
674 12.768008224038216
675 12.961973072029426
676 12.984317158798495
677 12.632836933468898
678 12.102230978379204
679 12.358886531507256
680 11.826987460017218
681 11.507283500916408
682 12.028978353336463
683 12.936638881977322
684 12.118054571954154
685 13.018177602024885
686 11.751973813944335
687 11.410492384096651
688 11.817601192048267
689 12.646948998895246
690 12.115799093345602
691 12.358959449113247
692 12.453984790443739
693 12.99605147479941
694 12.52051021441465
695 12.999416181456475
696 11.753837776025433
697 11.706935592705603
698 11.65193403051144
699 11.932338855328295
700 11.715184916331255
701 12.151423635398684
702 11.849817817849576
703 12.34569317050669
704 13.518986397586547
705 12.744534257282973
706 12.277374464024259
707 13.208667207176788
708 12.340823460561811
709 11.720193425930425
710 11.35223339659076
711 11.900492847187692
712 11.815274063416009
713 12.450306070616401
714 12.830332060198634
715 13.25787538343262
716 12.720067862718277
717 12.522562042341079
718 11.390494294098131
719 12.57581431904512
720 13.015270072946382
721 13.187544877417817
722 12.107641798849835
723 13.299980356963749
724 11.943335202539846
725 12.65675554217275
726 12.585777970721306
727 13.571153061365893
728 12.807584117793372
729 12.826066316751653
730 13.611790333556996
731 13.013436467611882
732 13.058401908762121
733 12.578180928364812
734 12.829532207257133
735 12.502504208387618
736 11.96333799015079
737 11.900767235906137
738 12.053892174393127
739 11.77110167183615
740 11.434139678130643
741 11.350762657771467
742 11.770462235280311
743 11.653822236708779
744 12.862045157887733
745 11.529813637980338
746 11.381487525474373
747 12.030752079504536
748 11.639801710608907
749 12.20965840814073
750 11.748596190991355
751 11.82631154310689
752 11.717836852877664
753 11.919045205498104
754 11.558089620240688
755 11.251861829997793
756 12.31209726309839
757 12.145775108865724
758 11.806827549821872
759 11.954065865349385
760 12.046629487278633
761 11.712749521823222
762 11.823497016757532
763 12.039554685117455
764 12.796372653106328
765 12.257850244304963
766 12.18842558856932
767 13.253299215233353
768 12.611857146793852
769 13.346719382209335
770 12.854061766783872
771 12.613264104838803
772 13.018361632901417
773 12.182990423412143
774 12.131862153048035
775 13.386012302576608
776 11.974034009821745
777 12.955908567403426
778 12.323297450635662
779 12.783033580620021
780 13.113798065744001
781 13.163693790481116
782 12.522155083669196
783 12.160815865002164
784 11.566405469749348
785 12.481521351623174
786 11.981000993733456
787 11.875062701261914
788 12.200819081407433
789 11.896467376641278
790 12.30863948988201
791 12.146164874789793
792 11.752244328561861
793 11.039846483799472
794 11.986951657523164
795 12.501228806815812
796 12.435446126949264
797 12.23048807426879
798 11.402398944074568
799 12.181508423024093
800 11.53974684997644
801 12.08879589175188
802 12.054583590507304
803 12.260275955464351
804 12.334229719020472
805 12.360148179131489
806 12.135811918095422
807 11.723344570104883
808 12.630797725498095
809 12.431715881469408
810 12.49472296487129
811 12.0162179907942
812 11.698750263250158
813 12.40389896519462
814 12.168980650753097
815 12.03004135006776
816 11.654977040480235
817 12.265576907580904
818 12.932661834326014
819 12.714753706239222
820 13.276410661475296
821 13.355020290362434
822 13.837526663324889
823 13.071161262739594
824 13.68773137461764
825 13.236096340722815
826 14.321042681844348
827 14.218599248911758
828 13.238168365833404
829 13.161641402156821
830 13.641504520590297
831 14.319276058100318
832 13.768997739611068
833 13.319171590679586
834 13.682371314247543
835 13.78922966181304
836 13.817787633507525
837 13.60396903289534
838 13.488641385997681
839 13.256916687475755
840 14.847893469033767
841 13.533916130048771
842 13.919219333559607
843 14.073648306890037
844 13.979297391719976
845 13.997237812020353
846 13.924029673077385
847 12.508756195739043
848 12.732386800883406
849 13.14468994889767
850 12.674197590413865
851 12.719755814971082
852 12.179320792029923
853 12.11718251505152
854 12.857667292260958
855 13.296721355853414
856 13.115249469508665
857 12.701287087880385
858 13.006362016957873
859 12.473245903932506
860 12.643326301920146
861 11.683893270098284
862 12.273058993883579
863 12.201082706594342
864 11.949553402224893
865 12.175675893427549
866 12.826639778810803
867 12.949087290984629
868 12.57992604378091
869 12.390268122481707
870 12.689321884743876
871 12.129413011984225
872 13.253778261666302
873 13.241701489336187
874 12.21949935903729
875 12.257504786819677
876 12.711746609481764
877 13.492674128207433
878 14.325380114581911
879 12.170438464045514
880 11.113219695980796
881 10.70695474647343
882 12.380086553129612
883 12.151253005203717
884 13.19132044168431
885 12.281419557148894
886 12.111441062168282
887 12.16784655218502
888 12.292782851369806
889 12.753063349313388
890 12.347893372178671
891 11.891332916405604
892 12.471755515577755
893 12.273651189367413
894 12.015110449450505
895 12.592037456943459
896 12.067461195443638
897 12.480198851702385
898 12.08353374131239
899 13.108000227349766
900 13.902858027782198
901 14.118891512879014
902 15.59985640416879
903 13.414335736732765
904 12.15153271860193
905 12.233012041947136
906 12.085219621668248
907 12.346823201971576
908 11.954388336460294
909 11.861860379178552
910 12.46011265459539
911 11.838169222318225
912 10.909763220062251
913 11.410912378347048
914 11.991377614001758
915 11.191915572920403
916 12.002547928042217
917 12.01205769288564
918 12.365784095045752
919 12.064402778439272
920 11.952565832341978
921 12.852420804715774
922 12.006930482247032
923 11.770947058543662
924 11.933790319724714
925 12.087519131686467
926 12.04435333668536
927 11.82882780829007
928 12.06597166229625
929 11.094790830426875
930 11.69829790346287
931 11.337276317043058
932 11.942550873787244
933 12.255785508092623
934 13.233307530325973
935 12.208798212835317
936 11.642933250314842
937 11.927964482263677
938 12.002898556852873
939 11.403289094510061
940 11.64430541576288
941 11.416524011582224
942 11.762853965774315
943 11.72301901571972
944 11.581594945841363
945 12.2988129916749
946 11.78022394202919
947 12.432947023855544
948 11.527441090738021
949 12.027400655721994
950 12.279294001810749
951 11.960230231677949
952 12.30249651707981
953 11.621610375039726
954 11.837877973376843
955 11.828747758147724
956 11.416350720550541
957 11.94669814726382
958 12.19549638291162
959 12.157628642027086
960 12.551499634527671
961 11.771320066986878
962 11.95403856257803
963 11.505163874409062
964 11.732446073887331
965 12.301465252007386
966 12.391711380121658
967 12.016395597681164
968 12.344762311212477
969 11.494889187829173
970 11.531808734796575
971 11.564912663293558
972 12.251310492499988
973 11.686418809923252
974 11.577147289916057
975 12.775751372960581
976 12.47107923447173
977 12.177853197348258
978 11.813569891765065
979 11.918571086081412
980 12.458149272090628
981 13.499978113261816
982 11.995233578868541
983 11.856851102324129
984 12.177479996993815
985 11.323035456440804
986 11.850045260633637
987 11.405285574719992
988 12.306376332488771
989 12.318119913014973
990 11.886911171174665
991 11.981360635996591
992 12.505111979640855
993 11.859920182449363
994 11.648193234912943
995 11.35523252949788
996 11.852392271231409
997 11.22105816366289
998 11.658355963860478
999 11.474835399070255
1000 11.909777992901189
1001 11.983205388875183
1002 10.818675869592315
1003 11.693150122733666
1004 12.151550423104691
1005 11.668924354771072
1006 11.510862637840486
1007 11.76036899390555
1008 11.456234795177425
1009 12.06072292607288
1010 11.263120302784555
1011 11.350649790905317
1012 11.184826437367956
1013 11.53525171578013
1014 11.379350118023815
1015 11.190635342687548
1016 11.476939102385838
1017 11.691739924913955
1018 11.87841197120117
1019 11.57312884744381
1020 12.214472810753943
1021 12.142396039351256
1022 11.464581749369819
1023 11.35756296245303
1024 12.305281608268178
1025 12.31377428972663
1026 11.388744923314139
1027 11.595671159070042
1028 12.134112733427015
1029 11.8222696277059
1030 11.552253684472104
1031 12.21791712785121
1032 11.674378944991235
1033 11.319979027543123
1034 11.857456984514585
1035 11.782487842309552
1036 11.610496966744357
1037 11.971417653089315
1038 11.690084937924464
1039 11.166333404642355
1040 11.730258754392365
1041 12.05865594130542
1042 11.74670138877462
1043 11.524707971129612
1044 11.254343450834616
1045 11.628645231480293
1046 12.413765810335027
1047 12.073265728853519
1048 12.321674299909231
1049 11.616823125933742
1050 11.82011122354107
1051 13.099155432793031
1052 12.662962928424545
1053 12.248417851205076
1054 12.97488636384745
1055 11.730059345543003
1056 11.950255124797192
1057 11.187964631030875
1058 11.454081004527554
1059 11.734976083624678
1060 11.736926848268906
1061 11.56754057482873
1062 11.97290890233186
1063 11.472193019703091
1064 11.58761659876577
1065 12.24210490228175
1066 12.995454627988511
1067 12.156040185188564
1068 11.901253386407701
1069 12.683065510567607
1070 12.006948728091588
1071 13.154057934712355
1072 12.225076272136228
1073 12.236087336080042
1074 12.784886857115906
1075 13.032904264766897
1076 13.354934868682088
1077 12.691170642659563
1078 12.775470055795079
1079 12.220502976714062
1080 12.16536144612815
1081 13.13646040161044
1082 13.020326815084122
1083 12.178557921039843
1084 13.16730459967397
1085 12.450379422442651
1086 12.938255335934361
1087 13.440076313867564
1088 12.260520716719594
1089 12.240800654335116
1090 12.349511025995364
1091 12.47591173419831
1092 12.366106425654872
1093 12.223989790569476
1094 12.67721614892658
1095 11.993196026078047
1096 12.289358623902972
1097 12.937681552096503
1098 13.218422487452282
1099 12.2693382106959
1100 12.003643853879206
1101 12.20905732613385
1102 13.097366037467761
1103 12.01123084620949
1104 12.204635313065818
1105 12.197165741957225
1106 11.724714880172984
1107 11.715188696060014
1108 12.00379347733765
1109 12.276533132885875
1110 11.509860611912472
1111 12.210408583196442
1112 12.083482914697889
1113 12.655465100294382
1114 12.273213193159195
1115 11.709239047527882
1116 11.867590819996899
1117 11.637949650139898
1118 11.990877709538376
1119 11.798539253827016
1120 12.315516590498289
1121 12.286653501856554
1122 12.07956404630075
1123 12.48626168193196
1124 12.374878624655672
1125 12.105343098959588
1126 11.562263599403005
1127 11.956758743442231
1128 11.44520524960832
1129 11.803489974354758
1130 11.538191861634294
1131 11.644599929463883
1132 12.063129779921058
1133 12.193683269910808
1134 11.869844912257475
1135 11.88025520478024
1136 11.935447252611626
1137 12.268119707616648
1138 11.984610293030572
1139 11.58521860885679
1140 11.42302967896551
1141 12.408097213976466
1142 12.380348723394981
1143 12.166896703038573
1144 12.10711575906177
1145 11.930449565707468
1146 12.045503041816565
1147 11.785151125070296
1148 12.164064062681355
1149 12.218231234765682
1150 12.106404836791304
1151 13.407392630451017
1152 11.545409860316457
1153 11.830003198401378
1154 12.455638116756015
1155 11.848192266601874
1156 12.008735526238036
1157 12.268375535545015
1158 12.578453803672634
1159 13.006716979334032
1160 12.915608378062643
1161 12.336264460704905
1162 12.376297812299256
1163 12.23919221634604
1164 12.11062358415464
1165 12.092880345444302
1166 11.94076266053683
1167 11.9730921036506
1168 11.967687074502097
1169 12.06754114827234
1170 12.205401967519787
1171 12.027674726150721
1172 11.965288771583982
1173 12.211272011217025
1174 11.85662700725822
1175 12.14904499303049
1176 12.286036020411574
1177 12.510213095432151
1178 11.64115274023566
1179 12.211591982623274
1180 12.152476127778627
1181 12.271679717406887
1182 12.262825801523057
1183 12.648922340966744
1184 11.92538819174273
1185 12.19644517588496
1186 11.895200549017884
1187 12.459624271681538
1188 11.882203589312756
1189 12.556871312446013
1190 11.943772118400275
1191 12.839368472988205
1192 12.154829295019356
1193 12.18518790605015
1194 12.075148776052746
1195 11.885366084218747
1196 12.473765135775759
1197 11.860052624679298
1198 11.88952184197139
1199 12.259246059250117
1200 12.453222677957127
1201 11.68254618599849
1202 12.956742934696324
1203 12.546464487772615
1204 11.945083203551746
1205 11.976900343696089
1206 12.351509144939508
1207 12.394087700634607
1208 12.192277898500395
1209 12.592583985978452
1210 12.617962087228236
1211 12.057806917439045
1212 12.314661200245643
1213 12.436772427690315
1214 12.06277229841273
1215 12.374355592803612
1216 11.617080655663306
1217 11.970563749799675
1218 12.405532046473555
1219 12.297629380194234
1220 11.83045589995859
1221 11.324262554118127
1222 11.868539344033415
1223 12.06400012939571
1224 11.984444796268168
1225 12.57120984933913
1226 12.350597870793877
1227 12.024656174008753
1228 11.99604846854382
1229 11.66843884688578
1230 12.046373890052617
1231 11.593444853420475
1232 11.45571998010824
1233 11.342217601399001
1234 12.09352990997194
1235 12.366095283360993
1236 12.162081000136778
1237 11.755991840494433
1238 11.88470157038496
1239 12.206747512791756
1240 12.650565221485685
1241 12.090848638511448
1242 12.123495016750317
1243 12.323837420666257
1244 11.417724295244783
1245 11.996292832417382
1246 11.631571111710542
1247 12.267830222743044
1248 11.606236027380396
1249 12.06816560777311
1250 11.805294359378772
1251 11.950246414704463
1252 12.044171495314737
1253 12.097421892031784
1254 12.377498495101953
1255 11.820616842305968
1256 12.438219598746471
1257 12.296441032291531
1258 12.374584691794478
1259 12.132288957135819
1260 12.461622277757344
1261 12.389563269005787
1262 12.538068517240308
1263 12.13002071330567
1264 12.609942616751303
1265 12.936989013828796
1266 12.29068278051059
1267 12.213734369338004
1268 12.595652601192425
1269 11.90965261885318
1270 12.389681175558797
1271 12.221472068245934
1272 12.286261161771954
1273 11.946363663170455
1274 12.233074621315666
1275 12.04060331653651
1276 12.476001477938945
1277 11.88607912547408
1278 12.232619884015467
1279 11.784784849741927
1280 12.011205660005007
1281 11.76696072737077
1282 12.298244230797913
1283 11.970240991031973
1284 12.25333113368961
1285 12.284006896436331
1286 13.385016016897131
1287 12.488505176951612
1288 12.396636388622383
1289 12.550569404448918
1290 12.1675963299453
1291 11.788464465095283
1292 12.213744546296914
1293 12.045370467710658
1294 12.162757002591487
1295 12.414867842421907
1296 12.278206885891171
1297 11.892917672958445
1298 12.343884477191228
1299 12.3892255190647
1300 12.264994134243118
1301 11.69617473487837
1302 12.028130331225174
1303 12.106226898176967
1304 12.40712769165904
1305 12.126198928679562
1306 12.773050953936748
1307 13.18045212759649
1308 12.647373983251182
1309 13.297725205122802
1310 12.609455344954224
1311 11.693229988783362
1312 12.773877494148314
1313 12.596114143301497
1314 12.906134515330765
1315 12.521337911220925
1316 11.951066157100989
1317 11.853545145869877
1318 12.364383067266703
1319 12.484317617923981
1320 12.208034079920902
1321 12.297442524874127
1322 12.027018944917973
1323 11.947616083081936
1324 11.908455812368121
1325 11.579946881637587
1326 12.822613986463393
1327 12.060786959436312
1328 12.530382952189688
1329 11.75840523271457
1330 12.364061081795809
1331 12.029594895721388
1332 12.495594830839918
1333 11.890894048458385
1334 12.15890593806688
1335 12.433876180045848
1336 12.508829143497799
1337 11.805908999543036
1338 12.430863479974128
1339 12.13063693949668
1340 12.723859034736034
1341 12.139954880743693
1342 12.253237939735703
1343 12.241250261931935
1344 12.180512774736263
1345 12.599555597870994
1346 12.489605921006387
1347 12.414753592087312
1348 11.96254585417241
1349 11.918076143076743
1350 12.300935137862481
1351 12.637664989736084
1352 11.950599884386634
1353 12.45680470486249
1354 12.257252199637044
1355 11.870588927847798
1356 12.01422158044442
1357 12.323761396530887
1358 12.436878567526021
1359 12.299023347302597
1360 12.19010637474688
1361 12.26343205324633
1362 12.100338495538116
1363 12.348877563499155
1364 12.230732605527452
1365 11.342379905890827
1366 12.301944636490113
1367 13.342040261668945
1368 12.137741540281487
1369 12.151977310578634
1370 12.481710760835806
1371 13.203058532339957
1372 13.576066977793094
1373 12.927953539218793
1374 13.219380990364558
1375 13.221860647426032
1376 12.878052744250244
1377 12.893302197086863
1378 12.373571518738277
1379 11.933113165156003
1380 11.941497211503679
1381 12.254623898470827
1382 12.305593905196497
1383 12.668615432577687
1384 12.382397356016574
1385 12.08600405096805
1386 12.478460493146473
1387 12.424174281222825
1388 12.645969785065345
1389 12.701831322502557
1390 12.230710842876432
1391 13.384417533541795
1392 12.956547769748614
1393 11.974297075671593
1394 12.042060167482347
1395 12.05750674981339
1396 11.569909524618298
1397 12.201846374411007
1398 11.747531835607559
1399 12.22522872443665
1400 13.038247179425362
1401 12.923813296247992
1402 13.30068584513536
1403 12.069320675516309
1404 12.708235554664215
1405 13.215041956899771
1406 12.547413934932848
1407 12.541246358046767
1408 12.28922951184527
1409 12.608242068565373
1410 12.496500099467271
1411 11.866646921292144
1412 12.504482901146615
1413 12.68800506676622
1414 12.365696282282613
1415 13.332848033677955
1416 12.663073337256066
1417 12.175818767229533
1418 12.497013936261657
1419 12.043848353128606
1420 11.681777722668869
1421 11.931888478058532
1422 11.899932679758797
1423 12.310023123461995
1424 11.636462623928878
1425 11.901872843999218
1426 12.40477909647987
1427 11.82307479355436
1428 12.094670950958989
1429 11.77501970273043
1430 12.21658903946468
1431 12.17374956100237
1432 12.066418406955519
1433 12.777577102086816
1434 11.798635290969541
1435 12.272067561595676
1436 12.056911967103904
1437 12.213005505227633
1438 12.574442182448985
1439 12.18319103420631
1440 12.513813766332285
1441 12.316126537148607
1442 12.162320125259406
1443 12.271740700494348
1444 12.026177113868217
1445 12.22461185000597
1446 12.561967355559036
1447 12.544073670664075
1448 12.440135694864743
1449 11.976731860566895
1450 11.778723500467573
1451 12.015944088282406
1452 12.357615447120407
1453 12.219679745511948
1454 12.235531430079316
1455 12.574901304417832
1456 12.017976234919841
1457 12.419199580883328
1458 12.476887769017978
1459 12.87767089529194
1460 12.420216723263877
1461 13.485983945156482
1462 12.438238867770071
1463 12.21834237259282
1464 12.457027974271476
1465 12.391827196175702
1466 12.651848727623282
1467 11.910440041844511
1468 12.293636203400196
1469 13.705431108195949
1470 13.331061924005029
1471 13.125640842460445
1472 14.207527039338334
1473 13.159757186737236
1474 12.753801022427542
1475 13.253508656214699
1476 12.479854984793084
1477 13.043517239712918
1478 13.02038950827495
1479 12.807046892546694
1480 13.133065008341184
1481 13.250169797158005
1482 12.658979073325382
1483 13.182213387702582
1484 12.732578915143785
1485 13.627546738126451
1486 13.113764453527157
1487 13.919192029879117
1488 12.625919548312106
1489 13.609845221442308
1490 12.174120637118698
1491 12.213458348207585
1492 12.916429828334397
1493 12.400558590619964
1494 11.972644973907798
1495 12.154284780911173
1496 12.258935448868543
1497 12.28899860851918
1498 11.406879615523454
1499 11.928572952279755
1500 11.89620411759412
1501 11.99304323138142
1502 11.282691246248127
1503 11.643592470118707
1504 12.343113572185299
1505 12.336510348227439
1506 12.71260109340561
1507 11.946101913884204
1508 12.540579450212219
1509 12.642599827614573
1510 11.999939971875053
1511 12.761612062128984
1512 12.06778990907662
1513 12.663491041685601
1514 12.387704796976378
1515 12.38221286357002
1516 12.555694035360412
1517 12.245353927416517
1518 13.083120493345303
1519 13.209203292377858
1520 13.039036723773933
1521 13.818893198689786
1522 12.433983133787555
1523 13.790256628760705
1524 13.444854658426179
1525 13.495758363577345
1526 12.189426520161174
1527 12.009737591824273
1528 13.120069808105175
1529 12.399669774888766
1530 12.53830310934462
1531 12.617525142043062
1532 12.905256108989608
1533 13.018273942607625
1534 13.263428157846024
1535 13.116565848749149
1536 12.157538660341597
1537 12.854557787024135
1538 12.93574687295597
1539 12.531654103252025
1540 12.846649869484763
1541 12.606382585246523
1542 12.229439306479813
1543 12.643341201537893
1544 12.095572128959416
1545 13.237380998325627
1546 13.122751047727006
1547 12.976443732415678
1548 11.887241517328565
1549 12.389546762306436
1550 12.437714219358465
1551 12.188979744094375
1552 13.241809182922287
1553 12.31763845901478
1554 12.790805630558058
1555 12.668843476044552
1556 12.238587730431554
1557 12.868465585788075
1558 12.822265889293039
1559 11.656569175841094
1560 11.903091170610935
1561 13.122642632595179
1562 13.351511552015253
1563 12.043126758531509
1564 12.60185349592805
1565 12.371426701682234
1566 12.336524126400471
1567 11.790278204969539
1568 12.314729292757473
1569 12.166266044491259
1570 11.844032302587932
1571 12.269639826100784
1572 13.239612085108652
1573 12.42364116745962
1574 12.958083756181374
1575 12.065891574750559
1576 13.09068549601892
1577 13.508918255236452
1578 13.854383539270888
1579 13.947137013755691
1580 13.084414299521514
1581 14.114709239050638
1582 13.645181174257692
1583 12.76201790842188
1584 12.646420139636335
1585 12.865360212371966
1586 12.344988495997937
1587 12.497447544560796
1588 13.177487929522128
1589 12.665150230234726
1590 13.05513337466456
1591 12.835687503286648
1592 13.663548899243086
1593 12.791489319268916
1594 13.308092164872173
1595 12.486176266184358
1596 12.80698206143284
1597 13.531915097654236
1598 13.442385558338271
1599 12.530158585722717
1600 13.206907668556017
1601 12.763501142734818
1602 13.310690072991
1603 12.647478687829055
1604 13.140695423444729
1605 13.1497807007536
1606 12.70106247896268
1607 11.614341554013139
1608 11.927130775304738
1609 12.011278362265669
1610 11.833545111466007
1611 12.01682449796483
1612 11.700544971200983
1613 11.898215575495417
1614 12.322387675687985
1615 11.971305740412392
1616 12.218508748911605
1617 12.208829430838735
1618 12.459759689345955
1619 12.132121109300044
1620 11.29784224243776
1621 11.59946203531449
1622 12.211614652698987
1623 12.857518842300994
1624 12.769178641899957
1625 12.761221514723339
1626 12.218811845015164
1627 12.617189214943481
1628 12.341369968176004
1629 12.898233565517385
1630 13.032027810365662
1631 12.519417101934112
1632 12.715439452697394
1633 12.477185143409516
1634 12.85788194710669
1635 12.992004074441898
1636 13.248811438313338
1637 13.076046879693138
1638 12.813921063267129
1639 12.516144039999798
1640 12.587601695397177
1641 12.729364578862425
1642 12.309940481796845
1643 13.011591027895365
1644 12.75114553585985
1645 13.304888184025879
1646 13.254467308586205
1647 13.728927961546669
1648 14.036291441019383
1649 13.186575885582629
1650 13.861922846814327
1651 12.768206397011884
1652 12.784093009252684
1653 12.98533445916598
1654 12.841700899657539
1655 12.384547620043708
1656 12.447173123639502
1657 12.50078733800734
1658 12.610666885586348
1659 12.794203285007445
1660 12.929319698596045
1661 12.72519659073905
1662 12.248553251895814
1663 12.895337447041292
1664 12.824523594143631
1665 12.771176927817358
1666 12.289870746853733
1667 12.683279595316439
1668 12.552958894344348
1669 12.729211282475074
1670 12.40469303057956
1671 12.455519596961405
1672 12.68955643611611
1673 12.85551216366905
1674 12.908392036059924
1675 13.033541806071142
1676 13.248623429005848
1677 13.843782612251784
1678 13.658399906907846
1679 13.006250958287058
1680 13.222548729794319
1681 12.978484760006515
1682 13.533082588988897
1683 13.311508392306411
1684 12.956463053284265
1685 13.539484803197164
1686 12.980937126670161
1687 13.12113869426568
1688 12.988362153504882
1689 12.251612072550294
1690 12.264476795396194
1691 12.648975115317164
1692 13.301734120161074
1693 12.679863090343645
1694 12.571155675714522
1695 12.62520163355817
1696 12.761471318469653
1697 13.056762550907756
1698 12.67581227553687
1699 12.385248607356889
1700 12.09658801055135
1701 12.52338038227493
1702 12.72295096471848
1703 12.49051682481407
1704 12.929418940569777
1705 12.872581756262456
1706 12.832670879116613
1707 12.492984453526418
1708 12.617145335251424
1709 12.646167051114627
1710 12.604186825746014
1711 12.066485715177102
1712 12.353301385617762
1713 12.914790900076145
1714 13.01792456536139
1715 12.543358228501052
1716 13.231924178292838
1717 12.231835147840242
1718 12.488511119310395
1719 12.256230978504387
1720 12.949012684886554
1721 12.321904623568859
1722 12.405514234912623
1723 12.405168538836783
1724 11.759088980486275
1725 12.681876299824786
1726 13.205804511610783
1727 12.315037887795988
1728 12.407329743267816
1729 13.320501527207663
1730 12.83771130834574
1731 12.778719389790982
1732 13.204500160928301
1733 13.014238924097773
1734 13.30400479353062
1735 13.129768987345072
1736 13.12334660808327
1737 12.691143108915746
1738 13.158398054364856
1739 13.683766065844907
1740 13.949705572314448
1741 13.37258516988133
1742 13.838922751274808
1743 13.225452576162661
1744 13.560877754346295
1745 12.592746878844839
1746 13.129368107011173
1747 13.022094962889854
1748 13.65103814760414
1749 13.289970872090043
1750 13.801136020771835
1751 13.434482947728776
1752 12.911078713718279
1753 13.477544594345366
1754 12.785474612182085
1755 13.220084579168104
1756 13.567333100428193
1757 12.511736835052185
1758 12.940968662224204
1759 13.486396684333615
1760 13.51993511876559
1761 13.882566444009365
1762 13.54365360665916
1763 13.549970224935812
1764 13.526599260907622
1765 12.887438378023742
1766 13.250086766296812
1767 13.34622780748904
1768 13.015626937915975
1769 12.888438695400565
1770 12.862432813713184
1771 13.024492193797343
1772 12.791757596679183
1773 12.871620207731231
1774 13.67874816970434
1775 13.43017751209433
1776 13.405177025252275
1777 13.775705991635578
1778 12.764002729000024
1779 13.01565595630501
1780 13.238761405895005
1781 12.786445133068355
1782 13.287500382738065
1783 13.99707904029521
1784 12.8617389550219
1785 13.391844983567465
1786 13.72262357493844
1787 12.303141663823352
1788 13.671705214082799
1789 13.659235171758874
1790 14.559350541512039
1791 13.679300182085905
1792 13.443733588214673
1793 13.265452080445861
1794 13.764611862909854
1795 13.779686913069314
1796 14.122486655486378
1797 13.591725358630304
1798 13.196846393257049
1799 13.264433927099443
1800 13.919084855989407
1801 13.790953779929664
1802 13.610570182885517
1803 13.58618861320359
1804 13.150073062587419
1805 13.369272190669566
1806 14.171250804010715
1807 13.645780502169028
1808 13.7403407886464
1809 13.831662900057845
1810 13.34761097173186
1811 13.063019442501858
1812 13.417538097276024
1813 12.934899046303066
1814 13.064491324710167
1815 13.274200399967098
1816 13.540584889282618
1817 13.8069743134158
1818 13.349375553337122
1819 14.189262570240771
1820 13.160473283353868
1821 13.576706060433436
1822 12.88233082246995
1823 13.067554204439215
1824 13.604600038159118
1825 13.159002554128948
1826 12.789746745358357
1827 12.786374853023345
1828 12.418974412957612
1829 12.744399649204611
1830 12.746926488711452
1831 13.102048193139755
1832 12.112472005212013
1833 12.283169334316622
1834 12.452284175492625
1835 12.415146424699294
1836 13.758580135241258
1837 12.911421039055371
1838 13.235218391816533
1839 13.434468757588522
1840 13.443416924861387
1841 13.72700849111472
1842 13.055742719528475
1843 13.127939392575284
1844 12.847666480287149
1845 13.051879054105365
1846 12.960272562092829
1847 12.91048427936893
1848 13.484091608213074
1849 13.126429711058229
1850 13.449186838012828
1851 14.369548344435614
1852 13.762761888772815
1853 13.940880194280803
1854 13.624785998794389
1855 14.114729843204039
1856 13.826917832385119
1857 13.668566394809343
1858 13.638781144312789
1859 13.320227804496575
1860 12.530055109974725
1861 13.159030382304495
1862 12.784971598298563
1863 12.698147464428013
1864 13.132427043542659
1865 12.81521083418039
1866 12.500561996161007
1867 12.91260777573005
1868 13.411136019809575
1869 13.021489539693643
1870 13.192544579512965
1871 13.253570130328372
1872 12.778140756311743
1873 12.044085483444006
1874 12.231793350402606
1875 12.832975311901276
1876 12.413772967135111
1877 12.008210134606168
1878 12.27152926534563
1879 12.466190719229875
1880 12.300489915778785
1881 11.859632382910412
1882 12.560295630696883
1883 11.93360690135339
1884 12.291671140367532
1885 12.566023434728123
1886 12.581521178969341
1887 12.382870656071017
1888 11.779652849814486
1889 12.288041243600377
1890 12.936454343974226
1891 12.071923600671312
1892 12.87141540920044
1893 12.478897686923126
1894 12.465055091837172
1895 11.949590928916685
1896 12.378893378544749
1897 12.088267552885599
1898 12.700412462495319
1899 12.345984977221528
1900 12.018212618800254
1901 12.701869496868591
1902 12.37241117083433
1903 12.349242495776961
1904 12.515061566857332
1905 12.096486241451021
1906 12.383771746087605
1907 12.866398175030907
1908 13.103773423575896
1909 12.289742937256765
1910 12.854722939085404
1911 13.010408026932259
1912 12.687435899809806
1913 12.820898793480326
1914 12.886793778427363
1915 13.04929076387074
1916 13.087586321505729
1917 13.02208196879461
1918 13.147038348646484
1919 13.174337930260304
1920 12.749745086113611
1921 13.308390220519984
1922 13.473425516962335
1923 13.000364839945746
1924 12.899823075226427
1925 13.358987312516527
1926 12.95543250181167
1927 13.054540082435874
1928 13.722589909954081
1929 13.079623979886048
1930 13.195456053682754
1931 13.203111060941612
1932 12.858950403137701
1933 13.182899656956726
1934 13.369329408097729
1935 13.381956046405946
1936 13.699056449583708
1937 12.634104582242259
1938 12.956832457391956
1939 12.45699008313201
1940 12.936754372994445
1941 11.841680474617108
1942 11.400553640142906
1943 11.27183191212007
1944 11.527804762079912
1945 12.035064958413512
1946 11.63808073003932
1947 12.180539155633328
1948 11.6980523775375
1949 12.18017462194962
1950 12.043998247848405
1951 11.633116301144309
1952 11.852870106591288
1953 12.365892736268625
1954 12.297090832380727
1955 12.450133180250202
1956 12.107344570545294
1957 11.524000207820723
1958 12.123223379621205
1959 11.806560989856663
1960 11.576884387535408
1961 11.746596123627391
1962 11.497687879270556
1963 12.485769230826307
1964 11.789676481528156
1965 11.621807573710841
1966 12.050662055514398
1967 12.032178606997013
1968 12.042236381943125
1969 11.688715514181137
1970 11.567037800749791
1971 11.829454249718767
1972 12.061385533661417
1973 11.658632544913473
1974 13.360693323311398
1975 13.00630344897739
1976 12.426947970764521
1977 12.75974370715377
1978 13.407630653195529
1979 12.024921303065975
1980 11.372782032000302
1981 11.249067864609023
1982 11.567728712231693
1983 11.797969932084673
1984 11.338551191675574
1985 11.118978500252187
1986 11.378661064454732
1987 11.88185586685284
1988 11.223789345912902
1989 11.846700951080221
1990 11.353667506457718
1991 11.140985216685136
1992 11.421497972929046
1993 11.814779157737869
1994 11.950223360554785
1995 11.491866438684424
1996 11.476435577694835
1997 11.801191222264881
1998 11.357759160011296
1999 11.395228957121489
2000 12.00397073863944
2001 12.825120272461563
2002 11.105271228841357
2003 12.747817603660648
2004 13.143413428438272
2005 12.579824750609747
2006 12.965988990758797
2007 12.538874821352426
2008 12.365707608132807
2009 12.854165383605881
2010 13.144518232290848
2011 12.732409516044576
2012 12.391172203911943
2013 12.13182828182271
2014 12.458042038896052
2015 12.47624159519156
2016 13.241213696916015
2017 11.821544351953568
2018 11.683679736651944
2019 12.114061271895245
2020 12.024470212567078
2021 13.310889176796373
2022 12.984089235830048
2023 12.839131160150314
2024 12.788692623434104
2025 13.08941451601448
2026 12.786067924902664
2027 13.429168583415564
2028 13.617613237800171
2029 12.888691368587262
2030 13.018411635751175
2031 12.700430385878045
2032 12.742150692801058
2033 13.099815868646118
2034 12.83860324259977
2035 13.303360841495934
2036 12.560958548032398
2037 12.721292175132913
2038 13.454711663632146
2039 12.331733942881485
2040 12.318512739818413
2041 12.47704863971648
2042 12.921007837769562
2043 13.222296859398448
2044 13.347877861373393
2045 12.877954030232425
2046 12.387752457661268
2047 12.779054741470066
2048 12.156893821205458
2049 12.236693556872005
2050 12.741162404292007
2051 11.898501795362254
2052 11.538957115166317
2053 11.798591715344658
2054 10.90459101839237
2055 11.085918073082745
2056 11.305919526543585
2057 10.956876774263177
2058 11.272621445896815
2059 11.436743494025107
2060 12.334675560286186
2061 11.660592919411075
2062 11.003858622930666
2063 12.329471371200174
2064 11.347034972665375
2065 11.611255623717655
2066 11.677735091298342
2067 11.731371806711568
2068 11.455285832120918
2069 11.19155776604945
2070 11.35087234206806
2071 11.038348797894166
2072 11.305297821226201
2073 11.149374150278971
2074 11.433025729755228
2075 11.447625360368084
2076 11.718894997517804
2077 11.409230707992512
2078 11.490322559122168
2079 11.641237720720948
2080 11.403613256656012
2081 11.370579191427568
2082 11.890695500693013
2083 11.281730857273573
2084 11.522550974863169
2085 11.477105442880529
2086 11.398440811854128
2087 11.287975767775924
2088 11.073833693977631
2089 11.031957836269333
2090 11.56225292966456
2091 11.622034905933283
2092 11.861333354452087
2093 11.715695137482848
2094 10.846211056606315
2095 11.429136476974953
2096 11.469066924887366
2097 11.650582018606716
2098 11.14602645238027
2099 11.29504531957475
2100 11.377174722115114
2101 11.316659546735327
2102 11.396617901358136
2103 11.177699364955402
2104 11.038289666749982
2105 11.026044622309188
2106 11.320820041550533
2107 11.34190635100904
2108 11.497967060045362
2109 11.461245118552204
2110 11.25442072373182
2111 11.054973188758245
2112 11.427785672202562
2113 11.410513089782203
2114 11.626793025122565
2115 11.543688042134782
2116 11.341830837378657
2117 11.422371181795343
2118 11.018278575763006
2119 10.984692929719591
2120 11.05841232350493
2121 11.5147057029103
2122 11.571245850724013
2123 11.496045681078487
2124 11.507698345608917
2125 11.856972027099491
2126 11.601232436715735
2127 11.774598487642207
2128 11.24907200788748
2129 10.977810319128077
2130 11.141194051131984
2131 11.1260477880106
2132 11.545344707466716
2133 11.144201613664581
2134 11.479704937198346
2135 10.932614963305634
2136 11.673409735452859
2137 11.525553054433495
2138 11.625541838363057
2139 11.533712722363795
2140 11.44542241166752
2141 11.280299169822852
2142 11.433807180363308
2143 11.497289995345936
2144 11.67271399690993
2145 11.016608824803143
2146 11.830870387468503
2147 11.892733428766041
2148 11.887763754542256
2149 10.839855570900657
2150 12.06075006057111
2151 11.681230837124335
2152 11.53929485220762
2153 11.653680885125636
2154 11.389494441123292
2155 11.313093480650998
2156 10.871845956211844
2157 11.254314521552987
2158 11.83039379120442
2159 11.801945566149662
2160 12.25547888987557
2161 11.881443133060978
2162 11.696754997930155
2163 11.565958190676216
2164 12.684861858033853
2165 11.57032884294347
2166 10.870589387709565
2167 11.524252541002772
2168 11.465007216411628
2169 12.856846140935962
2170 12.250623222858747
2171 10.84880715312588
2172 10.583174649021778
2173 10.546017363804832
2174 11.069947206437165
2175 11.738122002673425
2176 11.700258535524789
2177 11.113469603105763
2178 11.297222359007877
2179 11.412651186396682
2180 11.212788724411034
2181 11.090795519539146
2182 11.424342028460973
2183 10.649402627802957
2184 11.262433209117324
2185 11.154964465493743
2186 10.77011027155842
2187 10.612076132037922
2188 10.687378583968124
2189 10.925683367653017
2190 10.933511549654208
2191 11.037832564173659
2192 11.006440537746164
2193 10.790747430582472
2194 11.291781511156893
2195 11.953856797858016
2196 11.301721922566388
2197 10.631380185043183
2198 11.113402738218465
2199 11.15579100505344
2200 11.06524396349237
2201 10.722199323599346
2202 11.027507504676256
2203 11.302409430723612
2204 10.489543911922834
2205 10.245406760235928
2206 10.855777389896238
2207 10.911853928002316
2208 10.474588086489554
2209 11.026794739681504
2210 11.398945138678778
2211 11.479059679852202
2212 10.872399783643935
2213 10.953671099866979
2214 11.180957296559349
2215 11.623131125458947
2216 10.68082973575423
2217 11.885027818565058
2218 10.719250769427532
2219 10.706932389400711
2220 11.203076704802532
2221 11.303447934951143
2222 11.02214114200782
2223 10.804297508311246
2224 10.624797871367644
2225 10.438106195503941
2226 11.091624653742274
2227 11.409472691030308
2228 11.366867851191074
2229 11.421074388170265
2230 11.12545824836138
2231 11.568073837454454
2232 11.182850275984816
2233 11.35733902367044
2234 11.63578533150842
2235 11.559671280615868
2236 11.526669163109068
2237 11.579887883777936
2238 11.67398849967464
2239 11.719754547031087
2240 11.759398540319493
2241 11.578229051888417
2242 11.495889962629171
2243 11.509565374242868
2244 11.601005358445256
2245 11.953620632916417
2246 11.565548660810396
2247 11.484835723803647
2248 10.931151896090016
2249 11.547243941320641
2250 11.732012462324844
2251 11.857524171283757
2252 11.768722890690382
2253 11.659046799034087
2254 11.358951571841498
2255 11.366218275994969
2256 11.561210357596456
2257 11.989746191717472
2258 12.14483788977747
2259 12.05903227188087
2260 12.159646465480906
2261 11.818003037210303
2262 11.920068290231947
2263 11.5436370667209
2264 12.255107957676303
2265 12.22895783878469
2266 11.513499520623713
2267 11.862042643375814
2268 11.91678721290724
2269 11.740878205380119
2270 11.660310508703304
2271 11.493078426574534
2272 11.888840602520748
2273 11.329343400759532
2274 12.21906554088173
2275 11.715440408610231
2276 11.583458333465654
2277 11.368643379145773
2278 12.360414655356248
2279 12.151516809563704
2280 12.162475208106585
2281 12.489398054223429
2282 12.970089183353178
2283 12.390198037234953
2284 12.776893273516539
2285 12.428601506000975
2286 12.808819793042348
2287 12.654015438536756
2288 12.869214951543691
2289 13.039601110615093
2290 12.853714967015522
2291 12.444601790448358
2292 13.111206483164734
2293 13.518797006180819
2294 13.054104101213388
2295 13.052494383892027
2296 12.146564044186343
2297 12.693993419825171
2298 13.707917452020233
2299 13.272909203605165
2300 12.67851449142527
2301 13.21322213723092
2302 13.302206935704563
2303 13.094241512922231
2304 12.196766869770075
2305 12.721894918959258
2306 13.672975712519442
2307 13.043961275284495
2308 12.603193670416077
2309 12.640562240813933
2310 12.677099211913596
2311 13.423595780268517
2312 13.05608478491808
2313 13.030314521304216
2314 12.582396303701206
2315 12.793477227756794
2316 13.391864158492664
2317 12.760621400695795
2318 12.982838406678987
2319 12.847920096934454
2320 12.297285083194803
2321 12.630502402616324
2322 12.63631176475578
2323 12.928147866588604
2324 13.076635494695635
2325 13.026506873559848
2326 13.01209661808972
2327 13.016045793435271
2328 12.496372981124892
2329 13.20808066826555
2330 12.463245699693934
2331 13.298929178878906
2332 13.022880666951057
2333 13.365786631324973
2334 13.379792651115567
2335 12.791120168951917
2336 12.645688496118973
2337 12.979841406541299
2338 13.227361348556206
2339 12.93832475926884
2340 13.167319826920115
2341 12.816466325874199
2342 13.420206427598847
2343 12.753419545197376
2344 13.078658955846265
2345 12.420527955572291
2346 12.416063815245968
2347 12.40812493159003
2348 11.581828485092776
2349 11.735065860991885
2350 12.627899905984357
2351 13.051906490063901
2352 12.449943692427905
2353 12.168197978317748
2354 12.1698270836057
2355 12.438457838884098
2356 12.688991702846595
2357 13.129312664388756
2358 12.754677005097387
2359 12.63806875290022
2360 13.095283871558777
2361 12.987038753252174
2362 13.011368674670381
2363 12.747517693616357
2364 13.129337233544911
2365 13.169277869467631
2366 12.604780849468982
2367 13.351207711648975
2368 13.092913409547178
2369 13.335070902846857
2370 13.105515012076168
2371 12.797053935736951
2372 12.788903592594083
2373 13.378733759872624
2374 13.872970936591523
2375 12.54357444211129
2376 13.57332057197886
2377 13.192742881875098
2378 12.961416143702609
2379 12.466508626603037
2380 13.200314829425105
2381 13.370641564635054
2382 13.293853177030822
2383 13.19445359568352
2384 12.55700633319044
2385 12.61142808302212
2386 12.812986257017377
2387 12.548986094940956
2388 12.776269073226556
2389 12.631708640249283
2390 12.786218766662577
2391 12.650784478739777
2392 13.177268855737214
2393 13.198205969178971
2394 13.853042193024068
2395 12.859482041950622
2396 12.50945773554343
2397 12.317811484697739
2398 13.488819935803486
2399 12.877705125586841
2400 13.338076911120277
2401 12.565428564434546
2402 12.686331551506674
2403 12.566055916775394
2404 12.403040320754364
2405 12.757614482329886
2406 13.029419154068789
2407 13.00032468524174
2408 12.827190270144632
2409 13.188491462336245
2410 13.380567047715523
2411 13.356063235316611
2412 13.146331423011711
2413 13.387961419697488
2414 14.004828488408812
2415 13.817953005636722
2416 13.314378228814013
2417 14.250284995007885
2418 13.2297983577682
2419 13.005982684640257
2420 12.07986541615158
2421 13.278804370429429
2422 14.437848574644988
2423 12.968227363141233
2424 13.603414048411059
2425 13.590664231123593
2426 12.6502736263666
2427 12.460559244266
2428 11.816401256491762
2429 11.935112593577866
2430 11.833047453695956
2431 11.77203785653113
2432 12.55803714332604
2433 12.704054286561846
2434 11.743288387152854
2435 11.804917963388991
2436 12.559658117439978
2437 12.515836219228138
2438 12.704598313707777
2439 11.490320539280605
2440 12.821508120422756
2441 12.319305144273478
2442 12.1929170182852
2443 11.566565366329241
2444 11.677986293350685
2445 11.066833535376096
2446 11.48111992219243
2447 12.165442302241631
2448 11.586612363238464
2449 11.532073045006861
2450 12.018030311079006
2451 12.337211732641201
2452 11.782276552034295
2453 11.195294479744573
2454 11.717848521616292
2455 11.32374791369685
2456 11.889893683654593
2457 11.38793704959469
2458 12.005828336821912
2459 11.960585284969506
2460 11.984235041972683
2461 11.42032669129601
2462 12.438521660194215
2463 12.322072863363067
2464 12.460086327243205
2465 12.282349762563147
2466 11.509426983254949
2467 11.506505549239797
2468 11.390677399381326
2469 11.474096495513539
2470 11.408054353587204
2471 11.442512680020442
2472 12.08199855505936
2473 11.535140222611114
2474 11.69216525873525
2475 11.134549425442213
2476 11.91741638499581
2477 12.007413382424344
2478 11.669561543880961
2479 12.533938536762141
2480 11.79180807660603
2481 12.008169539854713
2482 12.10630816799781
2483 12.234892428075847
2484 12.770031717747644
2485 11.993933515923544
2486 11.643077436500016
2487 12.488186571535898
2488 11.667350383427125
2489 11.149377433661412
2490 10.602402375346959
2491 11.968323456478712
2492 12.186127085956114
2493 11.87633218692643
2494 12.140723550066962
2495 12.661496339995582
2496 10.929283631801814
2497 11.745443186228478
2498 11.147014012347396
2499 12.066958540854477
2500 11.448287502516711
2501 12.909144700705644
2502 12.113897970839933
2503 11.380653522043053
2504 12.32537422041183
2505 11.903748212758927
2506 12.019405120160467
2507 13.023693847281116
2508 12.097923377086405
2509 12.182367131639207
2510 12.314717443546142
2511 12.40894047536222
2512 13.107453358529328
2513 12.635068345576364
2514 12.567172077489586
2515 11.78900920869613
2516 12.60017003033593
2517 13.313223259461505
2518 12.910441614773589
2519 12.31868060869692
2520 12.254945728301921
2521 12.785174295323428
2522 12.664224952061735
2523 12.162992650618934
2524 12.44812156877196
2525 12.268715191535986
2526 12.644296525870171
2527 12.291418592038307
2528 12.311448274144631
2529 12.56406556573693
2530 11.39636062765449
2531 12.73663075383174
2532 12.03303700896343
2533 12.439106855805123
2534 12.531298697203537
2535 12.329926687304363
2536 11.866418322230372
2537 12.177102583803904
2538 11.61327414735652
2539 11.810625196926333
2540 12.020647308049858
2541 11.58991099582319
2542 11.313855174268122
2543 11.576372697681537
2544 11.878404559617055
2545 11.43305941863215
2546 12.314931204500295
2547 10.967281029534153
2548 11.550371137127762
2549 12.044691368301239
2550 11.946774309744136
2551 12.246805419660218
2552 11.357449877469204
2553 12.13294890351773
2554 11.396054311798983
2555 12.235704926443914
2556 12.474982812194147
2557 12.511799489327526
2558 12.196345320598292
2559 12.30821328115669
2560 12.26528233228864
2561 12.808436350530846
2562 12.693294439695741
2563 12.791616079473757
2564 12.057862169057842
2565 11.279392833010771
2566 11.70933865453929
2567 11.31768081259386
2568 10.76716318730955
2569 11.079942505727274
2570 11.528400774858254
2571 11.828252158610404
2572 11.569101553629245
2573 11.743137587096918
2574 11.582344078312044
2575 11.609551032841818
2576 12.279106856536645
2577 12.79668874174641
2578 12.068794340266194
2579 12.201844657200965
2580 11.759902639478915
2581 11.76372445292329
2582 11.587908058592728
2583 11.930980565560617
2584 12.352155982723474
2585 12.273028889328275
2586 11.983823419793014
2587 12.45610944747206
2588 12.017082893873377
2589 12.057261974927252
2590 11.795963003622857
2591 11.425777181213261
2592 11.284562182777645
2593 12.176349249528727
2594 11.680423768702777
2595 12.576677913806142
2596 12.237115756894365
2597 11.608764841363184
2598 12.622375338647377
2599 11.810114448589626
2600 11.926350638712426
2601 11.996940751097533
2602 12.045505259348682
2603 11.779372374377854
2604 12.914607106238018
2605 12.637217721184715
2606 12.647300925644581
2607 11.123174441469896
2608 12.056188951889013
2609 11.403446208092936
2610 11.614958545021556
2611 11.870320227768868
2612 11.635922533370925
2613 12.300425247446555
2614 12.104954417602555
2615 12.680351499215133
2616 12.622495963780096
2617 12.631601953124273
2618 12.873190250842175
2619 12.993464869996213
2620 12.825069071062506
2621 12.966537720718511
2622 11.809930951000668
2623 12.268959745870356
2624 12.73609994442998
2625 11.998212207880185
2626 11.530871744813485
2627 12.508142663964806
2628 11.630113188418587
2629 11.651163268675429
2630 12.535897749857506
2631 12.687638333082566
2632 12.605159889740435
2633 12.847283844968246
2634 11.87526893683778
2635 11.13377051807801
2636 11.161683330279907
2637 11.860728066949704
2638 11.673199301049848
2639 11.469385478114619
2640 11.49267503247629
2641 12.807467253731144
2642 12.584375899424543
2643 11.656304693891789
2644 12.20828191331303
2645 12.929150797459132
2646 11.510144769722837
2647 12.368712277319142
2648 12.616080800494958
2649 12.240838235298558
2650 12.126299525074474
2651 12.319642564027427
2652 11.193932028769144
2653 10.894466508416341
2654 12.577317434642337
2655 11.48013138323941
2656 11.832729239561138
2657 11.493363031312624
2658 11.523408341121726
2659 11.160249198050728
2660 10.905790025159229
2661 11.199907677838361
2662 11.421087249161493
2663 11.312965944863413
2664 11.082145863451581
2665 11.356926149712608
2666 11.226082778728712
2667 10.970742065858206
2668 12.182463748541643
2669 11.878161589812903
2670 11.945052191226205
2671 12.960509344393227
2672 12.190382033235673
2673 12.021344317651407
2674 11.869157306309978
2675 11.890285223558994
2676 11.92168011775992
2677 11.282034572433147
2678 11.730720847892774
2679 12.209420070895556
2680 12.366704024657146
2681 12.320504459035027
2682 11.420272978156788
2683 11.513174215496985
2684 12.414351549740031
2685 11.647741802425662
2686 12.854167750357647
2687 12.570367479327464
2688 12.905623924513348
2689 12.160226919747439
2690 13.106703122127799
2691 13.109663646110356
2692 12.612844558259129
2693 12.620411673199406
2694 13.406472403213737
2695 13.626603766905104
2696 12.772563674701855
2697 11.626126659407012
2698 12.511054265644486
2699 13.222362293790683
2700 12.568686645141844
2701 12.897607249740217
2702 12.739856054591906
2703 13.250152482942605
2704 13.39698102855702
2705 13.342355663826234
2706 13.898359535009414
2707 12.97877828297123
2708 13.363113754788067
2709 12.54267618339074
2710 12.978727359008067
2711 12.92262745322396
2712 12.004093851507443
2713 11.96533379051963
2714 12.188741244477226
2715 12.146371623185507
2716 11.758078326977232
2717 12.115928833685995
2718 12.071998551573056
2719 11.961873216413466
2720 11.69356943242473
2721 12.377858569658088
2722 11.831306984522648
2723 11.493871386349083
2724 11.24601786677979
2725 11.135272214581772
2726 11.43042121099303
2727 11.54746379173768
2728 11.95198468921387
2729 12.452370997202738
2730 12.027179217086571
2731 12.122585615784049
2732 12.653055753227648
2733 12.552006459368892
2734 11.592384714107022
2735 12.091083753818246
2736 11.59254117007458
2737 11.921197715864103
2738 11.883191356338129
2739 12.010566156485263
2740 12.09355211349459
2741 12.2846570552373
2742 11.529094077750267
2743 11.405971418171319
2744 11.203296267733913
2745 11.614004409140321
2746 11.964119826178885
2747 12.279756216585252
2748 12.229052475946967
2749 12.167949839323548
2750 12.07591433958626
2751 12.222297842628242
2752 11.774218197794083
2753 11.795682981158325
2754 11.621980837199947
2755 11.475914767454677
2756 11.818327605163189
2757 11.586774460339205
2758 11.652667199004465
2759 11.835894693959512
2760 11.899141861411774
2761 11.853601324131185
2762 11.543491340905835
2763 11.500754372337083
2764 11.967733503318746
2765 11.770247978382377
2766 12.239452206513729
2767 11.720559857107492
2768 12.128586448919433
2769 12.06767063117822
2770 11.858768435863974
2771 11.678934956960285
2772 11.83691807296919
2773 12.069190641404504
2774 11.688149248920512
2775 11.593533411589945
2776 11.642584359360397
2777 12.097010882903147
2778 12.391561113553553
2779 12.062726670970257
2780 11.719051810391646
2781 11.983441619005118
2782 11.718832107645127
2783 12.033834765074522
2784 12.06974288002595
2785 12.0742988175449
2786 12.080525423083536
2787 12.380725387673257
2788 12.004476587346723
2789 11.712466960227966
2790 12.54228365463896
2791 11.664492018348264
2792 11.971780403419674
2793 11.84641090322743
2794 11.606730604563765
2795 12.21371535016349
2796 12.273584108125664
2797 12.572759956520175
2798 12.366881244964125
2799 12.192647253422695
2800 12.655808443309777
2801 13.035896437287686
2802 12.846472499205518
2803 12.962626249605139
2804 12.624039135021508
2805 12.907646993431575
2806 12.280186054742666
2807 13.382900608908368
2808 12.428066833366971
2809 12.917129427533382
2810 12.864307328998027
2811 12.336762013404023
2812 12.530299335505722
2813 12.01405568514529
2814 12.046408630874168
2815 11.965486465898204
2816 12.565035704663503
2817 12.440533474500642
2818 11.994697764569512
2819 11.841601834018554
2820 12.674571622427704
2821 12.310656020471107
2822 12.518352736174405
2823 12.36795210670765
2824 12.071879077364429
2825 12.892391037488967
2826 13.411130564157663
2827 13.023966002967914
2828 13.153757530924773
2829 12.601653248771683
2830 11.924139756328072
2831 11.479833206124935
2832 11.850180380794292
2833 11.892873639336123
2834 12.32105126107521
2835 12.38368524315645
2836 11.21059826483312
2837 11.157862199512483
2838 11.189987141760266
2839 11.769128268253246
2840 12.347259508530444
2841 12.28507485296405
2842 13.003577509292793
2843 12.229870413252291
2844 12.18978764767107
2845 12.6292522889134
2846 11.967355147889725
2847 12.88963975334667
2848 12.915348811690507
2849 12.735243931227053
2850 12.10832145364814
2851 12.815792237284684
2852 12.445507751154668
2853 12.259188513742059
2854 12.587768803775278
2855 12.587233002280929
2856 11.86269177229189
2857 12.879365868991398
2858 12.156016223588663
2859 12.605996106109155
2860 12.507276496406815
2861 12.449205182842595
2862 12.610757710196399
2863 12.01566133050888
2864 13.025491763097055
2865 11.262441860926087
2866 11.57500697164657
2867 11.447545131864757
2868 11.398369552988102
2869 12.381757146572742
2870 12.484552596309973
2871 12.347792789225513
2872 11.789636614921195
2873 12.380009149271658
2874 12.238384288653775
2875 12.123023466306181
2876 11.671135144467268
2877 12.493185269901744
2878 12.08696464741753
2879 12.261223658803694
2880 12.221915756025643
2881 12.592750869892768
2882 12.30350811352113
2883 12.15709917088159
2884 12.349569055243485
2885 12.069235159551535
2886 12.107446188110403
2887 11.511683420983415
2888 11.572882406710798
2889 11.994621584011352
2890 11.76603132207249
2891 13.035638752523424
2892 11.845848480996061
2893 13.459540284765428
2894 13.035524577216751
2895 12.543971848137577
2896 14.091264120265153
2897 12.663336603729118
2898 13.12680776484129
2899 12.873054735638531
2900 13.228940352514394
2901 12.99765701747476
2902 12.780467122222682
2903 13.239501032174466
2904 13.081592618063695
2905 13.149874299180452
2906 12.29352018090332
2907 12.786695522213675
2908 12.560860415359372
2909 12.278483656094366
2910 11.82083103533957
2911 12.279380080795875
2912 12.001481062756055
2913 12.37893708674928
2914 12.54325121957895
2915 11.698168550610074
2916 12.406721514442971
2917 12.420106481080722
2918 12.69675473226401
2919 12.087268022327534
2920 11.941830625246917
2921 10.875734613019763
2922 11.463429446159148
2923 11.840860381202704
2924 12.699300686448476
2925 12.486043283789872
2926 11.62958177877476
2927 11.878737147723111
2928 11.324659132202761
2929 12.321002746591315
2930 11.730891549560956
2931 11.701398571861128
2932 11.776235753608486
2933 11.871223864686538
2934 12.024233032940245
2935 13.057291412860824
2936 11.71785329643267
2937 11.689462884448437
2938 11.588833676527338
2939 11.849777896727932
2940 11.183391635730162
2941 11.95942510556638
2942 12.445512167021773
2943 11.505270404756548
2944 12.528529819342156
2945 12.18573204672624
2946 12.202003865967065
2947 12.264202433455994
2948 11.102901652955087
2949 11.195045939220424
2950 11.736168423503473
2951 10.87878096960373
2952 11.662647624499733
2953 11.987813837187067
2954 11.682034013904879
2955 12.068764200024022
2956 11.878059137011642
2957 11.684233567823995
2958 11.66392883366075
2959 11.352451702264167
2960 11.359373111663508
2961 11.48825884694748
2962 11.564642024719841
2963 10.720434452671586
2964 11.483206326179241
2965 12.235127258246948
2966 12.248798473923694
2967 11.572725994139194
2968 11.52940280012587
2969 12.086998036254016
2970 11.858118101596963
2971 12.426618120036448
2972 12.07896853445087
2973 11.585157770483706
2974 12.49202222935464
2975 11.67951555288382
2976 11.878812242819809
2977 11.705539796291292
2978 12.106202148659504
2979 11.386539279630432
2980 12.479493898411247
2981 11.623421950436944
2982 12.022727697259855
2983 11.804336495065632
2984 11.627467587356119
2985 12.818777372242625
2986 11.590548230469047
2987 11.945899821920927
2988 11.621062443951912
2989 12.841511693307678
2990 12.373494053715119
2991 12.284720235574824
2992 11.256557142413095
2993 12.808299062488418
2994 13.270385142009847
2995 11.76143861449608
2996 11.444377395942423
2997 11.728189290015782
2998 12.528839816149246
2999 12.009575953109653
3000 12.652452609846938
3001 12.228888534978148
3002 12.787228947036422
3003 13.007339262713446
3004 12.820732764011904
3005 12.972260914270597
3006 13.187957913659197
3007 12.678780677144239
3008 12.846527869959482
3009 12.058234985801738
3010 13.248732004091526
3011 12.39207505660178
3012 12.714017821984893
3013 12.787547966711555
3014 12.940302084551472
3015 13.079629344715714
3016 12.706297023047393
3017 12.949975398354672
3018 12.61224526349551
3019 13.21556111139486
3020 12.092101372163494
3021 12.783308023191061
3022 13.029789622704858
3023 12.922510904952308
3024 12.39575062930411
3025 12.990021831080753
3026 12.428046247312016
3027 12.091043223113013
3028 12.808403750899739
3029 13.584726849014347
3030 12.713744739929663
3031 12.25925094601511
3032 12.18231626451266
3033 12.349864711821029
3034 12.410050333583762
3035 12.685772029738652
3036 12.128295068308796
3037 12.125719758961328
3038 12.009151091722243
3039 11.291926957259067
3040 11.973068754868182
3041 12.070896776452841
3042 12.928306505245057
3043 11.579877075936308
3044 12.175522953900078
3045 12.134988589915318
3046 12.539044525505536
3047 11.938902622495718
3048 11.851129526226972
3049 11.573977486278384
3050 13.062071361754247
3051 12.2891940482949
3052 12.457949953233356
3053 12.12340175697914
3054 12.380953090378952
3055 12.59288898478774
3056 12.56038392409522
3057 12.18643746476588
3058 13.002902625730009
3059 12.879662690415323
3060 13.007257446618373
3061 13.305290780254852
3062 12.912446065933793
3063 12.858707355607933
3064 13.500029228218036
3065 12.64646339607875
3066 13.084666361766857
3067 13.111146219925514
3068 12.985982247524483
3069 12.870469117747671
3070 12.522386481136147
3071 12.622257945902334
3072 11.412366413166852
3073 12.482109325811157
3074 12.248141451679125
3075 12.74141692373844
3076 12.484773390875851
3077 12.055345128884763
3078 13.06333518771314
3079 13.179496747198295
3080 12.161136703258178
3081 12.667325692609971
3082 12.883603775919129
3083 11.529416289345948
3084 11.600449217105576
3085 12.374095603684454
3086 12.299434730233475
3087 12.783994061242053
3088 12.822140989201403
3089 12.872808767998656
3090 11.863788254467796
3091 12.562003545217015
3092 13.264823307783214
3093 13.116549535560093
3094 13.552087330627927
3095 12.543296586293643
3096 12.600331881772956
3097 12.764032954025213
3098 11.843795723946716
3099 12.621480900738922
3100 13.069910624052133
3101 12.722028953122395
3102 12.41270117506324
3103 12.056847923710805
3104 12.655306851986076
3105 12.220386087454353
3106 12.346051801010105
3107 11.760764655793652
3108 11.310667117697685
3109 11.909190337822226
3110 12.12593828166417
3111 11.755389077824837
3112 11.84100313566686
3113 10.979594701039646
3114 11.34954425517303
3115 12.254009606241814
3116 11.91014180479569
3117 11.692642557907234
3118 11.335836394811146
3119 11.14537261237275
3120 11.375129000355734
3121 10.75321001663259
3122 11.93384084514135
3123 11.756421063389284
3124 11.944763904683986
3125 11.941587027098786
3126 11.288589873667004
3127 11.009870020038555
3128 10.45715623047662
3129 10.975445631883602
3130 11.875085700807224
3131 11.382061920430496
3132 11.947796688510142
3133 12.693364037030461
3134 11.374630720543253
3135 10.937782871602856
3136 11.70604867351591
3137 11.322161236930967
3138 11.347124161255039
3139 11.703619482283997
3140 11.71667453486366
3141 11.916084702222795
3142 11.090911760121596
3143 11.310167523618501
3144 11.455843767792395
3145 11.775009069374269
3146 11.275322561204572
3147 10.597968224000816
3148 11.706694939203738
3149 11.739466767232129
3150 11.959851040089353
3151 11.923879086278198
3152 11.427548624777621
3153 12.38474003776348
3154 13.17581335675429
3155 11.54074335209779
3156 11.708622185859467
3157 12.105432752193785
3158 11.463671980778418
3159 11.177981380375273
3160 11.516061548800327
3161 11.08699174013532
3162 11.614792168996514
3163 11.857954667104469
3164 10.882229851175646
3165 11.56529627170003
3166 11.276573331940126
3167 12.224752313306121
3168 12.297331196595355
3169 11.673564409085444
3170 12.388132001890202
3171 13.423165563536513
3172 13.851872639729182
3173 11.927171225522024
3174 11.988642513941237
3175 11.354445178416857
3176 12.419449523670467
3177 11.95822732207406
3178 12.483714557644415
3179 12.58562603286285
3180 11.739063655815178
3181 12.329351781102416
3182 12.512414643300742
3183 12.174413842715103
3184 12.315387753199735
3185 12.515059826090871
3186 12.22837350630027
3187 12.032003197353944
3188 11.30067393027417
3189 11.655986556670005
3190 11.83387051265275
3191 11.738766842445772
3192 12.029035662401002
3193 12.435552119716448
3194 12.157379771092968
3195 12.304764574741336
3196 12.0007014360221
3197 11.782580553642799
3198 11.646940860852068
3199 12.926376595829908
3200 12.1794027473871
3201 11.408045842745764
3202 12.193065890533648
3203 12.643793341511488
3204 11.463373545374886
3205 11.624154165434875
3206 11.672371635654914
3207 11.586760840833998
3208 11.222777124571968
3209 11.794124699659408
3210 11.493634231975886
3211 11.565550774395044
3212 11.22569227317539
3213 11.636958776299101
3214 11.455838654227204
3215 11.272337330569766
3216 11.973980478853711
3217 12.19787007377132
3218 11.75910590369921
3219 12.101455719584765
3220 11.591877362292175
3221 11.780685480331137
3222 11.555531271228132
3223 11.85835949927027
3224 12.288720808970952
3225 11.997167117181332
3226 11.926522374646185
3227 11.26488256630273
3228 11.460189749867654
3229 12.180050487914876
3230 11.798253816867126
3231 11.320632964683389
3232 11.610676802607871
3233 11.603950238407618
3234 11.735758324706252
3235 11.98269265906219
3236 11.771010461561296
3237 11.192192717290292
3238 11.593613460047884
3239 12.056985510966001
3240 11.438476061696361
3241 11.385865127799184
3242 11.497512041388612
3243 11.532329080752332
3244 11.530281247098673
3245 11.451276780138206
3246 12.280087626397325
3247 11.917807478941189
3248 11.40102274257428
3249 11.721676308843085
3250 11.7253988873625
3251 11.666685581672597
3252 11.484834026741412
3253 11.486577218750918
3254 11.634044838389167
3255 11.585939107198039
3256 11.469503498091143
3257 11.998542691385522
3258 11.607475996509194
3259 11.360940201859494
3260 11.805541388775364
3261 11.34457628209804
3262 11.952169276073736
3263 11.258278049526371
3264 11.245441920136747
3265 11.848721743092964
3266 11.392824493355885
3267 11.565210147062364
3268 11.961935348142495
3269 12.084539102300088
3270 11.829265289264196
3271 11.37716312970317
3272 11.645540248045485
3273 11.792547990918296
3274 11.374087410522884
3275 12.573816245923942
3276 12.267489493168156
3277 12.547038284031066
3278 12.072595725983238
3279 11.573179269047522
3280 11.723897346567757
3281 11.788812329675311
3282 12.034364398586956
3283 12.048717988168969
3284 11.670245597370299
3285 11.189930149406868
3286 11.15060742710904
3287 11.648825063302386
3288 11.639881629912827
3289 11.90052821651591
3290 11.512707801522089
3291 12.485995528808687
3292 11.796190259274908
3293 12.354218912508248
3294 11.794483245633291
3295 12.145937975689476
3296 12.811085787970802
3297 13.523113047485234
3298 13.189215614840206
3299 13.64411262443895
