0 11.900927448145824
1 11.843296850041305
2 11.449209196027615
3 11.614110365199275
4 11.212059350278334
5 11.163997774744598
6 10.905741777873777
7 10.835998014686169
8 10.793588809140623
9 11.609719783151531
10 11.546484620632153
11 11.49777978603476
12 11.837143266867947
13 11.75296534082411
14 11.627232146227428
15 11.786277806051984
16 10.130868174030736
17 11.235827023731122
18 11.127492587170815
19 11.635824997311499
20 12.157779326902634
21 11.590871253414749
22 11.944380500823865
23 11.886285963199219
24 11.245801096095127
25 11.926666491125834
26 11.340314533424662
27 11.35544272160378
28 11.444215346843261
29 11.524398983343655
30 11.715376063780479
31 11.426822546967118
32 11.219462945616492
33 10.973438954520832
34 11.060363131216873
35 10.42598650710216
36 10.975161794650715
37 11.088401851525951
38 11.670755459709822
39 10.439970084704752
40 11.412406919756949
41 10.499412983227037
42 11.681613327152009
43 11.295338791218729
44 11.785595305934436
45 11.578025957535415
46 11.640925669100463
47 10.862444276145792
48 11.092672493314884
49 11.725782607941959
50 12.319892335590863
51 12.102284735904691
52 12.251943157551388
53 11.162493527931424
54 11.536948278173154
55 12.10737796110758
56 11.300803341879911
57 11.37294419498523
58 11.717396449098258
59 11.456768438876129
60 12.011562759670209
61 11.669967560150704
62 11.111073620458242
63 12.034293024853191
64 11.1426595320836
65 11.42532845651715
66 12.229108400035503
67 11.028795302503132
68 10.78374369978819
69 11.337576909919715
70 10.321401780332886
71 10.69660595868346
72 11.225325609961534
73 11.398302954825578
74 10.971207568674014
75 11.257477300752765
76 10.667464597328747
77 10.879987730851068
78 11.587141455649157
79 11.043823967390498
80 11.096397336685637
81 10.876967589555457
82 10.955622342077602
83 11.254687746821782
84 11.22784526351888
85 11.759909716897592
86 11.779377543110462
87 11.003347681882838
88 12.062662251682449
89 10.747341703025171
90 9.21164857391442
91 10.076975390437816
92 10.096738834776561
93 10.370706620538853
94 10.248815039536007
95 10.044536989284802
96 10.296667629147406
97 9.962818240494512
98 10.640971497512329
99 12.110587488850443
100 10.943902463277066
101 10.072484451721735
102 11.171071710786872
103 9.448278401716017
104 10.911437558221802
105 10.649690090517758
106 10.891482078696887
107 10.566462173176836
108 11.096802907433338
109 11.057033013278952
110 10.745351396649548
111 11.094990405697704
112 11.372970933102415
113 11.259250236016335
114 11.186134362603568
115 11.794059983410856
116 11.305942294881659
117 11.90266846396219
118 10.546436552854232
119 11.482057413405567
120 10.634506587465832
121 10.657563991439947
122 10.79425859582014
123 10.436168575742833
124 10.698113877593384
125 11.67984986021192
126 12.606022615965433
127 11.348673602002675
128 11.191906406772832
129 10.47648084510229
130 12.356154184055583
131 12.137002970921735
132 11.390393401144628
133 11.765783945686456
134 12.226944007534131
135 11.533930199337307
136 11.96498937815
137 11.264186076191129
138 11.927403895941813
139 12.660572820660706
140 11.617376549080493
141 11.746890350515374
142 11.21486923705808
143 11.34327747820356
144 12.189526611993177
145 11.888131014348332
146 11.41487806999905
147 11.810890550126024
148 11.674830905743644
149 12.380372626183977
150 12.011499367650178
151 11.564500373229283
152 11.66967284613876
153 11.763928986567876
154 11.448410018205987
155 11.093002413519304
156 11.362866414658018
157 11.637542085530841
158 11.971595748781793
159 11.429729109264905
160 11.391058196724858
161 11.153315388630302
162 11.65235223781489
163 12.41211752223802
164 11.64518387428016
165 11.924626886912863
166 11.970485037488096
167 12.796112776548785
168 11.589112594705997
169 12.343048355159377
170 12.488094855754907
171 12.746417409787625
172 11.415459815923953
173 12.304460493297302
174 11.843786864193685
175 11.747479537146553
176 11.3605439788172
177 11.336111028045362
178 11.371546113018862
179 11.258786500447542
180 12.109920637886058
181 12.389428112865996
182 12.089451414102934
183 12.27619915080196
184 12.302081363783993
185 11.58859565379931
186 10.846856206099979
187 11.34336210168694
188 12.32198382602707
189 12.654194899085281
190 12.452390831176487
191 12.374271790920341
192 12.502237114500396
193 11.99566470916753
194 11.600659859392813
195 12.289155839512592
196 12.553196792785068
197 12.766050051615649
198 12.551721612044714
199 12.396597736000048
200 12.03570984252973
201 12.44197481921443
202 12.260864033747131
203 11.618825257129934
204 11.110109628007626
205 10.651329386237286
206 10.981935857410924
207 10.915594837600903
208 11.172408760767869
209 11.224128078720032
210 10.609881411714577
211 11.277635880878913
212 10.991847967604059
213 11.093693964605711
214 11.072092249480393
215 11.009973293814596
216 11.201410776334487
217 10.638528496368005
218 11.414483824962572
219 10.91908481785689
220 10.932998844195858
221 11.005636181078799
222 11.221691959904891
223 10.974928275543567
224 11.653284719785065
225 11.428866141097457
226 11.08434342037883
227 11.172107622966205
228 11.76275236175302
229 11.370089677800065
230 11.806041654281698
231 11.933376429847613
232 12.136270523797497
233 12.23779778802808
234 12.1579043771875
235 11.94769325728435
236 12.56987706933963
237 12.15506062483115
238 11.631951032617184
239 12.502012290986725
240 11.460494462603291
241 11.839782502141604
242 11.1598258421221
243 11.271883024849105
244 11.60464142443432
245 11.785429278907893
246 11.547162620021748
247 11.277105990715592
248 11.925608486333822
249 12.478629642484353
250 12.366606336529554
251 12.51445384775326
252 12.426394212646555
253 12.38524355604304
254 12.774992112923957
255 11.89019210319923
256 11.288433007908683
257 12.01548838539843
258 12.88100409181079
259 13.022571605523988
260 12.65121801123261
261 12.113617891879397
262 12.36878285789001
263 12.641868648081344
264 11.67460408565613
265 11.687966437030713
266 10.824136092872175
267 10.031270668703657
268 11.464137944927197
269 11.522346328766922
270 11.101617061524832
271 10.847090840645837
272 11.83144270288952
273 11.578677891933612
274 11.899546106380512
275 12.517578507280955
276 11.298289590692507
277 11.455617081652301
278 11.29087018434894
279 11.053040615582155
280 11.796673331834024
281 11.446163035350295
282 12.26688491371043
283 11.944200359019488
284 10.897696159403248
285 11.621233360148922
286 11.881434991258503
287 11.476997693687329
288 11.487719865638152
289 11.269962031868351
290 11.584625526121215
291 11.061832285054503
292 11.742707127380688
293 11.583632816794374
294 11.999309398742831
295 11.94695450364368
296 12.154748410328464
297 11.683780615550846
298 11.758422116858046
299 11.838025173235366
300 11.13405430585235
301 11.986961572566377
302 11.364307396690933
303 11.644708081228439
304 11.587983338079544
305 12.80921858995974
306 12.551710730461702
307 12.334037209253363
308 12.09160786604905
309 12.09559264331074
310 12.828629127564835
311 12.664557874837039
312 12.29339078601148
313 12.225517402697896
314 12.122088033003228
315 11.423524222296965
316 10.92085641940552
317 12.441884419445872
318 13.642419516685596
319 13.062326163474534
320 13.064484597666869
321 12.842370840726979
322 12.494977392985515
323 12.326272677416501
324 11.884687776450086
325 11.95663951608292
326 12.105370986214064
327 11.449721373572526
328 11.191960977824866
329 12.247414015232893
330 11.565773194063123
331 11.988967384858585
332 12.175705149471794
333 12.538715605427287
334 12.89908949505873
335 12.192506031949387
336 11.081359863891883
337 11.453300662206134
338 12.241977660146098
339 11.26603110487316
340 12.619400439844515
341 12.252730957435372
342 12.496997036104387
343 13.195111570299966
344 11.856275009006957
345 12.478912942624957
346 11.842072177261276
347 11.710247912445617
348 12.122062717218931
349 11.73033014245087
350 11.352136828776814
351 11.088345699021703
352 11.056682867035734
353 11.856056622886468
354 11.036959625264474
355 10.743019505555646
356 11.111865379466353
357 11.53025230626686
358 11.797028575708003
359 11.017910081737314
360 11.665812334875852
361 11.299168582474332
362 11.728872136351178
363 10.547348689759014
364 10.968326890222706
365 11.383108160842283
366 11.880375393782986
367 11.084592750801068
368 11.897260044620603
369 11.982370178934898
370 11.97593481825894
371 11.793337523209312
372 12.838813207238374
373 11.756108349300316
374 12.26803888796883
375 12.303682559234243
376 11.392374713678059
377 10.996398930550258
378 11.36925865384845
379 11.177437930015309
380 11.032007061965352
381 12.290538657985595
382 12.214986854688835
383 10.82283895824059
384 11.43608686987223
385 11.909083483248939
386 11.875000437758326
387 11.150859580819715
388 11.664483540373151
389 11.807871252196065
390 10.956161866160189
391 10.742163033233293
392 10.14625642991837
393 11.184572653466624
394 12.033990993743036
395 11.214521005687283
396 12.00825508416276
397 10.867943038844409
398 11.73343272588583
399 11.099393042990725
400 12.087413256942662
401 12.119317244855536
402 11.943587636299672
403 12.348160196021267
404 11.557003092743523
405 11.525543819909702
406 13.128129159367601
407 12.567127073480274
408 12.489347764786256
409 11.845238289821445
410 11.414106056990475
411 12.397174496931013
412 12.294510235078812
413 12.153161654647059
414 11.517143124947282
415 12.115570367079313
416 11.073020656466756
417 11.28879999252921
418 11.68679117706696
419 11.10569078279554
420 10.594590341855563
421 11.472416968533876
422 10.945258687997049
423 11.04784275388821
424 11.256152041256025
425 10.872422495859086
426 11.455416980949522
427 10.836379546352006
428 11.242739040431509
429 11.221049087228248
430 11.73807012558788
431 11.43041664468309
432 11.920337172743686
433 11.971339148993637
434 11.173714101920488
435 11.91195209187083
436 11.959215869379292
437 11.795437596425447
438 12.38853064287476
439 13.01223998006363
440 11.35706900950272
441 11.728097806133803
442 11.758601588258394
443 11.70631339113804
444 11.592864056052957
445 12.624724378597005
446 12.774190168047213
447 12.64046640799871
448 11.41637917966162
449 11.062589356295005
450 11.781602138784052
451 11.846363674923104
452 12.032248771860425
453 11.770632521749514
454 11.079260922536157
455 11.738408480898718
456 11.36949507161656
457 11.90844605915851
458 11.013535677662158
459 10.876318799111338
460 11.065787635761861
461 10.83526194273297
462 11.255703626784172
463 11.110621637100373
464 10.762170101707941
465 10.67469412786986
466 11.300437324437198
467 10.963497246460582
468 11.487873694360745
469 11.521685279046517
470 11.01517059076076
471 11.094140218598088
472 10.850694484044261
473 10.614520167116725
474 11.083072694803802
475 10.364532517712389
476 10.312903168804759
477 10.006594587054648
478 10.208875758026608
479 10.361816612167916
480 10.165871840065387
481 10.398084166341665
482 10.090137780205973
483 11.047730034776967
484 10.805182677677305
485 11.538118199192484
486 10.666983024444914
487 10.570543417723146
488 10.790705280060786
489 10.90432528432307
490 10.805936537596583
491 10.20464443475499
492 11.536267063306624
493 10.962604014186185
494 10.712089319911213
495 11.179194768379995
496 10.883345608469527
497 11.76969456657483
498 11.15804127563065
499 11.204648357933145
500 11.363621479826737
501 11.771271936255284
502 10.834913507530151
503 11.16692776419567
504 11.276621936337325
505 11.152110422891969
506 11.986191231089801
507 11.032215461501501
508 11.139569591028549
509 11.206854626131245
510 11.658548037875292
511 10.796670912041826
512 11.53904006369311
513 11.303661710509518
514 11.446064305969598
515 12.394389832345663
516 11.728486043947445
517 11.257738314167879
518 11.246882262337033
519 11.009733857129556
520 10.852387620155667
521 11.457921768375517
522 11.513886001352448
523 11.542171439590758
524 12.081818112481605
525 11.632043657317062
526 11.9060612015351
527 11.474983387069145
528 11.660943126077058
529 11.603281543766734
530 11.337944049014311
531 11.834775232722546
532 11.710472310042249
533 11.122990273050302
534 11.71460073589771
535 12.195565613864833
536 11.966519570571007
537 11.790034010203865
538 11.556279551561765
539 12.127017880451788
540 11.725487532533364
541 12.567291567644045
542 11.49134990386331
543 11.862467691664026
544 12.548397362186208
545 11.611762262979141
546 11.778828337596295
547 12.147566687508125
548 12.799096204014079
549 11.96636665724768
550 11.931176051416735
551 12.762413807804293
552 13.15726210424507
553 12.153187194012503
554 12.894275611775962
555 12.339496704599942
556 12.192934278807456
557 11.878613051695316
558 12.607813974091608
559 12.374555647388165
560 12.495839927240603
561 11.656481571855005
562 11.767816169372765
563 12.562209579632416
564 12.802574102290379
565 13.059930297312173
566 12.669751213683195
567 11.52145947470177
568 11.859381115421396
569 11.512927766555483
570 11.859599587483547
571 11.391641183025285
572 11.688362987985034
573 12.871118967282893
574 12.385851435905922
575 11.975712568452476
576 12.5579571001266
577 12.082316615543034
578 12.81020303886603
579 11.951945834915414
580 11.826730151910214
581 12.894021520198585
582 12.495357377187506
583 13.153452026366798
584 12.742827513942418
585 12.755484240354974
586 12.860558927923764
587 11.696455561536421
588 12.51273988994398
589 12.049602008310739
590 12.371125254301516
591 11.901012021382636
592 12.517447699988598
593 12.695973445345459
594 12.006164321530061
595 12.282614891602789
596 14.08367979760549
597 13.081875669986928
598 12.368558910604113
599 12.307575400119456
600 13.68633512997928
601 12.52069976668423
602 12.902950350393786
603 14.048516790504191
604 12.912577775562974
605 13.718376680424226
606 13.169916349533827
607 13.144561960409503
608 13.345605378461938
609 12.689353097637259
610 13.01598564527403
611 13.045787065183665
612 13.556534854264234
613 13.73107998570085
614 13.90257260933989
615 13.89669006447816
616 13.231217848951307
617 13.751472796470656
618 13.216423188885145
619 13.528054221790319
620 12.888228792505627
621 13.483621921915098
622 13.033906393442768
623 13.612012659153402
624 13.476897019297473
625 12.23362086877546
626 12.963969661803386
627 12.8904763355645
628 12.88954599182337
629 14.749907570876028
630 12.861080494413649
631 12.450407062203466
632 12.338854324310464
633 12.371882094138114
634 11.695370864443603
635 12.159575102716637
636 12.785804154401571
637 12.69644134861221
638 13.048524580537535
639 12.837083319248343
640 12.593175302424472
641 12.714770277903314
642 12.811865887515633
643 12.817780715284533
644 13.440171481702029
645 13.261124243146227
646 13.644711342600766
647 13.083839911460826
648 13.482360532472851
649 13.796072276975291
650 13.248172929382271
651 13.03934322344353
652 12.83697153253404
653 12.549940277861767
654 13.128566722970358
655 12.768704548723823
656 12.614022644688392
657 14.472400933974006
658 14.157080913507858
659 13.976311605246943
660 13.418736918809742
661 13.554349988196059
662 13.983457892364683
663 13.63427647639091
664 13.131612393793663
665 13.95505072487205
666 13.256104260331655
667 12.325680023679995
668 13.3886395312785
669 12.891536470369326
670 13.83146930012349
671 13.618037026686826
672 14.817895467192528
673 15.658752347660311
674 13.880220971651294
675 14.438853946008788
676 13.213143406887523
677 14.867070820589
678 13.498790926996179
679 14.151307622063028
680 14.7161356174569
681 14.771927326330742
682 14.799727494638047
683 15.471356452692019
684 13.83078096762491
685 14.772363854733545
686 14.932125796727604
687 15.252524972181465
688 13.455652845712201
689 13.72721688779889
690 12.66244085552087
691 12.503804157115338
692 13.42013659182451
693 13.249667177231698
694 12.424041322015047
695 11.297964989150252
696 12.186386815148492
697 12.96901597888431
698 13.219829100088608
699 11.988741133220886
700 13.536633452488013
701 13.112605567015507
702 14.139117919704244
703 13.638722762566497
704 12.54630283362849
705 12.828804280440407
706 11.730139201301771
707 12.071810301297088
708 13.376982423371778
709 13.871627106964034
710 13.175720401059598
711 14.654618073907505
712 14.334827481841401
713 15.026587656398624
714 14.109612739761156
715 14.645372464955349
716 14.867240833571511
717 14.059078876814196
718 13.626361582737783
719 14.214307345948745
720 13.775866145480643
721 14.256777215227466
722 14.366645687485047
723 12.934299130931272
724 14.352859724922128
725 13.76300384708504
726 13.854931531834966
727 13.86873075602104
728 13.333784901856532
729 13.224547232940223
730 13.059127893996541
731 12.931952741100128
732 14.87538621912343
733 14.854097943001216
734 14.085534710554008
735 14.01437299221087
736 13.363445615840927
737 14.393296445786811
738 13.526649536541214
739 13.090797668876824
740 13.392625828229935
741 13.898824440720428
742 13.344429403768917
743 13.01882684041659
744 13.888704379076156
745 14.545653720563031
746 14.226498200413362
747 14.49894919973002
748 14.495961203825612
749 14.643092592116059
750 14.771525944358908
751 14.55930536525569
752 14.515313320721974
753 13.565109512792723
754 13.974857388792339
755 14.232718630870531
756 14.219168913383102
757 14.681916055761048
758 14.82883863831352
759 14.409397974435178
760 14.119381307668094
761 13.865338559660303
762 15.318182340835971
763 14.010144846865598
764 13.446687175218482
765 14.030766242093724
766 14.210078272226045
767 13.339285319642524
768 15.218264989438142
769 14.974297644892468
770 15.830033960063906
771 14.687222765439161
772 13.719310276663519
773 15.940172766267045
774 14.38283826509904
775 13.716317536158416
776 14.778686177293325
777 14.73172303352595
778 13.851600879737653
779 14.44484598423574
780 14.258634577043562
781 14.519851604163676
782 14.569099200691163
783 14.329254132818374
784 14.475025556245091
785 14.0645956026442
786 14.999318933729201
787 14.039610430271274
788 15.748615046294098
789 14.44083702466406
790 14.76473501313488
791 14.82254215522904
792 15.232670340975732
793 14.48361693800143
794 14.309512898983867
795 13.587822879004337
796 13.381749743434074
797 13.462895116191778
798 14.758749283109509
799 14.190641057974654
800 13.562540294021739
801 13.884869454897116
802 14.33602807506403
803 14.745364175533807
804 15.026772008341002
805 15.372918554790404
806 14.990483128030245
807 14.90226625805584
808 14.18930087864448
809 14.306411188362185
810 13.649722598246084
811 14.861816892303166
812 13.823390272500047
813 13.891292015563597
814 14.43964370027225
815 15.13096457210122
816 14.083565499425106
817 13.933679848124479
818 13.992835522703269
819 13.926705629201491
820 14.686860714162139
821 15.023987606291206
822 14.686648446203087
823 14.274807826136954
824 14.50474683127945
825 14.186738810999113
826 15.417603956748867
827 13.834475537806023
828 14.366702388714927
829 15.106020296043354
830 15.137735140898204
831 13.848906222956693
832 14.188128826175127
833 14.174450435434311
834 14.463654829678568
835 14.492425180236465
836 14.760801936481931
837 13.922560258486753
838 14.690093993110903
839 13.893173274730488
840 14.395479148063648
841 14.664711841981976
842 14.409405423898287
843 14.940817659189594
844 13.011044691950802
845 13.3230922613676
846 14.927566200078722
847 14.947121135116454
848 14.557728280755644
849 13.937409965221715
850 14.620637771995439
851 14.40713325007118
852 14.421100803631703
853 14.620602201765498
854 14.453180110398606
855 14.81925437477359
856 14.166917767718864
857 15.42212739903992
858 14.01180145241881
859 14.41152362144019
860 14.301559840085613
861 14.337507243433125
862 13.595780403261186
863 13.523042512766006
864 14.020185646840611
865 14.712606048684519
866 14.743741868728016
867 15.022180950199786
868 14.527234269372496
869 15.06979878612511
870 14.705977151941394
871 14.20677610106886
872 14.641593979079925
873 14.526815422249324
874 14.071757739610147
875 13.576495292634712
876 14.496519554481855
877 14.270847825997771
878 13.591743583798534
879 14.027103865841351
880 13.867307873430482
881 14.423039534299226
882 15.229013245913885
883 15.128326848324809
884 14.30597404827262
885 13.991759056138127
886 14.746638620897691
887 14.292035882170921
888 14.728976295259756
889 14.384504375963282
890 14.011226658181124
891 13.95729399537939
892 15.11200523908238
893 14.688198943096962
894 13.626648831595707
895 13.16213446871561
896 13.055951220263887
897 13.772960709361993
898 14.266898749078381
899 13.70662529493881
900 13.539733704329269
901 14.39281461587618
902 14.178342393429759
903 13.316430771749884
904 13.55615767477999
905 12.510500083202565
906 12.245251955417958
907 11.851094773749654
908 12.631492192292876
909 13.133973333930669
910 12.326045685211362
911 12.351698713994333
912 12.601617932501318
913 12.738223324155223
914 12.710763156075284
915 12.707163298089014
916 11.803698247814573
917 12.87502110621646
918 12.66944695438125
919 12.074041901364252
920 12.174633130253243
921 12.504328806722587
922 11.59228790451002
923 11.836035002048966
924 12.090192379062369
925 13.346009818101557
926 13.41456122715509
927 13.870574368710912
928 13.590554829959723
929 13.222642022478256
930 12.796536143498239
931 13.623288605295036
932 13.350047577665602
933 13.915072756128396
934 14.20426193396715
935 14.615923435472679
936 14.074474326588874
937 13.659431515347825
938 13.434687992299086
939 13.098140406179645
940 13.511232258844156
941 14.665251683761518
942 13.705192615272875
943 13.997492236955404
944 14.483811399690149
945 14.02320240403361
946 13.800686971666122
947 13.695595676849877
948 13.412938761082676
949 14.530783967607881
950 14.175291116980361
951 13.744914102667646
952 14.666499147382922
953 14.116351245935741
954 12.826668013193453
955 14.493160646852468
956 14.013646955724054
957 14.535510123638055
958 13.107388715379182
959 14.1390730380324
960 13.801998092209029
961 13.546835094417279
962 13.950453486674991
963 14.73208924167317
964 14.565555264481151
965 14.465705799358409
966 13.895308553098888
967 13.945679212245649
968 13.75873400693135
969 14.70350527549431
970 13.521038290272202
971 13.843333288491142
972 13.694945404761754
973 14.405362435282221
974 14.8402905247946
975 14.148592627560545
976 14.088870756457279
977 13.673900708044268
978 14.61221373523598
979 13.866398484384353
980 14.384718726836931
981 13.38905752993105
982 13.96411978948644
983 13.580089223285201
984 14.613595609345916
985 13.006523004858446
986 13.742130163502617
987 13.145629932507482
988 13.366918145740872
989 14.30999051052435
990 14.36988193111385
991 13.9768734501032
992 14.804348565264819
993 14.041116914314165
994 14.933982798239667
995 14.611236119221374
996 14.08096688869021
997 13.989850428500835
998 14.436002151473469
999 14.267299432092475
1000 14.266644819956733
1001 14.229002277261195
1002 14.194530702538533
1003 14.006143639063055
1004 14.459449683798075
1005 13.923577761410334
1006 14.647569585488293
1007 14.141033435992377
1008 13.918316758023135
1009 14.524008707860585
1010 14.48240478128704
1011 14.706486417027088
1012 15.093908879285824
1013 14.949927255988454
1014 14.118625570967444
1015 14.310487596864323
1016 14.47238686421239
1017 13.749495625088151
1018 14.387097003123456
1019 14.717964877069258
1020 13.47306807789287
1021 12.889295565691128
1022 13.564649685383854
1023 14.777366231690594
1024 13.511389570958592
1025 14.077281568355923
1026 12.955744299596788
1027 13.942412751788693
1028 14.186249121222447
1029 13.6555458760816
1030 14.108006187311954
1031 14.386967787885679
1032 14.480432075994177
1033 14.613714963301206
1034 14.008405642485698
1035 13.781856396929253
1036 13.743714429477249
1037 13.748404826776305
1038 14.804025150050434
1039 14.823940293430823
1040 14.77565285965907
1041 14.346600425398938
1042 13.906962962862348
1043 13.720715887819967
1044 13.15057180295428
1045 12.845336839484474
1046 13.777618369875126
1047 14.152073028346425
1048 12.934413940908088
1049 14.13396383421663
1050 12.798475384382364
1051 13.457450691542537
1052 12.365699699786894
1053 12.490741821214739
1054 12.382810164338245
1055 12.510113042928118
1056 13.333604022775848
1057 12.329379262606423
1058 12.418212892906425
1059 11.767568434052299
1060 12.998365582100371
1061 13.10301882358314
1062 13.39751358643098
1063 12.989617564705446
1064 12.727299048611448
1065 13.587837106142183
1066 13.801410288391006
1067 13.415774916937078
1068 13.918657227012037
1069 12.567463061498776
1070 13.004171905231082
1071 12.779014764571516
1072 13.163048549976063
1073 13.155736575284982
1074 13.743582802320873
1075 12.759552247010534
1076 13.326189688268753
1077 13.494062775096808
1078 13.74307755998143
1079 12.978706742103977
1080 13.9937804341262
1081 13.641555433744871
1082 12.884039271540217
1083 12.949100835014011
1084 13.188473969271827
1085 12.644366747453649
1086 13.133365651510484
1087 13.068459213990304
1088 13.136028832550387
1089 12.093278439267408
1090 13.399380374820147
1091 12.559007879866689
1092 12.839933323149388
1093 12.91303986531644
1094 11.65009232991024
1095 11.832370427256791
1096 12.792395135480652
1097 12.481191911766565
1098 11.6056478523559
1099 12.060740344351009
1100 13.03433564505012
1101 12.405932673261743
1102 12.134181510747732
1103 12.252160644243286
1104 12.17184353992002
1105 12.54176921964504
1106 12.68284604834366
1107 12.413556662457422
1108 11.762303093403888
1109 12.204265770784511
1110 11.924495189177815
1111 11.958446933486742
1112 13.017561112755038
1113 12.518101741634462
1114 13.485612435473765
1115 12.924339464241204
1116 12.168837886934623
1117 13.00183712977496
1118 14.035239847116866
1119 13.134405899840058
1120 13.459058836002232
1121 13.614323414007632
1122 12.863557416132972
1123 13.303122437785866
1124 13.022326341771675
1125 13.632289827706703
1126 13.01885100087285
1127 12.941276631663913
1128 13.514592080044386
1129 12.365574446999844
1130 12.837133326486875
1131 13.82197978684745
1132 13.33583829157563
1133 13.021991227962877
1134 12.812627260045268
1135 12.843697594628756
1136 13.074898959607799
1137 13.682110138208817
1138 12.116866873680399
1139 13.468667206226142
1140 13.591306846985022
1141 13.737883822173876
1142 13.769878410493261
1143 13.538645781750159
1144 13.926618597654667
1145 14.173230978524535
1146 13.883985210505733
1147 13.200745265754756
1148 13.604815413680996
1149 13.118529275640084
1150 13.473600795477473
1151 14.715073293534429
1152 13.782219081190954
1153 13.676558920300371
1154 13.500563977423882
1155 13.195026768742052
1156 13.71770926062482
1157 13.878890422274075
1158 13.041368178533869
1159 13.20799395582361
1160 13.685800177517223
1161 13.65326921047334
1162 13.48640565653462
1163 13.701677823518224
1164 14.7054403018803
1165 12.888880611452588
1166 14.038645692042564
1167 14.220492362564418
1168 13.666144777646117
1169 14.149487112959331
1170 13.504530534620441
1171 13.20344535880341
1172 14.132763683993522
1173 14.23933651895152
1174 13.959611984045972
1175 13.599910835886703
1176 13.910039536107405
1177 13.734196235298366
1178 12.795833211729576
1179 13.756017386953916
1180 15.041926087124509
1181 14.568404324433853
1182 14.155933780820133
1183 14.154649374129448
1184 13.486337707913128
1185 13.371519398276227
1186 13.742630425319451
1187 13.373139079257063
1188 13.879979921397112
1189 13.689966957072052
1190 13.885000816935346
1191 13.59705158530404
1192 14.367000369809052
1193 13.735223456219899
1194 14.441583951522155
1195 14.344787231866103
1196 14.942361458313604
1197 14.162845478953097
1198 13.987003758831056
1199 14.129069950619433
1200 13.875147863675377
1201 13.459540402491982
1202 14.509760495289521
1203 15.315607895312565
1204 14.209761417360571
1205 12.906176444258492
1206 12.906087996502244
1207 14.309047982724058
1208 14.260185133370495
1209 14.417364651704238
1210 13.698617681537879
1211 13.198425492564635
1212 13.788463428182638
1213 13.043917045935075
1214 13.536840670394406
1215 12.899446249353975
1216 13.724036856724796
1217 14.311799120267263
1218 14.126320192984021
1219 13.776124673776854
1220 14.169867394597341
1221 14.268169602556943
1222 14.140283990377261
1223 13.535036126459381
1224 14.900564391109958
1225 14.401618808082382
1226 14.184716221893046
1227 14.460560399017345
1228 14.016128232806475
1229 14.328937803712625
1230 13.98190193347706
1231 15.381027566109081
1232 13.78861827848572
1233 13.006808945013407
1234 13.515793321880961
1235 13.720591207442812
1236 14.43726039344234
1237 13.779955767670236
1238 13.144352358673954
1239 13.494842286603012
1240 14.888183975743964
1241 14.18159868400448
1242 14.434197203382286
1243 13.907608992095367
1244 14.25294929419576
1245 13.585084904215398
1246 13.325875621677222
1247 13.774871885742451
1248 13.176084928723533
1249 13.77820190484972
1250 13.713157247321625
1251 12.794265516531379
1252 13.343694937187307
1253 12.650270975212102
1254 13.62270438000133
1255 13.760524364431953
1256 13.559390853507802
1257 13.104055794143934
1258 14.021450524250556
1259 13.2761036862801
1260 13.350851107721745
1261 12.784027520345534
1262 14.027709873135084
1263 13.44814356134196
1264 12.91887428826454
1265 13.388658332870165
1266 13.78594097116123
1267 12.869912194660232
1268 13.588753468875469
1269 13.614632925831437
1270 14.260332800525537
1271 14.076394986586655
1272 12.254772759870999
1273 12.270868308375945
1274 13.589536040020867
1275 12.786604760686044
1276 13.474248412882785
1277 13.688178629448867
1278 13.69924690078448
1279 13.38969498000143
1280 14.178589210405462
1281 13.892602058373354
1282 14.349661985349135
1283 13.480478639239228
1284 13.737699789743445
1285 13.893175391192099
1286 14.64212781101849
1287 13.147019911298871
1288 13.645448391832584
1289 13.732943775123136
1290 13.871018078743361
1291 14.042181215109872
1292 14.47071566499211
1293 14.28116795348898
1294 13.191734006677676
1295 13.284806667813351
1296 14.202735149471039
1297 13.775328497373355
1298 13.543183939757135
1299 14.009798970296568
1300 14.904983670848795
1301 14.50889608066357
1302 15.25524606337826
1303 13.717869447637593
1304 13.86821972701697
1305 13.872116304304562
1306 13.679188996754549
1307 14.25560758350661
1308 13.162576696651591
1309 14.01106794745888
1310 13.672309635195464
1311 13.602891847342493
1312 12.820400129195841
1313 13.483276114184148
1314 14.390568528388501
1315 13.226080948303741
1316 12.991100506708637
1317 13.180777956517963
1318 14.363743114632845
1319 15.25487280666785
1320 14.550020204722726
1321 14.552079735143192
1322 13.991402239329052
1323 14.411547609846245
1324 13.28624891080619
1325 13.735719775226828
1326 13.743640688903636
1327 14.147469331502958
1328 13.262429144987175
1329 12.887278262215917
1330 12.765036141711471
1331 13.236211666301784
1332 13.406759757584148
1333 12.756469777393225
1334 13.10661608509345
1335 13.275333316159294
1336 12.988516848799689
1337 13.527096750047718
1338 13.839298198560295
1339 14.143767987980778
1340 13.156517120874515
1341 13.02334380785175
1342 14.029055568030461
1343 14.383667839486924
1344 14.045270924186438
1345 13.872756944051352
1346 14.15588964646679
1347 14.051217506116215
1348 13.939900011196613
1349 13.521907343162148
1350 14.015902535174495
1351 13.970890528022114
1352 13.102903436275195
1353 13.760711554450342
1354 13.549617320643089
1355 13.331028807435253
1356 13.159840536117736
1357 14.101143803230679
1358 14.459002851515372
1359 14.976182187561806
1360 14.226302335989386
1361 14.954771071408379
1362 14.699909364009377
1363 14.829596356208835
1364 14.286213583336021
1365 14.492581495857035
1366 14.321035896481401
1367 13.386214824453518
1368 12.7917970225458
1369 13.3131535753177
1370 13.762312594323532
1371 13.206440576867772
1372 12.325842874623898
1373 13.79878475336556
1374 12.85608872531207
1375 11.872137032162636
1376 12.258260678386558
1377 12.739897364724303
1378 12.691999888043181
1379 13.068952032311929
1380 12.304683646655644
1381 14.165261523067675
1382 12.909894910278984
1383 12.19272100043847
1384 12.707886046234853
1385 12.799914924118728
1386 12.265004555799715
1387 12.9305906409215
1388 12.287503999107184
1389 12.302979873962476
1390 12.619248632909787
1391 12.356804207748505
1392 12.34241216768264
1393 12.581516665837553
1394 12.784179461057924
1395 13.568566478616445
1396 12.607291060421419
1397 12.518412021971999
1398 12.964947722955312
1399 12.847344078579727
1400 12.810252236447058
1401 13.59894457316114
1402 13.222497631019705
1403 12.860252132010219
1404 11.952722623662059
1405 13.588566361311019
1406 13.399683531210727
1407 12.06745106035258
1408 12.448300842296456
1409 11.932698859765798
1410 12.943226084638255
1411 13.772145832616388
1412 13.172642497524743
1413 11.8127583341484
1414 12.692471776799009
1415 12.765464886416298
1416 11.697768707266246
1417 12.902427632294422
1418 13.188714550953108
1419 13.075252438657474
1420 12.232851209084965
1421 13.020374458754825
1422 13.107181989331957
1423 14.314104279125203
1424 13.133863818708528
1425 12.942261769465976
1426 12.273164356432288
1427 12.64781563314467
1428 12.567158882168197
1429 12.600420867035858
1430 12.398360461911173
1431 12.776404444407707
1432 11.818028650836894
1433 12.47949760043702
1434 12.062632662183008
1435 13.467489505153047
1436 13.071091144608902
1437 12.485709571866746
1438 12.564740467722268
1439 12.369634951239282
1440 12.891595855718352
1441 12.003191709975235
1442 11.943810900577347
1443 11.793616914155251
1444 12.690805716245169
1445 12.016813970517566
1446 12.500238348450102
1447 12.20245529931523
1448 11.470720821536473
1449 12.226010879522935
1450 12.09292678059215
1451 12.549461679854272
1452 12.331194755213813
1453 12.099071707576298
1454 13.334819635489549
1455 12.632895888661274
1456 12.33293451528912
1457 13.611395444050595
1458 12.860261824376684
1459 13.85389888578983
1460 13.245887087160849
1461 13.746658597073997
1462 13.540005935542434
1463 13.304224559912834
1464 13.8914090346625
1465 14.062236496317889
1466 13.764658173584642
1467 12.146933447860036
1468 12.51271311792386
1469 12.206557627776851
1470 12.124823832460349
1471 12.094444726844738
1472 12.734425986286006
1473 11.714604898783287
1474 11.92516384827462
1475 11.729791469374707
1476 12.069009193438427
1477 12.045756994975934
1478 11.639464187153555
1479 11.883478573031436
1480 11.807080597517404
1481 11.227719710214533
1482 11.642421048432496
1483 11.56977690765451
1484 11.390087189276672
1485 11.462733436957683
1486 11.364455690169338
1487 11.681334150544917
1488 11.635450534055998
1489 11.883623911235865
1490 11.675993410807553
1491 11.633600947692807
1492 12.567690488177828
1493 11.671139690095075
1494 12.444301329462908
1495 12.53215660329776
1496 12.198022974668929
1497 12.179615642291438
1498 11.125802939382178
1499 11.537088103889692
1500 11.381356538639595
1501 11.235791802456754
1502 11.21697493515266
1503 11.605703513933328
1504 11.781467737766398
1505 12.073654960592478
1506 13.201832040605934
1507 12.809833503348871
1508 13.12514958699387
1509 12.486292743426043
1510 11.482981253316785
1511 12.491071949664079
1512 12.25833715571652
1513 11.899394018926039
1514 13.24778468491871
1515 12.183577305177412
1516 11.968831109542082
1517 13.050980531285765
1518 12.510517045240643
1519 12.385857504366493
1520 12.801609023506725
1521 12.30538148710339
1522 12.125423899387428
1523 12.738542038531323
1524 11.897747157254326
1525 12.188772958076893
1526 11.563586718615168
1527 11.933637808964981
1528 12.749539969641697
1529 12.263916389912511
1530 12.861659909572388
1531 13.186517350728657
1532 12.568319049723941
1533 13.24647196355303
1534 13.716425035207381
1535 12.233330953959836
1536 14.252445730421952
1537 13.87344417501393
1538 13.973906418147152
1539 14.25526090576719
1540 13.39011220378948
1541 13.264843674572887
1542 12.421516185493287
1543 13.203595434141395
1544 13.140620629039043
1545 13.266101963743042
1546 13.63980108543112
1547 12.683231951985706
1548 13.272170373148061
1549 14.473247503421295
1550 13.979958598537472
1551 13.097788715141608
1552 14.197146901186077
1553 13.620407837786479
1554 12.764173481343267
1555 13.391518410064798
1556 13.250496324945932
1557 13.438347349653522
1558 12.643544051150977
1559 12.746520527819584
1560 13.449658245845646
1561 12.800841136687756
1562 12.556636399862015
1563 12.75131702687956
1564 12.87716436380595
1565 12.335495234903048
1566 13.929913340181484
1567 13.080083044144509
1568 12.58142779138933
1569 12.522459927720304
1570 12.275239197667108
1571 11.942255016898502
1572 11.822270663928293
1573 11.915154926548768
1574 12.798188873683976
1575 13.34500998940008
1576 12.491807383729267
1577 12.562700276525348
1578 12.883673860139272
1579 12.740313472802965
1580 12.734898168782964
1581 12.879562862240906
1582 12.995494013488461
1583 13.788056056175524
1584 13.50211529676181
1585 13.927479721811071
1586 12.904670904164897
1587 12.514192019740111
1588 12.839315402929968
1589 12.506357074109907
1590 13.393049873186591
1591 13.45854783217791
1592 13.913228082539304
1593 14.20511155879839
1594 13.715544542374245
1595 13.497253024356572
1596 13.320122722279784
1597 13.441899071140346
1598 12.859824292484534
1599 12.33935590885775
1600 12.133443606190385
1601 12.199385215320483
1602 13.13474195630951
1603 12.444544863932043
1604 12.872339001478453
1605 13.777172230146398
1606 13.398875671487477
1607 13.301268959194541
1608 12.023655308667694
1609 12.715833191941114
1610 12.881776022760956
1611 12.77616907582224
1612 12.811733445402096
1613 13.100574754205548
1614 13.675117636272986
1615 14.10672329365217
1616 13.262837680041965
1617 12.428704585189823
1618 13.038702971005387
1619 13.569689500431668
1620 13.080364018507625
1621 13.71320977348601
1622 13.45092420372327
1623 14.446646627905167
1624 13.9117720485939
1625 12.686529313089528
1626 13.450937211588919
1627 14.014236416700202
1628 13.773653340471578
1629 14.530239566793767
1630 14.232059950147638
1631 14.689293978948541
1632 14.104368726802553
1633 13.67359867148458
1634 13.501312993176514
1635 11.982226439476467
1636 12.545126438472973
1637 12.396013091460146
1638 12.715760144422717
1639 12.042746980547092
1640 11.949657958862323
1641 12.604390841634304
1642 12.427268907440842
1643 12.721738741424561
1644 13.159086035713745
1645 13.251170484612693
1646 13.16509144732806
1647 13.058358366047505
1648 12.700671270043312
1649 13.535934796547686
1650 13.313211751266463
1651 13.041436643903653
1652 13.451606820356853
1653 13.242030663244067
1654 13.612029763543935
1655 13.473669890002666
1656 13.555311910137325
1657 14.533719096587042
1658 13.585016718061006
1659 13.916070710691823
1660 14.665690521621878
1661 13.70701940158912
1662 13.37754709804892
1663 12.523922315100119
1664 13.118250519185247
1665 14.079564020806313
1666 13.368722467805314
1667 12.969304011365084
1668 13.661111506546742
1669 14.026789909445936
1670 13.029911979771558
1671 13.386583157928134
1672 13.5279539510865
1673 14.792648460575808
1674 13.810044998698457
1675 13.228489559374
1676 14.031090354772806
1677 14.00288408150782
1678 14.324749196191421
1679 13.656150941380687
1680 14.842160702281479
1681 13.671321685193423
1682 14.852766066103626
1683 13.656989585277616
1684 14.931557425717015
1685 14.063475082959433
1686 15.272626572573405
1687 13.740750440472196
1688 13.551695320789142
1689 14.328562693171904
1690 14.371356314136511
1691 13.964554852590782
1692 13.51380565977985
1693 13.781530580421656
1694 14.249256150961697
1695 13.491650365563476
1696 13.734015770917065
1697 12.620461396745794
1698 13.126781389922334
1699 12.254628060945926
1700 13.689683885672581
1701 12.933210836416938
1702 12.814285890897832
1703 12.977060279169162
1704 13.129131450857127
1705 13.82228035436835
1706 14.370356605963812
1707 13.47887044191016
1708 13.470393619661428
1709 13.825627538322045
1710 13.109480815050949
1711 13.95207980122051
1712 13.539874997711822
1713 12.990831402318808
1714 12.796948759357434
1715 13.49201026058621
1716 13.429893928046061
1717 13.571342123687389
1718 14.441726484743736
1719 13.446536064119101
1720 12.477323388630666
1721 14.314641842622606
1722 13.193867027555903
1723 13.170271035055515
1724 13.29481166483726
1725 13.48175698758097
1726 13.949262685546882
1727 13.178123431016811
1728 13.454015632218928
1729 12.446306405075617
1730 12.905579442033604
1731 13.185765471044611
1732 13.194015935936367
1733 13.608832506163512
1734 13.28762253565254
1735 13.432506114299814
1736 13.302755837207224
1737 13.216952341117722
1738 12.821551059333883
1739 13.319625976588588
1740 12.672302402469889
1741 12.981362732443948
1742 12.773692318021517
1743 12.741965401947096
1744 13.172847996628839
1745 13.39063275316215
1746 13.415672012095314
1747 13.435371793774474
1748 13.460785373842125
1749 13.812106129301071
1750 12.73903977469861
1751 13.814229424887742
1752 13.46025660893129
1753 13.866194864328769
1754 13.880498103278072
1755 13.548652322617544
1756 13.879313556977202
1757 12.91862709328046
1758 12.734391190021498
1759 12.356559406499727
1760 11.616141012150042
1761 12.66622803063153
1762 12.938372196985329
1763 12.681882564405742
1764 13.250934927764284
1765 13.427700729133742
1766 12.881975455244271
1767 12.299689289254374
1768 12.516577893516255
1769 12.84388434790711
1770 13.397697759638998
1771 12.562554669603296
1772 12.629191598286988
1773 12.86003187574877
1774 12.90718738941142
1775 12.75149802667859
1776 12.47878169370506
1777 12.631046954581011
1778 12.537349951136768
1779 11.966246116452359
1780 11.854024340353684
1781 12.439160022832082
1782 13.657844968824941
1783 12.391869276959769
1784 12.758334855814237
1785 12.029346841846378
1786 12.128273495576732
1787 12.565568129690137
1788 12.699396705664762
1789 12.291998506349017
1790 12.020698192925225
1791 12.275085097722236
1792 12.6735761782022
1793 12.307688619083336
1794 12.638212723906564
1795 11.49262954903505
1796 13.211415739416879
1797 12.5463025909976
1798 12.521913901065735
1799 12.59473133880508
1800 12.186846490758793
1801 12.133708719729249
1802 12.863291345990383
1803 12.347943898714236
1804 12.387472988906271
1805 12.665497212356536
1806 12.223266509243881
1807 12.223656556216293
1808 11.998381603433849
1809 12.6088844044758
1810 12.01197451683004
1811 12.698376109629775
1812 11.72111548628021
1813 12.036744176489897
1814 12.420675351606855
1815 12.399496338899402
1816 11.852019230057003
1817 12.25776252879639
1818 12.610586947296985
1819 12.317791563919164
1820 11.981287509534267
1821 12.527961795684968
1822 11.621656336181353
1823 12.017000109390027
1824 11.76828828404769
1825 12.003826140962563
1826 12.240599327988615
1827 11.891287150447798
1828 11.048787706889486
1829 11.574912781063526
1830 12.26309810252072
1831 12.527100654121044
1832 11.94792883383385
1833 11.653096345785926
1834 11.918380974056992
1835 12.14774201654151
1836 12.675505326413555
1837 12.918098318232328
1838 12.589882555302035
1839 12.835368701851802
1840 12.82013760652202
1841 12.215509303325858
1842 12.993477120414646
1843 13.352524457044296
1844 12.9663376009905
1845 13.115782521662167
1846 12.737465751737204
1847 11.839247494072472
1848 12.731221847830342
1849 12.207390135319395
1850 12.132344932607168
1851 11.731073001842464
1852 12.010652589932906
1853 12.122297991064322
1854 12.252270366841623
1855 11.22988930591702
1856 11.352766526322872
1857 11.554821030369817
1858 12.229242436119923
1859 12.019889379002585
1860 12.223812184922656
1861 11.60600991005537
1862 11.960165304467656
1863 12.562398113404674
1864 11.587893025933337
1865 12.24848519177881
1866 11.725046272457966
1867 12.007946154073256
1868 11.983587009646088
1869 12.20571611128244
1870 12.448431415574154
1871 11.959870765614454
1872 12.459352490466554
1873 11.22861644755781
1874 11.738878266909351
1875 12.095173273198862
1876 11.831100147709972
1877 11.811478084966838
1878 12.349393339313803
1879 11.924911527426577
1880 12.110009285154447
1881 12.164816812824133
1882 12.125988293894636
1883 12.210732477260482
1884 12.517905216208977
1885 12.597075051514638
1886 12.133978700263595
1887 12.618288765845527
1888 12.010175722362817
1889 12.162195767407702
1890 12.32508248484507
1891 12.285255473580607
1892 12.904973085468175
1893 12.387743675452255
1894 12.002401887627755
1895 12.57642285777527
1896 12.291805482913873
1897 12.759917223770447
1898 12.68712936199947
1899 12.85333446673701
1900 13.790426090102496
1901 12.714661461897187
1902 12.907669622556513
1903 13.008716739797551
1904 13.071945567529147
1905 13.107224650200877
1906 13.484609679772513
1907 12.68541485589599
1908 12.830282493635313
1909 12.473119582359464
1910 12.686779135656389
1911 12.094857207259093
1912 12.215640449047024
1913 13.075372853193826
1914 12.735106394323907
1915 12.68995281623139
1916 12.14517449197481
1917 12.257039476838917
1918 12.512447871030837
1919 12.218405746399016
1920 12.45091575059296
1921 12.586587590130732
1922 12.533470189186342
1923 12.403325742526834
1924 11.39627085209193
1925 12.529523072452148
1926 12.346809754383704
1927 11.927745832734812
1928 12.534725635127462
1929 12.248556592498833
1930 12.123242464008934
1931 12.25978782743722
1932 13.009262939732658
1933 12.401867776415006
1934 12.571189115440388
1935 11.71047695439351
1936 12.072359458454768
1937 12.463049501314615
1938 11.635532212878486
1939 11.366620583920104
1940 12.534395093451183
1941 12.833111698351875
1942 12.908254471561925
1943 13.016816295251623
1944 12.648353207826352
1945 12.812439429233807
1946 12.9987089697353
1947 12.99250793279735
1948 12.526569565382426
1949 12.618493773339178
1950 13.00871623655388
1951 12.203003095963519
1952 12.337659614387869
1953 13.212867682465758
1954 12.892835592534825
1955 13.009696554617946
1956 13.129421359622173
1957 12.415426829508865
1958 12.119633134562564
1959 12.83589802386517
1960 12.186521754354231
1961 12.907933193205185
1962 11.742073912398089
1963 12.830697763291763
1964 12.702758756882973
1965 11.84321665651414
1966 11.63041681147045
1967 12.188210721694908
1968 12.067601662810919
1969 12.41858891190031
1970 11.669044388293527
1971 12.235927169951697
1972 11.653959878813733
1973 11.37133703058979
1974 13.029045385812422
1975 12.6583406786449
1976 12.285734890560425
1977 12.103887387241388
1978 12.26439381600231
1979 11.370653053264965
1980 11.49372085506647
1981 10.88386166216788
1982 11.398284053732816
1983 11.404210796930988
1984 11.537787581476278
1985 11.604952733182767
1986 12.2715329166528
1987 13.698734322488244
1988 12.986267060446686
1989 12.491414510213685
1990 13.017262292657398
1991 12.94233241428348
1992 13.73302596660486
1993 12.948542820766026
1994 13.707347205938179
1995 12.346920497573041
1996 13.005143587423806
1997 12.762697809775714
1998 13.077178445972697
1999 13.263147757150188
2000 12.886282545624054
2001 12.78081749618339
2002 13.568241706484923
2003 13.12122256996927
2004 12.388815101157146
2005 11.92531920502018
2006 13.238002480535451
2007 12.966496728296375
2008 12.115094200581998
2009 12.416502036761253
2010 12.178220986165694
2011 11.303683664632594
2012 12.030532326647073
2013 11.468518319567433
2014 12.074012476381052
2015 11.914220650459727
2016 11.809142303063146
2017 11.827744459859426
2018 12.218608357134821
2019 12.173660405871425
2020 13.048819822994165
2021 12.784399791623668
2022 14.343318963005379
2023 12.686765074895309
2024 13.39745213944393
2025 12.693297606586002
2026 13.18658257524168
2027 13.240303654723036
2028 13.151636760335121
2029 13.497875022549636
2030 14.240595947061049
2031 13.78892445483733
2032 13.59142156540984
2033 14.67119742354502
2034 13.306174728008694
2035 13.460063251996097
2036 14.48724934672082
2037 14.442845209206544
2038 14.552957588695177
2039 14.961577340949828
2040 14.112201997391502
2041 15.29437310146206
2042 13.608347750442281
2043 13.322416787936907
2044 13.987046862844686
2045 12.644931517113694
2046 12.977043518077773
2047 12.90069046781075
2048 12.307859961607667
2049 12.57198945337282
2050 13.784583034592377
2051 13.061973167627906
2052 13.676765065366306
2053 12.7581209735289
2054 13.049007943538912
2055 13.497989021090865
2056 13.102257006530179
2057 12.817790186361373
2058 12.440484556150775
2059 12.710022681645983
2060 13.351389595113336
2061 13.159278050798449
2062 13.497077655887656
2063 12.560787565107278
2064 13.023588458133242
2065 13.678536559946242
2066 13.443814434184434
2067 12.441807481214704
2068 12.817868824816268
2069 14.366855176477
2070 13.274600555944337
2071 13.043045397257014
2072 14.134452638599273
2073 13.175400798403011
2074 12.692313258874519
2075 12.157880131324855
2076 12.641103881592413
2077 12.411787455688874
2078 14.037857829787193
2079 13.978487285399872
2080 12.421134024223225
2081 11.620232364982925
2082 12.225066973649337
2083 12.120222327132813
2084 11.84780550773144
2085 12.365999041118553
2086 11.343251467911632
2087 11.619807313979566
2088 11.93178833728991
2089 11.524216885450013
2090 11.968162563793436
2091 11.52247083207043
2092 11.169187417153712
2093 11.427170960953077
2094 11.291552234247245
2095 12.051279633834731
2096 10.967478275999873
2097 11.50134034895103
2098 12.267101905195341
2099 12.19681341706351
2100 11.523545395153882
2101 12.016180917048377
2102 9.724914301571337
2103 10.927873914933349
2104 11.736230449679343
2105 10.64852062191709
2106 10.993060729994951
2107 11.871794741782196
2108 11.502123974143275
2109 11.453622173045197
2110 11.897237754577441
2111 12.317768804691763
2112 11.41639820996818
2113 10.924624677436624
2114 11.443205696227855
2115 10.75326260602529
2116 11.656580142261454
2117 11.219052952951605
2118 11.256069759996112
2119 10.893633082874873
2120 10.78389217657912
2121 10.546937974446987
2122 11.108901531148009
2123 10.540462237868562
2124 9.741950869745418
2125 9.338684686626623
2126 10.857572719835131
2127 9.958756719316419
2128 9.909270753169409
2129 11.205858394631171
2130 10.273842571158292
2131 10.442980754461873
2132 9.852998619814963
2133 10.308561295347099
2134 10.29016111426175
2135 10.613468154443497
2136 10.439749510647204
2137 10.655424194209974
2138 10.24505644873193
2139 10.469066976201225
2140 9.894674996801745
2141 10.251706536200262
2142 9.706080599813383
2143 9.822754161296228
2144 9.214885671482293
2145 9.467942073216975
2146 10.779397057214135
2147 10.308128056802001
2148 10.123893992098267
2149 9.825713301740958
2150 9.40475745673056
2151 9.194796619822752
2152 9.972725253160625
2153 9.775695446380478
2154 10.193719119307262
2155 9.934875925459401
2156 9.444261933757813
2157 10.105023555107467
2158 9.618170083609668
2159 10.055919448103834
2160 10.811259081288497
2161 10.298506838644675
2162 10.33162126350495
2163 10.34535421411965
2164 9.845879114752218
2165 10.089432768141446
2166 10.751873851218422
2167 10.654760278648862
2168 9.774482908359047
2169 10.579591083229376
2170 9.395988676323553
2171 9.537125808766787
2172 9.038015675252963
2173 9.205203840343854
2174 8.943139400553488
2175 10.457187952855648
2176 9.722603832044687
2177 10.559407773156828
2178 10.737054484315747
2179 9.504667909716682
2180 9.588362470104489
2181 9.673205545893765
2182 10.388973983494255
2183 9.716821016550972
2184 9.934165245223497
2185 10.467673626159446
2186 10.739961728828424
2187 10.5227358608615
2188 10.30922077241446
2189 10.453648513299676
2190 11.228663919582667
2191 10.604236985516856
2192 10.836522791429605
2193 11.20313291852323
2194 11.566030314965335
2195 11.174817450637432
2196 11.054496726847347
2197 10.89016290684436
2198 10.574351812482663
2199 10.985941898789385
2200 10.012741972322491
2201 10.088792558392063
2202 10.374832497557742
2203 9.969402437701998
2204 10.118070490326506
2205 10.30005169850157
2206 10.204086853665926
2207 10.260666161571981
2208 9.61028318925643
2209 10.639515825682984
2210 10.012921273464578
2211 10.742379163123571
2212 10.366597484555678
2213 10.337266278567103
2214 9.876449976680957
2215 9.945990839114168
2216 10.697313400457444
2217 10.834818931289396
2218 9.59524465912823
2219 10.341034219846149
2220 9.568960145801519
2221 9.628081609984157
2222 9.50510756394243
2223 10.374870928995794
2224 9.342247513814648
2225 9.570144010013953
2226 10.144527403941009
2227 9.89897888684402
2228 10.465446808559754
2229 10.219536394058219
2230 10.090448866105504
2231 10.208624083065978
2232 10.384899254078505
2233 10.791925384481823
2234 10.667496612001855
2235 9.944781682694694
2236 10.796555578060572
2237 10.8755816820181
2238 10.497115466477464
2239 11.048846064129265
2240 10.732834727212717
2241 10.8647693341939
2242 10.213467852150927
2243 10.88339895195534
2244 10.28084725917912
2245 11.077243126988195
2246 10.884481812321594
2247 10.900960042901778
2248 11.532190001328726
2249 10.58074876309433
2250 11.024405392912174
2251 10.420055305882927
2252 9.556897312179222
2253 9.79368671895507
2254 9.968399793864261
2255 10.50873151723727
2256 10.032011389530433
2257 10.38775504320302
2258 10.976709031893195
2259 11.641534966523635
2260 10.222596964208492
2261 9.714664335624525
2262 10.707584252396058
2263 8.988711214894437
2264 9.242719048568224
2265 9.787116386199015
2266 9.466835494985382
2267 9.17106040161181
2268 10.060616534378703
2269 10.843558201911131
2270 9.692487144186863
2271 10.05097089712267
2272 9.98446907198721
2273 9.94363638591534
2274 9.815991902139297
2275 10.316303082305858
2276 10.697131109391497
2277 9.797483013794473
2278 10.23416580735275
2279 10.23035534607935
2280 10.88024820650343
2281 9.702598310825316
2282 11.174102661340786
2283 9.896998250894017
2284 10.085504506581586
2285 10.538640210198851
2286 9.434656896113626
2287 10.339073990222174
2288 10.966246989413184
2289 9.998887585401985
2290 9.99358991550258
2291 10.07852091151926
2292 9.94892301253941
2293 10.318159412212747
2294 9.539078665513808
2295 9.935579086702045
2296 10.679621456171363
2297 9.810250974827035
2298 10.365604194296882
2299 10.262478736485987
2300 9.66116510337856
2301 9.867161847491428
2302 10.351481609923205
2303 10.448038453334364
2304 10.08840752737356
2305 10.3431584599804
2306 9.219094800733322
2307 9.551636883407813
2308 9.704898308477777
2309 9.757180626260114
2310 9.41412321718879
2311 9.929920999036163
2312 9.96802582158733
2313 10.624186710892449
2314 10.141752435780168
2315 10.4639875659092
2316 9.722902373852847
2317 11.338227691302297
2318 10.78615127110863
2319 10.91939010643205
2320 11.337728530740756
2321 10.743151161893095
2322 9.763405409451115
2323 11.028780793160253
2324 10.491114433360861
2325 9.410337934668838
2326 10.12561270543771
2327 10.096177389882321
2328 11.387316423991255
2329 10.91333248798195
2330 10.898601072572449
2331 10.929546339059689
2332 9.659486193788688
2333 10.392858826358532
2334 10.895394066228397
2335 10.612276294791819
2336 10.645246820814853
2337 11.013589931166965
2338 11.403691217828092
2339 10.430564050466296
2340 10.391092794074536
2341 10.319367179659771
2342 9.891361084837934
2343 9.99322678461401
2344 10.410160579248924
2345 10.85547010167258
2346 9.712206346628253
2347 10.229396215522462
2348 11.034411517062793
2349 10.681160545124797
2350 10.886454065022486
2351 10.261381712242747
2352 10.236765103623314
2353 11.014487153548199
2354 10.835975103481232
2355 10.416405693624988
2356 10.91278214913824
2357 10.545884793542712
2358 10.983891112473293
2359 10.820934884085082
2360 11.099612179898243
2361 11.812281819470064
2362 11.004344348528555
2363 10.612880648019576
2364 11.058314763359785
2365 10.793277737258121
2366 11.025963414200781
2367 10.382750895525666
2368 10.473559320178031
2369 10.244138262457223
2370 10.474599583333529
2371 10.927406687831777
2372 10.580830860142921
2373 11.043727471684328
2374 10.160337237516961
2375 10.945593670223632
2376 10.26499419459642
2377 10.414039774929739
2378 10.87592080242934
2379 10.073197104949681
2380 10.089113031937194
2381 10.43734267013567
2382 10.564835838625367
2383 10.577833737832398
2384 10.045272638792852
2385 10.374974672278446
2386 10.5812925413265
2387 10.033290018702553
2388 10.245071128033805
2389 9.669475133303443
2390 10.160346814269742
2391 10.257670059252588
2392 10.222302234196839
2393 9.979954061108387
2394 10.570799307852242
2395 10.166174927446471
2396 10.052443223151888
2397 10.358382638315845
2398 11.311533411066764
2399 9.801478655885468
2400 9.9041968966934
2401 10.414452643178478
2402 10.07605761812589
2403 9.886851277555692
2404 9.84316864928842
2405 10.346398372093738
2406 10.18372685388343
2407 10.362542682587366
2408 9.948849370779822
2409 9.431786053906123
2410 9.63051289515542
2411 10.274603708067144
2412 10.227084378286655
2413 9.556187488331448
2414 9.980691419988775
2415 9.490628434868784
2416 9.66114202847882
2417 10.421771620176717
2418 9.315678198193467
2419 9.96191986195911
2420 10.225445098506947
2421 9.954097825189292
2422 9.972584205522054
2423 9.386567066752235
2424 10.460455961024545
2425 9.852528610245232
2426 10.407811825948722
2427 9.58929082178405
2428 10.082701576811623
2429 9.077781058167705
2430 9.954843416015514
2431 9.666741119007305
2432 9.603748506019055
2433 9.660780324334503
2434 9.261355290579617
2435 9.150441890322394
2436 9.552303033817392
2437 9.593368403294917
2438 9.005740868420835
2439 10.017582356309562
2440 9.565742899103252
2441 9.529476596092103
2442 9.30732817453669
2443 9.517915350232048
2444 9.861712703702729
2445 9.389687605625928
2446 9.22611559316506
2447 9.400299649576528
2448 10.351121503051301
2449 9.553154865817984
2450 9.437651459392743
2451 10.345273465162652
2452 10.00658244313127
2453 9.250404794319968
2454 10.110827437942849
2455 9.209531523174261
2456 9.434839497782862
2457 9.586629176611009
2458 9.602325862110446
2459 10.254178709909649
2460 9.7998429001641
2461 9.719115448658078
2462 9.933782807864144
2463 9.462827107757459
2464 10.022204232483045
2465 10.640047091280925
2466 9.928910300668884
2467 9.534088372008565
2468 10.161472947662288
2469 9.972221958517508
2470 9.221490163045743
2471 9.543622106670435
2472 9.422616107282387
2473 10.095373606952593
2474 10.197043440050042
2475 9.322377435462204
2476 9.759136351080492
2477 10.005724758613498
2478 9.674674480106768
2479 9.867429650055188
2480 10.191351918207864
2481 10.302809065118469
2482 10.343850115109456
2483 10.918441725505696
2484 10.497697172893645
2485 10.252467263707695
2486 10.064178238329465
2487 10.08546647541994
2488 9.785725082381767
2489 10.269114319515287
2490 9.842321166069024
2491 9.515389444054348
2492 9.83858093881199
2493 10.156516424520275
2494 9.744629186143532
2495 10.506866717955685
2496 9.589803740445593
2497 9.892473839413757
2498 9.811497676760071
2499 10.035956386909593
2500 9.92510622476749
2501 9.669950666787054
2502 9.517750888071538
2503 9.864942690558994
2504 10.447407683943831
2505 10.637079255715717
2506 10.720689795791213
2507 9.426205475379856
2508 10.031694071104688
2509 10.058579022506844
2510 10.106014448058946
2511 10.56051971788852
2512 9.914045785982987
2513 10.787390422220891
2514 10.520552588905783
2515 10.418184512929622
2516 11.069223538380214
2517 10.492370549771534
2518 10.062300275831216
2519 9.950483643838822
2520 10.621683255529087
2521 10.076045566197461
2522 10.663467994753304
2523 10.119033029908525
2524 9.636852806933124
2525 11.126404624220317
2526 10.073602627417435
2527 10.331535865613224
2528 9.986980904154928
2529 10.853567777795925
2530 10.611093238563077
2531 10.631219421235791
2532 10.883963111466498
2533 10.510967857179127
2534 11.339247338174836
2535 11.456571341345366
2536 11.74174857374913
2537 11.292742912092914
2538 10.728842473023935
2539 11.205215566951775
2540 10.837717985504186
2541 10.313192661208797
2542 10.73758138681571
2543 10.495954806084113
2544 11.297789173597932
2545 10.114124389219045
2546 10.790040989637948
2547 11.114232699974677
2548 11.153110988247645
2549 11.32472307868625
2550 11.074767833991197
2551 11.417020957466486
2552 10.60490365674791
2553 11.143847224272443
2554 11.755340897667038
2555 11.85000413453827
2556 11.08809886650397
2557 11.295569881086386
2558 10.33964094388417
2559 10.82834802803753
2560 11.057515758805444
2561 10.33491917455121
2562 10.727873974788801
2563 11.46870045723844
2564 11.113542776935963
2565 11.261233540922333
2566 12.031924546515157
2567 11.400856837638269
2568 10.621478421245323
2569 10.399330904819985
2570 10.88862138629776
2571 10.734901836884314
2572 10.8674983000294
2573 11.19187276023742
2574 10.692178275231909
2575 10.372572953405065
2576 10.194164501681279
2577 10.342739293187645
2578 9.814018747604209
2579 10.817630565291655
2580 11.462082748318764
2581 11.479042006156536
2582 11.32506286032558
2583 11.459363869431769
2584 11.755309196901397
2585 11.864013660344002
2586 11.51668773771354
2587 11.569537541869224
2588 11.092822847289993
2589 11.580185244952037
2590 11.429474714308904
2591 10.993901249003962
2592 11.077525098067468
2593 10.77990626068562
2594 11.424798445504095
2595 11.081475023028844
2596 10.92914709483935
2597 10.384788742099794
2598 9.812214682290122
2599 10.442841623737985
2600 10.350682112638559
2601 10.23491132527796
2602 10.766952356409513
2603 10.705749662672279
2604 10.594271415622165
2605 10.19874793693765
2606 10.880263124856066
2607 10.552698507385715
2608 10.545536781391588
2609 10.260925238893618
2610 9.820254849390091
2611 10.08807545486679
2612 10.437730737281258
2613 10.586180207743809
2614 11.431862660337545
2615 10.48003184818232
2616 10.09285720355371
2617 11.055678501246868
2618 10.770622665595218
2619 11.10828641995822
2620 10.137289508181013
2621 10.385938680612817
2622 10.258682438399845
2623 10.145193909268295
2624 10.441407547705422
2625 9.84356274757021
2626 10.783155547397941
2627 10.486853516631134
2628 10.751986760175457
2629 10.80669986475882
2630 10.655803108572089
2631 10.38441006653233
2632 10.282676588223442
2633 11.164855437383535
2634 10.96333619723469
2635 10.52795074089476
2636 11.06691811353779
2637 11.64328625574073
2638 11.481373031807502
2639 11.093036687870473
2640 10.266210047821417
2641 10.39168085811169
2642 10.17978285244972
2643 11.871817044579776
2644 12.446643353914723
2645 12.809032649477185
2646 12.95140796889495
2647 12.82589366261875
2648 12.663261015517973
2649 11.599673503265466
2650 11.556258533413517
2651 11.960836450672362
2652 11.942415965272438
2653 11.214198365174394
2654 10.90665201104122
2655 11.075544522043376
2656 11.315631991044643
2657 12.078983225904802
2658 10.44100119908705
2659 10.764203319493573
2660 10.91672658028694
2661 10.746778561569913
2662 11.304142330039518
2663 11.094832762987423
2664 11.865746245651435
2665 11.288256162176042
2666 10.427582958960034
2667 11.202625177569542
2668 10.619557295908987
2669 11.663847100760432
2670 9.914692432342287
2671 10.833770005654385
2672 10.814030379615996
2673 10.788834578247807
2674 10.710210493758863
2675 10.925090401232247
2676 10.771038748902347
2677 10.572620303863749
2678 11.571633269395848
2679 10.68487230671228
2680 11.19835895388361
2681 10.900705109700384
2682 10.677227332304264
2683 10.701028464088683
2684 11.080084390033097
2685 10.974257906520055
2686 11.045196432103904
2687 11.073982079054918
2688 11.642478761571502
2689 10.882128522194344
2690 11.707447159925417
2691 10.93468872887822
2692 10.539924294562196
2693 10.811673750217723
2694 10.802141614850303
2695 10.152700583072061
2696 10.518338191034191
2697 10.004120299286214
2698 9.949159566212186
2699 10.24095636442844
2700 9.981555557372339
2701 10.512156135194363
2702 10.069032942301183
2703 10.597227262751701
2704 10.172691204029633
2705 11.356848741277828
2706 10.896083509362237
2707 11.133818832033297
2708 10.743676852986695
2709 10.32163617649222
2710 10.338414553297694
2711 10.561023641142896
2712 8.987370140318983
2713 10.046413713080318
2714 10.627432636154996
2715 10.490535638279196
2716 10.297652739401265
2717 10.230285730567624
2718 10.858793333854212
2719 10.899564580481762
2720 10.47436047799104
2721 10.554863976904828
2722 10.759355606383782
2723 10.301292246827504
2724 10.783142028316608
2725 10.471833113960265
2726 10.505073725071197
2727 10.427129819793258
2728 10.637746866443043
2729 9.87091949575364
2730 10.739711422639653
2731 9.83590741709292
2732 10.784507355784495
2733 10.935119810864288
2734 10.153639376829547
2735 10.300038228210063
2736 11.169304307308096
2737 10.057135211574916
2738 10.549188614959155
2739 10.612508809409768
2740 11.031760911480445
2741 10.55805956611111
2742 11.085928500617161
2743 11.403103632313382
2744 10.934881685352856
2745 11.354132962163456
2746 10.323765652158592
2747 10.668513112576878
2748 10.53011922180084
2749 10.452038996158802
2750 10.700686832929797
2751 11.128315816430986
2752 10.340730097356468
2753 10.70702272851754
2754 10.337755420210987
2755 9.547005353808808
2756 10.212649412395804
2757 9.983649873958537
2758 10.363180331794325
2759 10.354793525377794
2760 10.510404927666132
2761 10.403756052171387
2762 10.085702796474475
2763 10.987704872518139
2764 10.48498285769007
2765 9.93021944458941
2766 10.228609755866875
2767 10.643882084611118
2768 10.59044871382067
2769 10.761733169916242
2770 10.998905492007847
2771 10.92425666874431
2772 10.73697509840411
2773 10.47192823940248
2774 11.003015131727787
2775 10.962763402300773
2776 10.956970691944525
2777 10.017766019354783
2778 10.450612786109678
2779 10.529758474226025
2780 10.857159117709354
2781 9.772315225695971
2782 10.174749741398879
2783 9.78428774787644
2784 10.132501987266977
2785 10.219315247585323
2786 10.09104648532003
2787 10.463501627060088
2788 10.468557631707602
2789 10.312748014032849
2790 10.381721013771445
2791 10.73588986648883
2792 10.57956113017063
2793 10.618889280476367
2794 10.521270127471958
2795 10.364356857337713
2796 10.63759757506426
2797 11.101455105405863
2798 9.722624379207002
2799 10.279505408011005
2800 10.912925034923704
2801 10.702261933034748
2802 10.869803706506433
2803 10.760663515275589
2804 10.565241847256399
2805 11.18705021661076
2806 10.082409399849388
2807 10.421758849118916
2808 10.881252214379144
2809 10.189415284513634
2810 10.90395834908099
2811 10.025904507556156
2812 10.555187415701432
2813 9.840534150391118
2814 10.402232091024423
2815 9.73410566605557
2816 10.179920989994006
2817 10.402557496421325
2818 10.27085400067855
2819 10.67155529358901
2820 11.02876489107204
2821 10.454753319917932
2822 9.81650016312862
2823 9.760305671927862
2824 9.468157516820247
2825 9.755726639127115
2826 9.866515325735035
2827 10.56165583282107
2828 10.180098477776323
2829 10.556885098359686
2830 9.960302965512108
2831 9.754949880492495
2832 9.834646706499827
2833 10.606299361787002
2834 10.276725941897105
2835 10.63066726826223
2836 10.397257783819654
2837 10.439513593255047
2838 11.517990317072249
2839 11.011360257363568
2840 11.105843040152603
2841 10.872955845285391
2842 10.515574644354178
2843 9.931381416331321
2844 11.332762720630601
2845 11.070063030068908
2846 9.542708221252404
2847 9.935877472011644
2848 10.624520453752794
2849 11.147016388691323
2850 11.454293750859383
2851 10.354288232707855
2852 10.765315455295006
2853 10.021507164579473
2854 10.968159731622634
2855 9.276341266648826
2856 9.594497796319216
2857 10.241925064508932
2858 9.856425687026842
2859 9.386576320625572
2860 10.471224077203406
2861 10.5258747814295
2862 10.539771464729746
2863 10.049537018183454
2864 10.313936113653103
2865 10.245310426966695
2866 10.391118387640445
2867 9.741225774420709
2868 9.894299708283555
2869 9.296063624505905
2870 10.431629642225717
2871 10.015274882559613
2872 10.068672616573513
2873 10.194512492800627
2874 10.720966668998074
2875 10.97922226333399
2876 10.625595535856238
2877 10.831537837373006
2878 10.161089490980277
2879 10.426717237741313
2880 10.518523767243336
2881 10.316703691173666
2882 10.57081142745631
2883 10.4897099044891
2884 11.107537922115371
2885 10.603095641639953
2886 10.222543907707912
2887 10.739366618760528
2888 9.711506966469601
2889 9.729586189459877
2890 10.776018685554845
2891 9.617078717204887
2892 10.820133700141138
2893 10.810119778163573
2894 10.900873113026668
2895 10.532824124410316
2896 10.576843905105736
2897 11.096924948294566
2898 10.014406502701615
2899 10.637614869285192
2900 10.461876834684077
2901 10.184514669980784
2902 9.323601165164225
2903 10.42627984280396
2904 9.973702618423403
2905 9.90968804708441
2906 10.086564398728934
2907 8.988977295134415
2908 10.521157871780185
2909 10.695038871016038
2910 10.756298386656864
2911 10.410325965499496
2912 10.591227657845257
2913 11.052088787274204
2914 11.288961167381927
2915 10.499297527450123
2916 10.878740751418675
2917 9.901817356109381
2918 10.77804009633713
2919 10.887772291866096
2920 9.782530932746303
2921 10.021607599202737
2922 10.558174530130422
2923 10.253629604255657
2924 9.821987831283607
2925 10.540751192416979
2926 10.666702828053417
2927 10.056636081841413
2928 9.7684564330588
2929 10.244453993705488
2930 9.297186856927215
2931 9.76151165980975
2932 9.939290618801385
2933 9.842537979069425
2934 10.966180389548397
2935 9.973304330581435
2936 10.205570100273832
2937 11.458128989195005
2938 11.098102571209294
2939 10.439425139292421
2940 9.076740303898662
2941 9.991362934336687
2942 9.815505415915895
2943 9.863697208010395
2944 9.985672567677243
2945 10.327126180543347
2946 10.78487695367772
2947 10.070468578031932
2948 10.302214411889915
2949 9.501012057700425
2950 9.29293575201717
2951 10.389896165969787
2952 9.75284271904176
2953 10.12924081525905
2954 9.993279605797973
2955 11.53860753209393
2956 11.851048112389044
2957 11.475129564476442
2958 11.114457157321059
2959 10.616376378603828
2960 10.711418673382587
2961 10.405792095411492
2962 10.533654358028121
2963 11.523184175932338
2964 11.186474142979275
2965 11.5033283411007
2966 11.452529565270476
2967 10.747709205077312
2968 10.565048776877262
2969 11.615010329192721
2970 10.865236279316939
2971 11.097483925232432
2972 10.924853814349825
2973 11.160705705454633
2974 11.95671791089178
2975 10.962019414032579
2976 10.906991996265285
2977 10.662578514827882
2978 10.552054651829124
2979 11.22696721583577
2980 11.607325788844049
2981 11.03517273702857
2982 10.873657709612413
2983 11.495625282643168
2984 10.808173146432459
2985 10.55576371315652
2986 10.234635020756278
2987 11.073782142708227
2988 11.170730427864216
2989 10.268127630405381
2990 10.094263540623102
2991 10.770051408984134
2992 10.50502230941673
2993 10.928762057231792
2994 11.85055066842831
2995 10.62339412547539
2996 11.33111361384364
2997 11.24369297303584
2998 10.954128974955257
2999 11.293762473723191
3000 10.729209576791881
3001 11.060614339548453
3002 10.231955950648862
3003 10.233834859363766
3004 10.181552354294656
3005 9.648711456775459
3006 10.578950380531568
3007 10.456178728859857
3008 10.870753143277312
3009 11.403645372777953
3010 11.619802778855176
3011 10.552157198126386
3012 11.12578992148976
3013 10.733088162776147
3014 11.67842259822324
3015 11.153242543225529
3016 10.851560176334381
3017 10.906698448332047
3018 10.863393587841843
3019 10.168937451579422
3020 10.066004642582008
3021 9.750124189805888
3022 10.813211194756413
3023 10.712835172054856
3024 10.737183891376938
3025 11.032092335510244
3026 10.466437557891693
3027 10.560399188912449
3028 10.791302346371685
3029 10.262368677418529
3030 10.58964273256374
3031 10.427642990090568
3032 10.129379278145235
3033 10.696105275116652
3034 11.264459970923905
3035 11.576605595193836
3036 10.328023363452086
3037 10.352582145760064
3038 11.007471935257104
3039 10.891641519127983
3040 10.729122819163937
3041 11.608896672056577
3042 12.075161423522943
3043 12.128685339018794
3044 11.464561827123118
3045 11.160513209926508
3046 11.633674717652815
3047 12.214440645698026
3048 11.548070589072479
3049 11.42467134161994
3050 12.558072835636349
3051 10.965231969334308
3052 10.967549642375705
3053 11.713730667805091
3054 11.433433049344734
3055 11.021486678083505
3056 11.743346625512283
3057 11.717958367322952
3058 11.850523599254913
3059 12.338080070985853
3060 11.861854096449909
3061 11.72826127122129
3062 11.540538881582247
3063 11.803163400219587
3064 11.361395237790644
3065 11.588664677292265
3066 11.684316178827567
3067 13.148008492612988
3068 11.924715483610878
3069 10.943286727000602
3070 12.150674843182738
3071 11.59684585336354
3072 10.794506401689048
3073 11.24491841184661
3074 10.637772470325551
3075 10.125036132071068
3076 10.560666877116796
3077 10.967265904580076
3078 9.96417897749338
3079 9.816419702549199
3080 10.257978264428063
3081 9.970413893692356
3082 10.657086317253542
3083 11.307101092351681
3084 10.69811591723525
3085 10.937681896829996
3086 11.682346382102187
3087 10.461612506496445
3088 10.357819203837625
3089 10.102883466842357
3090 10.153466402462325
3091 11.454384523705052
3092 11.826195727552047
3093 10.552721446312631
3094 10.070044518008233
3095 11.222999101646248
3096 11.288238945025178
3097 10.514427342753855
3098 10.693960970081237
3099 11.355808050708207
3100 12.035028834050753
3101 11.553820133465171
3102 11.632259609095659
3103 11.668841287760042
3104 10.729547823968092
3105 11.910694451609602
3106 11.440793598725902
3107 11.355234676281997
3108 12.31978489742948
3109 13.312432860277589
3110 12.416187092288501
3111 12.628757395915187
3112 12.924215457599555
3113 11.989213989845656
3114 12.199429943579952
3115 12.36253074154061
3116 12.535876486163955
3117 11.128499438565008
3118 10.7383157996874
3119 11.410952737958862
3120 11.67408132411706
3121 11.94210153985704
3122 11.838719067683869
3123 11.394921565617535
3124 10.77752186688876
3125 11.163345473072281
3126 11.157771544888789
3127 11.365232168438329
3128 11.123241201380354
3129 11.405939483411244
3130 11.364125184280208
3131 11.634064276918618
3132 12.130315836268313
3133 10.970551664476973
3134 10.937987339327789
3135 11.373167197302191
3136 11.161884613203442
3137 11.087399153899968
3138 11.593672835054589
3139 12.329783438259833
3140 11.101848137158298
3141 12.869045192646029
3142 11.38784014021614
3143 11.707357916115939
3144 12.650855281320132
3145 11.673395184647307
3146 12.147647740594236
3147 12.223858724415113
3148 12.758226987606777
3149 12.214953395096149
3150 13.004254811991695
3151 12.40973446242955
3152 12.214675055537603
3153 12.22660403124602
3154 12.182651357754619
3155 12.273257087371501
3156 12.505843641566674
3157 12.182960585339982
3158 11.919406549414406
3159 12.236363486279995
3160 12.161436414975382
3161 12.315871529251481
3162 12.425562128567522
3163 13.105058719353574
3164 12.14695334266888
3165 12.527706032769977
3166 11.738961199808205
3167 11.788722962433896
3168 12.036524660592443
3169 12.295519489867669
3170 11.883519358472295
3171 11.785465988726795
3172 12.203955534706758
3173 12.087006800410265
3174 12.738656441541433
3175 11.10536701174126
3176 11.737491245599129
3177 11.43645303721284
3178 12.089428404793358
3179 11.97755354651336
3180 11.774337416123554
3181 12.544380651041982
3182 12.139089750707994
3183 12.140939564165096
3184 11.331910626096867
3185 12.06420338271314
3186 12.205472080738613
3187 11.866984492852806
3188 10.952554409228465
3189 12.546537146246122
3190 11.620660749834537
3191 11.28288263878117
3192 11.023012661863083
3193 9.950413358937837
3194 11.393150700404766
3195 10.735276319891057
3196 10.084309936721395
3197 10.181850640611978
3198 9.662997682710643
3199 10.867717264441344
3200 10.221194932237596
3201 9.811884887448326
3202 11.556955904806383
3203 11.153876493984123
3204 11.0639676984957
3205 11.767799374323042
3206 12.096206494526305
3207 11.716668434423445
3208 11.233399188593536
3209 12.424281149831849
3210 12.220051238006407
3211 12.5260655546383
3212 11.758146395608053
3213 11.599171043793218
3214 12.14996416172588
3215 10.933075288936903
3216 11.526838339058417
3217 11.762541793223273
3218 11.495803244837324
3219 10.755323367897228
3220 11.463013124083133
3221 11.383456236483823
3222 10.957136083133335
3223 11.367184590991483
3224 11.493495885003936
3225 11.610695852773333
3226 11.601192744069838
3227 11.760389216819203
3228 11.430711626106342
3229 11.774752697115268
3230 11.009448344388879
3231 11.557386072378161
3232 10.74666074353135
3233 11.45642549933919
3234 11.77466627911692
3235 11.727313004789643
3236 11.572865740871093
3237 11.784071019808039
3238 11.962649652710791
3239 11.089764466726743
3240 11.354363357243594
3241 10.962357080545393
3242 11.407864529995518
3243 11.71097308509895
3244 11.371950346440928
3245 10.90271294186774
3246 10.605852844953825
3247 11.552986641267209
3248 11.141978272671318
3249 11.326570743391594
3250 11.881483922659559
3251 10.285804045155972
3252 11.241674330777686
3253 11.92417134071107
3254 11.75958957499547
3255 10.845531194607652
3256 11.862956206983123
3257 10.351939813355594
3258 10.445949166609335
3259 10.929824029685024
3260 11.146519995566136
3261 10.341173360254306
3262 10.308986291827436
3263 10.211235650509794
3264 9.777337896484255
3265 10.793953021950804
3266 10.29519990320407
3267 9.765939461467726
3268 10.91166644980611
3269 11.468677171153189
3270 11.144864481952988
3271 11.424682409894972
3272 11.554329156596575
3273 11.72277201440497
3274 11.0894701212507
3275 11.277534915245425
3276 10.75561590541857
3277 10.97615531786561
3278 11.885470813450167
3279 11.751273984323756
3280 11.189060631305326
3281 11.317928511282938
3282 11.011237661245303
3283 11.038475063711838
3284 10.39163629037393
3285 11.23365002152863
3286 10.959339184954409
3287 9.796992705411672
3288 10.328205783330521
3289 11.10533633024046
3290 10.44874628568957
3291 11.113272053146979
3292 11.508433554955378
3293 10.76577238999848
3294 11.272254741258621
3295 11.42716316831213
3296 11.00536894930748
3297 10.864266751881779
3298 10.498352394922957
3299 10.451821067449051
