0 16.20830398909668
1 16.223049544520336
2 15.838848463730633
3 15.680541114477036
4 15.425823144399441
5 15.600721701401685
6 15.22190268455739
7 15.123819338067003
8 15.237375478103061
9 15.872294165451002
10 16.10676453567876
11 15.963851855592349
12 15.848401060162798
13 15.63864795039437
14 15.437078010970627
15 16.09731511508772
16 14.893775604407194
17 15.503756665479633
18 15.479060349941028
19 15.925975452624364
20 16.360186689989746
21 16.300675781819287
22 16.40368554094323
23 15.971591463400086
24 15.593684631764615
25 16.19245960900925
26 15.656840628966464
27 15.67541379482867
28 15.80894397922817
29 15.87262350964683
30 15.663080960385688
31 15.548402178459003
32 15.395825484720387
33 15.434619389532665
34 15.424783856132542
35 14.78121801625837
36 15.225468343793356
37 14.884067386467217
38 15.556320103643706
39 14.62725380056086
40 16.017361362102953
41 14.770260726812069
42 16.011929600663503
43 15.546046397234527
44 15.768352686307939
45 14.97546422706832
46 15.874523772130393
47 15.0729954863592
48 15.308932344786841
49 15.380332511522157
50 16.25178196992416
51 15.622933331943493
52 15.846411065841743
53 15.364016468476384
54 15.69249864982007
55 16.458721090177868
56 15.560256320549707
57 15.311232473802235
58 16.02523155824029
59 15.85457859967689
60 16.53750979965335
61 16.20776544552475
62 15.612372238517274
63 16.23880941732005
64 16.1190348194189
65 15.953697216815126
66 16.34487321038415
67 15.088919146056678
68 15.202997753692914
69 15.234463692359983
70 14.710171169252774
71 15.136214853917567
72 15.421500044100677
73 15.820751311549149
74 15.878312322179566
75 16.01726170361765
76 15.484091459732033
77 15.593530540482147
78 16.129872863740754
79 15.786996367118222
80 15.838400848586506
81 15.500452040160926
82 15.625744178078566
83 15.800768956203529
84 15.604967207339858
85 16.09816140669485
86 16.33167905508376
87 15.476384292897087
88 16.440513810907586
89 15.018825621726663
90 13.433318006077151
91 14.227025888903686
92 14.325972312815097
93 14.851827461988758
94 15.009982727791856
95 14.4274755362065
96 14.591545045243608
97 14.472072514712364
98 15.213105910760298
99 16.594301663809546
100 15.347165526976102
101 14.053737650721263
102 15.545400433265637
103 14.089753166079552
104 15.603611250513419
105 14.945987912596168
106 15.447939003120073
107 15.187576349332764
108 15.62159650708209
109 15.368214347090312
110 15.366812939382028
111 15.557684660413257
112 15.282064310431316
113 15.712489843251554
114 15.66451573406902
115 16.13365637076682
116 15.797209700424716
117 16.28280422598395
118 15.245374341364315
119 16.138109667248294
120 15.313008874772962
121 15.201935037683668
122 15.399773095368683
123 14.970503323543934
124 15.097908838763475
125 15.702797047964225
126 16.633994034592902
127 15.57156134490569
128 15.309808635240278
129 15.065383216459066
130 16.280027394443945
131 16.486632741942902
132 15.718914908904027
133 16.22164913184077
134 16.470686705578494
135 15.920773488049207
136 16.30497294453937
137 15.577311034282951
138 16.243062105397
139 16.79172548346043
140 15.724567106021611
141 16.388061822963703
142 15.695904738528862
143 15.569808405364393
144 16.116223376178784
145 15.770326334014596
146 15.802131520268082
147 16.344642494380363
148 15.372528378155216
149 15.01550707906287
150 15.597141677041693
151 15.445838271392983
152 15.926965318982228
153 15.876906394381477
154 15.552371055174142
155 15.27003608162014
156 15.528130079904313
157 15.881166460370354
158 16.163748357635992
159 15.906604289887838
160 16.006657939551634
161 15.623243476985895
162 15.965948137949825
163 16.59717675600355
164 15.48155033360452
165 15.25410070205029
166 14.698992858908763
167 15.817910533785533
168 15.211698518107895
169 15.862731024033936
170 16.043227880362846
171 16.287196738651467
172 15.254049764636955
173 15.61519492092412
174 15.292974287301542
175 15.465213418242689
176 15.30093801458882
177 15.43348307507392
178 15.545372387032703
179 15.173888677400463
180 15.476344520137582
181 15.21065433394114
182 15.731670543672703
183 15.373480822340579
184 15.950377989766018
185 15.089836728790312
186 14.309667813704797
187 15.0718752636911
188 15.045817430266322
189 15.769904370878274
190 15.746188864582239
191 15.469804262081501
192 15.58706882162186
193 15.67273092162576
194 15.60110260530643
195 16.167845073789525
196 16.581339833627226
197 16.365882464105297
198 16.41410547342434
199 15.959490906827673
200 15.522726093886673
201 16.08079943632025
202 16.001992592050268
203 14.389331920225153
204 14.70262280633045
205 14.822945450162376
206 15.474912397382495
207 15.301280400494866
208 15.28069923682961
209 15.636448816505382
210 15.187488414361857
211 15.559451879813471
212 15.598717895317911
213 15.208773888574159
214 14.764331239414945
215 15.28096461883614
216 15.429550003387153
217 14.596222324053166
218 16.055072612911808
219 15.350477590635956
220 15.332739784984177
221 15.417473898527208
222 15.569513689582283
223 15.129354053221949
224 15.571434649094138
225 15.23942093867841
226 15.226443936936505
227 15.828332530563825
228 15.987992665801842
229 15.536116932852675
230 15.518834817963015
231 15.960198103927521
232 15.816342215290993
233 15.93501014670139
234 15.997454525997561
235 15.612396237588422
236 16.612095966598577
237 16.255994950547464
238 15.786959143216324
239 16.32166315378757
240 15.39173623871371
241 15.928283544473196
242 15.41687085119979
243 15.198952218076908
244 15.14150504215858
245 16.053939500909763
246 15.537755475479733
247 15.771066764377066
248 16.09050211172553
249 16.460326030439898
250 16.230576110193446
251 16.57577759895517
252 16.27167212098211
253 16.246776100200112
254 16.506409195014385
255 15.579564386694285
256 15.418893741742693
257 16.016144400131026
258 15.888219460875499
259 16.186935602453023
260 15.612954393401255
261 16.052327850062046
262 16.065575866723215
263 16.42730405421569
264 15.96164020940691
265 15.119422156955734
266 14.477574863723058
267 14.115387424495529
268 15.54795260003443
269 15.552940380434155
270 14.971159629619374
271 14.677259983107895
272 15.769334597129244
273 15.659300868842474
274 15.888714617240945
275 16.292345109844018
276 15.498947114040108
277 15.590928373436016
278 15.175775838091255
279 15.29866707086891
280 15.646816047577296
281 15.087408971692504
282 16.266665335037025
283 16.171760479004885
284 15.23567824821102
285 15.838649144885379
286 15.793252533967749
287 16.07929921593321
288 16.10113885362192
289 15.992261116557426
290 16.0229102746094
291 15.388305851875364
292 15.879054594586568
293 15.644729380185233
294 15.701288842472078
295 15.293308593513483
296 15.711426931125297
297 15.597518391934226
298 15.592949591222856
299 15.620086407634286
300 14.917501201221146
301 15.959446949792898
302 15.476869908615614
303 15.993686985115433
304 15.691116340629172
305 16.57086185260649
306 16.88161951031372
307 16.528954523229498
308 16.250961788762805
309 16.668621765509315
310 16.77139626902731
311 16.177446227472963
312 16.38436564534657
313 16.18977915598549
314 16.172450187931354
315 15.725630174197004
316 15.34341481950192
317 16.813529061813185
318 18.1117185188939
319 17.44432106377231
320 17.22376207969137
321 17.037963981402566
322 16.830772572799084
323 16.267565737026402
324 15.917778784860326
325 15.888569813197625
326 16.199133361837955
327 15.699162848299823
328 15.572735885741364
329 16.27062750822533
330 15.527144665550905
331 15.838497328702982
332 15.901563359013103
333 16.95531225354855
334 17.126424199478567
335 16.45604475876199
336 15.382235386324924
337 16.146388636417004
338 16.798898904159447
339 15.638473435806066
340 17.070280762996063
341 16.777767150953906
342 17.01039761271946
343 17.23368708926313
344 16.143880567329145
345 16.657597247779123
346 15.694134834249082
347 15.7732529690645
348 16.284092381244786
349 15.874417421811948
350 15.25928516731514
351 15.081209233392286
352 15.221422887056857
353 16.009472341280663
354 14.97380835457542
355 14.853202586848884
356 15.088236367199283
357 15.873107965755793
358 15.722364411621545
359 15.064029078339749
360 16.127576256803508
361 15.008335529129564
362 16.05919181544444
363 14.672069941273318
364 15.141774299145295
365 15.442407301163563
366 15.208396134018603
367 14.915943059470068
368 15.65071687845201
369 15.754063388696261
370 15.797171646007124
371 15.5863073334935
372 16.787699837875348
373 15.78995847775679
374 16.32538628786423
375 16.201745340993828
376 15.43081391660669
377 15.138889627755786
378 15.282849862331222
379 14.937274674960246
380 14.786144555447835
381 16.095395006373973
382 16.196357255016732
383 15.05525178799198
384 15.999073507897771
385 15.941516746574841
386 15.480976185585723
387 14.914429369631431
388 15.163865166899903
389 15.37248592316285
390 15.062027487089296
391 15.005078978812353
392 14.323331756794333
393 15.182138812897163
394 15.918416857705294
395 15.4357378256909
396 15.966341385528173
397 14.870153701739476
398 16.02242390645275
399 15.20858181330643
400 15.415420020826915
401 16.05157927483136
402 15.566290247780014
403 16.156332020692105
404 15.919481767047174
405 15.444193961893054
406 17.102756697246274
407 16.999137938855412
408 16.795165432549346
409 16.304478321823087
410 15.356649116879096
411 16.545173035988242
412 15.968461654067406
413 16.53814302508273
414 15.724229880919461
415 15.930770171694794
416 15.204499586014235
417 14.882563802703949
418 15.894804416388771
419 15.370176278021018
420 14.905918715145997
421 15.730316936528942
422 14.917075250368358
423 15.278286767926431
424 15.52311867706112
425 14.953645771395905
426 15.656309849825313
427 15.172616294844213
428 15.320141123702635
429 15.414836404611744
430 16.115912750072493
431 15.496644890251245
432 15.950534768765676
433 16.043152746553442
434 14.93925334424146
435 15.798598157501699
436 16.07024724668195
437 15.824079185470318
438 16.221355486803006
439 16.867518966010653
440 15.356122957511616
441 15.675040409706007
442 15.625784414615012
443 15.79950662706995
444 15.490521727450806
445 16.27396229150919
446 16.227162721871853
447 16.67707737058255
448 15.739704712523332
449 15.834384980422225
450 16.483906701955622
451 16.510069738430737
452 15.980522405726518
453 15.630210307276194
454 15.697256393974062
455 16.073209013555413
456 15.750573171031673
457 16.03115007892402
458 15.397178721479063
459 15.382670261209329
460 15.756619969222317
461 15.361572889438527
462 15.522058603915887
463 15.509058832605282
464 15.472640072094439
465 15.239734679827965
466 15.853672727702692
467 15.777822373048469
468 15.715932033391933
469 15.815773424059971
470 15.393763772417907
471 15.413478570981182
472 15.116711732363752
473 15.12177550519068
474 15.457543091546944
475 14.690447108038747
476 14.423048551226778
477 14.581324489726256
478 14.84068559125449
479 14.505969982405869
480 14.778889846610717
481 14.780948883493394
482 14.716350421221856
483 15.678398237143956
484 15.164104944225329
485 16.089944025385677
486 15.152334267685433
487 15.237620972579002
488 15.100678307425405
489 15.623827979974596
490 15.34836739382304
491 14.646582961538995
492 16.09641245907159
493 15.214271297694207
494 15.22916777712381
495 15.703751465619328
496 15.410010907524608
497 16.3598661036083
498 15.495187011211721
499 15.409017687865317
500 15.728876833382904
501 16.171589180837948
502 15.275711649889201
503 15.525340061250636
504 15.829991443293522
505 15.614020885418064
506 16.234294195116483
507 15.344040359797477
508 15.436852291955473
509 15.507068381992203
510 15.948955945338183
511 15.45314122836553
512 15.574987595490503
513 15.457355993848234
514 15.907136680879121
515 16.879778925582297
516 16.46370141784644
517 15.743953842821911
518 15.863195322942278
519 15.400154138698756
520 15.290222228272029
521 16.018996076702663
522 16.067037525031395
523 16.111199086309103
524 16.18793154443368
525 15.85375424338337
526 16.351234152632635
527 15.622518337956558
528 16.14244404580327
529 16.101918162734087
530 15.621259933844305
531 16.12447516637901
532 15.913198770492338
533 14.961678489480981
534 15.681373581850952
535 16.78291264460742
536 16.09083119520595
537 16.20461300355536
538 16.01214389955147
539 16.297523588259008
540 15.99338252972779
541 16.760877484588164
542 15.914363440529163
543 16.00787668558759
544 16.901338780847194
545 16.16292318355064
546 15.872597104908246
547 16.131523001093424
548 16.849398691404954
549 16.35510937644923
550 16.53237824179336
551 16.896920950989998
552 17.812937921250832
553 16.647616833201088
554 17.045144103616522
555 16.378329396089114
556 16.409972327773442
557 16.336843031625357
558 16.71843296842551
559 16.38301924767283
560 16.90789019738547
561 16.152753210230326
562 16.29952931639171
563 16.950828230106637
564 17.475634983210977
565 16.97403158556643
566 16.928653419249578
567 15.832519468307364
568 16.40025320656848
569 16.11410882585481
570 16.364985442116595
571 15.951001499555781
572 15.98557606807769
573 17.059749737878843
574 16.866695022867567
575 16.11957639533523
576 16.884872602295115
577 16.406737301306073
578 17.454140270582748
579 16.90620038057273
580 16.440370221011385
581 17.110736031803555
582 16.468980252799454
583 17.525098826636615
584 17.19404996869996
585 17.19831144151392
586 17.52224333051457
587 16.103957557367643
588 17.025367761915263
589 16.513433046395445
590 17.09136688929893
591 16.355730608020057
592 16.78011359306975
593 17.245566692509975
594 16.479535114409863
595 16.611139871606984
596 17.898245538877504
597 17.51108622224461
598 16.862178045665647
599 16.929975434000355
600 17.859370228971112
601 16.820749761830665
602 17.31489369445991
603 18.12707562799647
604 17.258431655693776
605 18.06433853204953
606 17.720508989615656
607 16.860830794818852
608 17.712849063572012
609 17.13626535606726
610 17.457943911396423
611 17.327058383742386
612 17.270102321718642
613 18.283975203136226
614 18.082133930236843
615 17.938310017828428
616 17.43291637883332
617 17.69249433439125
618 17.30550752853944
619 17.142954677578274
620 16.863606969117093
621 17.64179188505669
622 16.759708150952576
623 17.400009840708368
624 16.903812962532886
625 16.383490513804993
626 17.308996287415606
627 16.985078889309328
628 16.81443919375525
629 18.51867653081766
630 17.086149646061585
631 16.814750297516763
632 16.089562071602895
633 16.312225302373037
634 15.908766998503571
635 16.37520471531675
636 16.732885069589745
637 16.73624171358595
638 16.93217062230683
639 16.659202212185733
640 17.343528132491596
641 17.064492154879943
642 17.487154656498756
643 17.082596861105586
644 18.010064134775305
645 17.847440431152325
646 17.91052583956685
647 17.299885223319517
648 17.45543058608739
649 17.396436067106666
650 16.27474534978586
651 17.53498957904962
652 17.262138259629968
653 17.17176449634826
654 17.387344187235993
655 16.976273838355127
656 17.340647268222256
657 18.27881278999495
658 18.451691214867278
659 18.189765805539402
660 17.685957821819215
661 17.287017843469506
662 17.901428224389665
663 18.20977915245022
664 17.336578766872975
665 18.21529618056965
666 17.580498863257564
667 16.50122257196531
668 17.575602980103437
669 17.20336159111505
670 17.72399102437229
671 17.665182043396896
672 18.86850992216707
673 19.538820933848665
674 18.210607278647206
675 18.666025882411052
676 17.11010351171879
677 19.134316626784322
678 17.9912497549152
679 18.0702333877603
680 18.93677964271944
681 18.862688165918396
682 19.11843713129958
683 19.40806906308419
684 18.4849073885072
685 18.78253914705452
686 19.181234488709052
687 19.339908199158913
688 17.262419595686247
689 17.995705837545792
690 17.072782413988108
691 16.459270665535872
692 17.436959679644044
693 17.47171272272201
694 16.100567047390975
695 15.491871953101608
696 15.972722434839419
697 17.111661491379337
698 17.77628083522716
699 16.44004952348198
700 17.251071159625063
701 17.515450807230092
702 18.25398541022457
703 17.800835239796857
704 16.894220172348334
705 17.22985018870166
706 15.963313776930933
707 16.42634549710154
708 17.30422602624189
709 17.750079734889617
710 16.92484186192729
711 18.47428599973008
712 18.262557057127754
713 18.60768207952132
714 18.39227653079228
715 18.756025633195836
716 18.429124909306353
717 18.20315064950031
718 18.018640939467016
719 18.16804649688207
720 17.79669783879557
721 18.128700604896956
722 18.04717586370853
723 17.39838616737874
724 18.143428333483797
725 17.614587356099445
726 18.055660533899232
727 18.077001503961935
728 16.81400038265327
729 17.574347622660607
730 17.061573854513707
731 17.245412114610314
732 18.821191820054832
733 19.098002227281963
734 17.71681269051765
735 17.89987013399969
736 17.23196817242287
737 17.88462449668544
738 17.64083908663012
739 17.315512144993267
740 17.54627970556325
741 18.11397894840036
742 17.559191243699747
743 16.884950866447298
744 18.17444763602091
745 18.72632449224198
746 17.944378602213895
747 17.705881800954764
748 18.026117072879416
749 17.9027198468292
750 18.21490662510157
751 17.551634646344343
752 18.3012985756946
753 17.618761490978773
754 17.543465892808136
755 17.96130369036938
756 17.462524283530232
757 17.994918509259318
758 17.772094995924817
759 18.520643599661064
760 18.60475247800336
761 17.775198338651514
762 18.51419358249181
763 17.66514718373406
764 17.715790697915544
765 18.092876949879425
766 17.86910425682531
767 17.509312987812763
768 18.03324255674008
769 18.71643447385815
770 19.432551916985616
771 18.20612112481173
772 17.936141026687107
773 18.88268688850268
774 18.545096401944686
775 17.70861094575857
776 18.216733382194324
777 18.714136983402366
778 18.035351583238466
779 18.562233682188992
780 18.7677513319222
781 17.84946893365791
782 18.419258716732905
783 18.3338284281648
784 18.74674890688249
785 18.27617614360282
786 18.707356924117555
787 18.37903817855415
788 18.69558347315494
789 18.04357813916368
790 18.546616514467235
791 19.047607590001768
792 19.008547307134894
793 18.770540212409955
794 18.135190848977572
795 17.860596071402057
796 17.773610746758155
797 17.341465477460005
798 19.111160730020007
799 18.295112444803063
800 17.81690773587774
801 17.834454796731755
802 18.1586508931424
803 18.455883953964687
804 18.458689685238394
805 18.934303019211278
806 18.386990743763967
807 18.21672254452704
808 17.936195765010346
809 17.827698065357957
810 17.842067385394063
811 18.316590110281055
812 17.952676590760547
813 17.77144881355623
814 17.655419465752487
815 18.43466084304459
816 17.69659807565974
817 17.980161926791205
818 18.072387931032168
819 17.698988887378242
820 18.201570231319202
821 18.3290028888849
822 17.86001336950455
823 17.67536089520825
824 18.48250550221488
825 17.85434350377075
826 18.517591817438188
827 17.340345602425224
828 17.577206945140365
829 18.32932952916346
830 18.080652747435852
831 18.098796151958993
832 17.677722136213962
833 18.445806527642574
834 18.46306664717863
835 18.525690915707955
836 18.75892087682068
837 17.739221579105443
838 17.248457829148904
839 17.32918544783367
840 17.985316497634756
841 18.071838841844095
842 17.568713638752914
843 18.163644540320277
844 16.949966793363995
845 17.227267517446062
846 18.237119989717602
847 18.099414110806876
848 18.506093674250156
849 17.64276165557757
850 17.821820261285758
851 18.206758726998256
852 18.146495001156413
853 18.421280398865157
854 18.145310442799108
855 17.885527009764164
856 16.652230479894495
857 17.673835002913442
858 17.517594904119104
859 17.795841377036467
860 17.550920090660227
861 17.529348116262472
862 17.261562384342287
863 17.502209695444726
864 17.934207696709763
865 18.14118124612197
866 17.86447698112255
867 18.050622127802775
868 17.847787087644583
869 18.602154933958
870 18.213659558414985
871 17.883950470198794
872 18.017770447808054
873 17.62138171629358
874 17.523652955110027
875 17.64000590566845
876 18.066149990144012
877 18.0335352734374
878 17.29466346162964
879 17.228261586000528
880 17.153501625741637
881 17.40903787534947
882 18.31474516092518
883 18.093042191731893
884 17.279334563840354
885 17.551072783034158
886 18.07363571751803
887 17.34752765235063
888 17.90310004982984
889 17.60220997992567
890 17.994812067696422
891 17.519849319164056
892 18.593471242011947
893 18.57978023612329
894 17.883742442180004
895 17.227577255263366
896 17.125194272344928
897 18.079387883242422
898 18.470839252882115
899 17.784915175647082
900 17.725291604751355
901 18.492478003832073
902 18.26371285586491
903 17.505216163204604
904 17.621184949774758
905 16.6985170716993
906 16.496859340849763
907 15.957257649932163
908 16.681468743133074
909 16.867312834510155
910 16.343027595700534
911 16.529458773170226
912 16.904198158273758
913 16.40676709186929
914 16.730884476240973
915 16.784753901180594
916 16.05999704410746
917 16.89900288063413
918 16.801564704808666
919 16.13895882351241
920 16.489322337636757
921 16.851961156789727
922 16.1397265352303
923 15.884810488948409
924 16.220268272262757
925 17.423124873102275
926 17.136406568309162
927 17.07145593029539
928 16.81345782147638
929 17.13013441428273
930 16.494577732583664
931 16.7041531934995
932 17.21263897941221
933 17.639721691605022
934 17.90761734587581
935 17.687366619748225
936 17.382598178441086
937 17.39964155779781
938 16.399104163603212
939 16.45749285837753
940 17.576615704092326
941 18.1401835058369
942 17.07398719998426
943 17.445664820302046
944 18.296301735215764
945 17.908437613592767
946 17.399685704870276
947 17.48509953989406
948 17.607663931607473
949 18.211474524224972
950 18.135380455017728
951 17.636220893807533
952 18.037929322339807
953 17.863835716498954
954 17.023415269094365
955 17.98151918087693
956 18.087697441987302
957 18.311608576587343
958 17.20010389730588
959 17.987344350697036
960 17.22031177752907
961 17.68297679000013
962 18.0441870355478
963 18.878293361646833
964 18.653898566768707
965 18.046943336132713
966 18.03824868733893
967 18.22978852800056
968 17.752029348815764
969 18.53507086831974
970 17.741044769049477
971 18.000812925842045
972 17.779338867274916
973 18.67120534843892
974 18.868026160873484
975 18.245466926731822
976 17.951007506047173
977 17.605370227544814
978 18.71310353877345
979 17.936311257660357
980 18.11178332451761
981 17.658138812267058
982 17.68466749860902
983 17.909072427043007
984 18.098036031051823
985 17.127875611907495
986 17.871758800876798
987 17.345215838013203
988 17.2755373997492
989 18.125466287072253
990 17.96385339940368
991 18.08371768176119
992 18.277775708343253
993 17.213567914635213
994 18.432654851836705
995 18.215777174498292
996 17.660080403100203
997 17.81037379881141
998 18.330076884594295
999 18.23708348632472
1000 18.024191429347777
1001 18.637118244805617
1002 18.198500523499344
1003 17.964382832939744
1004 18.24342687955836
1005 18.012352107381496
1006 18.396587143773576
1007 17.733990963569028
1008 17.815013051639323
1009 17.721375345649932
1010 18.315413694010886
1011 18.056868385296497
1012 18.854628497383754
1013 18.66749517433794
1014 17.57152226838513
1015 17.747091814759262
1016 17.894210225067454
1017 17.34555777922704
1018 17.905039812135804
1019 17.77843358209127
1020 17.56229624577392
1021 17.09455439753495
1022 17.7053272161911
1023 18.94268035602601
1024 17.698677115964912
1025 17.532281755187164
1026 17.1537711336618
1027 17.597488421413495
1028 17.776712441286236
1029 17.125099720796573
1030 17.362931536359262
1031 18.02698216331722
1032 18.155722597378094
1033 18.424983560493825
1034 17.59691691821001
1035 17.40886176517921
1036 17.73550724213709
1037 17.91062785545173
1038 18.04210000399444
1039 17.68044087056856
1040 18.645612949879045
1041 18.92082954485855
1042 18.2371985793841
1043 17.784142691235377
1044 17.36300736351594
1045 16.95709936913328
1046 17.624203939800772
1047 17.34863861409453
1048 16.809928677919846
1049 17.74454908804578
1050 17.465227911163772
1051 17.79781785047756
1052 16.761486299537314
1053 16.568633837433346
1054 16.315260986530436
1055 16.142515832208577
1056 16.624267258806
1057 16.314791424915192
1058 16.409204198508675
1059 15.170965257920777
1060 16.77541239296982
1061 17.24790823025185
1062 17.101369893998527
1063 16.536872705978357
1064 16.33372134179156
1065 17.405653481444773
1066 17.92306567355421
1067 17.123953595591367
1068 17.273347364399925
1069 16.258572418058645
1070 17.170864994840645
1071 17.175593097842828
1072 17.469770302376315
1073 16.978459937840118
1074 17.53317030556439
1075 17.339565479971107
1076 17.498227349708074
1077 17.488115792620047
1078 17.703975955205955
1079 17.04534275072879
1080 18.224792242932004
1081 17.4465451152362
1082 17.1876262532936
1083 17.209537949303073
1084 17.61506193493025
1085 16.751128818722623
1086 16.90403712765691
1087 17.782392494513036
1088 17.546888047896285
1089 16.53672981796883
1090 17.817028876823137
1091 16.930617114851263
1092 16.824602933320076
1093 17.150882135363887
1094 16.15412778307139
1095 16.09151829691025
1096 17.25870594164939
1097 17.04396101464487
1098 16.203798639253794
1099 16.511479774860586
1100 17.530818354824966
1101 16.68662712602155
1102 16.34683165908318
1103 16.273420584152827
1104 16.46056987445342
1105 16.65824411485992
1106 17.08007599894807
1107 16.708144351732752
1108 16.447107342872698
1109 16.766369548194337
1110 16.328341988300753
1111 16.41447083696473
1112 17.108797860595196
1113 16.73811296873663
1114 17.674945861290066
1115 17.076148836102075
1116 16.442480143959163
1117 17.25907706127288
1118 17.97482518265573
1119 17.329938703034717
1120 17.567811153239603
1121 18.02207621471199
1122 17.016706680236094
1123 17.471106613080813
1124 17.321835339234518
1125 17.967237303405632
1126 17.42750465281012
1127 17.279639782220805
1128 17.776856285505886
1129 16.611682964638206
1130 17.258265690701418
1131 17.6416673125746
1132 17.65899748851317
1133 17.571963379213237
1134 17.118559534144854
1135 17.2862837205939
1136 17.44732769965404
1137 18.03338127992257
1138 16.264949501331902
1139 17.68894448754035
1140 17.753073822274597
1141 18.06549825070654
1142 18.145745010486145
1143 17.622833148564762
1144 17.90082410641014
1145 18.382304249707694
1146 18.22691113715301
1147 17.49597964336417
1148 18.01154963038528
1149 17.177117359862056
1150 17.627230801738776
1151 19.049108621351646
1152 17.959243832557352
1153 17.901807065294438
1154 17.776927052995767
1155 17.438806112326454
1156 17.746267014617118
1157 17.709754145959263
1158 17.52523607241275
1159 17.190621984254417
1160 17.828436543800617
1161 18.03209598573823
1162 17.900094638118134
1163 18.131880034706654
1164 18.690465397644704
1165 17.316479196101124
1166 18.232051741723932
1167 18.633511943170955
1168 17.28108697215544
1169 18.33617239823195
1170 17.42969923985104
1171 17.402327709432143
1172 18.18913296518671
1173 18.511839936869745
1174 18.044983047111515
1175 17.500418729664194
1176 18.007559947188263
1177 17.91407805327604
1178 17.126140678005278
1179 17.91724433139998
1180 18.676009654751603
1181 18.345887436701943
1182 18.244943095626052
1183 17.995419688968056
1184 17.886840425894178
1185 17.889653081803193
1186 17.99061367459783
1187 17.589414757784102
1188 18.27870345165732
1189 17.914406224215817
1190 18.10708696128678
1191 17.38376043563666
1192 18.399035622563456
1193 17.878499516546473
1194 18.642803783846293
1195 18.319045882022213
1196 18.883359615494136
1197 18.10435506480588
1198 18.107463481238955
1199 18.166094341988714
1200 18.295341975009272
1201 18.066264589874326
1202 18.242323608740108
1203 18.977607652025455
1204 18.280898373139
1205 16.98786945218561
1206 17.442199196179647
1207 17.597569873022834
1208 17.765612785113987
1209 18.796475874343567
1210 17.879297447947657
1211 17.527615804440167
1212 17.800761490023344
1213 17.484034471409323
1214 17.765754585279385
1215 17.119804281158032
1216 17.788731317156802
1217 18.562780291050267
1218 17.68623915927102
1219 18.01261775732738
1220 18.33790149598925
1221 18.105506475358787
1222 18.332861062833747
1223 17.6325153290794
1224 19.005694252030395
1225 18.61422952632252
1226 17.916399954470556
1227 18.473601669758875
1228 18.04309857185348
1229 18.54687322702774
1230 17.740511435426505
1231 19.05729272688806
1232 17.804733021998803
1233 16.88397203269991
1234 17.695835701685837
1235 17.48255854032223
1236 18.281153970328276
1237 18.040740536473944
1238 17.2120297400925
1239 17.562967314798907
1240 18.685963815951204
1241 18.01197850352768
1242 18.713895821812915
1243 17.737038880641588
1244 18.270544640986227
1245 17.5216497728361
1246 17.453437939019736
1247 17.57312442795113
1248 17.098658897377902
1249 17.801262432851566
1250 17.93820040658532
1251 16.519822163152256
1252 16.986629000892158
1253 16.637593967949275
1254 17.60297537798526
1255 17.60640963949022
1256 17.59153757164575
1257 17.071993359896425
1258 18.076786224070617
1259 17.45063014555003
1260 17.380289219395554
1261 16.897558428632962
1262 17.99236753966271
1263 17.510859027228346
1264 17.28182811150467
1265 17.58908403146034
1266 17.276162567071157
1267 17.204837485698402
1268 17.405204083750668
1269 17.240630026102746
1270 18.317782963339507
1271 18.239144657134464
1272 16.327134494277388
1273 16.60730498589923
1274 17.560196659252515
1275 17.137653528440318
1276 18.00068818068132
1277 17.736978711380324
1278 17.912490187737024
1279 17.692782350531616
1280 17.99482251399177
1281 18.199861991362514
1282 18.481011463456664
1283 18.170850412678593
1284 18.122064759412567
1285 18.35644881955666
1286 18.466397417763808
1287 17.160512185581936
1288 17.887113326197444
1289 17.807837754722044
1290 17.896354180028737
1291 18.48465913167561
1292 18.413733826162613
1293 18.32998591181213
1294 17.535638673246364
1295 17.42258905112097
1296 18.32296249563679
1297 18.005155314841492
1298 17.615900783682548
1299 17.989558724442624
1300 18.60410459756609
1301 18.365083718449444
1302 19.000448373147595
1303 17.80871026952261
1304 18.00131237046688
1305 17.98317039254806
1306 17.68509824827191
1307 18.32283397557277
1308 17.7277782331483
1309 18.195339667147174
1310 17.949311144413116
1311 17.61612709483221
1312 17.325725944079313
1313 17.89566755092967
1314 18.7005423932841
1315 17.533398450137486
1316 17.727715128696918
1317 17.43253403606838
1318 18.34022703506324
1319 19.47423681959805
1320 19.111390825384294
1321 19.07286599254766
1322 18.212100114408223
1323 18.492753566825833
1324 17.383471442301502
1325 17.833651898211038
1326 18.02322801693372
1327 18.011511530142013
1328 17.94342025795717
1329 17.25783183487498
1330 17.260724507266243
1331 17.823971821894972
1332 18.060818175823904
1333 17.400577136593363
1334 17.534512194895377
1335 17.791652709553297
1336 17.41454347612813
1337 17.822720201734654
1338 18.22641619791066
1339 18.42831099341281
1340 17.859465665468477
1341 17.552310020528424
1342 18.572633352339665
1343 18.355168343352705
1344 18.362771618759638
1345 18.51807737383372
1346 18.502785313702322
1347 18.119089224508404
1348 17.831163155176533
1349 17.825000381474197
1350 18.339960900062493
1351 18.020331644239075
1352 17.361163388828157
1353 17.73671234116527
1354 17.982217194692463
1355 17.712693797437804
1356 17.226261649238733
1357 18.229170207334775
1358 18.64931911932095
1359 19.056913800533817
1360 18.36035541134615
1361 19.07958742697761
1362 18.907521479362078
1363 19.17249291491156
1364 17.559455357183566
1365 18.091263771793596
1366 18.25732525574191
1367 17.868303946514512
1368 17.18612119548947
1369 17.47828400357159
1370 18.32743108681944
1371 17.7077236157802
1372 16.702751303391317
1373 17.96794366403296
1374 17.125135582658874
1375 16.52120527108461
1376 16.955053538276584
1377 17.19032953487571
1378 16.97900275599692
1379 17.40540367544081
1380 16.578361401641434
1381 17.401236954197255
1382 17.028234415951005
1383 16.33919514247084
1384 17.014045286160517
1385 17.20887003921204
1386 16.38623221182047
1387 17.126699900231884
1388 16.637763338748513
1389 16.32920838991302
1390 17.223322271121702
1391 16.941542699642664
1392 16.63030413398912
1393 17.087740685265175
1394 17.446900715152506
1395 17.642266578144422
1396 16.845687649596798
1397 16.322070521359986
1398 17.303880354995954
1399 17.123627505023297
1400 17.06598621461441
1401 17.859651248234066
1402 17.610306426284172
1403 17.389337621915956
1404 16.208628897263758
1405 17.722068761721914
1406 17.723142504221183
1407 16.669078393519595
1408 17.0087211684513
1409 16.134523878247258
1410 16.875601241028377
1411 18.213496503452475
1412 17.21670725766435
1413 16.739781899460976
1414 17.08636889787593
1415 16.716710115028757
1416 16.102916779352014
1417 17.432098256417135
1418 17.796170915848688
1419 17.565449215504408
1420 16.966676783873112
1421 17.6297245919982
1422 17.834701416261993
1423 18.48913325952606
1424 17.596038335669743
1425 17.210686563014068
1426 16.81157959962308
1427 17.358995246751178
1428 17.15434234146971
1429 17.024835171623355
1430 17.234457301506502
1431 17.117805876134177
1432 16.54882053315706
1433 17.213549813244313
1434 16.30787774237714
1435 17.80070507266507
1436 17.378588140795873
1437 16.32142015229715
1438 17.194321409171028
1439 17.034109337687152
1440 17.290600557865535
1441 16.722660507957457
1442 16.360816467364792
1443 16.140947087437905
1444 17.041473068795366
1445 16.467280983061336
1446 16.97589486412555
1447 16.552834893154813
1448 16.189940146288198
1449 16.61292643873596
1450 16.545613154183933
1451 16.688518140793544
1452 16.700804402705266
1453 16.704287183300664
1454 17.653287308898516
1455 16.869893983409472
1456 16.645214683803395
1457 17.87049471534375
1458 17.217727746548807
1459 18.15345317175163
1460 17.532197866093718
1461 17.963143002998997
1462 17.9530479560496
1463 17.694354435043778
1464 18.088864770715595
1465 18.035242587272815
1466 17.498919285126178
1467 16.36967523265906
1468 16.963181458524232
1469 15.993903479591562
1470 16.19364538076933
1471 16.154773976200232
1472 16.905017042708057
1473 15.98710029952075
1474 16.567617570580538
1475 16.13968561311463
1476 16.405031909583823
1477 16.45464806844223
1478 16.22401300406289
1479 15.745670856386663
1480 16.295821557422254
1481 15.472720292618547
1482 16.080462368078525
1483 16.01214248242781
1484 15.611639534716861
1485 15.984739606190823
1486 16.175743206598597
1487 16.321393012860064
1488 15.834474172244603
1489 16.166540644894035
1490 16.125637947059467
1491 16.031180988168455
1492 16.70433536017531
1493 16.179155871483395
1494 16.90614411335983
1495 16.859602458873844
1496 16.59317936231725
1497 16.366962075017042
1498 15.41102178197395
1499 15.993598661433996
1500 15.845838852306455
1501 15.745274674821632
1502 15.875242482994878
1503 16.022779628593504
1504 16.050763014554946
1505 16.591328863916363
1506 17.858828273150063
1507 17.56608853133817
1508 17.633632831554674
1509 17.115655738955287
1510 16.217816536584884
1511 17.05169819884881
1512 16.598668107467113
1513 16.627462711956845
1514 17.846577369197544
1515 16.599306557955536
1516 16.16895260566482
1517 17.701489822564003
1518 16.976799373861898
1519 16.94267413207686
1520 16.99523442304714
1521 16.750556601510002
1522 16.53133362169431
1523 16.95859993300592
1524 16.34301942834566
1525 16.325036166063434
1526 16.069850919180126
1527 16.291951124509694
1528 17.11141175029238
1529 16.96836361500711
1530 17.256343319723147
1531 17.66579809175064
1532 16.618760733252874
1533 17.550798479735093
1534 18.086093038868704
1535 16.637752016150603
1536 18.18448074403115
1537 18.03085777800164
1538 18.115057529132354
1539 18.24330006576361
1540 17.473266403807468
1541 17.68644386278561
1542 16.950817850271978
1543 17.81522704913175
1544 17.750146873330625
1545 17.02932017928095
1546 17.88702258926756
1547 17.436946726180047
1548 17.889514730510644
1549 18.730388652117036
1550 18.496210704071693
1551 17.18084374531433
1552 18.127031481271434
1553 18.077622599495193
1554 17.132543788397093
1555 17.684057337243466
1556 16.989875868019656
1557 17.304748860362956
1558 16.942483347273996
1559 16.972698341703772
1560 17.686605886288906
1561 17.080844020199287
1562 16.931784473640878
1563 16.68481675103542
1564 17.107966341295985
1565 16.759627435214423
1566 17.59145613754329
1567 17.556374984904156
1568 16.970227666658698
1569 17.034013771622107
1570 16.67175488819858
1571 16.638164196884922
1572 16.2659055173297
1573 16.230770783868543
1574 17.163359723384964
1575 17.39925023626902
1576 16.865561898852604
1577 16.82312914937199
1578 17.259656903845638
1579 16.80710058077209
1580 16.396333195158455
1581 16.77401779931291
1582 16.644381706157652
1583 17.964528787711032
1584 17.816459077380983
1585 17.8548114429838
1586 16.92297058427972
1587 17.04821580869895
1588 17.09883249089375
1589 16.768554028854627
1590 17.459028280430477
1591 17.902628632637448
1592 18.092759201456975
1593 18.113059689684132
1594 18.05193164052428
1595 17.914919957988744
1596 17.519978695043722
1597 17.93586720781895
1598 17.512246906631873
1599 16.97640139620686
1600 16.56981329252849
1601 16.734476002369647
1602 17.51521045336797
1603 16.922761430307794
1604 17.175275492423935
1605 17.932870642838
1606 17.71407116866708
1607 17.565478925825893
1608 16.41478158497618
1609 17.158979636794015
1610 17.04456642619717
1611 17.316544485873642
1612 16.92881723226424
1613 17.282559409904728
1614 17.049369758147506
1615 17.86368640102639
1616 17.314270457074684
1617 16.77716319724796
1618 17.404102977464333
1619 17.68035328368259
1620 17.46997824784013
1621 17.711023049845444
1622 18.040461215523923
1623 18.191768607364168
1624 18.022756094976284
1625 16.995679984332003
1626 17.65940514811327
1627 18.468204417820242
1628 18.2045104179044
1629 19.14649643828669
1630 18.360748453944563
1631 19.100597051682403
1632 18.01165003292854
1633 18.295716519299873
1634 18.19161920859483
1635 16.76333970354133
1636 17.144901844458033
1637 16.75253942702117
1638 17.128924756347395
1639 16.59977317928282
1640 16.212963982249942
1641 16.98391426115153
1642 17.063699230740216
1643 17.165830960761582
1644 17.39350159855471
1645 17.57761757210855
1646 17.604285432680527
1647 17.537654209581323
1648 16.497845901272097
1649 17.534169624274885
1650 17.26871699664432
1651 17.470709553149675
1652 17.571078301986844
1653 17.257006064283072
1654 17.65658292463635
1655 17.8663129402195
1656 17.21104064821084
1657 18.52243041069417
1658 17.64271693102904
1659 18.1852015907767
1660 18.499721330357996
1661 18.170636824111188
1662 17.73806155384311
1663 17.031072828489656
1664 17.617507580639682
1665 18.021706178314233
1666 17.690325204535764
1667 16.81582002727735
1668 17.54438911062008
1669 18.532884446109822
1670 17.04420313106363
1671 17.20855066465642
1672 17.55766357630393
1673 18.64112701919014
1674 17.89023752728658
1675 17.762773874744802
1676 18.35972754350948
1677 17.994835249386757
1678 18.42056773128612
1679 17.90137496920381
1680 18.97126960435774
1681 17.89383652062247
1682 18.73426983297989
1683 17.76624510473183
1684 18.089356566552127
1685 17.8911517444771
1686 19.255741468067242
1687 17.99285597193424
1688 16.96872193178239
1689 18.25016682428378
1690 18.463561788562252
1691 18.404123842115922
1692 18.064484211537035
1693 18.226966935345654
1694 18.61068861701867
1695 17.70133264777432
1696 18.139493546241784
1697 16.534833079778316
1698 17.34875295083665
1699 16.65185761274944
1700 18.078318272369703
1701 17.342518292265794
1702 17.335073937637254
1703 17.314833169391058
1704 17.377873546304077
1705 17.977737426275084
1706 18.17593662598619
1707 17.01422171521471
1708 17.639144804629122
1709 17.75706144728251
1710 17.630729064045603
1711 17.913472142529493
1712 18.015126330449355
1713 17.296207266840582
1714 17.11850846432925
1715 18.050605300871585
1716 17.778949623899397
1717 17.55561055561718
1718 18.643581846715602
1719 17.883092410420726
1720 17.188636082389298
1721 18.573792210410595
1722 17.5320770323618
1723 17.777178532954213
1724 17.694222345657213
1725 17.726079212134138
1726 18.12320253038205
1727 17.574520120187984
1728 17.71723077608079
1729 16.621786750697975
1730 17.31626197626883
1731 17.470403243467924
1732 17.368494179179066
1733 17.793082861152183
1734 17.494211395397304
1735 17.795778375785478
1736 17.589635701564035
1737 17.514620035010278
1738 17.170221953399395
1739 17.522207814269773
1740 16.874826364844804
1741 17.147712357018886
1742 17.158348812376573
1743 17.312633086528855
1744 17.313805795661672
1745 17.789994147760382
1746 17.473826943399168
1747 17.8788028467301
1748 17.961809519285307
1749 17.954731990521278
1750 17.152641085709472
1751 17.90645310069762
1752 17.62975106802141
1753 18.082754247049163
1754 18.186168079876595
1755 17.49127077953411
1756 18.068656147812796
1757 17.295186532640024
1758 17.233856728844998
1759 16.907380325551024
1760 16.244944242978292
1761 16.877181582153533
1762 17.564727232521818
1763 16.913695898306788
1764 17.47864216500041
1765 17.450170874507464
1766 16.94979848386708
1767 16.507861775667475
1768 16.959877072628434
1769 17.132146328732343
1770 17.26855032513416
1771 16.903509054744784
1772 16.948218242749984
1773 16.881984401339135
1774 17.146200170392152
1775 16.839130143859425
1776 16.570983024453575
1777 16.535428966650677
1778 16.779695416908172
1779 16.329221027586502
1780 16.17374443733595
1781 16.922923194480955
1782 18.035985575307148
1783 16.77794467229976
1784 17.116408681026357
1785 15.906577610970515
1786 15.9586096706669
1787 16.37611675748727
1788 16.563398308499927
1789 16.120615748191387
1790 16.221025400320247
1791 16.277805142216316
1792 16.37241203768953
1793 16.142617754850438
1794 16.525473447024066
1795 15.630637722469176
1796 17.02674613734584
1797 16.702364390883574
1798 16.808124518503742
1799 16.747528180679605
1800 16.364051800716204
1801 16.159015252993584
1802 16.724119216338806
1803 16.49128964337072
1804 16.361968460096342
1805 16.71537142228206
1806 16.75582199093947
1807 16.594473219680424
1808 16.384261550434534
1809 16.33309720357312
1810 15.96760776136386
1811 16.208290754068518
1812 15.729016387726892
1813 16.203698946794457
1814 16.570762819197263
1815 16.480671991106387
1816 16.05072115840256
1817 16.46895922369768
1818 16.807344838222043
1819 16.636389063176033
1820 16.032452278306277
1821 16.346995395323827
1822 16.17945612358087
1823 16.262859556864246
1824 15.722360905794796
1825 16.11780489404341
1826 16.220526024416905
1827 15.868784499472696
1828 15.419670366048189
1829 15.739093241392386
1830 16.620557316333574
1831 16.623927774675657
1832 16.103694630885734
1833 16.063266656245474
1834 16.329120126203435
1835 16.14685775250595
1836 17.172649871865254
1837 16.64704147896516
1838 16.946227861654382
1839 16.827562258678878
1840 16.945061592295367
1841 16.386804140603008
1842 17.005813415824004
1843 17.19524843833501
1844 17.139520430792246
1845 17.027590770383494
1846 17.32544672046126
1847 16.56544143221582
1848 17.1982277092745
1849 16.857956193169162
1850 16.552206424296582
1851 16.339454647206992
1852 16.630078672843755
1853 16.722588452943405
1854 16.454509846732915
1855 15.842787982172274
1856 15.923226249076233
1857 15.620470826331156
1858 16.18336194881682
1859 16.210807206519714
1860 16.7748991680931
1861 16.15540678445441
1862 16.17096984709621
1863 16.338070651726778
1864 15.852359686039701
1865 16.307384982331538
1866 16.120317391973998
1867 16.17643551083782
1868 16.279944319376053
1869 16.430966940810833
1870 16.30547882525191
1871 16.49475282803642
1872 16.50034857922994
1873 15.757754879932019
1874 16.263588651279264
1875 16.285477220013842
1876 16.424294907016805
1877 16.23839078022848
1878 16.82450755685285
1879 16.228548472686953
1880 16.48543918443395
1881 16.568316620418695
1882 16.38303565823855
1883 16.214400306689264
1884 16.68626661261127
1885 17.103555642090914
1886 16.698019032757003
1887 17.152701671124902
1888 16.57036723273047
1889 16.432379686701335
1890 16.76268760797209
1891 16.813972062880417
1892 17.21840808666405
1893 16.692650696590967
1894 16.403519358811153
1895 16.949994959837028
1896 17.06759536864933
1897 17.296841517363703
1898 17.030904201402464
1899 16.89147201802962
1900 17.866456279626476
1901 17.02416590881262
1902 17.24724728499935
1903 17.201546693767757
1904 17.315512356111995
1905 17.265030003443744
1906 17.500282422152992
1907 16.6835041436296
1908 16.84582716325197
1909 16.923563322165986
1910 16.68762294677852
1911 16.673484267468606
1912 16.52694000567946
1913 17.201090793581304
1914 17.184678580153314
1915 17.090568534288156
1916 16.588021574640806
1917 16.584874536946085
1918 16.865624253842476
1919 16.508777631968446
1920 16.7407093293525
1921 16.93033082540968
1922 16.784762582339415
1923 16.70146929787625
1924 15.591778304957684
1925 17.154541763440626
1926 16.80637405521596
1927 16.3751584002495
1928 16.795175257699427
1929 16.320801307170065
1930 16.546932242208044
1931 16.615428990397287
1932 17.282844211090794
1933 16.389210046827216
1934 16.33143281993663
1935 15.747590049872949
1936 16.070719921623624
1937 16.211955194936728
1938 16.122836203099606
1939 15.418426775241047
1940 16.53129186524626
1941 16.77127134654911
1942 16.729497316873005
1943 16.586779824675226
1944 16.424556377272523
1945 17.062829690412066
1946 16.63290206316003
1947 16.855570638877747
1948 16.779874986291645
1949 16.874583539969894
1950 17.006658342753973
1951 16.426089322104982
1952 16.44631405899213
1953 16.67001186611919
1954 16.55660436915588
1955 16.19751702214616
1956 16.578171092727555
1957 16.03812900720721
1958 16.22381657402368
1959 16.411782421324602
1960 15.692024088820709
1961 16.37796956625661
1962 15.816289241414296
1963 17.293669970793502
1964 16.444824842422474
1965 16.360883700782914
1966 16.43032785754532
1967 16.727017032751988
1968 16.617682589508092
1969 16.154889671375166
1970 16.350229741272102
1971 16.351498447860674
1972 16.01978728735008
1973 15.539930843864452
1974 16.40466043493528
1975 16.89277133716171
1976 16.164914014632483
1977 15.782096672523487
1978 16.514238537877414
1979 15.862042902173783
1980 16.238558076276664
1981 15.06563064075462
1982 15.713859095428706
1983 15.762436375416582
1984 15.763557985932675
1985 15.734754780288396
1986 16.024733138091936
1987 16.753417533882963
1988 16.367893007003616
1989 16.06454674981351
1990 16.74671439526151
1991 16.930709900659203
1992 16.95700693100194
1993 16.569041993173283
1994 16.959446833936013
1995 16.578356697591843
1996 16.5347074694232
1997 16.65837448539863
1998 16.76681275186331
1999 16.012726750177155
2000 16.79980505289746
2001 16.525042455523106
2002 17.112273549343687
2003 16.88173260782822
2004 16.01871886208727
2005 15.612219246041947
2006 16.54520110301824
2007 16.404992293855543
2008 15.803261082898091
2009 16.571397439208543
2010 16.21564781894047
2011 15.49810170346988
2012 15.925872458858908
2013 15.906639035522632
2014 16.365728367513405
2015 16.16249530952032
2016 16.151819351416655
2017 16.568130928696192
2018 16.729180388561723
2019 16.335020660073983
2020 16.65049528949911
2021 16.35116442519609
2022 17.769678054797563
2023 16.401548195593843
2024 16.82507775165422
2025 16.088276287929293
2026 16.4383529347395
2027 16.428215359369307
2028 16.5594711100537
2029 16.696522008678862
2030 17.163561606632705
2031 16.633777117355102
2032 16.773435780667935
2033 17.33423143009941
2034 16.05797983602834
2035 16.32726931480582
2036 17.152423823902456
2037 17.554787603112697
2038 17.31396274805183
2039 17.973902601524433
2040 16.913590322879447
2041 17.990134533905806
2042 16.458017122949425
2043 17.27329930996978
2044 17.526676447091198
2045 16.391666407177524
2046 16.633178131569178
2047 16.326014021090064
2048 16.55861551837649
2049 16.322995262041797
2050 16.004179008258376
2051 16.70267712802808
2052 16.8660601082039
2053 16.410793167666096
2054 17.04775073543238
2055 17.346479694399076
2056 16.689708414990136
2057 16.299499057942754
2058 15.994267261245568
2059 16.455160465200834
2060 17.16143839670419
2061 17.07363983832636
2062 17.362597811496446
2063 16.56082564892165
2064 16.351103920609084
2065 17.312091929933384
2066 17.232582133845764
2067 16.359785320431836
2068 16.328630646201866
2069 17.703726754500014
2070 16.955712024403397
2071 17.13828034309357
2072 17.481119536380767
2073 16.978931659643056
2074 16.753125005648617
2075 16.202788090421176
2076 16.975406626371324
2077 16.75033060237777
2078 18.038567146246816
2079 18.373540057092946
2080 16.555301594783547
2081 16.075136459033715
2082 16.658490778640896
2083 16.633179697431764
2084 16.501067709478193
2085 16.54514210902127
2086 15.940414776399779
2087 16.034288845743696
2088 15.960870125364659
2089 16.349158853373694
2090 15.871517933815264
2091 15.51496824173346
2092 15.363480978725978
2093 15.55013476878058
2094 14.989680045050505
2095 16.25775549541684
2096 15.36469362337476
2097 16.021324745960225
2098 16.493464591483484
2099 16.134152788384064
2100 16.087142314328037
2101 16.328442048150134
2102 14.220231882237272
2103 15.012974646589488
2104 15.632737384894396
2105 14.867800203953406
2106 15.349299487377273
2107 15.673179928622089
2108 15.497472325129468
2109 15.06947412942991
2110 15.636924968295183
2111 16.194680004867763
2112 15.265314830247416
2113 15.229631579825833
2114 15.040169261266565
2115 14.568407511972788
2116 15.321224589310475
2117 14.560215236995784
2118 14.040096826804087
2119 14.325447192256371
2120 14.630452267864863
2121 14.385813608079122
2122 14.57524147566966
2123 14.036615671847906
2124 13.771658139038843
2125 13.66786074181244
2126 14.609558638349524
2127 14.197065528410356
2128 13.775312592203672
2129 14.670333668723517
2130 14.076757168536545
2131 14.362802941016886
2132 14.053339177205014
2133 14.225588803102521
2134 14.988606180991619
2135 15.015940198179567
2136 14.378797203067544
2137 14.94789320478722
2138 14.543521933146033
2139 14.19899216006321
2140 14.03729874385966
2141 14.468010594596093
2142 13.898717456185183
2143 14.05955463252707
2144 14.174889910135967
2145 14.418751496507719
2146 14.846995038594704
2147 14.852512974005236
2148 14.563205671028387
2149 13.70858975313866
2150 14.02468048801101
2151 13.52635258969065
2152 13.984135463687887
2153 13.967305718007063
2154 14.548217842199877
2155 14.01813073964761
2156 13.776834712014267
2157 14.059789411370533
2158 13.872134142299153
2159 13.860774059575837
2160 14.869948681178352
2161 14.295849634307542
2162 14.669341213798122
2163 14.166172424136242
2164 14.021617438255154
2165 14.337734465133739
2166 14.54344895925397
2167 14.639658369795498
2168 13.373187400344344
2169 13.855148024264686
2170 13.65500141494683
2171 13.324198266559788
2172 13.15302866930682
2173 13.529844522327972
2174 12.41398041226252
2175 13.775069958984007
2176 13.481716278450662
2177 13.64849074103758
2178 14.363624268233265
2179 13.721480936374464
2180 13.287470996898987
2181 13.975729443152687
2182 14.125244289607508
2183 14.33490365229969
2184 14.090131420591002
2185 14.641814621354625
2186 15.158157745747774
2187 14.747091092534056
2188 14.30883308147829
2189 14.366394078458994
2190 14.380625671820798
2191 13.740299090270028
2192 13.90701797641531
2193 14.372659060451326
2194 14.696218347631827
2195 14.826137961308264
2196 14.366388825599625
2197 14.868878220503666
2198 14.57721910243576
2199 14.830369575685312
2200 14.10491753137778
2201 14.227711262098575
2202 14.771635882552042
2203 13.611052350856225
2204 14.20179679344384
2205 14.377928293055463
2206 14.441428984931425
2207 14.536896615809619
2208 13.940823522010989
2209 14.65952636356242
2210 14.182656070049147
2211 14.500534111619489
2212 14.96379280665943
2213 14.621617552065473
2214 14.205655063896835
2215 14.518040874382763
2216 14.958088504114816
2217 14.555645657056557
2218 13.231908526794589
2219 13.859448784099818
2220 13.399346083153663
2221 13.996937940193279
2222 13.332092208969064
2223 13.909194440770749
2224 12.957543109911551
2225 13.580554889774122
2226 13.930929107549515
2227 13.99202649113097
2228 13.64547754029116
2229 14.310494201945177
2230 13.777272316410496
2231 14.028977876459427
2232 14.223338176353156
2233 15.135065083791844
2234 14.82131719296821
2235 14.184464052410261
2236 14.923496312654292
2237 14.446014172946514
2238 14.09205658787714
2239 14.937231120535012
2240 14.70643211566475
2241 14.228918729496534
2242 14.430005529043068
2243 14.422758065969404
2244 14.669911622592426
2245 15.256024614973846
2246 14.510353704564956
2247 14.672661269942305
2248 15.72634333747852
2249 14.576445712513134
2250 15.214618714418805
2251 14.09097889230365
2252 13.6428553349979
2253 13.837996219694698
2254 13.941083028133335
2255 14.39860797508885
2256 14.053434532899688
2257 14.07094930728239
2258 14.58769754405058
2259 15.622117678661725
2260 14.014271257314494
2261 13.712434396115706
2262 14.977090744981533
2263 13.09719334571587
2264 13.21923135332418
2265 13.9494855326171
2266 13.621067523308476
2267 13.711153486024143
2268 13.774814187110845
2269 14.611230045185666
2270 13.498178151615397
2271 13.714830849516186
2272 13.677026482433776
2273 13.73319006901317
2274 13.694433781494526
2275 14.149573503856915
2276 14.847997306667743
2277 13.671207016277375
2278 14.085014730113842
2279 14.174562062792775
2280 14.744096542524272
2281 13.957249742398258
2282 15.202192617014422
2283 14.100099201113109
2284 14.053636455011631
2285 14.741228550296052
2286 13.251206803898247
2287 13.502180779088237
2288 14.36718535434455
2289 13.837488661057558
2290 14.477040121669456
2291 14.219861535044812
2292 14.336345548406436
2293 14.792547565376758
2294 14.32232553673577
2295 14.089424704534716
2296 14.249509379780154
2297 13.870388101811123
2298 14.912974015915621
2299 14.205306918111669
2300 14.553523053372679
2301 14.012531501178412
2302 14.249233411121923
2303 14.415684056460712
2304 14.016626639557343
2305 14.362441718485217
2306 13.273779199538504
2307 13.968194578448085
2308 14.086356454237533
2309 13.995136572173324
2310 13.461677116632965
2311 13.95556378386553
2312 13.8660410793966
2313 14.812766023955282
2314 14.591926140366551
2315 14.236348603978806
2316 14.197814720905198
2317 15.11437522748778
2318 14.590810177085283
2319 14.76953186905264
2320 15.24375803847024
2321 14.135828583406441
2322 13.875353930907405
2323 14.891034112385546
2324 14.899752890455392
2325 13.431349604670224
2326 14.061858632285475
2327 14.264959259378259
2328 15.16179871784363
2329 14.912809872401148
2330 14.91862952215908
2331 14.69398822702302
2332 13.680729911767523
2333 14.178536111446197
2334 14.995996913143099
2335 14.921203404093525
2336 14.612604977569513
2337 14.759888543062543
2338 15.710326366670321
2339 14.269547113463021
2340 14.60225129062664
2341 14.597443539952575
2342 14.60573213711763
2343 14.806753285201708
2344 14.543151415280187
2345 14.823838950150114
2346 13.823988023601968
2347 14.137655925617441
2348 15.161436325323237
2349 15.063684035612456
2350 15.029197199625477
2351 14.638653938297912
2352 14.65371514886036
2353 15.559463462774392
2354 15.286938609826848
2355 14.453680052239125
2356 15.09900006269681
2357 15.13344582152801
2358 15.33068150559226
2359 15.137899808798597
2360 15.578698014544399
2361 16.020335211652192
2362 15.473928574038695
2363 15.171064453610432
2364 15.782346540390774
2365 15.222772240676354
2366 15.128849345855743
2367 14.729390038158481
2368 14.920968011245524
2369 14.82842915816397
2370 14.554767985084691
2371 15.402734483723727
2372 14.748253263684107
2373 15.239031039775709
2374 14.794149891301975
2375 15.095820565238142
2376 14.481303759131947
2377 14.937194151217874
2378 15.06842257653379
2379 14.356750460077112
2380 14.248383597334225
2381 14.852756784344404
2382 14.567423122844948
2383 14.852111996857776
2384 14.497614823206879
2385 14.561456833600833
2386 14.868282475871183
2387 14.164428718131049
2388 14.695398115999451
2389 13.861530810121572
2390 14.070955018044438
2391 14.05045773273573
2392 14.307370494107024
2393 14.152076182924732
2394 14.74954502121443
2395 14.507410030261953
2396 14.240261324789994
2397 14.674674584417986
2398 15.388791033672254
2399 13.75784283418589
2400 14.179130722222567
2401 14.415395522705444
2402 14.369441982422858
2403 13.82790934948585
2404 13.850314859221664
2405 14.19768056322845
2406 13.975722921881273
2407 14.144793717702079
2408 13.724151197536358
2409 13.516748811630059
2410 13.488948734422465
2411 14.167703454583373
2412 14.373446566782903
2413 13.80932439904952
2414 14.10482308922004
2415 13.952531103774797
2416 13.639137249241209
2417 14.831873034287616
2418 13.390779385310909
2419 14.300396231970094
2420 14.490164359157719
2421 14.230122653566958
2422 14.27708768568161
2423 13.76421674752685
2424 14.688727745186586
2425 13.56028184326318
2426 14.481741923492272
2427 13.595636039871318
2428 14.34253516519484
2429 13.171090743683298
2430 14.32173014479714
2431 13.9452145979538
2432 13.744004409308634
2433 13.672224712977407
2434 13.375876482266323
2435 13.399475696613488
2436 13.726931619834517
2437 14.002564795447121
2438 13.25892690254972
2439 13.990500367732453
2440 13.70037439826135
2441 13.821897936543243
2442 13.554162181510737
2443 13.540933462498925
2444 14.052358872720172
2445 13.720063320381493
2446 13.409193884540985
2447 13.457026021281141
2448 14.547746451913564
2449 13.57152906801585
2450 13.749398561627151
2451 14.585219716758935
2452 14.356717459712822
2453 13.447604074648437
2454 14.521900956844576
2455 13.487282503545162
2456 13.690971996385537
2457 13.842176126041167
2458 14.023091509412199
2459 14.523504193878086
2460 14.120943446542686
2461 14.045279746796686
2462 14.514035975048952
2463 13.879490791754522
2464 14.427378678338634
2465 14.974735416318955
2466 14.375090633801177
2467 14.128771083655785
2468 14.638078814438398
2469 14.145179420632852
2470 13.957689038798497
2471 13.788757832733836
2472 13.991315457546477
2473 14.616558141175737
2474 14.938650727323028
2475 13.893745012874373
2476 14.016126526189439
2477 14.677460555364638
2478 14.2653277962296
2479 14.360079187746765
2480 14.6392714667556
2481 14.721219265763093
2482 14.876569963919842
2483 15.26199933687536
2484 15.209076277105845
2485 14.763841313832783
2486 14.67963875558746
2487 14.688080957629825
2488 14.791932375495811
2489 15.177206160805474
2490 14.841700783596275
2491 14.161500792689536
2492 14.600682367423627
2493 14.801396207770498
2494 14.290327697756721
2495 14.7249199963047
2496 14.163292461281232
2497 14.595480448202496
2498 14.154653404200946
2499 14.586582220828394
2500 14.398727792920733
2501 14.10493758324596
2502 13.89321172870567
2503 14.056031698429958
2504 14.629933830999228
2505 15.195223432931419
2506 15.003108966365149
2507 13.89666963657864
2508 14.586716432132787
2509 14.343525655763136
2510 14.453451393927955
2511 15.01109376310366
2512 14.312387630333033
2513 15.028076523707771
2514 14.71539017057258
2515 15.00392716703718
2516 15.323958148931197
2517 14.703125728963283
2518 14.430497046397754
2519 14.579704692456886
2520 14.674431991479848
2521 14.378841325111457
2522 14.728677525630882
2523 13.957995638159725
2524 13.881573302654374
2525 15.227961925260566
2526 14.038379597435384
2527 14.200869459559211
2528 14.234593460446444
2529 14.671616955005543
2530 14.29096355091216
2531 15.057509537303225
2532 15.430832846933548
2533 15.120158907781168
2534 16.069897078041844
2535 15.876005556752903
2536 16.085155219347246
2537 15.524321602153384
2538 15.3834607170219
2539 15.654930073241143
2540 15.45175137566042
2541 14.95043122228265
2542 15.203515799437518
2543 15.011397942736265
2544 15.8353493856291
2545 14.858680494185583
2546 15.101866037920542
2547 15.190814511015677
2548 15.726404974566188
2549 16.172930730870192
2550 15.254254372673202
2551 15.97480818785776
2552 15.196227338406478
2553 15.541367415491182
2554 15.315165978820977
2555 16.211775760543542
2556 15.35036052722255
2557 15.724513668188811
2558 14.78947876671454
2559 15.241003506114254
2560 15.256045558058696
2561 14.736763555481176
2562 14.928607012360636
2563 15.744316966446807
2564 15.45457829316668
2565 15.726040749864865
2566 16.062139197315204
2567 15.329552252048453
2568 15.220845784328327
2569 14.885856236327179
2570 15.261527314237274
2571 15.589591265497397
2572 15.242186574110818
2573 15.609852859845232
2574 15.28086490880551
2575 14.94537884171729
2576 14.7471893887185
2577 14.94342265368392
2578 14.44089579315254
2579 15.427839981664963
2580 15.909110195419641
2581 15.936648606766354
2582 15.82289858021794
2583 15.832150960991282
2584 16.259721308451066
2585 16.21184282496007
2586 15.751729001601818
2587 15.664006610694496
2588 15.134857708470966
2589 15.62144952660755
2590 15.114756821331142
2591 14.78860470490055
2592 15.32959937586785
2593 15.274028121328257
2594 15.624377706498343
2595 15.423857216174474
2596 15.08857062383415
2597 14.809230730038438
2598 13.951627291306275
2599 14.790157716972324
2600 14.952676887000537
2601 14.526736072419784
2602 15.26141997895154
2603 15.160523851073807
2604 15.029083308489898
2605 14.642938435427409
2606 15.076322383118612
2607 14.835005857015519
2608 14.774026774132901
2609 14.658728292827435
2610 14.007397732649798
2611 14.396888112230076
2612 14.903121638167018
2613 15.232301639438015
2614 15.909968586404133
2615 14.958965279441092
2616 14.818027851514488
2617 15.538402258560472
2618 15.323577494259256
2619 15.774705705454416
2620 14.656016252818624
2621 15.067853575937958
2622 14.802364696912345
2623 14.398980185573448
2624 14.735218562055735
2625 14.196634236295859
2626 14.936732884249713
2627 15.137403703231849
2628 15.667769955485905
2629 15.391765887629488
2630 15.267125005811035
2631 14.920531374957132
2632 14.865135355242657
2633 15.739834923687464
2634 15.580661243577557
2635 14.973017217661905
2636 15.545239941820547
2637 15.801827541892067
2638 15.94333514604891
2639 15.453545169385922
2640 14.902405345230868
2641 14.95317294723973
2642 14.899915093565893
2643 16.090962054686607
2644 16.862875250660228
2645 17.169843737434093
2646 16.885392738356853
2647 17.212213685870495
2648 17.164277612834432
2649 16.087571763754365
2650 16.158121605066484
2651 16.45597063410141
2652 16.276288906335
2653 15.81995896038498
2654 15.285351183553491
2655 15.695248384462367
2656 15.520264782259261
2657 16.136466226235083
2658 15.305396762440896
2659 15.009758877676347
2660 15.237354955049605
2661 15.159726069994113
2662 15.645852795705018
2663 15.572707592881674
2664 16.203315660870736
2665 15.630038098842288
2666 14.822002413302036
2667 15.652503440403132
2668 15.11436424331864
2669 15.89590368852524
2670 14.26903546758428
2671 15.209251197218423
2672 15.212894287742053
2673 15.147938810646536
2674 15.156842939274838
2675 15.31925303442413
2676 15.286610075652815
2677 14.94384602463572
2678 15.965193602177507
2679 15.129919506789914
2680 15.629239935883978
2681 14.796492051130654
2682 15.319415065582614
2683 15.069156054714778
2684 15.6419731159073
2685 15.660410971944842
2686 15.316163380856697
2687 15.490219885409983
2688 15.971619592280565
2689 15.27495909383687
2690 16.268832770760245
2691 15.444289358151007
2692 14.889815138684634
2693 15.327247545106047
2694 15.073822675254183
2695 14.70793354906101
2696 15.023979286278506
2697 14.44666840917917
2698 14.488651826291107
2699 14.74639219149449
2700 14.51267785735532
2701 14.634166928743081
2702 14.776233907274326
2703 15.021010883187255
2704 14.391069505754333
2705 15.886578601547905
2706 15.202504502778867
2707 15.555728816347766
2708 15.205419755257372
2709 14.728284187704043
2710 14.379281563191604
2711 15.142581781688634
2712 13.562142554461191
2713 14.494159206001433
2714 14.967540180609744
2715 14.712642980891962
2716 14.57166510956687
2717 14.353283693099094
2718 14.947488053608577
2719 14.66425329938878
2720 14.11316943362541
2721 15.151600334410185
2722 15.006509834128362
2723 14.493901888999455
2724 15.041449073285584
2725 14.768017551734768
2726 14.89950498104003
2727 14.560149088185195
2728 14.53587283829591
2729 14.170096763337511
2730 14.732584647954726
2731 14.135869039165218
2732 14.978489327801888
2733 15.073154763349693
2734 14.799279205332796
2735 15.080201682549353
2736 15.446895393587237
2737 14.543036933579874
2738 15.328036222230452
2739 15.005553859963628
2740 15.525983084934559
2741 15.074628973552151
2742 15.732830888865182
2743 15.827482765628366
2744 15.251712251784307
2745 15.590321965884351
2746 14.749934084946254
2747 15.194527194964762
2748 15.053461614543318
2749 15.136689162167404
2750 15.171325492170295
2751 15.433406699474029
2752 14.891662681392365
2753 15.108174741504873
2754 14.935463080776175
2755 14.333116160598749
2756 14.793560194044678
2757 14.44343344364847
2758 14.9261335902931
2759 14.779738662965324
2760 14.781281496232305
2761 14.706845586769532
2762 14.559950825279303
2763 15.643546144089242
2764 14.69947321230274
2765 14.277627407393416
2766 14.772304671361207
2767 14.996453290453331
2768 15.094824268559321
2769 15.345006701823658
2770 15.415914250073019
2771 15.317278786334962
2772 15.190240735824737
2773 15.224181408360177
2774 15.468120374296054
2775 15.586329544290189
2776 15.578421440108949
2777 14.421114676696522
2778 14.943177387436949
2779 14.7633603026092
2780 15.146161268967502
2781 13.990348403475585
2782 14.299210823779115
2783 14.026968148245263
2784 14.617850738750539
2785 14.604628283056929
2786 14.486056333554403
2787 14.782725162703594
2788 14.524782926295323
2789 14.63102350768314
2790 14.553059983106778
2791 15.14379797270778
2792 14.731059305936846
2793 14.797573689906313
2794 14.373198283229357
2795 14.517411440637966
2796 14.871864714895967
2797 14.975939545090716
2798 13.999982736504577
2799 14.617565910347713
2800 15.021608078778092
2801 14.914891269374118
2802 15.244107041298902
2803 14.922651063609154
2804 14.866684538924789
2805 15.311238981848522
2806 14.150954798752034
2807 14.584638908625504
2808 14.777331763697365
2809 14.444259018148019
2810 15.017996293835932
2811 14.421425210974732
2812 14.789585666876896
2813 14.046396101726462
2814 14.330927818017585
2815 14.07707380481358
2816 14.471237152938269
2817 14.562635196353101
2818 14.801474126190236
2819 15.007687964095961
2820 14.971292745529917
2821 14.365292113885756
2822 14.206062469197828
2823 14.2131919574884
2824 13.960797408718985
2825 14.067051402522786
2826 14.449302169069105
2827 14.783535224646403
2828 14.54352079993628
2829 15.019239735267607
2830 14.274211532865335
2831 14.283932693396334
2832 14.119011751843203
2833 15.093375656779155
2834 14.724377873751411
2835 15.27728747221254
2836 15.080486745586365
2837 14.923776079537916
2838 15.938102984154622
2839 15.573053534980572
2840 15.76339067899702
2841 15.33156739156966
2842 14.721201544866826
2843 14.191310568898478
2844 15.425763979919873
2845 15.619612772139611
2846 14.344177472765763
2847 14.285577314313684
2848 15.056402230454074
2849 15.811539872003975
2850 16.039820785421046
2851 14.816914864509394
2852 15.348607956339565
2853 14.000502461331903
2854 15.261624973527855
2855 13.513978960481792
2856 13.613234252218234
2857 14.47755339691824
2858 14.18355300660795
2859 13.921666981769036
2860 14.541222266817272
2861 14.362393842949738
2862 14.70283989645106
2863 14.253030082633769
2864 14.264035088438721
2865 14.196199645103135
2866 14.180683961994761
2867 13.782718867324546
2868 14.095169190851802
2869 13.788231200768182
2870 14.796288837284942
2871 14.391959169399952
2872 14.125882871676707
2873 14.60569767580961
2874 14.422893170778769
2875 14.793495226821559
2876 15.024963266246232
2877 14.189065984873773
2878 14.277061811990425
2879 14.710039422688867
2880 14.465086675856318
2881 14.475106343612188
2882 15.0268309473604
2883 14.235162787943732
2884 14.483435477835483
2885 14.741514266799637
2886 14.457850679653674
2887 14.437953937244371
2888 14.119401833238832
2889 13.937327557274251
2890 15.015706639442422
2891 13.996320638796652
2892 14.89863435195652
2893 15.018086062489944
2894 14.705818468998743
2895 14.338476459011538
2896 14.84569955522596
2897 14.426753295297996
2898 14.517488179199443
2899 15.229026527549173
2900 14.601075860381338
2901 13.980431540956275
2902 13.437423294716403
2903 15.11066396589677
2904 14.36959456974485
2905 14.200591010178634
2906 14.34076175307917
2907 13.62497278640695
2908 15.151002362622819
2909 15.384924453488473
2910 15.230874086042894
2911 14.802393705383574
2912 14.942744847547784
2913 15.231560863594135
2914 15.226877978921568
2915 15.114580688246832
2916 15.406682894580456
2917 14.516182680885096
2918 15.384535866166608
2919 15.589306975501959
2920 14.36571108501379
2921 14.717159166933438
2922 15.083216757525296
2923 14.976426668568308
2924 14.186689920397939
2925 15.020956653733649
2926 15.173831950708452
2927 14.9118818083234
2928 14.632064345807702
2929 14.703737073901364
2930 14.0494129707495
2931 14.393189260197897
2932 14.459362967016324
2933 13.846892555896005
2934 15.194233960130973
2935 14.697218316856075
2936 14.89697834694347
2937 15.640144721997626
2938 15.677553138167331
2939 14.869352716582194
2940 13.598255220689499
2941 14.180635635021309
2942 14.260119982308282
2943 14.31205764039367
2944 14.156772403583586
2945 14.539510133264642
2946 15.08595374499799
2947 14.619799913306
2948 15.093693522272241
2949 13.957220644361028
2950 14.04130290181691
2951 14.94336723950257
2952 14.433828497385347
2953 14.692558838950028
2954 14.166570535475104
2955 15.71935627979474
2956 16.151048062530865
2957 15.617551464936643
2958 15.526945073183207
2959 15.1463239279778
2960 14.980773625773265
2961 14.807495870204043
2962 14.826676902805627
2963 16.136316289563112
2964 15.911453297384904
2965 16.12665249137312
2966 15.957634444744565
2967 15.182253828382503
2968 14.96666189775636
2969 15.96854434604637
2970 15.433811132692432
2971 15.36296950534533
2972 14.728475922156948
2973 15.59124073203553
2974 16.16100684697832
2975 15.644526168011401
2976 15.829873902593176
2977 15.474333245697737
2978 15.239384956658682
2979 15.637983672971822
2980 15.873364943992561
2981 15.23896990353945
2982 15.885198747280871
2983 16.17389127531497
2984 14.93830898186241
2985 14.769082015768397
2986 14.983091812787581
2987 14.99441122411001
2988 14.9631134922646
2989 14.601253441057246
2990 14.215902085597547
2991 14.829352202032373
2992 14.624602215283542
2993 15.264830766326954
2994 15.436200464443306
2995 15.190755618843006
2996 15.231233473571223
2997 15.0545775334296
2998 14.978909109022373
2999 14.891150855056008
3000 14.517350697015907
3001 14.88298875263789
3002 14.912580034270707
3003 14.436459532177231
3004 15.006639963981442
3005 13.849173572816136
3006 14.519432454694472
3007 14.411419285159255
3008 14.956709926921734
3009 15.491754404446883
3010 15.181773225123724
3011 14.280794856680433
3012 15.3496801527204
3013 14.701594679817191
3014 15.977617800982308
3015 15.523200359438217
3016 15.151067160145875
3017 15.028559273079008
3018 15.068214326559403
3019 14.759354630659146
3020 14.313070685989187
3021 14.157271102202884
3022 15.106411488844518
3023 15.044894777165725
3024 14.769001498070159
3025 15.09449726415013
3026 14.644444602882865
3027 14.659184464913494
3028 15.196750143043905
3029 14.696461549250868
3030 14.629266779144652
3031 14.599230877462679
3032 14.430467917026615
3033 14.96052392102377
3034 15.613907158710123
3035 15.738600248881019
3036 14.453096006685428
3037 14.543441675655398
3038 15.305693020481646
3039 15.110056387716845
3040 14.788246917881548
3041 16.017584020264792
3042 16.35730056047528
3043 15.964163801483593
3044 15.255264578758547
3045 15.159116682222354
3046 15.437537728644305
3047 16.087454039055487
3048 15.511768012184339
3049 15.863201410703516
3050 16.56957696996103
3051 15.32118444061071
3052 15.080396304309991
3053 15.718581310699363
3054 15.819023994740922
3055 15.674846006139383
3056 16.243804113487393
3057 16.555046826194076
3058 15.969362724528843
3059 16.455108230615917
3060 16.016349943509685
3061 15.792183322440478
3062 15.564721010124542
3063 16.04619915700699
3064 15.488055700643084
3065 15.667279541257466
3066 15.734682518313678
3067 17.591116524043965
3068 15.648087868874489
3069 15.3744861358759
3070 16.13353506415497
3071 15.713249073698421
3072 14.782418713791639
3073 15.214936321490647
3074 15.115064247972766
3075 14.050662212376993
3076 14.625979811487184
3077 14.947386974949422
3078 13.984524216371362
3079 13.74380498387802
3080 14.425121381850138
3081 14.329687150715156
3082 14.744881747287895
3083 15.640218668395438
3084 14.615505760857841
3085 14.999155172641075
3086 15.905601932807624
3087 14.758176625709153
3088 14.096460022727598
3089 14.388155616967786
3090 14.051408016579297
3091 15.632685164649997
3092 15.74802555837379
3093 14.712551095027317
3094 14.238472164832888
3095 15.501792174588067
3096 15.738797730906164
3097 14.534574867667338
3098 14.740640563651636
3099 15.504890756513296
3100 15.940401901641104
3101 15.07475272750632
3102 15.2728667425744
3103 15.230905869965783
3104 14.486438155784224
3105 15.743393575452414
3106 15.907834547581453
3107 15.398754419784522
3108 15.930203813137966
3109 17.232040017640887
3110 16.421457535630317
3111 16.84719403635344
3112 17.07242979946488
3113 15.651003782922803
3114 15.955531229254188
3115 16.6216222991856
3116 16.713938551026036
3117 15.164949662859915
3118 15.001594590366357
3119 15.433035218725882
3120 15.557927907892697
3121 15.959968996925467
3122 15.829745656094767
3123 15.29663891433597
3124 14.725640289785895
3125 15.686828356833816
3126 15.393161100222914
3127 15.567455765676684
3128 15.121923444988937
3129 15.621839746664284
3130 16.005494568092335
3131 15.755963341473404
3132 15.940934242215137
3133 14.871282677330198
3134 14.908064873884967
3135 15.832862611692732
3136 15.279738845272112
3137 14.988252760797193
3138 15.396028413504082
3139 15.70880740991709
3140 15.34990791668442
3141 15.760860728016905
3142 14.804602229686395
3143 15.522800343514891
3144 16.01472880624157
3145 15.227083667532783
3146 16.422208001744504
3147 15.921636386004016
3148 15.861845884130068
3149 15.57223000178679
3150 15.970509523404672
3151 15.682619583410629
3152 16.100289126144297
3153 15.907980334242353
3154 15.574272887982074
3155 16.380722803865385
3156 16.018930954318904
3157 15.843925452133117
3158 15.733578691390573
3159 15.601774268265167
3160 16.045862696351765
3161 16.205884595258016
3162 16.370715606904703
3163 16.712116556219957
3164 15.470956319751163
3165 15.950075630748161
3166 15.427235654096082
3167 15.421846047346335
3168 15.294050716438205
3169 15.62248599368342
3170 15.016069733589273
3171 15.585134258952419
3172 14.64542171106993
3173 14.909329257143037
3174 16.36134408741073
3175 14.727417997713438
3176 15.122434728803917
3177 14.571926242762686
3178 15.485885996969824
3179 15.061113567580506
3180 15.032703067233264
3181 15.765907649616198
3182 15.556770374206705
3183 15.226200049877631
3184 15.114355468442264
3185 15.522296265098387
3186 15.372401304050614
3187 15.249564427395118
3188 14.704115678890762
3189 16.143888855262997
3190 15.360749288008096
3191 14.42568086411125
3192 14.735073791679264
3193 14.021955536822192
3194 15.037001829704296
3195 14.635867063668465
3196 13.936282769513822
3197 14.263825199287853
3198 13.648588174919142
3199 15.038046049733776
3200 14.33732882918755
3201 13.645531402798367
3202 14.97306836046657
3203 14.549775070828558
3204 14.232279928505886
3205 14.78429691707501
3206 15.785154929338814
3207 15.326132955176258
3208 15.129462623408847
3209 15.690850097103176
3210 15.724859227057072
3211 16.00282171551496
3212 15.283659021847605
3213 15.144145922329377
3214 16.375931963653837
3215 14.577381977385434
3216 14.769505146121226
3217 15.035968207273076
3218 15.657497697261686
3219 14.815456621721712
3220 15.190143337322999
3221 15.20605902340591
3222 14.738870627559052
3223 15.351174476065305
3224 15.365267497672518
3225 15.678796904919107
3226 15.891540776648256
3227 15.35124537868756
3228 15.194039792888635
3229 15.555836466757961
3230 14.867260095634323
3231 15.610238697747752
3232 14.556292086164843
3233 15.161168042870544
3234 15.173278508860928
3235 15.607677181444913
3236 15.475019041188522
3237 15.725159754268534
3238 15.55041673375346
3239 14.914147857859188
3240 15.27598094436035
3241 14.335340360456813
3242 15.187966488218573
3243 15.806934048873288
3244 15.166163012570186
3245 15.111476846297643
3246 14.684588039718344
3247 15.564542130982712
3248 15.311563509919225
3249 14.818106260587177
3250 15.697132394131808
3251 14.643299377309374
3252 15.483470643415458
3253 16.16226662930839
3254 16.234616836297327
3255 15.519085295311484
3256 16.23211702243025
3257 14.807114020804022
3258 14.811712404450809
3259 15.270427587952447
3260 15.283181445528905
3261 14.596073554336348
3262 14.857927491794905
3263 14.781424015512494
3264 14.584770827765052
3265 15.234246756957216
3266 14.685264045255034
3267 13.984582020363531
3268 14.979311263715775
3269 15.561986933681151
3270 15.326057631884963
3271 15.54925887305101
3272 15.639634679831257
3273 15.706753163580695
3274 15.072987519302258
3275 15.211192315552879
3276 14.869716910673976
3277 14.656209097872386
3278 15.746178886550943
3279 15.80468543971292
3280 15.02845043785986
3281 15.663420057242742
3282 15.430533627301186
3283 15.286235931596435
3284 14.416886496154477
3285 14.572419655416631
3286 15.033365437316585
3287 13.95453918058218
3288 14.299363412929116
3289 15.3391956594384
3290 14.719393668998494
3291 15.169702442720167
3292 15.754229560838853
3293 15.069917485132148
3294 15.609860990816374
3295 15.783507827576075
3296 15.275065858266123
3297 15.096313765596785
3298 14.894888694653346
3299 14.64716655683303
