0 14.930743075945138
1 14.311019981458703
2 14.019572762365076
3 14.267157185040729
4 14.306711840688433
5 14.235360682952436
6 14.973107197202395
7 15.135138783578697
8 14.810591769322082
9 14.279482850075908
10 14.835743150348115
11 14.5910274524068
12 14.797725153039387
13 14.926417969058456
14 14.194555415087557
15 14.410965816435622
16 14.598030035861148
17 14.39709601285871
18 15.311096335309017
19 14.878808613996632
20 15.23319225080532
21 15.300864107130177
22 16.238686172133995
23 14.920675372357376
24 14.408325581138733
25 15.60034804282574
26 14.42499721247443
27 14.784548507806347
28 14.955248165691218
29 14.516769578347887
30 14.509905632928911
31 14.363848165851113
32 14.823992739927938
33 14.489728953612948
34 15.433129290973762
35 14.73759244963715
36 14.671902735891633
37 14.117066848288264
38 14.535744515331249
39 14.59082866917949
40 14.397576622596363
41 13.995522277278464
42 14.047223482918596
43 14.333823959512012
44 14.784791861416842
45 13.804110075791778
46 14.679708771144616
47 14.07607081099455
48 15.021647372913929
49 15.01289787175937
50 14.501628205989759
51 14.934957268444045
52 14.449053445174531
53 14.248144192431269
54 14.420156557666306
55 14.608213045194768
56 15.29973192517967
57 13.968927890220614
58 15.059640318597742
59 14.679588134933246
60 15.05858635369645
61 14.59505462666849
62 14.440087611037189
63 14.976663217657402
64 14.394339460122131
65 14.009453233223196
66 13.94038618456201
67 13.802426681444487
68 14.124165009329317
69 14.466426411694819
70 14.43652208652973
71 15.063204517022871
72 14.972781609459588
73 14.401481337689907
74 14.056107256768989
75 14.451308335252952
76 14.231470924874875
77 14.627956380705418
78 15.956177362122958
79 14.728983528668637
80 15.377742888885507
81 15.231927694573324
82 15.162539469417426
83 15.023845315658681
84 14.862162580787066
85 15.730698823531306
86 16.502246676960517
87 16.03892086282007
88 16.421072856575073
89 15.480509090691786
90 16.315853414759065
91 15.467403973637223
92 15.524771812729885
93 14.757638631445936
94 14.919197463822444
95 15.34354665667348
96 15.072274150746019
97 14.916889556873974
98 14.850604633838216
99 15.445600311419957
100 15.664562079528855
101 16.17840975673103
102 15.657555186347993
103 15.272379644068067
104 15.199078118429028
105 14.72136094681608
106 15.324697263350231
107 14.623547422060016
108 15.704915968318245
109 15.413011702639619
110 14.281737679992316
111 14.77049502658035
112 14.098184773915673
113 15.01631562773574
114 14.70490278299531
115 14.4857105798443
116 14.528792391912475
117 15.366260429192241
118 14.428783764833796
119 13.722684787805097
120 13.83261814114141
121 15.264121488055265
122 15.152815594025798
123 15.428313309560982
124 14.495552608523921
125 15.137887465210401
126 15.575191035990413
127 14.274550125176697
128 14.7643461191967
129 15.483731685523477
130 16.58866603150199
131 14.69217279901622
132 15.016099185699082
133 14.493927005441526
134 15.359390942516042
135 15.332362178558032
136 15.075927919688539
137 14.763614279862567
138 13.706592933319532
139 14.570908022565021
140 15.065924905260912
141 14.80758898773856
142 14.797712771236995
143 14.94729903557349
144 14.79166528265709
145 15.524003365179158
146 14.047079272351597
147 15.173693824354265
148 15.513708192474693
149 14.801793290634484
150 14.839883341279226
151 14.697574193048629
152 13.88279969919028
153 14.005375285491397
154 14.463797669870045
155 14.829975392285151
156 15.84467442680866
157 14.567439378331372
158 14.482942783404527
159 14.66005606555277
160 14.469288654365629
161 15.177663231204681
162 14.308777942340535
163 15.121456722998158
164 14.648407655567572
165 14.91130637622426
166 14.253441019556687
167 15.010502065773718
168 14.698539574769507
169 14.57847109713369
170 15.080925971743367
171 14.86060595476209
172 13.848306941147891
173 14.310030571948987
174 14.09726901175755
175 13.848812475120829
176 14.099471587052557
177 14.11107565510935
178 14.556443364178904
179 14.005269265102779
180 14.293370250428978
181 14.438213033299741
182 14.466684669821428
183 14.345371967087653
184 14.04398685842584
185 14.418038373558886
186 13.926934610682022
187 14.354285171892737
188 14.91528524827222
189 13.882316704244527
190 13.595017521214041
191 14.186122508217096
192 15.020420041736166
193 14.350519370329133
194 13.435739905963446
195 14.52982164551054
196 14.341916207289916
197 14.57430483003733
198 14.238161301057016
199 14.107163065271205
200 14.837320429734408
201 14.49844973636236
202 14.690392366624414
203 14.90650851141073
204 14.310891006085656
205 13.566555867429598
206 15.136826782094966
207 15.21076132840597
208 14.893782588137464
209 15.388305156660229
210 14.729006777653126
211 14.838485978466396
212 14.206802800306132
213 13.578448109656028
214 14.408181785434667
215 14.239815667555925
216 14.228160491310799
217 14.070521016756683
218 13.829660657095605
219 13.491825753186214
220 13.81176972180278
221 14.137648308472999
222 14.11430514223015
223 13.495741569233676
224 13.384398379017842
225 13.896230058233137
226 13.86326628037776
227 13.394318374422449
228 13.457328269500685
229 14.319055200296997
230 14.177971672906265
231 13.512139904239946
232 13.817001561551914
233 13.696786979774318
234 13.6259293118899
235 14.297511324739993
236 13.901746340942534
237 14.350659077726316
238 13.776675999190937
239 13.411637568134182
240 14.106726716682505
241 13.322925295149096
242 13.608061408994091
243 13.177335569436373
244 13.40340136436701
245 13.329410750693564
246 13.924550675072332
247 14.209599851643386
248 13.98726153978331
249 14.068975479390087
250 13.254880023753133
251 14.078384824545061
252 13.860889479476963
253 14.052906812607276
254 13.843491673704603
255 13.607886981428566
256 14.136342173129584
257 14.196844490482329
258 13.804863222888107
259 14.322874070982486
260 13.713910565144573
261 13.726127186390766
262 13.561240728895338
263 13.666854545544647
264 13.4338952645938
265 14.067750217235137
266 13.34504804254404
267 13.638653730925656
268 14.103411679492115
269 13.548209606450584
270 13.780114490370329
271 13.964536986336674
272 13.752708944517124
273 15.349399914030515
274 14.397434644179413
275 13.921621441664685
276 13.839550699279403
277 14.08809250428271
278 13.551755846824706
279 13.816044041970985
280 13.40348862095413
281 13.954451628315057
282 13.584619804665168
283 13.992727106851856
284 13.778144988314716
285 14.267698995500448
286 14.161184405467095
287 13.450262783615052
288 13.903849973169194
289 13.351280300246748
290 13.85820384985228
291 12.981873212440846
292 15.029425450383565
293 14.625153615579558
294 14.445323905710659
295 15.157723199455873
296 14.823396294254966
297 15.048486739494335
298 14.255347940553076
299 15.46302433208315
300 14.698421583234886
301 14.331109239050843
302 14.976912221322738
303 15.467109468265429
304 14.881549425433473
305 14.788579115105962
306 16.21522099826644
307 15.43833006380192
308 14.551568315034396
309 15.33097641303632
310 15.118484272479602
311 15.080609367831098
312 14.50478066815688
313 14.506921652654912
314 14.58189104844965
315 14.117246004425203
316 14.268922644883617
317 14.906498523617572
318 13.935240213037297
319 14.762644855427219
320 14.471570497864517
321 15.232723108406837
322 14.688843237266187
323 15.21917588904026
324 14.214549150255412
325 14.934154189028183
326 15.260719927045079
327 15.297912039782986
328 14.011424054047698
329 14.36120842828271
330 14.146649245203756
331 14.735304586313614
332 14.070896197185581
333 14.533286246582508
334 14.05196131280494
335 14.020592596330799
336 14.676851399376417
337 14.500604956666923
338 14.536495350051725
339 14.754539070886512
340 14.592491354163789
341 14.52492594917102
342 15.02173167646504
343 14.454386632010243
344 15.73220234907354
345 15.319722561834537
346 14.709622394973067
347 14.759860475653477
348 14.740242601713714
349 15.407975736237685
350 14.71361409981321
351 14.404528014716927
352 14.722506185419281
353 14.437695484608003
354 14.776527233000934
355 14.876213615796333
356 14.864839624589491
357 14.60436499884346
358 14.857756970742178
359 15.053913200298268
360 14.851415017780834
361 14.786734812528943
362 14.493038773744322
363 14.234128509143767
364 14.752888195160928
365 14.989421133733147
366 14.862971852503177
367 14.291824378706718
368 14.996593604074143
369 14.496493340985209
370 15.015980895152675
371 14.402977000738128
372 14.733276448126905
373 14.818606234345042
374 15.385075053813576
375 15.165195756672988
376 14.292293033860032
377 14.122830027697981
378 14.868887378250903
379 14.922409437041486
380 14.210901210878154
381 14.888228400393022
382 14.19459554143363
383 14.352641285281708
384 14.553684218021658
385 14.409645527406566
386 14.494858074127523
387 13.805635442488109
388 15.017852567558956
389 15.018711137434392
390 14.026167074000186
391 14.628811234535231
392 14.619548914437706
393 14.185119578854906
394 15.230506267873583
395 14.419679495168014
396 13.857831633736748
397 14.633205991764967
398 14.285137643159645
399 14.167057023518236
400 14.508364039302668
401 15.494538451133021
402 14.382434561566631
403 14.936649411524455
404 14.301642394781348
405 14.671115163093544
406 14.519132012405024
407 14.321579673380219
408 14.293964602275478
409 14.17037769046716
410 14.827181493177886
411 15.06725245167753
412 14.410498847447384
413 14.983539418914921
414 14.063937038036865
415 14.989571501213735
416 15.175178399169472
417 15.538857284917057
418 14.624814455329403
419 15.67163186348753
420 14.735973633990044
421 14.759833879144324
422 15.211080840603362
423 14.799030738933588
424 14.622911147509084
425 14.624769423731466
426 14.934797549207053
427 14.828534929207656
428 14.940572387055793
429 14.755645270142248
430 15.077188221911772
431 14.478327103181648
432 15.224114576299431
433 14.15589535287828
434 14.617999093475357
435 14.933641620333947
436 14.888180282546438
437 15.516380708335994
438 14.160885715011018
439 14.294573568314085
440 14.6558615962914
441 15.237343265711944
442 14.964171937426082
443 15.596379494971714
444 15.560041696125403
445 15.644439898150171
446 14.170888981296333
447 14.738724918772714
448 14.519343165669271
449 14.4825693780674
450 15.087907394601274
451 14.502688966660989
452 14.999508321851922
453 15.103614013269251
454 13.9091558565937
455 14.665461285696813
456 14.618182299854158
457 14.371079334020639
458 14.356421438854136
459 14.387568258958353
460 14.439720111411368
461 14.137032709936776
462 14.196564592030539
463 14.677067148733181
464 14.402055073903401
465 14.718798987922026
466 15.352703912869208
467 13.991704427302013
468 14.05456071055972
469 14.159652813034425
470 14.161790982855113
471 14.675355536513631
472 14.11048323322575
473 14.576132906843252
474 14.497337292284977
475 14.306330619869806
476 14.8772524755723
477 14.541696358968128
478 14.656116106171375
479 14.60672490371805
480 14.752649980901767
481 14.604693949638877
482 15.28753247369273
483 14.813021779745638
484 14.465787387553963
485 14.48754972171292
486 14.157404618696932
487 14.486160984999058
488 14.496846563693746
489 14.621099666810426
490 14.898594307431683
491 14.847086204001094
492 15.274425306579541
493 15.306259241921781
494 15.982584996332852
495 14.697396058925424
496 14.372793779288568
497 14.230923723795042
498 15.313525861474728
499 14.886351174616527
500 15.23334158970676
501 15.42524910710354
502 14.635569515635558
503 14.798099147517727
504 14.991748787349128
505 14.084918960331354
506 13.841638907143468
507 14.212270252893735
508 15.028983704717136
509 14.271037707026581
510 14.168253767146123
511 14.49486821830367
512 14.595772357215068
513 13.957105309574649
514 14.460045325683094
515 14.258243799561283
516 13.85129440792209
517 13.990084543201942
518 14.004461102646143
519 14.735517897185536
520 14.241532055018304
521 14.144530752781664
522 13.809694058144258
523 14.074577836416271
524 14.604882377673723
525 14.19092217040901
526 14.39003435419853
527 14.52816799284105
528 14.532946122727045
529 14.10507306055532
530 13.973151854952713
531 13.787050264731246
532 13.975700369820542
533 13.832555407577734
534 14.159982407577093
535 14.418802087812873
536 14.16728002844583
537 14.565286908450638
538 14.268863868873462
539 14.407852180833718
540 14.024226017778817
541 14.501682599087589
542 14.678591247384073
543 14.43340157564592
544 14.44343569010395
545 14.784939132400492
546 15.97735312330344
547 15.537726995079405
548 15.510413233843114
549 14.600674999851728
550 13.89216124023132
551 13.642674189709494
552 14.282666375044824
553 14.600637183312209
554 14.721438831761725
555 15.087050406121119
556 14.18393268469126
557 15.102657740584478
558 15.081150637037455
559 13.85158585704529
560 14.109660387085384
561 14.22187164636985
562 14.229898221215283
563 14.379325189382179
564 14.516638103245294
565 14.586642621054013
566 14.8330594257411
567 14.946893803813504
568 14.123590867496691
569 14.030386974745683
570 14.932028104787186
571 15.025845352260252
572 13.973187995584857
573 15.170990797653271
574 15.592750001065708
575 15.05209818348773
576 14.770099539990616
577 14.44981170656668
578 14.243257823957173
579 14.948509266952483
580 14.25802878403737
581 14.83886576858013
582 13.780857017330078
583 13.825692183823909
584 14.022775923685193
585 14.828543244633542
586 14.363194841694682
587 13.912130887563281
588 14.041098944558977
589 13.718940624407757
590 14.645119105312638
591 15.167696125243436
592 15.547372932402157
593 14.909385174587444
594 13.940211149728285
595 14.412355389051427
596 13.335229250199042
597 14.398561263718804
598 14.81833911730802
599 13.8050983330088
600 14.168536020500834
601 15.353280507552787
602 14.413850605331392
603 14.54392352730119
604 14.539938607370882
605 14.830250430440588
606 14.187372690174403
607 14.42261077998759
608 14.504663167918247
609 14.639865403958174
610 14.68417165593318
611 14.292552768992334
612 15.105249624952448
613 14.976512621558914
614 14.533611698988288
615 14.76156105631903
616 15.488755131437062
617 15.101630374644053
618 15.206054291268085
619 14.275927578243413
620 13.918661371502163
621 15.066340128082444
622 14.585096018057417
623 15.815125525287296
624 14.792623738357369
625 14.964037436366116
626 14.138649882960655
627 15.301253634500698
628 14.011227909030945
629 14.256691487188554
630 14.428152138085473
631 15.115456147168949
632 14.172032187172048
633 14.200106561449967
634 14.405932642538252
635 14.99756162131286
636 14.66487231585689
637 14.591574554896031
638 14.759431216936363
639 14.089657518835685
640 14.455020826720471
641 14.562034339184908
642 15.415473670774414
643 14.662787092106544
644 15.33505843091061
645 14.748214563849903
646 14.727789676446378
647 15.479154932723942
648 14.597795382579466
649 14.774166990909288
650 14.681897824951722
651 15.625524152430032
652 14.669555248012452
653 14.674126492166621
654 15.641497190272508
655 15.545512176811712
656 14.471321318614056
657 14.48450668586473
658 15.084090653671172
659 15.304866272675909
660 14.272807911704362
661 14.336636069983044
662 14.56579166295262
663 14.693428864909558
664 14.658686116157396
665 14.075787997362116
666 15.087213211760286
667 14.268036826010006
668 14.56452382082891
669 13.88996560435055
670 14.476037369423702
671 14.437122386119052
672 14.028219420867012
673 14.381423015672123
674 14.93912651847746
675 14.11520077269022
676 15.006552280038186
677 14.074348871074426
678 14.305644604286876
679 13.367995349882738
680 14.514950290762355
681 15.072581948817646
682 14.19061762760734
683 15.094874688172506
684 14.359164255005897
685 14.493838619097186
686 14.493665280615211
687 14.379875033061731
688 15.32816647226136
689 14.508934112260656
690 14.321838319812432
691 15.133323759661765
692 14.522908376405438
693 14.644100371461183
694 14.289670508955092
695 14.587356491041243
696 14.579309144977007
697 15.041066404150335
698 14.688837633013991
699 14.137063086629851
700 14.150177744788877
701 14.326677618646377
702 15.41668358250661
703 14.407743707906372
704 14.147246053101984
705 14.206896934100474
706 13.747217050367935
707 13.720946932463894
708 13.432253458910479
709 13.953983319937862
710 13.78430922313441
711 13.86606840725828
712 13.775483761377286
713 14.441481944788498
714 13.763731184361742
715 13.827918090992938
716 14.673935171770514
717 14.151993704415421
718 14.26104575349045
719 14.070331478166548
720 13.730731500433379
721 13.503496624017268
722 13.661595387548312
723 14.852754178756342
724 13.707606811092763
725 13.677362262999246
726 13.776222173789337
727 14.397307257938497
728 13.975913544285795
729 14.184697781653325
730 13.917753070925839
731 14.276984774646397
732 13.915371522357837
733 13.704873580261479
734 13.304864503425334
735 14.237055343239236
736 14.365589885200553
737 13.665268899721088
738 13.540617125672886
739 13.368909402410313
740 13.52353080095186
741 13.793456419663187
742 12.968309427210668
743 13.451140193767666
744 13.67368929808744
745 13.766739542874205
746 13.871015262479716
747 13.731731002341366
748 14.147537928113286
749 14.53520065877607
750 14.272332697682335
751 14.546197521244855
752 14.124127311989948
753 14.563128626109027
754 14.195880969437033
755 14.936078533939925
756 15.125737044059484
757 13.665279964887988
758 14.171256718341688
759 14.350503423521195
760 14.355374746219391
761 14.033528169263725
762 13.849489872417749
763 14.735818798063987
764 13.817293142097332
765 13.783051864938498
766 13.874067344217497
767 13.751455493094923
768 14.491948126073531
769 12.555980147426386
770 12.51495822877622
771 13.372706567283275
772 13.446264344995047
773 14.386040347079698
774 14.607887759478247
775 13.515291472375203
776 13.956641490857752
777 14.196337522613199
778 13.374906346915257
779 14.525191333270586
780 14.277824905620566
781 14.001030548333762
782 14.023156368422837
783 13.407917060005072
784 12.760827895845749
785 14.27497238194266
786 13.327635178808938
787 12.929129956587941
788 15.174719373788939
789 13.7957655484922
790 14.08873860963016
791 14.266610040170914
792 14.589688648117836
793 15.043608371329494
794 15.19138433465791
795 14.37424373872371
796 14.003147528835491
797 14.584243073359135
798 15.213550098370488
799 15.08594101862707
800 14.274395699784293
801 13.711959893339658
802 14.124932406668803
803 14.678734979488494
804 14.367630161601115
805 14.681448573698258
806 15.111814267262885
807 14.922372116763313
808 14.038473370911317
809 13.990392358996711
810 14.817504507978319
811 14.306062882715342
812 13.865899181862932
813 13.94250743767214
814 14.025051463755247
815 14.018295867632055
816 14.288582630728886
817 13.897245683808801
818 14.025377514321177
819 13.742961539697292
820 15.158640903867454
821 13.860439214345467
822 13.945157867717748
823 13.397321606281503
824 13.797502199055922
825 13.703975227454174
826 13.53068234365022
827 13.697010947548161
828 13.897899274515852
829 14.157072532677873
830 14.107461867177765
831 14.11938508503284
832 13.968838665258458
833 13.985758311912667
834 14.071262093722515
835 14.344273577742486
836 14.395905531127807
837 13.270446069761348
838 13.071296900980744
839 14.108138368469247
840 14.25942530815203
841 13.75237497838918
842 13.774252487767018
843 13.46377135758543
844 13.763504187183155
845 13.766311683832607
846 13.603415480085928
847 13.728702171823231
848 13.241255789072188
849 13.082538245180915
850 14.105439665906758
851 13.444322285287198
852 14.730209919716406
853 13.701091067579833
854 14.572945980069784
855 14.374490776497582
856 14.17560119100379
857 14.146687409514563
858 13.940330303791036
859 13.469461895856883
860 13.243970736448471
861 13.404018748274805
862 13.082936016626538
863 13.571905816513683
864 12.488692614499422
865 13.11634851791956
866 13.327860691598918
867 14.325160967884985
868 12.544863316622322
869 13.55765250522622
870 13.480086865577029
871 14.324872701724415
872 13.122667589523997
873 13.887829506435912
874 14.093582002901922
875 13.132158564293878
876 14.27128093279681
877 13.903682448442225
878 13.56988045613645
879 14.626267205571386
880 14.495951780333371
881 14.942965577721475
882 14.634905293552688
883 14.099429648491885
884 14.332979431041181
885 13.915440225581614
886 13.473446808672632
887 14.443734343115418
888 14.28620017023884
889 13.760980829633754
890 14.356615148526815
891 13.95136614895839
892 12.81028319872791
893 13.576092241718193
894 14.296531438468493
895 14.525120098637647
896 14.287013550196825
897 13.943246044793398
898 13.878333653226214
899 14.217321492721856
900 13.834375416368683
901 14.117193621452591
902 13.200965343827688
903 13.750111031870592
904 14.189432487460401
905 13.94301899539582
906 14.391715129008393
907 14.385962705381504
908 14.658715045832954
909 13.890965242968356
910 14.765379634132335
911 13.65832147031615
912 14.25958833140392
913 14.389461651500564
914 14.60281029562717
915 14.90341559426409
916 14.466309203575118
917 14.607530427834298
918 13.449530491589014
919 13.709663758626885
920 14.28347133780435
921 14.66497898376792
922 14.059631303408269
923 14.433696688531214
924 14.103533056639657
925 13.935804222770562
926 13.895078869632428
927 13.520651424313213
928 13.14931049132144
929 13.840622264998416
930 14.680666057391363
931 14.152923680457299
932 14.024239216454175
933 13.34101265192338
934 13.699523257111467
935 13.077554926518932
936 13.574595018459142
937 14.121655224462685
938 14.25235286686837
939 13.625770591384628
940 13.337909420413938
941 13.865631553230438
942 14.013089087595372
943 14.242012637574518
944 13.24391696012767
945 13.092370790804956
946 14.06284331995755
947 13.663126715538365
948 13.216595427733532
949 13.502454035977795
950 14.381447020147357
951 13.80221710058314
952 14.104071413909306
953 12.944718105026066
954 13.190908483720493
955 12.739114424043951
956 12.638624693531483
957 13.24784106066131
958 12.52894883764649
959 13.216535218827532
960 13.114446591813383
961 13.056418110461872
962 13.115156997394296
963 13.07063546022171
964 12.927823348039931
965 12.730080734983796
966 12.571756577515853
967 12.178388740134604
968 12.707636848554396
969 12.374053086192363
970 11.884991847063912
971 13.022513067203688
972 13.107799721665147
973 12.937478573142096
974 13.046886127511163
975 13.19026599074064
976 13.19023083940362
977 13.544055082716312
978 13.358308518505247
979 13.166551121755955
980 13.856113674808034
981 13.851105680540117
982 14.207207544613182
983 13.886198272514864
984 13.623024093022075
985 14.412749334041127
986 13.716278876558174
987 13.562069787502768
988 14.281203313760987
989 13.691706766073231
990 13.367019011811701
991 13.369226815747883
992 13.355208996054861
993 14.039225686557257
994 13.041164125369342
995 12.962870947736393
996 12.944468245477697
997 13.044268244548434
998 13.070242506518337
999 12.814039053935767
1000 13.175738437732598
1001 12.863290460433094
1002 13.405935913679638
1003 13.180554404891193
1004 13.002687177963937
1005 12.616337827935043
1006 12.657901639961983
1007 12.832137345146311
1008 13.116394692024905
1009 12.759823311859039
1010 12.902496712023716
1011 12.997156646885767
1012 12.709797334274858
1013 12.85103452897131
1014 12.918708244459511
1015 13.206998172906175
1016 13.102516120038745
1017 12.794242580302132
1018 13.351805834836592
1019 12.764018388187862
1020 12.921152673651044
1021 12.68289967222558
1022 13.228986756372676
1023 12.887001523046033
1024 12.795424637347944
1025 12.800866859373953
1026 13.159211282858601
1027 12.619392962648257
1028 12.562493858480286
1029 13.02858142609766
1030 13.037090490861106
1031 12.980448306830919
1032 12.94133908221867
1033 13.03550822656574
1034 12.706745291903284
1035 12.802379284296292
1036 12.916840553951616
1037 12.639382928038723
1038 12.592295084202513
1039 12.468496339816284
1040 12.766856433130032
1041 12.656746472841125
1042 12.767162981364375
1043 12.926135635695895
1044 12.815423824478783
1045 12.72039283551512
1046 12.815122286378074
1047 13.103364879610892
1048 13.142082740224918
1049 12.848311690198821
1050 12.968838573783371
1051 13.274925781386989
1052 13.22101470913949
1053 12.643775137080416
1054 12.823208108234123
1055 13.116772658594787
1056 13.304161061201144
1057 13.30243741946147
1058 12.918572422165605
1059 12.98434957375121
1060 13.143125879937884
1061 13.14818800923895
1062 13.013715572962479
1063 12.954319518033834
1064 12.905335643455874
1065 12.949094248642169
1066 13.127114008374441
1067 13.572599197698219
1068 13.119617981810265
1069 13.183825932641536
1070 13.23672847734677
1071 13.090289996918724
1072 13.291299424716488
1073 12.74339271566081
1074 12.657622673992714
1075 13.102880010216792
1076 13.05028222667329
1077 12.881174839292377
1078 12.72398861141887
1079 13.224622396312697
1080 12.871178449416885
1081 12.806243098930782
1082 12.627490485174244
1083 13.445149812318363
1084 12.971103124018398
1085 12.840963102434856
1086 12.690785466049357
1087 12.62099899152737
1088 13.12907022524256
1089 12.950083826342691
1090 13.127253771789666
1091 13.506907889590405
1092 13.152479405967668
1093 12.84653927681193
1094 13.192549678192023
1095 13.435336483010994
1096 13.249045345144918
1097 12.675112450599887
1098 13.444588127633084
1099 14.39981725164832
1100 13.724905063080003
1101 13.389894713172042
1102 13.467980872641848
1103 13.511105331600117
1104 13.277988468956451
1105 13.079252918287358
1106 13.022158445802889
1107 13.444775888868737
1108 13.186590219881596
1109 13.473887055892096
1110 13.321692778337164
1111 13.392688353950318
1112 12.886686139901661
1113 13.506636122119122
1114 13.507545791908589
1115 13.139870933163719
1116 13.469040735840586
1117 13.875648897082371
1118 13.7456380353326
1119 13.548082505307951
1120 13.74090823383822
1121 13.395591092549203
1122 13.130604731615698
1123 13.237174318942474
1124 13.066467948243254
1125 13.411713439580486
1126 13.231672428945574
1127 12.974315195575137
1128 13.48581897571332
1129 14.019923999923282
1130 13.64677670344493
1131 13.208107748535218
1132 12.944227755575515
1133 13.421041797114801
1134 12.81267144079289
1135 13.049369789642087
1136 12.875222326706034
1137 12.924854565903313
1138 12.79312434555628
1139 13.401696570921622
1140 13.390806914058391
1141 13.392290526717204
1142 12.993274069271225
1143 12.994505090650584
1144 13.67307448097736
1145 13.930904095005562
1146 14.009089417864459
1147 14.234470106636516
1148 13.258464185539939
1149 13.932978208910535
1150 12.803441579000205
1151 13.442344909396795
1152 13.64929232125615
1153 13.226497731435755
1154 13.168480227263016
1155 13.175991521032186
1156 13.211063977146411
1157 13.256514997688656
1158 14.248226870696802
1159 13.257883366267293
1160 13.53811937195137
1161 13.967992142205572
1162 13.676225068452416
1163 13.551357221385633
1164 13.586563518201855
1165 13.54887997008169
1166 13.200725935805675
1167 13.438331559715254
1168 13.469192951784112
1169 12.957256458248716
1170 13.178904117729262
1171 12.990970323609703
1172 13.386845238379493
1173 12.966725359831356
1174 13.073102036289251
1175 13.563276215410486
1176 13.420056899309502
1177 14.223028662532657
1178 13.269711452290387
1179 13.706627506737101
1180 13.706229951029187
1181 13.79791510085405
1182 13.15724615031401
1183 13.509920018533082
1184 14.023158583696324
1185 13.747243007382416
1186 13.869149330954267
1187 13.349837791803678
1188 13.759049347442293
1189 13.576175865563636
1190 13.60774309723933
1191 13.828242460002874
1192 13.702176746218335
1193 14.128168627292311
1194 14.460315721696043
1195 13.761519151600625
1196 13.537791276345098
1197 14.0370876137109
1198 14.53694771161952
1199 13.420401803315427
1200 13.602736063903471
1201 13.921835573513299
1202 13.240434918865219
1203 12.887996317630046
1204 13.999164517701116
1205 13.330399380750983
1206 14.221057379379845
1207 14.24461282579441
1208 13.471849482572157
1209 13.268496451680445
1210 13.607808464953338
1211 13.512449467545494
1212 14.229729414978662
1213 13.822276161381609
1214 13.265363359484178
1215 13.937506049011667
1216 13.43185476928619
1217 14.263200235159703
1218 13.595953818085487
1219 15.03330275939876
1220 13.962961721642113
1221 13.87233332994271
1222 13.994129213253654
1223 13.837444875387728
1224 13.892360097819235
1225 13.90721742537908
1226 14.130540931592805
1227 13.564985945088077
1228 13.87071774902014
1229 13.704541761503178
1230 14.321173835921819
1231 14.071122492179846
1232 14.400368971016263
1233 14.384315900936388
1234 14.637540235646906
1235 14.100287087689873
1236 14.188172442825746
1237 14.100043120952543
1238 13.769004178559339
1239 14.06118536916747
1240 14.004257470584594
1241 13.62862857659002
1242 13.629384607465573
1243 13.862617392575363
1244 13.800241329927228
1245 13.749451895835351
1246 12.98726803808673
1247 12.815064711855658
1248 12.542705178927545
1249 12.735427713549283
1250 13.193117842974582
1251 13.131339252199904
1252 12.406804472807476
1253 12.604541551544193
1254 12.51393375813586
1255 12.734460254529386
1256 12.639457548977795
1257 12.811762960825613
1258 13.365107803463493
1259 13.526989513745637
1260 13.108105695516848
1261 13.407426199816785
1262 12.67831253972383
1263 13.017867915966335
1264 13.314544624899943
1265 12.966891182939285
1266 13.036877178741323
1267 13.661575492245827
1268 13.62973260074257
1269 12.670340236173335
1270 13.464893605784555
1271 13.305186169240192
1272 13.379473577618793
1273 13.13000639758047
1274 12.982700918801935
1275 13.100955049070569
1276 12.862352850237409
1277 13.092835294383892
1278 13.522364556124996
1279 13.131200301272246
1280 12.610065603176182
1281 13.436097755061025
1282 13.285662524426959
1283 13.085868994754865
1284 13.4308532371235
1285 13.24104555505571
1286 12.936359506364669
1287 13.261237209028266
1288 13.17568854453096
1289 13.22213400609252
1290 12.71334127202859
1291 13.158275434467127
1292 13.257804574202419
1293 12.88933298735759
1294 13.39832116751107
1295 14.2054942925174
1296 13.600054824497585
1297 13.785720313997768
1298 12.891678627604602
1299 12.772783501401685
1300 12.772515076964117
1301 13.26447517570777
1302 13.424372646622656
1303 13.27936078034047
1304 13.201318889502113
1305 12.817731114916086
1306 13.331980270584172
1307 12.777500972938338
1308 12.83086854180801
1309 12.98919793319953
1310 13.133500827594737
1311 13.599252291834778
1312 13.172399586628282
1313 13.275046329703647
1314 12.963056498878206
1315 13.582173252379294
1316 13.225279659693099
1317 12.704554058390615
1318 13.024377146877459
1319 13.214372115115864
1320 13.446425389529265
1321 13.365799019156578
1322 13.117515255568467
1323 13.09122671814549
1324 13.507987189302304
1325 13.468648371375043
1326 13.303475792794936
1327 13.998616521045355
1328 12.934876534186698
1329 13.208526545370939
1330 13.577754648099285
1331 12.763034710348851
1332 12.417466206204336
1333 13.140515918089623
1334 13.255845566779376
1335 13.297073959123455
1336 13.629358284391216
1337 12.91198729211516
1338 13.085501612303775
1339 12.927085269145527
1340 13.143915345946615
1341 13.808092263051204
1342 13.225347685949423
1343 13.304859975982085
1344 12.927431301671444
1345 12.748169520680298
1346 12.595187703351742
1347 12.79222111348367
1348 13.403528360767526
1349 13.196139808890702
1350 14.11350430447402
1351 14.310880803071809
1352 13.790226564978548
1353 14.346330890558985
1354 14.719643242518408
1355 14.227940079738957
1356 13.574730157879774
1357 13.18136818104148
1358 12.672762295149816
1359 12.873870815785674
1360 12.752173089036186
1361 12.842367031339567
1362 13.241798765299958
1363 13.375698338520687
1364 13.172029111002113
1365 12.957552820479115
1366 12.758719468629673
1367 12.72731782692788
1368 12.9626688168128
1369 12.746796819957403
1370 13.252724226286299
1371 12.649644855580373
1372 13.012756543763452
1373 12.794650438318833
1374 12.708495331769306
1375 13.36706221212956
1376 13.109384706745624
1377 13.216548584364794
1378 13.144740229942416
1379 13.411928660886936
1380 13.444617764915472
1381 13.042752707213937
1382 13.321411627233296
1383 13.093045241230765
1384 13.003386583130307
1385 13.048347189617001
1386 12.956788237988643
1387 12.880130271961493
1388 12.915790948793813
1389 12.702618333903393
1390 13.24375767544857
1391 13.292379007678662
1392 13.173257997428149
1393 12.930708879261118
1394 12.930472774929084
1395 13.115723764540112
1396 13.056754863233442
1397 12.432609921812537
1398 13.036152123628188
1399 13.465662762440699
1400 12.806262194439324
1401 12.853247337748014
1402 13.258299085495223
1403 13.07073274140802
1404 13.238568996969583
1405 13.769804740824247
1406 13.000158511574218
1407 12.873940978638093
1408 12.340061090236325
1409 12.606392273912224
1410 13.527603759463315
1411 13.051732878739903
1412 13.359780486921697
1413 14.015965891791895
1414 13.49983753287684
1415 13.59536840196169
1416 13.868465291245272
1417 13.842443547832543
1418 13.307898731005784
1419 13.543491157104377
1420 13.326103568667643
1421 12.707977075044337
1422 12.893885961024536
1423 13.293676834994855
1424 12.654959861380762
1425 13.176483429511398
1426 13.219496314599649
1427 13.135184577554615
1428 12.728597592662675
1429 13.183629094159695
1430 12.485507030486874
1431 12.746575713039107
1432 12.7075822358349
1433 12.638418475083304
1434 12.494755047500675
1435 12.811737768282603
1436 12.854058699705206
1437 12.58602790895022
1438 13.194297891309303
1439 12.751819568354847
1440 12.5659895438376
1441 12.563638370068798
1442 12.732573463624618
1443 12.260795246732483
1444 13.442421853383097
1445 13.19681618423638
1446 12.470299371812189
1447 13.310389576223795
1448 12.656471284436988
1449 12.569363258957747
1450 12.342304798075618
1451 12.733779704177074
1452 12.401128416892234
1453 12.864993028557334
1454 12.850292736782702
1455 12.825368901278285
1456 13.67968011496093
1457 13.309807958442729
1458 13.666310690354846
1459 12.723779114483582
1460 12.626926194671858
1461 13.791647474815486
1462 14.65624200089106
1463 13.332481007020798
1464 13.348698984172124
1465 12.95157584721985
1466 14.156372965043014
1467 14.172287639982768
1468 14.171300516284845
1469 13.602428844216071
1470 14.433576619099265
1471 14.248539894646033
1472 13.997417452894092
1473 13.554776046394887
1474 14.072557631745838
1475 13.897666342937555
1476 14.25412238586345
1477 14.306999154348032
1478 13.48984862448131
1479 14.313248887819958
1480 13.905678556742338
1481 12.989060886801967
1482 13.529144049626597
1483 13.816054906824546
1484 13.147533463896243
1485 13.127992489191254
1486 13.24863274892743
1487 12.904105522488349
1488 12.630859867863364
1489 12.698281663001287
1490 13.20199360250503
1491 13.03660825602192
1492 12.64248945525182
1493 12.99061112538501
1494 13.110241578851252
1495 12.683344599402067
1496 13.02452823592205
1497 13.112966757915522
1498 12.930604309142199
1499 12.647280537400947
1500 13.070036126969995
1501 13.018499477277686
1502 12.95493644287765
1503 12.865698221750579
1504 12.846026634786503
1505 13.01675741537101
1506 12.711363573079536
1507 13.258326241673085
1508 12.839005832863219
1509 12.723981703719103
1510 13.054043020010317
1511 12.688953455060675
1512 12.7443514825592
1513 13.197305330384568
1514 13.4270783395173
1515 13.164429997314482
1516 12.93760618199463
1517 12.576281509642076
1518 12.658243848926576
1519 12.450786355560822
1520 12.800870722221916
1521 13.061615767355518
1522 13.039055998917922
1523 12.672448131712477
1524 13.036692497452334
1525 12.951474377729632
1526 12.764099899086867
1527 12.6355617378165
1528 12.729882931218938
1529 13.279916108261679
1530 13.016727705919443
1531 13.186068783870992
1532 12.942611580494992
1533 13.730952310000886
1534 13.579283819577013
1535 14.000285085128612
1536 13.919654175092715
1537 14.082133922035027
1538 12.89063748286729
1539 13.407890260862052
1540 14.37285508277931
1541 13.82160446583168
1542 13.637026654979547
1543 13.816035098073923
1544 13.709289547542989
1545 13.269192853905016
1546 13.349527289284014
1547 13.167464992970675
1548 13.779685894079511
1549 12.323961605898155
1550 12.389179945578814
1551 12.776620847660537
1552 12.37367123563687
1553 12.396339809566827
1554 11.907592466559915
1555 12.340106450660903
1556 11.959205007627377
1557 12.321481893358586
1558 12.048472105711811
1559 12.45724052526887
1560 11.830162233315923
1561 12.291560622001157
1562 12.527874091825561
1563 12.182841648324596
1564 12.192295627055001
1565 13.450171953268995
1566 14.210645001523071
1567 14.322447934658237
1568 13.342853585466472
1569 14.066873379693874
1570 14.04604041024449
1571 14.069000601948883
1572 14.0294371034008
1573 13.775788917902954
1574 13.69054184620737
1575 13.34007083119842
1576 13.572346082473992
1577 13.39756110318882
1578 12.80816619859697
1579 13.181169353353429
1580 12.945942192823118
1581 12.936439905528275
1582 13.656332084365255
1583 13.675077983868908
1584 13.055785441603158
1585 13.30233749308317
1586 13.329109264721199
1587 12.656060845676505
1588 13.481720391062364
1589 13.355880184297712
1590 12.94483670396543
1591 12.945133881281363
1592 12.900726762184714
1593 13.248169969032663
1594 13.162291420641022
1595 13.166935167668234
1596 13.314012473245397
1597 13.03194933239914
1598 13.179902685696407
1599 13.38823206310796
1600 12.777877785748286
1601 13.32389483032259
1602 13.378196807976263
1603 14.112819178296526
1604 13.12868919161343
1605 13.22434175589843
1606 13.345985713112483
1607 13.478028112701558
1608 13.117648285811125
1609 13.659239975809875
1610 13.331399650731496
1611 13.023863571849297
1612 12.757934612214486
1613 13.16837314520667
1614 12.976074757430892
1615 13.170768637071998
1616 12.630202534840107
1617 12.300006503230746
1618 13.03441917354123
1619 12.873647202948135
1620 13.595610194383994
1621 12.447644827643812
1622 12.00463232218067
1623 12.91931405993196
1624 12.570798660551556
1625 12.742765097137363
1626 13.00714570440016
1627 12.225815502732821
1628 12.445913097760949
1629 12.103861939801304
1630 12.885559878583862
1631 12.893254110580981
1632 12.384613326342754
1633 12.679662650807916
1634 12.927117539073281
1635 13.141223022937712
1636 13.352667485208258
1637 13.02364033453358
1638 13.826521259294159
1639 13.764766582979869
1640 13.590864999319498
1641 12.93006874219485
1642 12.160431367438735
1643 12.10100375077996
1644 12.476674173574182
1645 13.685876938428356
1646 12.32211912357352
1647 12.99764403546837
1648 11.919550310466658
1649 12.528758680639099
1650 12.725490172698741
1651 12.550647403542516
1652 12.770556350979883
1653 12.301143732355904
1654 12.594811154935575
1655 11.487611751347911
1656 11.847639762855
1657 11.88367922225002
1658 11.876578102897575
1659 11.872219284648125
1660 11.77590841132439
1661 12.156450207444854
1662 12.18203733984805
1663 12.165809485686914
1664 12.303759549823363
1665 12.216139363019437
1666 11.985408823576877
1667 12.854002146875013
1668 11.90149904856969
1669 11.763528576001592
1670 11.978040141335423
1671 11.67249667082963
1672 12.101172113709971
1673 12.001277042927653
1674 12.101313284602018
1675 11.69575207451016
1676 12.38941672413685
1677 12.488409787904473
1678 11.929492822824526
1679 12.008765404548368
1680 11.845651160980717
1681 11.983890522267034
1682 12.097803044570282
1683 11.886341945595026
1684 11.934254636386015
1685 11.759383111688186
1686 12.188828841558504
1687 12.146986890361301
1688 13.26138216975779
1689 14.233015743519061
1690 13.847329540265136
1691 13.59270895610391
1692 13.426181134829593
1693 14.108976796720478
1694 14.620814688220838
1695 13.98204693851504
1696 13.929403692024465
1697 13.874204439437909
1698 13.735374101047501
1699 13.060318753435327
1700 13.107809939774615
1701 12.507209835654221
1702 13.313815968274337
1703 13.930735980276978
1704 13.712577097136018
1705 14.292409607064304
1706 14.482242582144318
1707 13.360246840287218
1708 13.50822919748764
1709 13.658140627424201
1710 12.486376968487354
1711 12.780014153292457
1712 12.433535963766518
1713 12.383320637907866
1714 12.735948239213306
1715 12.406519478482547
1716 12.920763258994695
1717 13.396631516391933
1718 13.47259565068119
1719 13.910107957200417
1720 14.027641732806599
1721 14.235303067369696
1722 14.08852003348486
1723 14.042461127240463
1724 14.459198739492587
1725 14.357484217131722
1726 14.861884111207145
1727 13.772624768952033
1728 14.097180733858234
1729 13.679746994891426
1730 14.48835869317109
1731 14.9862948390386
1732 14.66872945917429
1733 14.889544673957118
1734 14.912681995755397
1735 14.198600758526252
1736 14.86236438437177
1737 13.809867495197048
1738 14.14086281241283
1739 14.442383901944877
1740 14.221521645316578
1741 14.28975528476909
1742 14.25292505723872
1743 14.025979951848798
1744 14.60524058233563
1745 15.063439101102269
1746 14.404183822838064
1747 14.604145592648099
1748 14.317868622906753
1749 14.601030312640042
1750 14.34293621052927
1751 14.417904000945542
1752 14.173941084436168
1753 14.53454857262026
1754 14.56504546429108
1755 14.169559362159337
1756 14.200546469914165
1757 13.969558462326331
1758 14.31571541490184
1759 14.217770527520395
1760 14.787273605181928
1761 14.675849003779666
1762 14.08907232607978
1763 14.028724617283478
1764 14.074584010548932
1765 13.671578192939421
1766 14.337561022224106
1767 14.260501213965041
1768 13.919375536572904
1769 14.143122740196729
1770 14.399644575590662
1771 14.626863502903838
1772 14.797557495484737
1773 13.895805129435844
1774 14.920891600608424
1775 13.642006539713396
1776 13.856212732105998
1777 14.44437538809786
1778 14.437960412738388
1779 14.933076685505455
1780 14.143026162234692
1781 14.397096320998187
1782 14.098240268352653
1783 14.619233929912127
1784 14.61013022215326
1785 14.451253631503008
1786 14.335553882050206
1787 14.175985401659627
1788 14.098608270245155
1789 14.300406977179174
1790 14.322086895192367
1791 13.95398943070746
1792 13.389173945183563
1793 13.522629035377847
1794 13.884606879113889
1795 14.399301892576943
1796 14.084312924717995
1797 13.40114554092014
1798 13.869413333427753
1799 13.182073287660971
1800 12.907021102259167
1801 13.353533258476613
1802 13.476850134690297
1803 14.120944071216645
1804 13.49586885253334
1805 14.060025039545962
1806 13.955289179146238
1807 13.743835243306524
1808 13.716850419610857
1809 13.776944679219934
1810 13.442240190109457
1811 14.243706152442057
1812 13.19243085765729
1813 13.622105884827315
1814 13.603549235553844
1815 13.257829881057422
1816 13.827684987826517
1817 13.364561370802791
1818 13.927070275772971
1819 13.821661257194942
1820 14.47471023313808
1821 14.621549629975467
1822 14.643832101703666
1823 14.723086993835718
1824 14.901079989776816
1825 14.269701167568071
1826 14.353980153495195
1827 14.371034133444889
1828 14.077446151026255
1829 14.317282865400115
1830 14.521717812703292
1831 14.683006602282699
1832 14.808395391581671
1833 13.902787916673978
1834 14.002648269521437
1835 14.682173024162427
1836 14.67159390257176
1837 14.926911272436927
1838 14.370499594411529
1839 14.329922295544009
1840 14.341042223292801
1841 14.65446805327137
1842 14.554407088946032
1843 14.513673836534185
1844 14.738904893789716
1845 13.968205631881025
1846 14.917194055568784
1847 14.547913626959957
1848 14.17174970723732
1849 15.193837415435041
1850 13.91367281088667
1851 13.212757828005909
1852 13.190269189845658
1853 14.058048618025444
1854 14.252667477325597
1855 14.554609817417889
1856 14.858243184741355
1857 15.20437634717231
1858 14.192573219480394
1859 14.640419688671448
1860 14.75561652351647
1861 14.39701916160811
1862 14.212165692469988
1863 13.642680877743265
1864 14.605482500826195
1865 14.593233364418454
1866 14.510281458746999
1867 14.132510314798667
1868 14.54862959246435
1869 14.549247230714323
1870 13.677554196164797
1871 14.309369391644791
1872 14.68645902167608
1873 14.453101000091518
1874 14.378810403787604
1875 14.580673061193945
1876 14.04371805726504
1877 14.037437225131075
1878 14.163893441843703
1879 14.881837755329112
1880 14.921489454335461
1881 14.0641868414307
1882 13.527369546923993
1883 15.191599370402058
1884 14.625005049189342
1885 13.789919884449276
1886 13.931058619864535
1887 14.08607025985577
1888 14.81236861097206
1889 14.026047762830245
1890 14.202489590664669
1891 14.608042288657037
1892 13.68179863622677
1893 13.531078489666584
1894 14.33922477358973
1895 14.383038438411056
1896 14.531562786324823
1897 12.941557456093763
1898 14.100108945051131
1899 14.099459609866512
1900 13.805494693100176
1901 14.476040546377403
1902 13.844121820353845
1903 14.198278391559109
1904 14.378541963671976
1905 13.968844340895204
1906 14.500371521939346
1907 14.329065284006093
1908 14.353840503200368
1909 14.544050088193737
1910 14.94410008486957
1911 13.985938867093289
1912 14.734580048921513
1913 14.826445009062569
1914 14.383747109351715
1915 14.69366768948044
1916 14.308777210275096
1917 14.052254539929658
1918 13.701449602342382
1919 14.255098701436705
1920 14.069849547768477
1921 14.110489381885651
1922 13.700427824894026
1923 14.144100406590695
1924 14.553116586360261
1925 14.869011954750997
1926 14.398130106128347
1927 14.359340676343448
1928 14.23774019391487
1929 13.674582513474059
1930 13.911501269834277
1931 14.197532307758872
1932 14.140265948003961
1933 14.027936807779003
1934 14.333644148834242
1935 13.501428305072544
1936 14.195647416984263
1937 14.489158396910677
1938 14.355729077145211
1939 14.557415280349224
1940 14.475860067555285
1941 13.976453903489908
1942 14.452256633858779
1943 14.134007816038848
1944 14.57723580762903
1945 14.054231468146007
1946 14.34392729479882
1947 13.848986142736514
1948 13.843362643897065
1949 13.75785105551714
1950 14.24008586891165
1951 14.281662747334178
1952 13.997598052165223
1953 15.471692723501661
1954 14.264590167710708
1955 14.064118573360828
1956 14.218450804086133
1957 15.107070567645335
1958 14.173759136428913
1959 14.051911172609085
1960 13.656323509899883
1961 13.965673698508617
1962 13.353356126604357
1963 13.785248170320944
1964 14.000367236779335
1965 14.353020364753213
1966 13.857928927865794
1967 14.501156815489571
1968 14.173012185211055
1969 14.121146820746704
1970 14.483161725663981
1971 14.70875148903259
1972 14.0526849116222
1973 14.18758874797067
1974 14.50278599867357
1975 14.353300572894028
1976 13.92350467247021
1977 14.1948997502187
1978 14.121002325972533
1979 14.501758016798703
1980 14.890021218390626
1981 14.088100598220688
1982 13.935143628976983
1983 13.238170635709476
1984 12.963671297371132
1985 13.959491947015616
1986 14.746084624464785
1987 14.159782017369766
1988 13.710971328468045
1989 14.470557087333047
1990 14.66777895926997
1991 13.860437120436503
1992 14.183654064656185
1993 13.729883782003151
1994 14.144393805049406
1995 14.424609767401387
1996 14.119823010084835
1997 14.146642697755663
1998 14.475926925726888
1999 14.8779031571323
2000 14.45433725342949
2001 13.928410121692357
2002 14.285770048198287
2003 14.016338706726412
2004 13.993892372133322
2005 14.5670808231654
2006 14.235474784669039
2007 13.865626509010157
2008 13.720708809088919
2009 14.526202005471617
2010 13.899648327968489
2011 14.254952925610315
2012 13.899465969651928
2013 13.702159440670027
2014 13.822815699973686
2015 14.150551239539318
2016 13.54250547170053
2017 13.480939844617886
2018 13.467498962021248
2019 13.615104255438466
2020 13.47733635824819
2021 13.072392550960114
2022 13.43412568776576
2023 13.600075569573042
2024 13.739937063080767
2025 13.984011567603472
2026 14.170390606587492
2027 14.097690057680381
2028 13.77359585031098
2029 14.499968575992806
2030 14.056034682755202
2031 13.984730657982519
2032 14.276330280651942
2033 14.148204935237223
2034 15.125929867791381
2035 14.237165654630164
2036 15.10537281531213
2037 14.795918096976633
2038 14.24319638103401
2039 14.879165975873637
2040 15.389676963867947
2041 15.083894865669922
2042 15.015271139522751
2043 13.90972910458218
2044 14.43827647220193
2045 15.014829242317068
2046 15.080024484769151
2047 14.493797218454851
2048 14.46621162798568
2049 15.015220073505997
2050 14.534414218334986
2051 14.399422984359603
2052 13.742382340654855
2053 14.375121341283695
2054 14.267139565910997
2055 14.402526732905024
2056 14.505002969745714
2057 14.069456646577907
2058 14.364989626916447
2059 13.94759294060494
2060 14.198403476942678
2061 14.730774013945245
2062 14.419948407909978
2063 14.20172839389866
2064 13.610353208589096
2065 14.096343972757085
2066 13.912408291963184
2067 13.878466702496805
2068 14.007675215035828
2069 14.024392149091103
2070 13.843320347294268
2071 14.17970462236998
2072 14.822550911593101
2073 14.679373728789788
2074 14.499726640000024
2075 14.441369062917506
2076 14.404581054068027
2077 14.189637714307002
2078 13.791756745418477
2079 14.16895483662898
2080 15.046244199256257
2081 13.903819067636755
2082 13.74423099788145
2083 14.569929294687677
2084 14.696037953706302
2085 13.5098723550139
2086 13.367845267027212
2087 12.427231913069548
2088 13.99561092991927
2089 13.570202455029573
2090 13.907135610424298
2091 14.103221484271138
2092 14.528493689428887
2093 14.685803841494092
2094 14.95153533327805
2095 14.469997570049726
2096 14.5420100646777
2097 13.278704597488664
2098 13.824046390319534
2099 14.628034128734758
2100 14.537362083374246
2101 14.628447224193174
2102 14.598652561748704
2103 14.111401796447817
2104 13.749533025595978
2105 13.809099594918157
2106 14.236976206761314
2107 14.435059330191095
2108 14.224021871262872
2109 15.30246732737967
2110 14.29925264288572
2111 13.994719246792622
2112 14.010574607327037
2113 14.21363242157867
2114 14.132112720468074
2115 13.934785394333652
2116 14.060076504623368
2117 13.968685668671352
2118 13.862135300593
2119 14.25988221503334
2120 13.632719956401365
2121 13.650904952942835
2122 14.397031906305418
2123 14.03812619007199
2124 14.33057900873361
2125 13.987233469707453
2126 13.789225540890223
2127 14.09295276341296
2128 14.172359797316533
2129 13.91480349986456
2130 13.715977322344681
2131 13.724943288823738
2132 14.120743294457363
2133 14.258582184896548
2134 14.368333088467267
2135 15.163543076965858
2136 14.03374560524085
2137 14.316624875360926
2138 14.422750466486951
2139 14.203142710530418
2140 14.191201453714516
2141 14.50622699578327
2142 14.263097892822724
2143 14.238442125862553
2144 14.277445107499828
2145 13.18027825302911
2146 14.663283659432812
2147 14.194214743004474
2148 14.601571192188372
2149 14.413296722838389
2150 13.824035260214703
2151 14.481866586848405
2152 14.547692761425099
2153 13.422107003629954
2154 13.985269894036367
2155 14.611446183166642
2156 13.950101182476857
2157 14.698682979635006
2158 13.65089037175427
2159 13.823161803474266
2160 13.548226972154547
2161 13.78020624510284
2162 14.07944282370003
2163 14.937565733826291
2164 12.600365862536313
2165 14.590212766909955
2166 14.011799550427618
2167 13.939117710704835
2168 13.485864153295058
2169 14.696217953298731
2170 14.47078435746615
2171 14.603459756128354
2172 14.266860418607113
2173 14.758956737367724
2174 14.999345433978394
2175 13.610588300213363
2176 14.697071243676904
2177 13.751196196321576
2178 13.760583803057342
2179 14.667687350294727
2180 14.654116923011546
2181 14.22024373291418
2182 14.09084142770378
2183 14.637731558359253
2184 14.482987540686562
2185 14.247953388989957
2186 14.004385078697076
2187 15.289983061016214
2188 14.479357702269082
2189 14.605479562881024
2190 14.305167394681463
2191 13.335499623017444
2192 13.4924505159205
2193 14.133224524515352
2194 13.006712441976404
2195 13.815059794289493
2196 13.528134295896635
2197 13.721508850300985
2198 13.816067521292041
2199 14.12534419461188
2200 14.049811053519061
2201 13.498762057890913
2202 13.65928778615148
2203 14.401665438107534
2204 13.49971772703423
2205 13.018173813693034
2206 13.022992918376035
2207 13.567794507464884
2208 13.750600529635058
2209 13.122910784380503
2210 12.91450444190777
2211 13.345007031793756
2212 13.570122895736917
2213 13.75957535149559
2214 13.87174284907991
2215 14.068120712196936
2216 14.913317328895456
2217 13.837010597158168
2218 14.168263065145322
2219 13.845513860782411
2220 13.714875796191569
2221 13.51759385354815
2222 13.90295189241003
2223 13.834572240507024
2224 14.368070594737471
2225 14.402641794768277
2226 14.64762754470911
2227 14.515523367687935
2228 14.846604630620297
2229 14.497554559545643
2230 14.768780440569973
2231 14.188909225532994
2232 14.62843559610097
2233 14.073950285108134
2234 14.77518132579649
2235 14.73442718511737
2236 14.297261456950714
2237 14.242378115496484
2238 14.290897866757799
2239 14.142973175320899
2240 13.889772121346443
2241 13.789240390950576
2242 14.281772413836254
2243 14.924374663156911
2244 14.508665015759336
2245 14.068697107479458
2246 14.394117342202176
2247 15.010650982584732
2248 15.00445481762823
2249 15.094800147074585
2250 15.740127587583437
2251 14.649922310704135
2252 15.388938966652125
2253 15.950705383141475
2254 15.056612444941472
2255 14.153515994126714
2256 14.723231065083677
2257 14.496091295014569
2258 14.447930365504346
2259 14.173689292204521
2260 14.616325860419137
2261 14.585727462183696
2262 14.65865021733279
2263 14.001398467281994
2264 14.083872220042206
2265 14.67681129995249
2266 14.997784280368638
2267 15.657241570877908
2268 14.522725863190647
2269 14.84604588743585
2270 15.117095735899843
2271 14.37403774126079
2272 14.723723294211295
2273 14.118052997947279
2274 13.598465661964589
2275 13.982068022200673
2276 13.785767020431809
2277 13.519991483149445
2278 13.805018115204886
2279 13.874083960065585
2280 14.060392285810492
2281 13.800474696251944
2282 14.242732950505701
2283 14.885776337946211
2284 15.110643982971355
2285 14.430344400156137
2286 14.563474329908098
2287 14.35689275932443
2288 14.872946706112405
2289 14.833960521407038
2290 14.83448213255818
2291 15.015576862905018
2292 15.293163871788801
2293 14.861926233475847
2294 15.596762268233936
2295 14.8037216618161
2296 14.52004277569982
2297 14.909576643146266
2298 14.989958386083844
2299 15.460372486834835
2300 15.155757374727115
2301 15.116892864425628
2302 14.85820426401102
2303 14.570197839923502
2304 15.014335091988519
2305 14.867602700138713
2306 14.680500920845148
2307 14.777937504311572
2308 13.993438944893265
2309 13.812327461867428
2310 13.558051901903688
2311 14.121818426064326
2312 14.116354441977315
2313 14.550103618969718
2314 14.445498969354075
2315 13.959821619831054
2316 15.163100680306426
2317 14.406349888701138
2318 14.150068441828218
2319 13.875868169581452
2320 14.327255556142015
2321 14.228143917443592
2322 13.817381887887636
2323 13.75640879992503
2324 13.874805430342452
2325 14.527776319447172
2326 14.515419223272232
2327 14.729163980618353
2328 14.846407455574273
2329 14.08883958850654
2330 14.927072870898684
2331 14.246405745628042
2332 14.522472437174883
2333 14.702448493347802
2334 14.128720316993999
2335 14.444438412422658
2336 14.6406849387874
2337 14.701085373536582
2338 14.126621153392888
2339 13.967054503124219
2340 13.984390975506832
2341 12.59427655412551
2342 13.869069926894946
2343 14.669251216191558
2344 14.204116072984323
2345 13.857213065673482
2346 14.147624207108183
2347 13.790061429241188
2348 13.69677411765888
2349 14.369853666454727
2350 14.170640388828954
2351 14.53052168662252
2352 14.964491495434721
2353 15.52631478448241
2354 15.337548138297105
2355 14.804673868750205
2356 14.772061486185297
2357 14.164070152263452
2358 13.886809284590656
2359 13.782529599338977
2360 13.492999812880308
2361 13.604712334776465
2362 14.495675312093852
2363 14.73994678562239
2364 14.048989297832714
2365 14.47217517143332
2366 13.780463035054693
2367 13.933316986715683
2368 13.814135368450323
2369 14.239900273358156
2370 13.455020627794001
2371 12.975488169099352
2372 13.727002040589992
2373 14.520287445625852
2374 14.46185045468442
2375 14.187006758657612
2376 13.995659108548422
2377 14.58961991614367
2378 15.007285382465028
2379 15.019167321258179
2380 14.02315401855389
2381 13.403246718389447
2382 13.80909324342811
2383 13.051420698078042
2384 14.537455603461977
2385 14.508635110858389
2386 14.915314817134098
2387 15.183257710139392
2388 14.629457486403762
2389 14.939903749417553
2390 14.437630999752447
2391 14.0835211697003
2392 13.85511591302844
2393 14.291628043738305
2394 14.185397544531394
2395 14.557929105612656
2396 15.573547006215682
2397 15.433593758787758
2398 14.8086751036028
2399 13.190739439750107
2400 13.400300484150073
2401 14.231849513725702
2402 14.26472262129614
2403 14.404910931483425
2404 14.880151380706709
2405 14.252578426724652
2406 13.962624675628843
2407 15.119972780758923
2408 14.140971331981895
2409 14.032045620512257
2410 13.574670181188631
2411 14.162725558965
2412 13.85700122788693
2413 13.563133596913515
2414 13.403407583029834
2415 14.842042048296907
2416 14.340949029899194
2417 14.196134114082227
2418 13.774668115313755
2419 14.90407532047119
2420 13.781079147313614
2421 14.528001589208488
2422 14.913157889340907
2423 14.366245511576057
2424 13.966535706769962
2425 14.002751453338051
2426 13.912521669013218
2427 13.922523568108982
2428 14.152678849180818
2429 14.853111069088335
2430 14.036153405602258
2431 14.430266267269076
2432 13.918988546628702
2433 13.995663202398335
2434 14.722836825119701
2435 13.784200198513483
2436 13.95733884549889
2437 14.174803512611533
2438 13.906579514214092
2439 14.45206773485675
2440 14.469380782529553
2441 14.422943541531218
2442 14.615056570086892
2443 13.997962491768856
2444 14.622826041803762
2445 14.227748452896202
2446 14.33574842933019
2447 15.138094231692417
2448 14.278026256565521
2449 14.084074066706476
2450 14.865615887614268
2451 14.760430986486243
2452 14.00534799147898
2453 14.231191826563991
2454 13.709816496843695
2455 13.968871387672154
2456 13.428726997136684
2457 14.263615197854815
2458 14.21646795121855
2459 14.205360396176108
2460 14.232608038379913
2461 13.690649702115369
2462 14.024337891320059
2463 14.48599761585224
2464 14.443478284390128
2465 14.330728660715078
2466 15.384803730069155
2467 14.331986346833874
2468 14.056753011998039
2469 14.036784603432393
2470 15.099888017243206
2471 15.00311430993672
2472 14.256481007835646
2473 15.253493960480842
2474 14.722476359992843
2475 14.967647302251438
2476 14.75431068756145
2477 13.92001988926442
2478 14.013582887350902
2479 14.92176140943227
2480 15.38153303136536
2481 14.582409218446431
2482 14.199425581205974
2483 13.591445008212268
2484 14.072984658341907
2485 14.570949285119546
2486 14.479257490986654
2487 14.176584230002707
2488 13.542656083934439
2489 14.33751003130427
2490 13.313831083813723
2491 13.348394107864
2492 14.28825065918114
2493 13.84034218803966
2494 13.627204015895968
2495 13.987370711739871
2496 13.896426213442519
2497 14.258373943109866
2498 13.590105971438765
2499 14.247347437305683
2500 13.63269096994268
2501 14.14374165200122
2502 13.611290214084299
2503 13.437387525705002
2504 13.097786807232625
2505 13.472753235448767
2506 14.166351656846338
2507 12.918558329348533
2508 13.935684247258378
2509 13.767035523106948
2510 12.541087937657577
2511 12.803159272593222
2512 12.662006931479313
2513 12.869243015402063
2514 12.449253573253912
2515 12.85694443029492
2516 12.913138948072815
2517 13.385589511180351
2518 12.676156329547286
2519 13.461348099768776
2520 13.97389976377293
2521 14.200675154914391
2522 14.343625053854915
2523 14.221458705194335
2524 14.142491881029182
2525 14.018634331353562
2526 14.435637553533564
2527 14.117009866117934
2528 13.625603290421175
2529 13.933442210334816
2530 14.11068127901376
2531 14.552110808033742
2532 13.960805875498812
2533 13.531038043639155
2534 13.600466251442796
2535 13.291025621870647
2536 13.823402753064078
2537 13.1167283114825
2538 13.281640058719406
2539 13.145295065978111
2540 13.590038654855185
2541 13.523268877815985
2542 14.315459969445564
2543 13.67407636768923
2544 13.791363381726205
2545 13.588403214515196
2546 13.85418784507539
2547 13.231566094726805
2548 13.556070549453077
2549 13.462145286554147
2550 12.975194981799188
2551 12.810239785172534
2552 13.04444384338535
2553 13.195482882674018
2554 12.652085659398715
2555 12.699236831422153
2556 13.05391899854409
2557 12.794387299675211
2558 12.667920031612022
2559 12.667248043228133
2560 13.051751908305722
2561 13.061918586211348
2562 13.069620185390301
2563 13.280796877847054
2564 13.151952597697646
2565 12.867315901448361
2566 12.812124433148476
2567 12.916501858016037
2568 13.270960416324678
2569 13.562014410657143
2570 13.060533417358883
2571 14.076469766072936
2572 13.675119869080714
2573 13.738467152293143
2574 13.782590095619506
2575 13.57306702515776
2576 13.737200899414605
2577 13.235402334135477
2578 13.814642525712902
2579 13.61205737266127
2580 14.329566672832229
2581 14.225555500513961
2582 13.29826856975064
2583 13.786661821125769
2584 13.59233756184857
2585 13.731721372116596
2586 13.976552722028375
2587 13.765019032328514
2588 13.851552198880508
2589 13.7404875051952
2590 13.869517569852299
2591 14.186274548064388
2592 14.027211832884824
2593 13.937053095587018
2594 13.774006588587598
2595 13.73904119323991
2596 14.128495442007303
2597 13.924960256742157
2598 12.895813115410508
2599 13.236995827323149
2600 13.280888133002666
2601 13.773128178049445
2602 13.998017861291812
2603 13.899332531669
2604 13.647866483039047
2605 14.069697495247626
2606 13.888599465673838
2607 14.257377167426753
2608 13.625014417108838
2609 13.780903941243372
2610 13.533746008987459
2611 13.575355186816077
2612 13.607975174922329
2613 12.95382378356676
2614 13.665156536997442
2615 14.144593074185204
2616 13.958170942421363
2617 14.120484862808157
2618 13.34144696229788
2619 14.738984723034495
2620 13.667651522440186
2621 15.00913056316013
2622 14.939578181645443
2623 13.852417123144393
2624 14.291994340135991
2625 14.957340723882613
2626 14.078957549563741
2627 14.364608469686205
2628 14.749717403509244
2629 15.224121605448765
2630 15.021346785672861
2631 14.146924392675825
2632 14.7069443663585
2633 14.491553866565674
2634 14.332712960222304
2635 14.591862696390141
2636 13.512042789370067
2637 14.493298792040777
2638 14.117724328472523
2639 14.435782885032893
2640 14.372913078357664
2641 14.412024854660723
2642 14.253789152949054
2643 14.919972422231563
2644 14.528331860560323
2645 14.220206296009072
2646 14.393869008970237
2647 14.510369146326108
2648 13.480870441199775
2649 14.370468701795813
2650 13.470520720717555
2651 13.27366342811878
2652 12.961380859538023
2653 12.907776058362119
2654 12.958622831277802
2655 12.902187372035641
2656 12.715992299941162
2657 13.146963469699765
2658 13.105878366258557
2659 12.910653313828607
2660 12.912527723955243
2661 12.99995828981345
2662 13.206084031771535
2663 12.955424768643026
2664 12.555017270484177
2665 13.508435065079292
2666 13.21980042741311
2667 13.138399870734053
2668 13.100573308377275
2669 14.18350022138562
2670 13.133748023508513
2671 12.862146089480381
2672 13.124784503537517
2673 13.390497558639451
2674 12.883111523784374
2675 13.490145756782233
2676 12.709557096304358
2677 13.01868954375353
2678 13.170995891166358
2679 13.184757527474922
2680 12.84505106415989
2681 13.044421694870934
2682 13.26224202383329
2683 13.184868778090257
2684 12.785174126155406
2685 13.32962089046769
2686 12.765514718400842
2687 13.072855472417963
2688 13.055947745461149
2689 13.317857434716819
2690 13.332650932909468
2691 12.494974488962795
2692 13.00226358044582
2693 13.438171011925753
2694 13.934725634121754
2695 12.732581833954752
2696 13.077771391290291
2697 13.373798022198354
2698 13.46218448781513
2699 13.500503416576596
2700 13.07436254713339
2701 12.825285519503995
2702 12.78610502857717
2703 13.307363086565772
2704 13.368342340180138
2705 13.047279926048382
2706 13.020205327813327
2707 12.912893208903935
2708 13.530401631985802
2709 12.816712081986713
2710 13.656626514944692
2711 12.735543712764354
2712 13.561164880703087
2713 12.829370289828306
2714 12.816183018360906
2715 12.952373536324892
2716 13.09027337589317
2717 13.231472940786272
2718 13.078396229563786
2719 13.049605989134104
2720 12.295016232752756
2721 13.188520698437989
2722 13.75548471301629
2723 13.079121349423838
2724 12.892767633865418
2725 13.813831761620921
2726 12.97874381647223
2727 13.520538648094936
2728 13.452830912095981
2729 13.868750223869096
2730 13.69334753909355
2731 13.99640382127048
2732 13.677142107716314
2733 13.79870322102538
2734 13.794250031577645
2735 13.376317955317385
2736 13.743724507729958
2737 13.964012467678856
2738 13.351744676679418
2739 13.712321440322823
2740 13.97762932813777
2741 13.367583775435358
2742 13.65851841553721
2743 13.84382595883514
2744 13.331349559739257
2745 13.534988540170824
2746 14.366890311930124
2747 14.899688173448263
2748 14.61636600388431
2749 13.887866096616646
2750 14.642593496013378
2751 13.826177752732242
2752 13.855872858501693
2753 14.00188716875936
2754 13.987559756254653
2755 14.508530616410805
2756 14.26672190208424
2757 14.24604893516731
2758 14.136799592013402
2759 14.292914061217495
2760 14.25248721178741
2761 14.833795584207058
2762 14.10201168403991
2763 14.141391759902668
2764 13.83770570471657
2765 14.170196029267018
2766 13.855511063129203
2767 13.932072095696864
2768 13.687206471493264
2769 14.96980525370548
2770 13.832975976020077
2771 13.88349292617904
2772 14.762883425791209
2773 14.080009367971659
2774 13.10809898990265
2775 14.214527707521825
2776 13.745297562892569
2777 13.234459761852245
2778 13.939641692340317
2779 13.546804272092533
2780 14.379045363688501
2781 13.488090706374496
2782 13.518945544154175
2783 13.349894495545373
2784 13.491259673759632
2785 14.464504224481972
2786 14.297644437461717
2787 14.42616267053941
2788 14.535222162904553
2789 14.2029159602019
2790 14.398488122571235
2791 13.836520220059425
2792 13.588927139120836
2793 14.182031599373811
2794 14.573416310049954
2795 13.643777591540415
2796 15.027195177358452
2797 13.707127671117826
2798 14.353896136256962
2799 13.999821515228504
2800 14.415485708073673
2801 14.591776452068816
2802 13.217181791175271
2803 14.059273737935445
2804 14.653013726117784
2805 14.104193416354034
2806 13.724597846991953
2807 14.738909307806546
2808 14.171653421424542
2809 13.916731101163329
2810 13.573618287514948
2811 13.848427809283095
2812 13.818615303445473
2813 14.755817284075604
2814 14.345943238412897
2815 13.968780850412836
2816 13.708981425792201
2817 14.869094420405258
2818 13.998797529124896
2819 13.674698007099963
2820 13.458813482963162
2821 13.989468468090378
2822 14.477533007253605
2823 13.905582633755776
2824 14.300092463661526
2825 14.104172699472032
2826 13.810991104873393
2827 14.049480239682838
2828 14.187460001828908
2829 14.625879866537094
2830 14.614642363789702
2831 14.448556395358052
2832 14.334569702619035
2833 14.258551741196914
2834 15.085437883041655
2835 15.285897490236692
2836 14.814998353913495
2837 14.643237368006794
2838 14.987013448287152
2839 15.726244858629743
2840 15.533219664471902
2841 15.627666459979915
2842 16.364760591698868
2843 15.990439658123245
2844 15.836234041636926
2845 15.393469405335534
2846 14.81007915770823
2847 14.198426215798394
2848 14.213192541933033
2849 14.35519436819298
2850 14.910810354870124
2851 14.516912544625793
2852 15.700054995405347
2853 14.868043397566021
2854 15.455018534436391
2855 14.321796280364001
2856 14.360784338841366
2857 14.131982508284288
2858 15.574159839994946
2859 14.855532575929297
2860 14.83062140291754
2861 14.277256016079336
2862 14.993275291666992
2863 14.911135483282097
2864 14.555469174012513
2865 15.10257917476599
2866 14.38348190285008
2867 14.442355067458115
2868 14.673684804792147
2869 15.252731519929679
2870 15.082282663479239
2871 14.100216181587172
2872 14.161443598634602
2873 13.93060897645636
2874 14.045407578948497
2875 15.0345789178187
2876 14.069150913287066
2877 14.22687951765886
2878 14.861827380176937
2879 15.495741057051854
2880 14.704409318653479
2881 14.484266402688164
2882 14.555103939881223
2883 14.420617905894838
2884 14.800129190856705
2885 15.313952336999042
2886 15.614909037672156
2887 14.992058647972954
2888 15.23324290274315
2889 14.797595446890409
2890 14.924000246082798
2891 14.40176395511014
2892 15.292708588928596
2893 15.06041679755818
2894 15.769861034441668
2895 15.505915435180173
2896 16.051327878144214
2897 15.0880387704493
2898 15.12566097783281
2899 14.972639603100495
2900 15.969066167503119
2901 15.203475434725645
2902 15.095577451374536
2903 15.397548940674014
2904 14.430238719296636
2905 15.016675911215653
2906 14.457540010012949
2907 15.132051792592423
2908 15.296516652106185
2909 14.662112868196655
2910 14.752215685505922
2911 14.62224908173278
2912 14.008015009285437
2913 14.262585689273438
2914 14.249202872296145
2915 13.604876710129833
2916 14.516067792817024
2917 13.694607676321917
2918 14.503491999173852
2919 14.063758049784576
2920 13.71225022636374
2921 13.780523526733692
2922 13.92020241781322
2923 14.100758220770096
2924 14.365292904755261
2925 13.942590039424761
2926 14.901611862964334
2927 14.62184087642611
2928 14.095745217142605
2929 14.68504002839875
2930 14.106164050679036
2931 13.897232119003712
2932 14.195814670734054
2933 13.73756756186736
2934 14.12475598138542
2935 13.963102898441134
2936 14.444555976361311
2937 14.503286610065203
2938 13.811818282286323
2939 13.809818666957385
2940 14.279405267397774
2941 13.977358777223575
2942 14.55052608361655
2943 14.044409851923842
2944 14.387646478012659
2945 14.328669918506822
2946 14.0831913741284
2947 13.9235550888502
2948 14.155668080266574
2949 13.728469549912218
2950 14.015279698639535
2951 14.349478512336729
2952 14.565267060074204
2953 14.57293386366389
2954 14.307826281050959
2955 14.141079340978878
2956 13.951116987381003
2957 14.834649544830116
2958 14.330221839151108
2959 13.77190169173708
2960 13.518794934713
2961 13.90328980623619
2962 14.383285366303612
2963 13.881300010936847
2964 13.766407987163902
2965 14.06638930357016
2966 14.101585129193298
2967 13.95468499362889
2968 14.22190673101359
2969 13.83896606893959
2970 13.822065352047842
2971 13.568659524055484
2972 14.638434924997545
2973 14.32204945452607
2974 13.67478155883259
2975 13.219412923945619
2976 14.367447177877267
2977 14.17880779674968
2978 14.031355431651527
2979 13.70629997514808
2980 13.633802354784127
2981 13.200373030354037
2982 13.403758469097712
2983 13.340856616910793
2984 13.297444813337007
2985 13.602084181497878
2986 13.556625119253725
2987 13.420388787843411
2988 13.566448150078966
2989 12.823195461176281
2990 13.728436743647645
2991 13.696542468188403
2992 13.544791727484606
2993 13.480836596810752
2994 14.028620786644098
2995 13.630852615036487
2996 13.827541022762857
2997 13.82718922023694
2998 13.766162732426626
2999 13.553792629573687
3000 13.528732870327927
3001 13.10592583048553
3002 14.128129433806492
3003 12.948721702309026
3004 12.994448969150962
3005 13.366625938598718
3006 13.235405133515766
3007 13.627857654323462
3008 13.45311942684517
3009 13.506621476652873
3010 13.215065561151254
3011 13.279839842121184
3012 13.740796271895544
3013 13.72751007858431
3014 14.24502055726066
3015 14.419578524082093
3016 14.061278293667094
3017 14.064561724559882
3018 13.802235550292494
3019 13.61211280090026
3020 14.37434362250031
3021 13.8116495991192
3022 13.836790614726548
3023 14.081796716692148
3024 13.21047599027207
3025 13.823510849155548
3026 14.138353100812099
3027 14.125305331501181
3028 14.36050787733641
3029 14.01311775701239
3030 14.05040835300257
3031 14.085068979418995
3032 14.491393192206198
3033 14.000634212181234
3034 13.745724377463194
3035 13.833112413691895
3036 14.327338891392788
3037 14.187280772702154
3038 14.23733783381457
3039 13.662668734005194
3040 13.434375633421965
3041 13.86794046643556
3042 13.822442916234417
3043 12.84456695792131
3044 13.377547945408747
3045 13.768000004961115
3046 13.521392351011354
3047 13.563716854377162
3048 13.97714118577643
3049 12.927554340737737
3050 12.6174455387533
3051 12.894403645113812
3052 12.83945664017053
3053 13.193314532238334
3054 12.805023720243996
3055 13.706559809543458
3056 13.079373232759497
3057 12.685125494564566
3058 12.777085219497756
3059 13.361851716426486
3060 13.54954196983358
3061 13.002125016800349
3062 13.823718825268093
3063 14.201202878239604
3064 13.802394880388135
3065 13.518307926004585
3066 13.724620540222512
3067 13.340435084176155
3068 13.998041433880871
3069 13.95530700471459
3070 13.78701250544474
3071 13.712254897728926
3072 13.531622301136762
3073 13.806527226746933
3074 13.0943680407531
3075 13.153917765234558
3076 12.5492232203693
3077 13.58985695224693
3078 12.905308240043897
3079 12.994071232786249
3080 13.409040114643755
3081 13.588293870394534
3082 13.519495535526925
3083 13.7323316761409
3084 14.048968682269066
3085 14.575729445863354
3086 14.30030391523606
3087 13.915386730383032
3088 13.337119616492119
3089 13.16919851609346
3090 13.157765141641331
3091 13.19130996562943
3092 13.121929536924338
3093 13.855462588661796
3094 13.3670996654644
3095 13.997064878837378
3096 13.810170722536672
3097 13.933900730064908
3098 14.390477760392574
3099 14.608248120760797
3100 13.670097834616067
3101 13.32401643300067
3102 14.2727620852828
3103 13.266612312580838
3104 14.204260727352407
3105 13.89848471097742
3106 13.572157911633058
3107 13.599841304902267
3108 13.011651479831906
3109 13.541438869470452
3110 13.732729672997968
3111 13.651513336029277
3112 13.714028592684015
3113 13.783879790235806
3114 13.461783490228312
3115 13.518253321622957
3116 13.96716278560146
3117 13.641391230750644
3118 13.768879988265644
3119 13.790407262026607
3120 13.808756438530198
3121 13.828397296943129
3122 13.659253597872324
3123 13.670028054923325
3124 13.071039734128489
3125 13.466448951193941
3126 13.850889908754569
3127 13.47478751558635
3128 13.886772891078257
3129 14.141786648900743
3130 13.608168915278581
3131 13.79166267805209
3132 14.215814899132187
3133 13.819230704752146
3134 13.785123293479838
3135 13.771757720398323
3136 13.958063799150343
3137 13.907027945586318
3138 13.505379561470416
3139 13.578396097897063
3140 13.896670198182477
3141 13.585664175251324
3142 14.006161890295346
3143 14.299745754846322
3144 13.873995119690269
3145 13.736020504633945
3146 13.74302747755069
3147 13.752632464868357
3148 13.942184748436437
3149 13.849243472132606
3150 13.604054537949326
3151 13.54899645063172
3152 14.426722821673664
3153 13.675062051249412
3154 13.508533183723019
3155 14.234122100342962
3156 13.772360341053965
3157 13.89954347003738
3158 14.317511283859245
3159 14.030346682045547
3160 13.748731641352444
3161 13.687327506087444
3162 14.128822326570196
3163 13.96251015979461
3164 13.798329832505607
3165 13.647263743914102
3166 13.679358848854259
3167 13.761398793992191
3168 13.72366687391253
3169 13.898707138131583
3170 13.458365448623589
3171 13.408189198305111
3172 13.825461973052619
3173 13.92788507087123
3174 13.17312355388544
3175 13.358644263464996
3176 13.731648637072395
3177 13.643044000388539
3178 13.801813429829968
3179 13.92858542665505
3180 14.16368998347091
3181 14.062725484131287
3182 14.039240607472836
3183 13.352079849767135
3184 13.908676880006972
3185 13.425342929182628
3186 14.274906497040826
3187 13.751050014645827
3188 13.56296613032068
3189 13.527256670650887
3190 13.468969366082742
3191 13.400885543023168
3192 13.783178416316003
3193 13.506046288363246
3194 13.304807862668035
3195 13.520631743596272
3196 14.182745818850034
3197 13.68976143950757
3198 13.614643604775225
3199 13.416788583317329
3200 13.71737039049014
3201 13.191442945481205
3202 13.711369871286449
3203 13.70183903921486
3204 13.610929427734977
3205 13.88358462745376
3206 13.92953360218219
3207 13.275806465872252
3208 13.41600666337831
3209 13.784440416142502
3210 13.472696240590823
3211 13.348312244169266
3212 13.690101112618066
3213 13.378065008745892
3214 13.718971360890075
3215 13.57379197862759
3216 13.739756144425714
3217 13.700442249566748
3218 13.604618027713672
3219 13.559508547657359
3220 13.483934285164748
3221 13.183393168872035
3222 13.355233865201932
3223 14.219682391340337
3224 13.5292295170741
3225 13.752320198174775
3226 13.686198202122323
3227 13.284663990928733
3228 14.021349703221581
3229 13.490318742386911
3230 13.894169310568802
3231 13.650380411212952
3232 13.966531723727025
3233 13.77168447913886
3234 13.402311352350663
3235 13.827776172770136
3236 13.095249559192553
3237 14.286893546882238
3238 13.744139147375462
3239 13.534071704058007
3240 13.885674064153362
3241 13.751490358587338
3242 14.369069395689085
3243 13.922734212885182
3244 14.34104500232887
3245 13.596109103081254
3246 13.377684394035512
3247 13.933793670578723
3248 14.591632300723223
3249 14.074682907418604
3250 14.910219782350422
3251 14.027801010212777
3252 13.365282260567563
3253 13.721251704710781
3254 13.2191383035801
3255 14.010344788340834
3256 13.93428623475341
3257 13.895675109113297
3258 14.880867805586865
3259 13.871787648237698
3260 13.986925893706246
3261 13.950881088264712
3262 14.09282240596639
3263 14.441444515566586
3264 13.61793106095434
3265 13.68922566162401
3266 13.911291672857255
3267 13.156691003604315
3268 13.644523030551484
3269 12.528594510688379
3270 12.897808236543947
3271 12.688968409850224
3272 13.658999855343925
3273 13.375997784717896
3274 12.909394901840976
3275 13.303424418169126
3276 14.115662980470866
3277 12.789951323345324
3278 13.13665152200597
3279 13.837215931119898
3280 13.770045236990898
3281 12.967809588601565
3282 14.059070594539829
3283 13.615260025867128
3284 13.662746954471906
3285 13.827568394607676
3286 13.793925487060095
3287 14.421013742912193
3288 13.88364380543791
3289 13.258270328411685
3290 13.5074205154386
3291 13.200783350111095
3292 13.81586029753494
3293 13.9363353484246
3294 14.253512419084089
3295 14.082614982943724
3296 13.644518844893282
3297 13.637521478554241
3298 14.357781533048035
3299 14.148184352233327
