0 13.56044030861274
1 13.441643255914846
2 13.349818625142287
3 13.178600754699527
4 13.363219139074104
5 11.691825981065952
6 12.759127167929742
7 12.327501735362949
8 13.396754218563945
9 13.08121576053529
10 13.036234316741849
11 13.12934482462131
12 12.492109718420238
13 13.687209880349196
14 12.850145341098393
15 13.640177735300044
16 13.319284228340889
17 12.498826970131704
18 13.195373255662894
19 13.089532924440343
20 13.790705663928266
21 13.852702967775992
22 11.948916888384174
23 13.115378076897281
24 12.039032584787991
25 12.796945169443802
26 13.247464342396052
27 13.045820018805275
28 13.183354204957132
29 13.108999829875202
30 13.436337170940764
31 12.113071218622437
32 13.080033920397272
33 13.475982176087717
34 13.001402196751487
35 13.016336807830584
36 12.852984013295398
37 12.545615065713456
38 12.43512991690458
39 12.097490869536902
40 13.012469403943909
41 12.120201561826761
42 12.217381970958417
43 12.893259117933871
44 12.159484508403256
45 12.56376281616205
46 11.939401848509904
47 12.034890370813212
48 12.107719659013412
49 12.45532868599739
50 12.73946942359657
51 11.971850323312115
52 12.029516495182207
53 11.994987074327975
54 12.997092729981606
55 12.14723701038472
56 12.98314944804832
57 12.279432835067464
58 12.863752555958282
59 11.672296394571884
60 12.321694611544059
61 12.414152368051111
62 12.680766812999158
63 11.760690133016023
64 11.204925374018277
65 12.70762668005917
66 12.242892739333897
67 11.973382332683025
68 13.006007567816791
69 12.31631133677845
70 12.430107484650673
71 12.255071216837209
72 12.37038319171879
73 12.694470961384328
74 12.84331383581952
75 13.223431714008104
76 12.72242417575105
77 12.52671762112448
78 12.10391438415426
79 11.995785949646013
80 12.708886787915583
81 11.45496656201913
82 11.910909065714971
83 12.263137882680764
84 11.73332531163029
85 11.789722359318825
86 11.71968160116048
87 12.6785761882116
88 11.945717204180182
89 12.585929417873299
90 12.418277366799275
91 12.935050460887052
92 12.919615263170376
93 12.159427311752887
94 11.903897137422618
95 12.916740045704904
96 12.265797865564913
97 12.04868124304817
98 12.137114417494931
99 12.589572850399495
100 12.038084869082532
101 12.520345481032484
102 13.555747757695604
103 13.362305983304173
104 12.866718057523876
105 13.463990985681482
106 13.960879587332137
107 13.643513475058608
108 13.688904835331748
109 13.420840100835498
110 11.693749240069938
111 12.829115419618773
112 13.581510258377596
113 12.524475148975867
114 13.266335839851852
115 13.438829758830698
116 12.856453615575017
117 13.13480133858553
118 13.49959067807554
119 13.201391260845416
120 12.633532102591909
121 12.913464225601674
122 13.240063102469477
123 13.009268827503723
124 12.311947627959198
125 13.393531940303061
126 13.0203581302927
127 12.390520208648745
128 12.811856560133997
129 13.339903106255974
130 13.817417552377316
131 14.247562924112502
132 13.294762921242363
133 13.620687815680844
134 13.14876242593627
135 13.053558526552873
136 13.782992649440601
137 13.56922521283324
138 13.383136516333433
139 13.698654090504304
140 12.989642693710602
141 12.774571312370611
142 12.519655937967414
143 12.197877806540864
144 12.20782854043898
145 11.784390427119176
146 11.570451717133501
147 12.52979245743654
148 12.514569824899198
149 11.970664404357844
150 11.87465107264465
151 11.8223168349244
152 11.646330517244412
153 11.675787111121828
154 11.539331750394814
155 11.615312525563633
156 11.538006691377216
157 11.516149266913006
158 11.513654462066981
159 12.699814931688687
160 11.910152905465033
161 11.967544511611624
162 12.51848368633935
163 12.441730856164035
164 11.98483351352818
165 11.772832127236851
166 11.622701542625157
167 11.848521655926195
168 12.163595318605955
169 11.760975496194568
170 13.103358310776185
171 11.874638105728225
172 11.865093879278147
173 12.312569870723292
174 12.975216407772505
175 11.117503916650241
176 11.944773739020965
177 11.627829009315505
178 11.892592857911414
179 11.375110298518752
180 12.405368216405572
181 12.798651874043667
182 13.097874443918277
183 12.681904330046146
184 11.494918379364803
185 11.743495650843684
186 12.08548929569222
187 12.782685504807306
188 11.891697039093366
189 12.96545392528594
190 12.403952850467721
191 12.799527140992305
192 12.171987379517011
193 12.029845055808236
194 13.385824558878651
195 13.382872134823385
196 12.595964311067728
197 11.782500957093685
198 11.80036012399917
199 12.349237264012709
200 13.244220909528394
201 12.849760010895974
202 12.840890899352623
203 12.218902064846677
204 12.212103349664563
205 12.703134085179952
206 12.743553100355228
207 12.208771379626675
208 12.618828485733754
209 11.861252244003435
210 12.079720716606191
211 12.951227577255873
212 12.779419070560774
213 13.005237550230131
214 12.512076041327969
215 12.436493156184582
216 12.295233861897685
217 11.710151969032724
218 12.7951810378615
219 11.638582053243471
220 11.469946565079685
221 12.877239035755272
222 12.165671722417647
223 11.694898230437964
224 11.674842070939448
225 12.381389268603552
226 12.714065977115283
227 12.398077075484936
228 11.911976393549825
229 12.172186904886722
230 13.229016361682502
231 11.65899065260651
232 11.979151843927717
233 12.336578089625808
234 12.3722881409623
235 12.377059220707304
236 12.646460866098481
237 12.527988114125558
238 11.417213594386125
239 12.343981186913759
240 12.29426909050566
241 12.985015562749636
242 12.723666245809396
243 12.431493933233334
244 13.230839540215309
245 13.169920102101605
246 12.703723959122305
247 13.129105444733648
248 12.682941372134426
249 12.048427961839282
250 12.119994375484493
251 12.398402170080386
252 11.937222931217782
253 11.949097241672115
254 11.975343648109078
255 11.594856377702131
256 11.972495583651517
257 11.135219530291137
258 11.297618425591148
259 11.433042621072017
260 11.685692162518327
261 10.96669729065158
262 11.826142107848296
263 12.396747831873368
264 11.596056326128481
265 11.502883689218134
266 11.974821422551875
267 12.024389578313489
268 12.552979239556505
269 12.5240184234041
270 11.814224456968704
271 11.632909307224121
272 12.46768961929082
273 11.955741658727655
274 11.563025911287426
275 11.587537453183776
276 11.689621546709965
277 12.041769123717684
278 11.37269901150016
279 12.026328728470746
280 11.711144394791738
281 12.128298819956367
282 11.77893021448362
283 11.89672049903197
284 11.742835504271081
285 11.861432182951866
286 11.384328381942012
287 12.136143551762325
288 10.969380238757475
289 12.217022116445246
290 11.511501927261952
291 11.435859478706552
292 12.139352017904097
293 11.091249816474834
294 11.665427207926975
295 11.47202042693677
296 11.767030230296077
297 12.00344241843107
298 12.21580513810786
299 12.675699626177373
300 11.391685102617751
301 11.74770067910135
302 11.571855343752931
303 11.931749640153583
304 11.98950098524028
305 12.790640460823068
306 11.942407128641294
307 11.802810643353487
308 11.35828754674139
309 11.98306427291126
310 11.394168744794431
311 11.940441149115147
312 11.481549556519935
313 11.379883303904917
314 11.331019637278898
315 12.042101949206172
316 12.61252890432757
317 11.615916861691028
318 11.722468408065
319 11.635566544068654
320 12.697041723138238
321 12.247111683345858
322 12.877948519163766
323 12.237106983670651
324 11.650776139079637
325 12.145225522955634
326 12.123989601957122
327 11.542562928230126
328 11.5738323981797
329 11.797841365877584
330 11.68025369548395
331 12.09843230187429
332 11.656888293092711
333 12.36877707577432
334 12.330066902098661
335 11.845186534970912
336 12.163399129848093
337 12.29541069825968
338 11.800357211578936
339 12.503165490268916
340 12.895708722550053
341 12.099121928101491
342 11.538607231438478
343 12.260830807510974
344 12.002453927475994
345 12.225341184566854
346 11.850645169170862
347 11.83228046893288
348 12.97918406285299
349 12.673572936590832
350 12.89095837991395
351 12.06602185070851
352 12.35725798772954
353 12.6380266095462
354 12.276748351966862
355 12.387911894624446
356 13.17129085242607
357 12.677255912573349
358 12.263355502356982
359 12.214387995474716
360 12.155808328389597
361 13.209902211595669
362 12.763661026279802
363 12.291558572468464
364 12.746217294626314
365 12.373515747859429
366 12.690530151552275
367 12.838112414416896
368 13.351209925471732
369 13.309835641422605
370 13.26719589922806
371 12.706675310239277
372 12.888880052439454
373 13.152441113068177
374 12.04456599460895
375 12.449015028185737
376 13.024551217677036
377 12.93074812851914
378 13.013967361028918
379 12.810002166504473
380 12.48886542100552
381 12.395105456982579
382 12.518004831497404
383 11.84271384575844
384 11.701678417650804
385 11.42568365530451
386 11.702250359933318
387 11.705413462380305
388 11.708843026637856
389 11.861190238250154
390 12.562762188496162
391 11.453431418325554
392 11.445690625551936
393 12.222344339136107
394 11.384729036646764
395 11.59326836752691
396 11.748194918365606
397 11.19014129959466
398 11.312382416857485
399 12.413791055991453
400 11.75206657767326
401 11.838310967251399
402 11.419918520822062
403 11.489652645915422
404 11.877459972753263
405 11.864280280439056
406 12.18559093575526
407 11.488441448036918
408 12.201221057555108
409 12.20397642184708
410 11.795023969160217
411 13.48285515051007
412 12.171037862350792
413 12.744128391335474
414 12.154808624711587
415 12.756877023502977
416 12.756396317485041
417 12.272220674532
418 13.084233966396644
419 13.02423472066547
420 12.494030732188829
421 12.523391244087072
422 12.928360844031605
423 12.260482282899948
424 12.27978177144405
425 12.2152974856278
426 11.756942773229095
427 11.715398364233108
428 11.25602013912984
429 12.232141552539357
430 11.878095143300486
431 11.8397201725704
432 12.228867735318369
433 12.31770118143106
434 12.194457764212663
435 13.00192838781132
436 12.773463360700546
437 12.592013229038619
438 12.27279405003438
439 12.039983907452221
440 11.756985044394876
441 11.574848459626104
442 12.755721752957326
443 11.806077960538442
444 11.896008201774631
445 11.168537712028586
446 11.094661431081658
447 11.693969936694467
448 11.909767466628951
449 13.417974473389469
450 12.717740446467827
451 13.299429472224004
452 13.16597541229122
453 11.711039439081775
454 11.869965752807447
455 11.460049579327364
456 11.3697310637868
457 11.953527487943887
458 12.59067944682207
459 11.558223327596677
460 11.598852757275251
461 12.299434420827263
462 12.59136570256191
463 13.666345666503881
464 12.300724603664262
465 12.622522271386458
466 13.281856232179571
467 12.187210836592392
468 11.939802875736437
469 12.24631037373633
470 12.81917403203525
471 12.060556406412422
472 11.853459491527678
473 11.753849823278832
474 12.949315245629696
475 11.355435215153285
476 11.769288001961577
477 12.588022794189289
478 12.154866954664502
479 11.989163004070853
480 11.781225352135863
481 11.886207881640198
482 12.714667058099403
483 13.021022648659033
484 13.191044644402073
485 12.422763035063268
486 12.67686203504098
487 12.907275381304741
488 12.606475155922677
489 13.140488039138202
490 12.686875357506587
491 11.623514482366364
492 11.920593290563861
493 11.896505276368561
494 12.522392263989211
495 12.228815773959905
496 12.687265518123104
497 12.27082688413062
498 13.344347242344934
499 12.928700878536388
500 12.169714480353928
501 12.390562199935344
502 12.662429038274858
503 13.5525160909637
504 12.633173781273575
505 12.798002987048019
506 13.090703569890888
507 13.898165927324781
508 12.727429004050988
509 13.718952936118301
510 12.557403536976794
511 12.690883694315447
512 13.086486640631218
513 12.749281900990516
514 12.953192973723437
515 13.558646309857153
516 12.88199689412505
517 12.975492365828925
518 13.238534803883072
519 12.759484987205505
520 13.267011045099046
521 12.717896506192407
522 12.446701380985656
523 12.638103245176362
524 13.367089022955808
525 13.064516334866582
526 13.360428011452044
527 11.759644235116868
528 12.890032318148105
529 12.363810261987403
530 12.443341506562964
531 12.309899491543318
532 12.566669911174571
533 13.26406423562227
534 11.883959495723643
535 13.189090355658625
536 12.347987840340666
537 12.489738140304855
538 12.433591917748075
539 12.372535033514483
540 12.447613041076904
541 11.847463665503733
542 12.801700344860262
543 12.0098711865977
544 11.866829301308082
545 12.984014266989195
546 12.268526770263872
547 12.047284249704965
548 12.58628591195778
549 12.257828464814072
550 12.314645722013417
551 12.677416374661576
552 13.245199381193604
553 12.196352942297732
554 12.371928253435218
555 11.99897303563158
556 11.877527078925935
557 12.081709564615666
558 12.356063803789212
559 12.28363971515747
560 12.273641280152063
561 12.54811917245962
562 11.873911349783256
563 12.615456459500711
564 12.507917090582513
565 12.401396433956196
566 11.504435534184559
567 12.330129921366463
568 12.168038443549827
569 13.150999502555232
570 13.393916384297793
571 11.676484579484402
572 12.35187921528507
573 12.103193608935257
574 11.54559382782737
575 11.619746441541789
576 11.968550427901176
577 11.880919453407152
578 12.110588244900775
579 11.732596419986464
580 12.602225187208083
581 12.308025177081078
582 11.203131751108874
583 11.851306861234018
584 11.695922627158792
585 11.730032852876512
586 12.094618671591865
587 12.693758227264928
588 12.391462954930606
589 11.810186320293132
590 12.063076104283878
591 12.027994904520614
592 12.024898460026458
593 11.70113707567689
594 12.052454201395449
595 11.356578958389097
596 11.53815902284127
597 11.392365259609477
598 11.542948954945828
599 12.561939689918777
600 12.15190249480129
601 12.502915361330015
602 12.472525456292967
603 12.354933238412606
604 12.115463358445169
605 11.959456791524108
606 11.71908176029638
607 12.32767800191622
608 12.100782658887116
609 13.253568659111068
610 13.67156934537334
611 12.664935449947173
612 12.7729120387745
613 12.975465663132498
614 13.121962212740868
615 12.480499700571807
616 11.765423987562706
617 12.382090113760068
618 12.547193265381887
619 11.568180077404424
620 12.66074930468643
621 13.371110557529578
622 13.05585968916847
623 12.734822405545941
624 12.510818621112787
625 13.233401065952005
626 12.68459312752837
627 12.734214258816618
628 12.250502135633758
629 12.333631728047585
630 13.150781281110065
631 13.016694767336773
632 12.320799684549911
633 12.413533043449725
634 13.117983794728696
635 12.918699573500465
636 12.254311035498867
637 12.164410456215991
638 13.080404244875881
639 13.43342686447235
640 12.719890787053027
641 12.990194969969957
642 12.913838431698354
643 12.746047832317018
644 12.91346300320872
645 12.985299728176988
646 14.115322720787246
647 12.398832959595008
648 12.799918647646928
649 13.005139366196302
650 13.217187390999587
651 12.230819722274102
652 12.291454691733989
653 11.748710920535315
654 12.412421643218162
655 11.893388558760265
656 11.60378199764747
657 12.230546208268196
658 11.646575924606044
659 11.947349526605938
660 12.003817931989248
661 11.539711608253276
662 12.126413268723446
663 12.774017872292893
664 12.758983543868851
665 11.871382100456172
666 12.291852840949167
667 12.647443431146272
668 12.09893647674572
669 13.280730095945447
670 13.462100048393479
671 13.169879377970224
672 12.996346529285054
673 12.131632170313415
674 12.703195089069181
675 12.459482651467466
676 12.77158219672095
677 13.498250690383259
678 13.314209056069982
679 12.972074921048284
680 12.776238040416752
681 12.385596301836761
682 12.141680437699035
683 12.079323915673136
684 12.55012320436155
685 12.771322913244981
686 12.102878606137418
687 12.045433210483308
688 11.209697430239181
689 12.537036543513238
690 11.749190310447231
691 12.687644906416638
692 12.739722930251093
693 11.72059811110476
694 12.226946575887224
695 12.420082596568358
696 12.054274169755711
697 12.036149659577385
698 11.523638094080788
699 11.576382489649603
700 12.154789460046306
701 11.54770702311881
702 12.013465210043176
703 12.332887241491774
704 12.210981400654845
705 11.827955106214848
706 11.69509872319017
707 11.677137237014735
708 11.09862269665888
709 11.94444796034037
710 12.204984957599718
711 12.007016274090851
712 11.881569146035726
713 13.350029406809542
714 12.584171554101355
715 12.43548980909655
716 11.539847150535689
717 11.567556629111865
718 12.128406705520137
719 11.212647667296231
720 11.814971947206852
721 11.470246620948418
722 12.258672707159494
723 12.25177846296783
724 11.781897349374708
725 12.180943042450885
726 12.216420457086521
727 11.926209895723433
728 12.135348199476915
729 12.175070893263849
730 12.032744598161923
731 12.04204972101118
732 12.253984230785953
733 11.900926638239607
734 12.122841556723913
735 12.195452486136746
736 12.729326232695177
737 11.6892650589507
738 11.671158495602796
739 11.827299304627603
740 12.344905624953675
741 11.743773338190287
742 11.604896070707674
743 12.661032069947051
744 12.326320714649823
745 12.227480047288124
746 11.935949971739662
747 12.548545547086546
748 12.628612689209513
749 12.39887518109887
750 12.527077967998501
751 12.02915185548332
752 12.61158047592593
753 11.931360136964434
754 12.840330652818569
755 12.426059973931723
756 12.619834533693794
757 12.507322273722483
758 12.862570479681263
759 12.725446553562637
760 12.904168832804057
761 13.190763286061287
762 12.722564726612934
763 12.388776101233928
764 13.170622089461514
765 12.60352693482217
766 12.204691060468846
767 12.85898147002944
768 12.236571092416336
769 12.121232820630347
770 11.910665590662935
771 12.482413356623324
772 12.864246761998915
773 12.472849906938064
774 12.526583142187496
775 12.248886642359905
776 12.748461210956181
777 12.301292741510828
778 12.307641077484352
779 12.3687851149817
780 12.401773848065497
781 12.835833446726943
782 12.865728156875564
783 13.182977885119607
784 13.041635167325378
785 12.550753226902744
786 12.588952079953847
787 12.016283529371202
788 12.258552479767387
789 11.877939207208351
790 12.565289391886486
791 11.970285945545346
792 12.651029114297147
793 12.44139307105897
794 12.852011149542488
795 12.186791137565267
796 12.316180845243927
797 12.641895241647857
798 12.68064850049489
799 11.71516862924175
800 11.704711797994793
801 12.502135086791391
802 12.088473443029685
803 12.478713959506436
804 12.649711445482959
805 12.651506719919308
806 13.020837045210598
807 13.4184381901818
808 12.424286534009566
809 12.396488256505114
810 12.067741116239024
811 11.749423504256878
812 12.169275589589452
813 12.239846251804282
814 12.14422531877956
815 11.959458911655291
816 12.330867024896426
817 12.091783155797046
818 12.42396293825569
819 11.805732372702662
820 11.88449035162828
821 12.590202172253491
822 12.492160563345315
823 11.745068451312251
824 11.145765948021248
825 12.127168438136016
826 12.266765896997835
827 12.763208966791018
828 12.117771282821845
829 13.088602774583851
830 12.222304280733832
831 12.512699171650697
832 12.369311867808367
833 12.345702012449495
834 12.576034245648705
835 12.3037386545872
836 13.088798069226039
837 12.355212217523482
838 12.218418745914555
839 12.277236523384724
840 12.754642791433021
841 12.303945302740722
842 12.413678970821326
843 12.268533535398207
844 12.286915347274842
845 11.967995616043767
846 12.042082854614295
847 12.424734100440686
848 12.442333735928838
849 12.393292140473752
850 12.626088097069962
851 12.712945202684908
852 13.024920069698155
853 12.41937254845878
854 12.760004886557798
855 12.367703547998012
856 12.621568666410855
857 12.03680593590317
858 11.818345762611491
859 12.405962903944658
860 12.718479079114525
861 12.170413023330225
862 12.025308738017584
863 12.080108449856612
864 12.250311328202958
865 12.737973074579712
866 12.572975759768138
867 12.939674521042425
868 12.417421079583844
869 11.976560106282342
870 12.051555059507919
871 12.335182030867085
872 11.573653196801642
873 12.55143003063117
874 12.366700737702166
875 12.60945658169073
876 12.342018141570756
877 12.78142748876032
878 11.950829504786931
879 12.140878240169886
880 12.424980833716587
881 12.67279847651207
882 12.070885076456396
883 12.448972250671693
884 12.110636976094336
885 12.360644241829768
886 12.6413042802715
887 11.642645428195575
888 12.250863064711703
889 12.230467347308881
890 12.336375107792154
891 12.422496733216343
892 11.94708462238903
893 11.089009934146878
894 12.05833937656095
895 11.361706805664095
896 11.659544800754873
897 11.822010448680283
898 11.588607216161678
899 12.722727155368945
900 12.592500280865641
901 12.335528100138303
902 12.53748831082677
903 12.511660062229579
904 13.280401829008955
905 12.77141615218608
906 13.237777853832801
907 12.686086685401731
908 11.8913915099253
909 12.128924640712645
910 12.730124818945043
911 12.671177935409752
912 12.745589479616044
913 13.199885501506582
914 12.230520514225883
915 12.435149181144785
916 12.662863185970698
917 12.67484273359366
918 12.602858743849888
919 12.862169816255358
920 12.635898542708134
921 12.737204022367498
922 12.041626452704175
923 12.356905950647823
924 12.819360242736492
925 12.26101251132598
926 12.329910389130065
927 12.52894568967757
928 12.81016764521351
929 12.724804336600116
930 12.594335914241613
931 12.475320369954996
932 12.265976815887008
933 13.004346963735884
934 12.474690328053066
935 13.471604978661125
936 13.199880698148744
937 12.211871419456333
938 13.127236330389737
939 12.813538531491135
940 11.82477895315621
941 13.101417454097906
942 12.478098048383904
943 13.103330304156753
944 12.475841168191883
945 12.593647507673706
946 12.085494955364602
947 12.625845752240354
948 12.931293187488357
949 13.077860556569432
950 12.737179097295511
951 12.207920700813098
952 12.892310922736248
953 13.120470458317978
954 12.80474983312561
955 12.77486892668933
956 11.9133345290244
957 12.912413161072
958 12.193523600765023
959 12.670044597449113
960 12.097469211754921
961 12.774999457269454
962 12.500473230241507
963 13.036382541471985
964 11.757305613484478
965 11.81037671908488
966 12.215154402172127
967 12.206441178975696
968 11.957207414975393
969 13.155614518872051
970 12.60164579362446
971 12.453653106170714
972 13.70953857349301
973 12.443693379106172
974 12.903229792840206
975 12.180048924312178
976 12.124686456505328
977 12.480879437073913
978 13.03466600939759
979 12.41077860661714
980 12.104023191650745
981 13.051502452595843
982 13.68377667385211
983 12.840028248875996
984 12.307380259860201
985 12.954400666832818
986 12.207389403670362
987 12.376055391907805
988 12.91453452879766
989 12.454927061076223
990 12.48684526469039
991 12.606608999629929
992 12.739522499170224
993 11.986079353909819
994 12.359960269424212
995 12.754604782246684
996 12.493064568856285
997 12.476066669086622
998 12.838979161420413
999 12.589704364750956
1000 12.29630944991751
1001 12.185638953634829
1002 12.21338045994691
1003 12.09883767930172
1004 11.460715767542043
1005 11.765794921515702
1006 11.056468131318852
1007 11.293307011760545
1008 11.552091613163475
1009 11.430552407196435
1010 11.955358336976628
1011 11.630859525788397
1012 11.999857335613589
1013 12.664548861303322
1014 12.422459109695689
1015 11.967658389264216
1016 12.67259139354269
1017 12.379340890544183
1018 12.46273015336991
1019 11.98542879439413
1020 12.02263889808755
1021 12.001189451396872
1022 11.82881629841856
1023 12.453187756750824
1024 11.55775954956654
1025 12.007121384368796
1026 13.213941022580745
1027 11.55173653310589
1028 11.3983227184763
1029 12.6093692447235
1030 12.728948951874697
1031 12.47303150664417
1032 11.937372473187791
1033 12.163254424259945
1034 11.931143493561521
1035 11.892761416928924
1036 12.412427408876198
1037 12.220815913305703
1038 11.924227303425676
1039 11.404319361298366
1040 12.010706537755455
1041 12.300991550479528
1042 12.195331226145795
1043 11.875072029576076
1044 12.063968144463354
1045 12.37037760111061
1046 12.188028694651614
1047 12.033866717719274
1048 12.755237858277075
1049 12.283351736038423
1050 12.66938065411943
1051 12.715427993010142
1052 12.426664251191566
1053 12.981251996210565
1054 12.585037028197803
1055 12.554508533968292
1056 12.308315420527268
1057 12.96166978950447
1058 12.919738376262746
1059 12.253951473114684
1060 11.928407317510587
1061 12.165919870429708
1062 12.242411318636616
1063 13.387816735618864
1064 12.180354907855456
1065 12.208242502337548
1066 12.419773577963634
1067 11.284071797111952
1068 11.881980048490345
1069 12.960634495304568
1070 12.780369289088373
1071 12.93102924624919
1072 12.65819274961137
1073 12.239908940991793
1074 12.048336437935474
1075 12.239347497320534
1076 12.70054624463712
1077 12.477402917381129
1078 12.157787839697013
1079 12.384096781825761
1080 12.211833607769274
1081 12.052541969729177
1082 12.142020059660183
1083 11.907542026108825
1084 12.380512701779345
1085 11.873349515254027
1086 12.538107082411106
1087 11.802601922929714
1088 12.395447706331332
1089 13.120472942109833
1090 12.19164693603123
1091 12.13748569079852
1092 12.221748792235367
1093 12.911114029619004
1094 12.264551468690128
1095 12.453986757450211
1096 12.776327068313844
1097 12.935104911876614
1098 12.380134385504144
1099 12.849534896685599
1100 12.66550175884817
1101 12.104465719369335
1102 12.940837290757997
1103 12.369100832964325
1104 13.457559356357605
1105 12.126308145368478
1106 13.01029985928033
1107 12.573588100745582
1108 12.77290898067672
1109 12.688928723271527
1110 12.5908539599527
1111 12.2883678910118
1112 12.782313156787861
1113 12.728917218794681
1114 12.480708806065124
1115 12.451875168060786
1116 12.006686419986401
1117 12.035843008484306
1118 12.410757625869161
1119 12.365963539122731
1120 11.67858444040887
1121 12.77641880219475
1122 12.248034652702268
1123 12.16638102288011
1124 12.16031292190811
1125 11.796288098192305
1126 12.318521860421805
1127 12.560766910205503
1128 12.604315004444995
1129 12.831207495520545
1130 12.037765681421423
1131 13.205506980403358
1132 12.351793058143276
1133 12.559860099478762
1134 11.497106706365086
1135 11.288179041867938
1136 12.48523521809611
1137 11.20777556452741
1138 11.297556888729684
1139 11.956799278472305
1140 12.080202109070704
1141 11.529096436052349
1142 11.754153502288078
1143 12.85138607297877
1144 13.166351017994293
1145 12.888203530264606
1146 12.691364099700227
1147 13.381446162153656
1148 12.433007706355093
1149 12.693007644927768
1150 12.263689015171794
1151 12.778066522159952
1152 12.755078149163944
1153 13.25697890935661
1154 13.172436291833094
1155 12.304651387007096
1156 12.421370797266158
1157 12.693549021537411
1158 12.74302124000939
1159 13.153096813130011
1160 12.384709078787031
1161 13.546941434784719
1162 12.352222453791072
1163 12.202481978721776
1164 12.486050381868832
1165 12.22393225403746
1166 12.032327446152253
1167 12.305045632613364
1168 11.596128705181911
1169 12.541854131213382
1170 12.043128382157725
1171 12.927379401469304
1172 12.164016886938626
1173 12.609549111807837
1174 11.885403060407484
1175 12.718254721003566
1176 11.644533480394728
1177 12.646719561411057
1178 11.830312101730687
1179 12.026367003852451
1180 12.193746048866023
1181 12.603172402338972
1182 12.519200354582226
1183 12.34355131224091
1184 12.111693361192401
1185 12.482702971489047
1186 12.07333098885824
1187 13.356709660931651
1188 12.891324271124734
1189 11.969236445173067
1190 12.343232434862978
1191 12.035500097776819
1192 12.21394232532828
1193 13.557164487152132
1194 13.130107786153117
1195 12.358018756565922
1196 11.738188283651
1197 13.668494896927756
1198 12.914531746620469
1199 12.391967027867311
1200 11.908272238341642
1201 12.297412954462652
1202 12.22567911023261
1203 12.313678655426777
1204 12.757563755876678
1205 12.314629446061534
1206 12.756738391420388
1207 12.821412465529368
1208 12.7501745356308
1209 12.272562614969196
1210 12.885306482875428
1211 12.890388909399205
1212 13.829116605542483
1213 12.856868096734297
1214 12.353457550981586
1215 11.944641458356605
1216 13.035326472300804
1217 12.680096874777465
1218 13.057458630849922
1219 12.538163613757053
1220 11.665958210961088
1221 12.283384294991599
1222 12.834626594743128
1223 11.52144105103507
1224 11.624508162651525
1225 11.989928808260238
1226 12.721144760987652
1227 11.890605740634053
1228 12.66784724244508
1229 11.637275017467275
1230 11.961938060069311
1231 11.712935127771315
1232 12.888953912793873
1233 12.695019039116472
1234 13.135850931078847
1235 12.655394991668853
1236 12.831756957113665
1237 12.504749287583065
1238 11.96018831143216
1239 12.18931392906586
1240 12.024859815026943
1241 12.207319356721882
1242 12.746054194064286
1243 11.864780068657032
1244 12.155093651275134
1245 12.648759927737501
1246 11.946537279898632
1247 11.973805585432968
1248 12.03506044483632
1249 11.964568560384865
1250 12.465487847103626
1251 11.8485100040933
1252 12.949428197476664
1253 12.286939680993
1254 12.573802602015743
1255 12.736838244253466
1256 11.979928658752199
1257 11.97282042360703
1258 11.882891506068622
1259 11.643770567353672
1260 12.938025836775221
1261 11.5446915689786
1262 12.39919175268115
1263 12.146466751714199
1264 11.975495369562246
1265 12.594589868424794
1266 12.13499046031485
1267 12.563950897234808
1268 12.537397767313013
1269 12.769298186105335
1270 12.486737497131442
1271 12.822517379677517
1272 12.463575826576083
1273 11.698948201817766
1274 11.748573106829575
1275 12.38481292049169
1276 12.379529438178809
1277 11.672311381409978
1278 11.39445192837109
1279 11.176094253263336
1280 11.191395968934236
1281 12.327269875138853
1282 11.892550315543449
1283 12.31351346789382
1284 12.26502893771777
1285 12.59177588856904
1286 11.90916830226926
1287 12.056193643781922
1288 12.516996765726079
1289 12.05071212071422
1290 11.888884365287915
1291 12.31037942103619
1292 12.206088340778075
1293 11.841185425849403
1294 11.58187416926456
1295 11.740452709386663
1296 11.699125035904268
1297 12.43581906629624
1298 11.402356777327945
1299 11.333157513682933
1300 12.162335557450424
1301 11.69415734235414
1302 12.500490348464941
1303 11.76777054225026
1304 12.006935925193906
1305 12.052502636937268
1306 12.235045609853858
1307 11.46436981348341
1308 12.02646865432101
1309 11.955495760810168
1310 11.697547064464382
1311 12.141637359760521
1312 11.636419399182975
1313 12.507438644244258
1314 11.536546379819484
1315 12.430079908615676
1316 12.450165333598145
1317 12.163076627202805
1318 12.265852796729495
1319 12.299467542799443
1320 12.706021423545709
1321 12.68803380684308
1322 12.330928203312927
1323 11.862380875950574
1324 12.153443295421331
1325 12.591166541911779
1326 12.691873869325951
1327 12.47353459815878
1328 12.420755608812835
1329 11.86793757473134
1330 12.680261543869976
1331 12.280983865631812
1332 12.06211868485303
1333 11.901808166483878
1334 12.115583633548766
1335 11.936355627194445
1336 12.340161920724634
1337 12.710824107348076
1338 12.23640028666744
1339 12.411499164753561
1340 12.138192239987193
1341 11.700609716602743
1342 11.919202807073727
1343 12.012421387347535
1344 12.029243620481413
1345 11.718106014022673
1346 12.50184390735564
1347 12.64269734001757
1348 12.18535565300323
1349 11.914317921724987
1350 11.940269264650523
1351 11.586500348230642
1352 12.351945996489935
1353 12.507937130025462
1354 12.622374519496598
1355 11.614915600666308
1356 12.555640608255842
1357 12.196056318671092
1358 12.932153219470644
1359 11.99110364357113
1360 11.281794049671175
1361 11.52032324937219
1362 11.758626813001365
1363 12.101634339605207
1364 11.90961145353215
1365 11.903130375234614
1366 12.432085840897674
1367 11.793089934332476
1368 12.484494202419073
1369 12.364732311905485
1370 12.29528139264602
1371 12.313846110079506
1372 12.778767471707242
1373 12.233162065166335
1374 12.371736384626233
1375 12.25924966732638
1376 12.27898337841786
1377 11.893674506224853
1378 12.05519251491347
1379 12.449365659093768
1380 12.419183495155167
1381 12.347409882229716
1382 12.133285759530859
1383 11.852151114635705
1384 11.839038221146199
1385 12.036568410095413
1386 11.185383951542141
1387 11.762525911218612
1388 11.61442302992563
1389 11.511325976471394
1390 11.2132482502464
1391 11.474751988432885
1392 11.844856185665424
1393 12.4835202251876
1394 11.861257013972471
1395 11.35015627163213
1396 12.525032214118319
1397 11.652789611288766
1398 12.148388346917072
1399 11.583848164809122
1400 12.348340901146038
1401 11.633463864677552
1402 12.355778571859487
1403 12.698404893592656
1404 12.430789184983553
1405 12.317107307111558
1406 12.153521326734174
1407 11.494283356590683
1408 11.536360598390186
1409 12.30026373129792
1410 12.233269775294188
1411 12.148004601241714
1412 12.738953139808757
1413 11.74973463836052
1414 12.064659698941572
1415 11.842654817844663
1416 11.24380075584654
1417 11.960533629709081
1418 11.53527812713465
1419 12.164688840194707
1420 12.198995204060239
1421 12.256907758473595
1422 11.772362968348133
1423 11.696198320016046
1424 11.416808643581662
1425 11.473585128069494
1426 11.605647790661944
1427 12.300281563591966
1428 12.524977833223522
1429 12.377898315055697
1430 11.346262410342435
1431 12.864325267411758
1432 12.309383023130087
1433 12.680404894023084
1434 11.868662172459162
1435 12.24482804635448
1436 12.449208105990836
1437 12.151116991458608
1438 12.165282089729288
1439 11.774750315628905
1440 12.135893404085023
1441 11.833842983876817
1442 11.57619681333131
1443 11.838083943463083
1444 11.830547392852775
1445 11.564854257853655
1446 11.621739480049342
1447 12.120053403346455
1448 13.058308285546154
1449 12.911108879358045
1450 12.77548635024435
1451 13.22209182318928
1452 12.268531672530719
1453 13.559930256208709
1454 12.299887861770392
1455 13.272646886357872
1456 12.817831912449664
1457 12.90110695009573
1458 12.4811572127827
1459 12.76647109290361
1460 12.43740791614199
1461 12.898713844531253
1462 12.623480084903443
1463 12.686058128824257
1464 11.875369717009898
1465 11.63505256223108
1466 11.46483981491525
1467 12.49196242268012
1468 12.626363145919884
1469 12.592083832734318
1470 11.720311412597752
1471 12.936039820105348
1472 12.919970168761976
1473 11.995924843924499
1474 11.729578860617712
1475 12.033898400531704
1476 12.61042542847304
1477 12.13669190393978
1478 11.492803605229094
1479 12.607870228460722
1480 12.149980604939245
1481 12.000682675651696
1482 12.35619469526765
1483 12.204429763826797
1484 12.66785610426546
1485 13.181631485618507
1486 12.22404524408556
1487 12.628317502826079
1488 13.044547261248965
1489 12.836675332835098
1490 11.866811032671729
1491 12.546832583676846
1492 11.641761069283678
1493 11.620406656249761
1494 12.247079976132108
1495 11.799764667774884
1496 12.583525150411853
1497 12.36112824983529
1498 11.803531909711127
1499 12.39886440995627
1500 11.767479781239254
1501 12.699965758528961
1502 12.315660114501473
1503 12.064926000137874
1504 12.899385161095969
1505 12.948933443629507
1506 12.508084108158958
1507 12.922673112319405
1508 13.176627519315073
1509 13.031649370733856
1510 13.020942423786344
1511 12.390608414514094
1512 13.051185109553023
1513 12.67699424978325
1514 12.771920738948207
1515 12.403755895660412
1516 12.510091471240294
1517 12.654328740830074
1518 12.28815734080229
1519 11.561851243645505
1520 12.824579418357919
1521 12.147761858170892
1522 12.46853728637559
1523 12.812004642071367
1524 12.355222301079296
1525 13.365052098108137
1526 12.246139636279624
1527 11.757431294108043
1528 12.099771779783739
1529 12.564677892983035
1530 13.347341058656006
1531 12.900328888231616
1532 12.555141098740146
1533 12.94219828759622
1534 12.398698644962598
1535 12.622874947370683
1536 12.35938737040924
1537 12.55060740357586
1538 12.512817259167097
1539 12.727759197660133
1540 13.028824285567561
1541 12.34592365717522
1542 11.995666815102801
1543 12.71546741262986
1544 12.298127030770726
1545 11.901786785629666
1546 12.166837637432439
1547 11.80496728945952
1548 12.561931148501658
1549 11.672522602364598
1550 12.096200049959547
1551 12.247034340676304
1552 12.316729276380276
1553 11.652539026778507
1554 12.150500814249087
1555 11.758728200799128
1556 11.495798297560496
1557 11.626835496346906
1558 11.98378485709155
1559 11.721992327693087
1560 12.122070831865718
1561 12.194044666034923
1562 11.883960899900268
1563 12.457670896383794
1564 12.312587556806335
1565 12.074206060205015
1566 11.59996585921539
1567 12.578596187036492
1568 12.626762718522702
1569 12.439667977954354
1570 12.473702929042334
1571 12.79189638245354
1572 12.028887290690625
1573 12.472039490243665
1574 12.32219913774572
1575 12.278757488053698
1576 12.225954374922665
1577 12.230204348054246
1578 12.457323447567587
1579 12.420871594639753
1580 12.019150942065588
1581 12.028469607493845
1582 13.131665473721963
1583 12.294191216643286
1584 12.406733659990275
1585 12.411879080177377
1586 12.125173918492358
1587 12.91150096169268
1588 12.369115984842189
1589 13.065472726574201
1590 13.561968388902926
1591 13.240916401132337
1592 12.096871019507818
1593 12.685922189453878
1594 12.223632121887647
1595 12.599680506616659
1596 12.439561776663162
1597 12.351698966646627
1598 12.135289904849111
1599 12.297633028627223
1600 11.671022044540448
1601 11.894153922205328
1602 11.81029792348415
1603 13.251164031240585
1604 11.918212684970422
1605 12.07401012349726
1606 12.09444552626146
1607 12.300210509797243
1608 12.365404095725353
1609 13.003269642684712
1610 12.479473157445918
1611 12.21500450251728
1612 12.787746507092049
1613 12.356704249766981
1614 11.984747684860801
1615 12.358070943224426
1616 12.420758236924993
1617 12.83767668174629
1618 12.568894343731078
1619 12.466227295780804
1620 13.105067642431846
1621 12.355866719725388
1622 12.26270566130239
1623 12.150288630641077
1624 12.692915714220545
1625 11.91128636381232
1626 12.53849204052024
1627 12.206190035513327
1628 12.674781006919098
1629 11.799901565383193
1630 11.995798286336763
1631 12.346572955489348
1632 12.025779785596075
1633 13.069405854212981
1634 13.07971745976386
1635 12.67175201909111
1636 12.436012501577
1637 12.713145381592664
1638 12.728944998260824
1639 12.473916763311465
1640 12.650355207639548
1641 12.1150916616418
1642 12.999937977410193
1643 12.938002120528928
1644 12.34117436563885
1645 12.995756830980563
1646 13.621172561847024
1647 13.030204236137156
1648 12.760829893943631
1649 12.13350433780651
1650 12.4999016995332
1651 12.633949518873942
1652 12.950267075241989
1653 12.241204530100203
1654 13.04531225491463
1655 11.716249191635892
1656 12.80489123473802
1657 12.935914008640419
1658 11.994306697306639
1659 12.9533871734925
1660 12.463433822445122
1661 11.977305079071856
1662 12.068347999406372
1663 12.123077776046335
1664 12.308434686553984
1665 12.400281911059626
1666 12.692541403213912
1667 12.354787020107869
1668 12.084113627882191
1669 11.726551211672868
1670 12.103645535842373
1671 12.04496251215375
1672 12.382773942870767
1673 12.328408158929243
1674 12.243063907405569
1675 12.713371437991253
1676 12.947759002828285
1677 12.784832240887278
1678 12.271825251356175
1679 12.139453207811775
1680 12.318145603625618
1681 12.474252889976619
1682 12.235664844299153
1683 12.291042915502416
1684 11.864411161062199
1685 11.750522454181613
1686 12.193130466827748
1687 11.799903606574109
1688 12.03017568980123
1689 12.866147863972694
1690 12.910839645695992
1691 12.824585200226135
1692 12.433928818012738
1693 13.291972176762673
1694 12.517948705334948
1695 12.973442234050456
1696 12.455071929814697
1697 12.192265561542005
1698 12.2148411585893
1699 12.75425308145585
1700 12.605796351773765
1701 12.639186139333164
1702 12.610271835256809
1703 12.009567590737532
1704 12.765781844715319
1705 12.206137424646395
1706 12.621403035020153
1707 12.430223710640432
1708 12.369821500072606
1709 12.305832712954883
1710 11.804794006812399
1711 12.38095881961696
1712 12.234397055786282
1713 12.461397196313193
1714 11.989886610786224
1715 12.201964542358157
1716 11.5231507860787
1717 12.048978704412555
1718 12.012716190747774
1719 11.894955554095116
1720 12.191054879652853
1721 12.622430181854593
1722 12.003952397803909
1723 12.095101292523838
1724 12.905356498156848
1725 12.70117795415044
1726 12.771847870613998
1727 11.8132385947457
1728 12.1606261103244
1729 11.88712068414089
1730 12.548023182939184
1731 12.155208341720042
1732 12.09858892636336
1733 12.887684972740917
1734 13.037080145355768
1735 11.919130864127304
1736 12.045747681337444
1737 11.712124991964641
1738 12.83287488581206
1739 12.27461265479115
1740 12.536937371816775
1741 12.296600022389436
1742 12.117647701945494
1743 12.891810710104581
1744 12.82154583371394
1745 13.452930726083686
1746 13.521540834328418
1747 12.39986532008039
1748 12.716758031403959
1749 12.464115143608726
1750 12.292258977570379
1751 12.682191416697929
1752 12.440676730465823
1753 12.398530771236771
1754 12.225985300916877
1755 12.610181052092674
1756 12.78408955349522
1757 12.821594238312178
1758 12.002705312543743
1759 11.738794112364452
1760 12.475878758647847
1761 12.084766841545017
1762 12.609530830072504
1763 12.398372387280373
1764 12.427709141338678
1765 13.013764320555866
1766 11.905900101073033
1767 13.195076807372333
1768 11.956851345065791
1769 12.083897664776519
1770 12.422007527543622
1771 12.545376884263153
1772 12.282370948380963
1773 12.411118918968157
1774 11.842148305238526
1775 12.791654854495532
1776 12.849922288943796
1777 12.434295104338222
1778 12.75210314770069
1779 12.813273063676794
1780 12.815965411727865
1781 12.905619491498545
1782 12.935874686098263
1783 12.954986794527825
1784 12.148873469360694
1785 12.57871659767847
1786 12.960163470750485
1787 12.49147519673211
1788 12.610625646594809
1789 12.14400196282038
1790 12.425670233775927
1791 12.508656846516145
1792 11.996372503698543
1793 12.56077219888979
1794 11.718327364450644
1795 11.773506106944614
1796 12.531631775886051
1797 11.985145412030363
1798 12.629506316213885
1799 12.21155765423317
1800 12.18245670593733
1801 12.20173357240918
1802 12.08661484955433
1803 11.918370081802143
1804 11.518911533506541
1805 11.15433052327233
1806 11.922676658591971
1807 11.74973226953658
1808 11.905117890794177
1809 12.010150122031654
1810 12.044785779187851
1811 12.036766000402604
1812 11.94596412040233
1813 12.834232521561995
1814 12.335568194803026
1815 11.947260987082105
1816 12.212429610039893
1817 12.02201940677844
1818 12.4881011853511
1819 11.367652117467252
1820 11.743825544988427
1821 12.401369597470849
1822 12.173468842775938
1823 12.678939027184864
1824 12.56203690239858
1825 12.389606547580845
1826 11.642706831629308
1827 11.583471023369494
1828 12.308131602732058
1829 12.564563113526585
1830 12.300404737124387
1831 11.953091112809352
1832 12.314990216840709
1833 12.29313289363754
1834 12.407213085161482
1835 12.32332056951735
1836 12.685795889245833
1837 12.948516428268878
1838 12.401707042478915
1839 11.622154660763433
1840 12.326901438312472
1841 12.22344709146672
1842 12.118260504072575
1843 11.77911041654968
1844 11.939876255610828
1845 12.023962546272093
1846 11.838136032745908
1847 12.327931970628233
1848 12.701689203774421
1849 12.686175854606214
1850 13.174740681924384
1851 12.619562137150066
1852 12.65747961210838
1853 12.028018395117995
1854 12.97308492383749
1855 12.337959812109906
1856 13.756358242374032
1857 13.320243020965577
1858 13.203889669237244
1859 13.201810526571315
1860 13.434780933348382
1861 12.222332223590966
1862 12.798839670296468
1863 13.313519372907107
1864 13.277539967177855
1865 13.58881112568127
1866 12.379701732781609
1867 13.00952821821634
1868 12.909771886168532
1869 13.12433463220297
1870 13.12606703030549
1871 13.25950067517021
1872 12.9726212051346
1873 12.966753024606838
1874 12.877938660261682
1875 12.471718888990674
1876 12.652434564369102
1877 12.629585810182224
1878 12.698545402419555
1879 13.343861648044816
1880 12.980630279635244
1881 12.855252378041115
1882 12.698331439877009
1883 12.596006626151691
1884 12.40900457929526
1885 12.590373435012701
1886 13.498754405880947
1887 13.022288867667301
1888 13.586785513723548
1889 13.598085427465119
1890 12.602476493459566
1891 13.244266955237048
1892 12.981422189644
1893 12.686780109480079
1894 13.894433789043845
1895 12.977522034357174
1896 12.496176920752536
1897 12.805265825324238
1898 13.382042752110827
1899 13.05483889442551
1900 13.168190961893051
1901 12.924853205006855
1902 12.361551828130054
1903 12.886798187935963
1904 12.70922246050066
1905 12.513149697806368
1906 13.434180419218503
1907 12.643857653978706
1908 13.229668583502995
1909 12.717764292812248
1910 12.627770525035444
1911 12.95183388247285
1912 12.612588747245562
1913 13.220001624527672
1914 12.531115025536256
1915 12.409815565162319
1916 13.625432056120271
1917 13.003418434901613
1918 12.735982053868678
1919 12.004205213677475
1920 12.483928148137936
1921 13.023066783879411
1922 13.010865453449828
1923 12.695539570523751
1924 12.134503757237333
1925 12.877150831777953
1926 12.846422158621564
1927 13.14393081168578
1928 12.748487693516816
1929 13.324951807934431
1930 13.27653528282727
1931 13.246445677817112
1932 13.167743776585448
1933 13.481556610669571
1934 13.91034948165796
1935 12.913479990921015
1936 13.073507443094545
1937 13.208420632217193
1938 12.026585778437138
1939 12.885969121977912
1940 13.475500092499882
1941 12.932144647178117
1942 12.501616909819703
1943 12.827710361237884
1944 12.468867267200864
1945 13.1837722994009
1946 12.368255295628595
1947 12.000155941512213
1948 12.563176613253601
1949 13.50076617127701
1950 12.20727624435875
1951 12.73261069988887
1952 12.465243916839322
1953 13.115268006152192
1954 13.494160667444982
1955 13.158637476958932
1956 12.637853043288073
1957 13.085394536453537
1958 12.525580290550565
1959 13.10977488603738
1960 12.081026790378026
1961 12.716338421066643
1962 12.221106632840828
1963 12.59164024765938
1964 12.861325008872216
1965 12.332755453073457
1966 12.573327018792607
1967 12.686650736342688
1968 12.697826617643976
1969 12.943607592573748
1970 13.320177546100075
1971 13.079170515997635
1972 12.85161379139973
1973 12.420991079958354
1974 12.77722618320243
1975 11.892571968861855
1976 11.93784142045491
1977 12.229010908050777
1978 11.714044332810838
1979 12.702429667529616
1980 12.961637699703449
1981 12.777876589579257
1982 12.47936381340017
1983 12.432276657261994
1984 12.713625064920429
1985 13.039368516685142
1986 12.802296615541042
1987 13.144624873667063
1988 12.679167517413541
1989 12.61067556562909
1990 12.925038724917032
1991 13.216521253602522
1992 12.680780411250296
1993 13.011004067132207
1994 12.457996270605152
1995 12.901163346985868
1996 12.613971529046074
1997 13.084872711364701
1998 12.81541894761614
1999 13.027830601162064
2000 12.58567353606363
2001 12.863017006857802
2002 12.944680307469833
2003 12.64739342211815
2004 13.137077451538378
2005 13.069780530429297
2006 13.578250903135858
2007 13.556555602105105
2008 13.587937019292331
2009 13.617012859657208
2010 13.699625196186002
2011 13.769585629887237
2012 13.290598439835334
2013 13.071443000712405
2014 13.243337201474295
2015 13.30926457877809
2016 12.498136085849842
2017 12.570665572111096
2018 12.58405138861255
2019 12.596027502101993
2020 12.777297213397121
2021 12.565673044193042
2022 13.652568284559901
2023 13.006282542108215
2024 13.542377566551252
2025 13.213505084176765
2026 12.696594999921459
2027 13.440900212549481
2028 12.109296832275193
2029 12.634669843275109
2030 13.290921789703027
2031 12.84984569722232
2032 13.2435491668578
2033 12.706317969511074
2034 13.081579954201445
2035 13.123858862619782
2036 13.676117528436105
2037 12.511730590446964
2038 13.496877513440506
2039 13.079214770809047
2040 13.978496701125895
2041 13.45216378163354
2042 12.856252774251558
2043 12.606759656266524
2044 13.574071741514105
2045 12.777330301609672
2046 13.17777454480304
2047 13.098394777097985
2048 12.590796237230633
2049 12.291366885758286
2050 12.020979247524993
2051 12.82095860056161
2052 12.828713754037537
2053 13.479638359384234
2054 12.535877140077918
2055 13.58078373781924
2056 12.393782357791462
2057 12.924919921444586
2058 12.276876232361923
2059 12.67755213265359
2060 12.095823754390473
2061 12.262372099845065
2062 11.98267579492284
2063 12.306089537086837
2064 11.98047870121007
2065 12.916383781479691
2066 12.020114751595507
2067 11.955656316509273
2068 12.405803645233224
2069 12.41695646495436
2070 11.959218208277008
2071 12.232554653276983
2072 12.130735362534397
2073 11.923209186679896
2074 12.725692787560222
2075 12.620939347327441
2076 12.592645627190114
2077 12.7654196761545
2078 12.36607887619487
2079 12.513343991868522
2080 12.545110486969566
2081 12.233505880004383
2082 12.061440099553275
2083 13.080633130303088
2084 12.518875536311896
2085 12.202576510947107
2086 12.584528257221702
2087 12.05346944456169
2088 12.054529911781383
2089 12.03384475114521
2090 12.267618202548823
2091 12.566018265593444
2092 12.9678576104662
2093 12.575793078870102
2094 12.957334486239287
2095 12.713281285146849
2096 12.422182442388234
2097 12.624592706160403
2098 11.827885875919502
2099 12.479933994344288
2100 12.910292333952105
2101 12.25829491394175
2102 13.035520446909224
2103 11.977720484065356
2104 12.421607814009038
2105 12.194742784475979
2106 11.966276618354518
2107 12.013425898220932
2108 12.33145227246199
2109 12.513302957921702
2110 12.718346219959107
2111 11.904644232310536
2112 12.511540312225913
2113 12.731739646149688
2114 12.619613998170664
2115 12.50895355960872
2116 12.487282845467313
2117 13.228038711185947
2118 12.978973183542172
2119 12.517860517914945
2120 12.455063039091314
2121 13.054064666113707
2122 12.618599021193655
2123 13.026120078241059
2124 12.72657949513132
2125 12.655751857532925
2126 13.298169277101064
2127 12.837748545650193
2128 11.962283812501155
2129 12.659592555305537
2130 12.948340825053446
2131 13.110482081477786
2132 12.252561110170046
2133 12.652411883600873
2134 12.4432985535834
2135 13.013020516159083
2136 12.413821549448803
2137 13.071756156627748
2138 12.769006861499872
2139 12.099265935985173
2140 12.501851258036687
2141 12.367974559158968
2142 12.09614263023134
2143 12.892060749188511
2144 12.449195291813346
2145 12.443331280259386
2146 11.56638221508298
2147 12.436336838273075
2148 12.353173565296634
2149 12.230677427563837
2150 12.356801376869123
2151 12.290214533116458
2152 11.965530438149935
2153 12.216308149279337
2154 12.628514813479688
2155 12.025691224708794
2156 12.966491057406644
2157 12.53558799135921
2158 12.248726346135733
2159 12.421534256459323
2160 12.134722455146681
2161 12.244184924187758
2162 12.52285203678678
2163 12.435599877321732
2164 12.131409765482285
2165 12.857761629640557
2166 12.780842425357186
2167 12.412785570009252
2168 12.20858797032414
2169 11.750659825872193
2170 12.26274041026715
2171 12.806962719780104
2172 12.719891404357785
2173 12.362613660409263
2174 12.54067841999159
2175 12.643785497496555
2176 12.501274078468313
2177 12.03244531446349
2178 12.036938237389215
2179 13.269999359065142
2180 12.58867985497122
2181 12.972498277965084
2182 12.513070774084747
2183 12.144868656405189
2184 12.246193275618383
2185 13.067727610888817
2186 12.223908902073573
2187 12.597434348008585
2188 12.356796531044024
2189 12.974448903880111
2190 12.863713337689594
2191 12.457662325986304
2192 12.237640811269017
2193 12.488190368747114
2194 12.892735915068224
2195 13.150558453298855
2196 12.42897758681439
2197 12.89341855138346
2198 12.458682517415188
2199 12.295415624135972
2200 12.572913160519413
2201 12.33764453353626
2202 12.612313390083917
2203 11.95764063817319
2204 12.193676255401195
2205 12.566237228461402
2206 12.977318587799555
2207 12.051188433477593
2208 13.303778479167265
2209 13.03352206977238
2210 13.246810584642777
2211 12.570709885193786
2212 13.122781486994123
2213 12.38086374090973
2214 12.049413395756735
2215 12.356115589735648
2216 12.472537218432112
2217 12.813618748295097
2218 13.283485639358585
2219 12.847587006258188
2220 12.805366776428993
2221 12.243118141094211
2222 13.06485858073266
2223 12.33530059695746
2224 12.550234991083409
2225 12.352429755071192
2226 12.714544252005327
2227 12.434231551245059
2228 11.834123234827095
2229 11.905399021818669
2230 12.844289265337439
2231 12.41855382359496
2232 12.22663687010776
2233 12.45589021229448
2234 12.780636143815812
2235 12.244848959249763
2236 11.683100371670065
2237 12.108937751390055
2238 12.258655873685699
2239 12.481853507829463
2240 12.444830187759457
2241 12.01261986215414
2242 12.639294739707152
2243 12.798660450982966
2244 12.722554231324475
2245 12.657358845880262
2246 12.499693477638479
2247 12.595809524897218
2248 11.969320975169321
2249 12.205547785990042
2250 12.804052886551583
2251 12.027193138811707
2252 12.04574254031522
2253 12.66859190722709
2254 11.692910802211342
2255 12.634131838182546
2256 12.715493380965741
2257 12.990554611333298
2258 12.150222280501374
2259 12.555602628587863
2260 12.343628429249733
2261 12.467735714756243
2262 12.720015426175376
2263 11.868628128397647
2264 12.564987076330336
2265 12.191011170369938
2266 11.878257185316741
2267 12.006987278401763
2268 12.406783490093305
2269 12.091459824684089
2270 12.546036026596111
2271 12.41417519241891
2272 11.539020584626185
2273 12.491154486356862
2274 12.316247602163601
2275 12.229748129861765
2276 12.713806732738968
2277 12.014353759971213
2278 12.019133324163644
2279 12.225890191940891
2280 12.763096774319978
2281 11.958143374902113
2282 12.079752883101234
2283 12.85097489322784
2284 12.528609479520366
2285 12.254567642309135
2286 12.32493741178063
2287 12.326502400457255
2288 12.142761010730418
2289 11.835556580238206
2290 12.437380235773718
2291 12.170038630756457
2292 12.4354028224008
2293 12.709074719763109
2294 12.575299906438593
2295 12.510608850097006
2296 12.426065908067384
2297 11.696510823165832
2298 11.863539705293913
2299 12.58814124343722
2300 11.965079653507205
2301 11.627723300208864
2302 12.174017949634978
2303 12.11451974139241
2304 12.254981435827997
2305 11.958688280543338
2306 11.567580609034708
2307 11.948236940073544
2308 12.169338517182844
2309 12.685919137900408
2310 12.255193797485754
2311 11.531753639428995
2312 11.872205774187881
2313 12.304569561072109
2314 12.466498878626801
2315 11.22124279452105
2316 12.373554206430109
2317 12.006291527020794
2318 11.950913438223571
2319 11.799364528423887
2320 11.55384248607642
2321 12.30591056970307
2322 11.826094767665344
2323 11.973547773138133
2324 11.960119174728774
2325 11.829946381265076
2326 12.448192499453443
2327 11.381806531371794
2328 12.330869076201326
2329 12.369063830061844
2330 12.562040556341756
2331 11.833093134420864
2332 12.025453025494002
2333 12.143368844052613
2334 12.426067895171302
2335 12.872081233057967
2336 11.987189832677227
2337 11.864892471359184
2338 12.30371655235729
2339 10.761254146074815
2340 11.655900733469377
2341 10.730721687636182
2342 11.827678727037828
2343 12.247149742542083
2344 12.440452231027757
2345 12.01132403982532
2346 11.861111329439028
2347 11.99012982377636
2348 12.045471969725797
2349 12.069735454822622
2350 12.636728994435058
2351 12.402660807741173
2352 12.02790294559811
2353 11.958155352300047
2354 11.560335608425378
2355 11.713199558820593
2356 11.826915507795823
2357 12.34454658630108
2358 11.92105058406476
2359 11.934337788803738
2360 12.66036408752079
2361 12.164966207791167
2362 12.247161350204614
2363 12.33948345453595
2364 11.814718108169167
2365 12.413316191991994
2366 12.55293005318656
2367 12.262307727697442
2368 12.052454040001576
2369 12.614303848658015
2370 11.97819351135921
2371 11.734394222825085
2372 12.364134219200999
2373 11.318463092738194
2374 12.077859821783688
2375 11.667925769925954
2376 12.405868598459174
2377 12.354158557867924
2378 12.424669491438824
2379 11.84555482130863
2380 12.32125121469241
2381 11.681309534503313
2382 11.961482488930395
2383 12.31722985112187
2384 12.112078706190115
2385 12.390528274586316
2386 12.518445886729534
2387 11.608969521064774
2388 12.35719862478319
2389 12.011332774782387
2390 12.280323396082034
2391 11.060219949027944
2392 11.552481836291133
2393 12.057850975970942
2394 12.161879519081028
2395 11.87776980254478
2396 12.16570081232614
2397 12.235402240106078
2398 12.546441570503985
2399 11.647230336019806
2400 12.175746067682825
2401 12.304831318653422
2402 12.211339947206966
2403 11.580035904865525
2404 11.705556964163598
2405 11.689435875401207
2406 11.200598852789096
2407 11.652342897929769
2408 11.821622201495
2409 12.108735143571959
2410 12.2003031861362
2411 11.594888624818488
2412 12.014670477308679
2413 11.859164773142474
2414 11.208906302173155
2415 11.575408134409715
2416 11.991043971302343
2417 11.328476974633793
2418 11.348833145404997
2419 11.711674837654474
2420 11.781928697857843
2421 12.189095369026303
2422 11.772028870586341
2423 11.822198409142194
2424 12.012624413109117
2425 12.263387616690455
2426 11.974479129584006
2427 12.178507728693667
2428 12.192241307639076
2429 11.524035023432292
2430 12.054435247411895
2431 12.159301365813475
2432 12.614863649993723
2433 11.539311311121507
2434 11.91770701851818
2435 12.153039423671439
2436 11.196327321051138
2437 12.136337365544438
2438 11.889717777333525
2439 12.127112846744986
2440 11.533431239824901
2441 11.785722123335756
2442 11.933538688603717
2443 11.78284518572177
2444 12.349238120697255
2445 11.686292200051021
2446 12.133877695397505
2447 13.086004528642093
2448 12.588992046609684
2449 12.623417840695824
2450 11.59393188816223
2451 12.86568809510666
2452 12.230259813498211
2453 12.035850985730947
2454 11.87937552090556
2455 12.308909844532096
2456 12.570024087861174
2457 12.092761647092454
2458 11.814327418654264
2459 11.77260986718463
2460 11.787571479897808
2461 11.947012918534082
2462 12.15618524126474
2463 12.835164520309549
2464 11.848562422912957
2465 12.670418136670628
2466 12.009175888252598
2467 11.606742368595476
2468 12.028716475373306
2469 11.837740784142746
2470 12.057753888216617
2471 12.425793639437211
2472 12.530322430373076
2473 12.372287398520605
2474 12.660126194669322
2475 11.937538874505425
2476 12.287651816580066
2477 12.365078242004532
2478 11.855735680001214
2479 12.33687180907546
2480 12.517030533892063
2481 12.64005571381891
2482 11.91870026241656
2483 12.046753468881198
2484 12.434081435308428
2485 11.913748140804003
2486 12.603976052213559
2487 12.320795814931822
2488 11.80499305507567
2489 11.887254022137574
2490 12.803612859231757
2491 11.965037475112025
2492 12.503744219425919
2493 11.609567084984246
2494 12.084285664154168
2495 12.386480453546373
2496 12.45678944741291
2497 12.391828854929711
2498 11.89758840807037
2499 11.953975011595855
2500 11.84688471183978
2501 11.764596808764729
2502 11.98739193320224
2503 12.51180665766122
2504 11.796303695794936
2505 11.959888277825684
2506 11.79752032421609
2507 12.024473458484726
2508 12.191069912851933
2509 12.324545730796844
2510 11.856008998987933
2511 12.459616236087259
2512 11.899162146991314
2513 12.029067928424343
2514 11.868053726849473
2515 11.505195126051056
2516 12.305966027129188
2517 12.28433245211568
2518 12.648256196956032
2519 12.393510218233065
2520 11.583053844068703
2521 11.95693605174745
2522 12.219585426307395
2523 12.112662182363339
2524 12.066233656635493
2525 12.328342884673852
2526 11.924860022567222
2527 11.601398306799636
2528 11.630700434130862
2529 12.493209336646313
2530 12.36678416193328
2531 12.166578103879317
2532 12.132861894359044
2533 11.845135777933619
2534 12.559827512907948
2535 11.819477805277076
2536 11.90578431018942
2537 11.85351933910341
2538 12.051892523300065
2539 11.72578530273971
2540 12.255347037361874
2541 13.100998760871388
2542 13.289364173578734
2543 12.131247347499178
2544 12.729825089155414
2545 11.984122577934286
2546 11.882841706640038
2547 12.40691206641575
2548 13.357103186185437
2549 12.6683284356602
2550 12.413284652606642
2551 12.595496034815872
2552 11.817986106370999
2553 12.38338425698134
2554 12.35384325791547
2555 12.331555737616565
2556 12.259979027930978
2557 12.052960877897462
2558 12.45261828952163
2559 12.925898255494785
2560 12.11882013881354
2561 13.33032122154114
2562 13.732247185651978
2563 13.301302482014119
2564 12.714872776689681
2565 12.344349032851031
2566 11.789144670683338
2567 12.230174631861733
2568 13.176236483182164
2569 12.82376022483933
2570 12.690099534148539
2571 13.57599803485814
2572 12.890088525595486
2573 12.272000032891695
2574 11.572006421306858
2575 11.925705352788167
2576 12.486361846783998
2577 12.799759442320966
2578 12.155244822960091
2579 12.261984232844613
2580 12.395801688434569
2581 12.845046003852874
2582 13.025398647067767
2583 12.881823646985941
2584 12.325226185723842
2585 12.645220153958627
2586 12.175302786815479
2587 12.343062927139002
2588 12.078647283587316
2589 12.26341104393616
2590 12.12288747604192
2591 11.845258921226366
2592 13.251469539111463
2593 12.548641037550738
2594 11.880108502393727
2595 12.297647398691371
2596 12.83153114680322
2597 13.053625330631295
2598 11.772078032794974
2599 12.421047175877147
2600 11.549214915176723
2601 12.507314002739536
2602 12.49131759330306
2603 11.904939948206051
2604 12.147987323186927
2605 12.799928827280922
2606 12.889467380579372
2607 13.22568499140773
2608 12.38623539493563
2609 12.948162043661092
2610 13.129918748715271
2611 13.010755891052451
2612 11.534880327436225
2613 12.00994902815653
2614 11.823132072588432
2615 12.292177928950329
2616 12.705589605243194
2617 11.546853887612492
2618 11.843117375675732
2619 12.357353161314357
2620 12.090213638771697
2621 13.058938491981532
2622 12.118164743082358
2623 12.061764904450415
2624 12.024333650715043
2625 12.047928416829196
2626 12.24873430970262
2627 11.903034630670376
2628 12.100115401737375
2629 12.21861925908065
2630 12.08847257503673
2631 12.395693334666984
2632 11.77080585201283
2633 12.383166641749014
2634 12.272979135252422
2635 12.085445348262164
2636 12.215171565020396
2637 12.251673637792145
2638 12.134859918607303
2639 12.579278036289981
2640 11.927445014439058
2641 11.723371298860386
2642 12.47403193413137
2643 12.77361761613781
2644 12.161621766452612
2645 12.80994352877766
2646 12.595799710674637
2647 12.232054466234967
2648 12.498948024494739
2649 12.922291835570041
2650 12.167673643745326
2651 12.931672894030978
2652 13.046631532226447
2653 13.7575533221842
2654 13.888570337633057
2655 12.400046051152533
2656 12.027354898048252
2657 12.498509486884785
2658 12.157353400900252
2659 12.15083293564453
2660 12.20357746885128
2661 12.538607588537861
2662 12.13228125539317
2663 12.033774503253483
2664 11.983625852751016
2665 12.366081023539788
2666 12.387397916112018
2667 13.34420304397207
2668 12.525316344178405
2669 12.184785782956514
2670 12.23171411568409
2671 12.469666510825894
2672 11.798569917800721
2673 12.024281709385725
2674 12.056202048737317
2675 11.263553077303339
2676 12.459512846202399
2677 12.463034731680922
2678 12.600653813918722
2679 12.213270655898931
2680 11.98019957819298
2681 12.276278042956122
2682 12.765193619897046
2683 12.426771896114325
2684 12.2692558267006
2685 12.394298274465138
2686 12.118013507032678
2687 12.594000756781151
2688 11.813770965924919
2689 12.208281701514748
2690 12.563836936483375
2691 12.103405390622456
2692 12.957287897390302
2693 12.269228675214496
2694 12.575599244153238
2695 11.99880503433497
2696 12.63113941632713
2697 11.325941118003486
2698 12.364360307425814
2699 13.20880952517412
2700 11.695477296100545
2701 13.038146493804273
2702 12.804807363069445
2703 12.042271004480774
2704 11.938604327110692
2705 12.317109248660808
2706 12.553279497090637
2707 12.55686228758699
2708 12.346266840463006
2709 12.562254288430408
2710 12.759331812937429
2711 12.421910589323033
2712 12.678602766003664
2713 12.69885943971949
2714 12.439272023946817
2715 12.170724779368562
2716 12.792708564074877
2717 12.699682658939873
2718 12.13420131125662
2719 12.389786250274538
2720 12.253022922282897
2721 12.08581868731148
2722 12.103031478762649
2723 11.843510353988382
2724 11.87202600785942
2725 12.26482221727769
2726 11.89875788439536
2727 12.740057656028
2728 13.261372624537495
2729 12.950106162944099
2730 13.214959004946426
2731 11.773340892745773
2732 12.34498069974846
2733 12.698938858233568
2734 12.344345427609312
2735 11.636670401772152
2736 12.213404953997834
2737 12.427671896283695
2738 12.225558385137395
2739 12.325750750793658
2740 12.57972601892207
2741 12.165710740056596
2742 12.693620513204802
2743 12.80509300931816
2744 12.686272545705448
2745 12.427110204569544
2746 12.27571332676957
2747 13.748193355698724
2748 12.879150116886214
2749 12.689155700670467
2750 12.862360164578845
2751 13.067090484412864
2752 13.247132130402983
2753 12.649796529486148
2754 12.496344234954414
2755 12.129681093694016
2756 11.757112659213258
2757 12.851153762031553
2758 12.958982266336065
2759 12.865705092232977
2760 13.045609882387778
2761 13.067742937517666
2762 12.58613368545066
2763 13.250787143178755
2764 12.606645867220688
2765 12.747050540386539
2766 12.46169801750209
2767 12.8945799145287
2768 12.599128033598358
2769 12.846834403437928
2770 12.490984313089891
2771 12.913927775670915
2772 12.445816741072077
2773 12.559673700446577
2774 12.4789187285706
2775 12.732817744495684
2776 12.646090646079493
2777 11.95889692366758
2778 12.692641457883093
2779 12.18736776192288
2780 11.550870811305359
2781 12.361516410356366
2782 12.447063340180922
2783 12.588026673767292
2784 12.38037529670261
2785 12.468766204873015
2786 12.163526602719699
2787 12.576562949879527
2788 12.006679079612674
2789 11.633835647573905
2790 12.288761616541226
2791 12.188625270163293
2792 12.674560906028606
2793 12.03468816968932
2794 12.51137883334378
2795 12.074247524521514
2796 12.497188786666634
2797 12.403761365858216
2798 12.207115761663767
2799 12.464338306701418
2800 11.816179142812226
2801 12.749761610452797
2802 12.004295041357633
2803 12.678353596341273
2804 11.883070665814168
2805 12.484543744185864
2806 12.74015832832281
2807 12.22869780812395
2808 12.185077693919844
2809 11.754685029111954
2810 12.244543540888252
2811 11.329497968148885
2812 12.539957912729022
2813 12.331179093691768
2814 12.838081466031202
2815 12.521051379470734
2816 12.686323873012348
2817 12.084924685663347
2818 12.356036317231634
2819 11.938527702757598
2820 12.339851563987363
2821 12.342269381878646
2822 12.697740876127366
2823 12.394507645700978
2824 12.299271080011621
2825 11.658272679017077
2826 12.121999730910662
2827 11.914647520856512
2828 12.06975967678353
2829 13.015843856906317
2830 11.691486311357512
2831 12.451008299117042
2832 12.368949391898948
2833 12.21002882675749
2834 12.551548549514113
2835 12.39521278483883
2836 12.108804026876511
2837 11.177442498795543
2838 12.06185136452064
2839 12.584471789131848
2840 11.912150419301637
2841 13.217621851305946
2842 13.305023550292729
2843 12.692529361765494
2844 13.303411695287886
2845 11.90505781447495
2846 12.08407324487704
2847 12.124647917217931
2848 11.414368018253096
2849 12.527851261522395
2850 12.041294640031483
2851 12.497976052252511
2852 12.166620928821953
2853 12.6168881547033
2854 12.830189708557862
2855 11.892747136095132
2856 12.809692924742809
2857 12.993106899437478
2858 12.941850701798224
2859 13.062566735188486
2860 12.80526647793115
2861 12.096481892746809
2862 12.274224388520043
2863 12.180652624930865
2864 12.842048466826842
2865 11.605414582797986
2866 12.208348912078598
2867 12.72767281973137
2868 12.229715348533317
2869 11.971760986056063
2870 11.722177432418132
2871 12.11229954149757
2872 12.17162452501018
2873 12.737092255343109
2874 12.24489180732204
2875 12.607697771927045
2876 11.743204108633616
2877 11.774736016429198
2878 12.144912872036791
2879 11.658997119449545
2880 12.42761676668443
2881 11.393798872274706
2882 11.558120983162002
2883 11.678532013971017
2884 12.688596787942384
2885 11.76109872530132
2886 11.261294575014599
2887 12.211239885921083
2888 11.79891778093442
2889 12.08904458185992
2890 12.000012514938923
2891 12.020581304963844
2892 12.47536261340568
2893 12.379101048418427
2894 12.37018997373478
2895 12.992672506935437
2896 12.575311910346047
2897 11.996229387174262
2898 12.16971593002107
2899 12.169158908067923
2900 12.331508035701676
2901 12.122689955992211
2902 11.950526123219914
2903 12.566059166540974
2904 12.21152843611013
2905 11.889463919314768
2906 11.591322423443293
2907 12.4509684892815
2908 12.286942021461083
2909 11.816293816410903
2910 12.499266150156103
2911 12.586003411016513
2912 11.887482332288434
2913 11.525426274258733
2914 11.837165143716277
2915 11.93723485246258
2916 11.940441019099266
2917 11.52115721322031
2918 11.906418761279305
2919 11.876096519578985
2920 11.710882999361347
2921 11.416464555061776
2922 11.89455636432102
2923 11.53352891261156
2924 11.828318175334337
2925 11.828818052931924
2926 11.708477192466074
2927 11.560394457004781
2928 11.472739845465004
2929 11.732838437117158
2930 11.646475132976585
2931 12.260872164674277
2932 12.023527828039475
2933 12.08483678585895
2934 11.846379408955716
2935 11.316985026688242
2936 11.785077543654054
2937 12.242783473898761
2938 11.432848561918966
2939 11.62164210910386
2940 11.47972001475199
2941 11.866821788973777
2942 11.392123747217875
2943 11.884490118252375
2944 12.248374695951405
2945 11.880147852749257
2946 11.98582231681392
2947 11.991904408664302
2948 12.084812263028349
2949 12.191245407585242
2950 11.78615732402535
2951 11.976875728722268
2952 12.185237887887705
2953 11.930631541039912
2954 12.553630755099862
2955 11.749195140073615
2956 11.82871799580871
2957 12.494628651171775
2958 12.043730026226266
2959 12.423940104461167
2960 11.976562801587063
2961 12.246759479263023
2962 12.26482235376809
2963 12.133948750966407
2964 12.743428506304653
2965 12.195961005313135
2966 12.852190020263613
2967 12.315108035321034
2968 12.399568561800917
2969 12.356758180143547
2970 12.457576430510247
2971 12.09073528301306
2972 11.444840759894442
2973 11.974434653347897
2974 12.09472943419225
2975 12.193409217593173
2976 11.839498236646726
2977 12.095804964175546
2978 12.473179014994189
2979 12.189396015192536
2980 12.539767178619254
2981 12.048066911913258
2982 12.906319865397979
2983 12.633625689724726
2984 12.030652835666725
2985 12.950891505089885
2986 12.836142171715938
2987 12.404016369061857
2988 12.781621533932995
2989 12.506484678429436
2990 12.153206493956066
2991 11.809141391257024
2992 11.942040208195616
2993 12.597749497708959
2994 12.226644999900785
2995 12.388767755625915
2996 11.753175837190655
2997 12.370735900295776
2998 12.570200105058749
2999 11.748030343495525
3000 11.806819395664908
3001 12.335618390780597
3002 11.748990629824378
3003 12.355705160226192
3004 11.988509049440776
3005 12.152950142044654
3006 12.185408628611011
3007 11.749772983736126
3008 12.427147108306785
3009 12.308670515015006
3010 11.69598128396114
3011 11.577756623527579
3012 12.432874492361398
3013 12.414087071873269
3014 11.389075144902188
3015 12.011338230674355
3016 12.10336477958075
3017 12.10265659857835
3018 12.01903544703875
3019 11.8355504511369
3020 11.266355831640027
3021 11.821337087450607
3022 12.29314767010077
3023 12.044787938737533
3024 12.366949460719914
3025 11.811683034308535
3026 12.391403745998382
3027 12.732836273882484
3028 11.739117299353381
3029 11.776211257331306
3030 12.473955883972934
3031 12.371288154628948
3032 11.477626173125607
3033 11.155041959699895
3034 11.588654122641818
3035 11.65892737391227
3036 11.564606480355904
3037 11.67931292808212
3038 12.558798917618264
3039 12.01413715173542
3040 11.276345416798478
3041 12.371123119442236
3042 12.434310829736534
3043 11.851621244278977
3044 11.66593330547392
3045 11.982510004333783
3046 11.85524731565808
3047 12.263195423473574
3048 12.40562795536938
3049 12.448351297328069
3050 11.505464102191384
3051 11.922238099409226
3052 11.91246992193591
3053 11.615824518736297
3054 11.714918005215388
3055 12.025732819081352
3056 12.190126156947011
3057 11.739355291122402
3058 11.822054068755907
3059 11.785960759665576
3060 11.412828308349631
3061 11.646381998197576
3062 12.617292996341522
3063 12.133504158909224
3064 12.080886268661391
3065 12.017987625594179
3066 12.356650658045792
3067 12.274028948703357
3068 12.17525368996844
3069 11.631534621432332
3070 11.668114957150555
3071 12.410111236528182
3072 12.266020902580534
3073 12.18445425673164
3074 11.791640755505227
3075 12.60027784039211
3076 11.912282309320325
3077 11.649714308233106
3078 12.02726999859766
3079 11.45928951388812
3080 11.992246568662555
3081 12.647598143080414
3082 11.507272142003542
3083 11.888950396693428
3084 12.019803497742108
3085 12.698219531516461
3086 12.543353015212883
3087 11.938977612254249
3088 11.85476096205057
3089 11.922678433919941
3090 12.670452323462838
3091 12.799313554933443
3092 11.883520492744527
3093 12.120668836145416
3094 12.488134392635303
3095 12.370791165489408
3096 11.845328198205232
3097 11.836004070365485
3098 12.369983099851526
3099 12.097724343783968
3100 11.710681848960592
3101 12.279045599324826
3102 12.40504629559419
3103 11.927911399770625
3104 12.480740528131474
3105 12.506010409733708
3106 12.434346836775687
3107 12.521166928531018
3108 11.782808144991106
3109 11.928840736513568
3110 12.029223284825415
3111 11.96461819340489
3112 13.091565100844168
3113 12.414281541432798
3114 12.14634529017547
3115 12.471343166486966
3116 13.442345666070352
3117 13.170356359838634
3118 12.43740262581796
3119 12.662478658894585
3120 12.67650977094882
3121 12.475101427671163
3122 11.753682364676997
3123 12.978915821442124
3124 12.094324326860322
3125 12.440064110963238
3126 12.369173652207673
3127 12.692081079042232
3128 12.234187230795715
3129 12.109360680819375
3130 12.277274189121608
3131 12.54730341419284
3132 12.813058856351406
3133 12.675394091570624
3134 12.442950490082255
3135 12.223994629970422
3136 12.670226307415215
3137 12.245361892018273
3138 12.881569435512333
3139 12.333495261247805
3140 12.777985152723
3141 12.518703318788228
3142 12.235928649841346
3143 12.721953019872673
3144 12.824882226871384
3145 12.908486024883011
3146 12.685521182307252
3147 12.721821211098385
3148 12.957623737164205
3149 12.50899158828871
3150 12.410256094808597
3151 12.523064550675823
3152 12.958580641310084
3153 13.044692980193924
3154 12.948462121496314
3155 12.224788782099095
3156 12.264902331905104
3157 12.620337490577922
3158 13.142134738865334
3159 11.958358459371146
3160 12.998637443279984
3161 12.24137659104691
3162 12.049830607305845
3163 12.948531671941408
3164 12.89241349805966
3165 12.003135415280864
3166 12.470518060252408
3167 12.435347215857043
3168 12.118361711312025
3169 12.458578179237346
3170 12.166543841525542
3171 12.452777010762238
3172 12.108509532064785
3173 12.472842960901762
3174 11.907737318687495
3175 11.830623861867622
3176 12.426709862145794
3177 12.40391228386539
3178 11.763165393242788
3179 12.054190098422392
3180 12.144442784801829
3181 12.445898049304372
3182 12.26868334861145
3183 11.65423635442986
3184 12.651528242148613
3185 11.98713391147468
3186 12.50944871403133
3187 12.375545189577139
3188 12.897800954066668
3189 12.775407269220894
3190 12.568850732892798
3191 11.989626687038543
3192 12.624554713736618
3193 12.325712431962211
3194 12.175751682860271
3195 13.147316666914287
3196 12.867843758111887
3197 13.0184055783057
3198 12.16649194530713
3199 11.974888280302327
3200 12.528234098842866
3201 11.477851876442163
3202 12.704617156545197
3203 12.333579843237262
3204 11.971265388267344
3205 12.591986229193996
3206 13.025492579723371
3207 12.05897182609975
3208 11.746032188911038
3209 12.242754836949752
3210 12.154315414536898
3211 12.31141152731139
3212 12.786969001518544
3213 12.35720224696605
3214 12.38403912761659
3215 12.525513788163751
3216 12.223068235347048
3217 11.563269200488774
3218 11.823956124877457
3219 12.20459762192742
3220 11.92698264232114
3221 11.651213911886538
3222 11.862034633892572
3223 12.81821185426465
3224 12.303512698895958
3225 12.285008232403547
3226 12.40757968112509
3227 12.38815173892746
3228 12.892174906689919
3229 12.176010041251244
3230 12.57599340713278
3231 12.084192953626198
3232 11.86542556114489
3233 11.953426260218357
3234 11.477188965124972
3235 12.921662507153242
3236 12.209717239887585
3237 12.331890422057656
3238 12.12373221951479
3239 12.424484817634916
3240 12.258038154068558
3241 12.998141308781209
3242 12.42179299418813
3243 11.943447812586639
3244 12.4152201217749
3245 11.752796696458184
3246 12.495492578720585
3247 12.589606743136263
3248 12.310067200489224
3249 12.274217939341927
3250 12.497271632972083
3251 11.851648401798922
3252 12.072932211496783
3253 12.339178502335427
3254 12.877921829898073
3255 12.229630837081485
3256 12.158735138185067
3257 11.94968810034298
3258 12.623594104637018
3259 12.259743667392932
3260 11.985581945048562
3261 12.421743115629994
3262 12.8582050368972
3263 11.562085126783408
3264 11.862692696316328
3265 12.271690915248278
3266 11.820759933713225
3267 12.322163347742501
3268 12.54632026732339
3269 12.670749887106737
3270 12.183942442204426
3271 12.532336569058966
3272 12.620211073885168
3273 12.874803025993609
3274 12.469679828468141
3275 12.795581044497334
3276 12.655255518351026
3277 12.469034613457156
3278 12.407555016478968
3279 11.507461453496951
3280 12.369697211954067
3281 12.935576892731453
3282 12.904125923891076
3283 11.984182999471935
3284 13.330569239878576
3285 13.163423704304773
3286 12.366366862431569
3287 12.492677912081797
3288 11.985021118496144
3289 11.973989287555533
3290 11.808304159863884
3291 12.237652963401587
3292 11.542818052968656
3293 11.996322571562382
3294 12.145631262966488
3295 12.035502658007813
3296 12.278526227233838
3297 11.566367028674437
3298 12.558722739300475
3299 12.797349752853512
