0 9.183635488063008
1 8.669954861938946
2 8.401077604940529
3 8.483784318055138
4 8.667702737155354
5 8.5059661245327
6 9.041997661091452
7 8.58142666961541
8 8.668920123609338
9 8.864952015819183
10 8.743129008086152
11 8.729222384858648
12 9.038844095650052
13 9.237441512522695
14 9.375583223650992
15 9.143932884472605
16 8.851352941485416
17 9.132715516953054
18 9.110374133193098
19 9.37136874300278
20 9.367448310557187
21 9.201062332608782
22 9.311602090430165
23 9.376185427328169
24 8.994005845804834
25 9.129284245499688
26 8.745132929127287
27 9.342598470892488
28 8.325207582167584
29 8.911070831080874
30 9.413197204913907
31 9.297307215782018
32 9.097024280222987
33 8.837156625153312
34 9.28352062441521
35 9.544958546973492
36 9.643754374802821
37 9.70896362799725
38 9.41669266277114
39 9.590363718196489
40 9.283374142664497
41 8.966580109034389
42 9.408902306636401
43 9.347551639695459
44 9.402880225884557
45 9.25372878021847
46 9.312557743530611
47 9.110243652672498
48 9.154777199670605
49 9.467886794406931
50 9.559895591159586
51 9.513654993991235
52 9.48870924152254
53 9.320200132058222
54 9.555052084587343
55 9.563961250411761
56 9.255171384729145
57 9.227831597748782
58 9.592747217206911
59 9.046296018299092
60 8.978516482839876
61 9.111737506942957
62 8.785759660346141
63 9.128757949585784
64 8.745351020257218
65 8.969637724984958
66 9.157430984496049
67 9.448888843850627
68 9.18153156788648
69 9.503713859368176
70 8.843375627336403
71 9.130127059150485
72 9.28220462137103
73 8.968728412527465
74 9.078814206622445
75 9.057504512688054
76 9.191928728515288
77 9.210454849632605
78 8.987807914386234
79 9.478115573036291
80 9.127035604637198
81 9.409891829058154
82 9.442418574638632
83 9.517014352202846
84 9.855702958588237
85 10.139561994989297
86 9.407978681588402
87 9.552348461897406
88 9.322428277460201
89 9.73395410819983
90 9.253166505663145
91 9.10312081545589
92 9.153716513440077
93 8.692959289189142
94 8.618945239509417
95 9.136406334200865
96 9.100101262401008
97 9.194122779260562
98 9.228976899700436
99 9.474338863735516
100 8.972766431617611
101 9.15770415044977
102 9.335648988369671
103 9.176146899658677
104 8.785303776548389
105 8.598775498864901
106 8.977711340311842
107 8.678819563860067
108 8.662137995292376
109 8.618592385259854
110 9.36054897857279
111 8.69595866591679
112 9.420295967286254
113 9.10144915702517
114 8.635963503294626
115 8.44451522878147
116 9.014981879410492
117 8.884977736182048
118 8.794375252866091
119 9.347021564913382
120 8.55383519711099
121 8.784511317069661
122 9.235328457835722
123 9.088102442020094
124 8.65944426657568
125 9.076787866771301
126 9.116507428097188
127 8.863877349257406
128 8.872998329994434
129 9.522577464904083
130 9.68629796370976
131 9.128014136786888
132 9.05485375075873
133 8.919158296645488
134 8.776879467670106
135 9.284722803804708
136 9.301674836095625
137 8.885510377021955
138 9.205313072497825
139 9.245711886452968
140 9.224976998760614
141 8.922950359662691
142 8.882373440116083
143 9.406480785893118
144 9.384107869283962
145 9.701400568974023
146 8.950809427206151
147 8.762742422838345
148 10.03632721111739
149 10.413331309131532
150 9.957724227979794
151 10.004247231724786
152 9.278268363388444
153 9.396605642086168
154 9.354755117748077
155 9.339942262848188
156 8.614591859179631
157 8.736201163507815
158 9.247055116523827
159 8.62833205662309
160 8.80768014454784
161 9.024204514299592
162 9.60514500982312
163 9.370551913486654
164 9.68494452493474
165 9.718978883596986
166 10.043100724195071
167 10.051452299907064
168 9.691060512029507
169 10.184373306823643
170 10.323366578474875
171 10.558031934368463
172 10.123276267531859
173 10.010061732573778
174 10.313333290020505
175 9.983870459045654
176 9.899518065241354
177 9.798815205391056
178 10.15157590097228
179 10.285737858849131
180 10.413740723408177
181 10.547768574373473
182 10.306113910182104
183 10.482914038247332
184 10.158451121536691
185 10.029842890662337
186 10.636055772634725
187 10.221330373398684
188 10.21983667840087
189 10.59482333228136
190 10.473858633859225
191 10.648827679907084
192 10.521640917451053
193 10.20436605882068
194 10.021484776193793
195 9.748334768861476
196 10.00071424950195
197 10.230487038463242
198 10.253264091554106
199 10.177014837689088
200 10.514283242747727
201 10.552155946369066
202 10.736433849915061
203 10.128920776872464
204 9.807510592238048
205 9.387580488099308
206 8.101879586163374
207 8.430082793447161
208 9.080802760563515
209 8.712279278268168
210 8.984176114138235
211 8.832156045571875
212 8.760442665065504
213 9.092446550006857
214 9.440859488936113
215 8.676981997151357
216 9.284935268492212
217 9.17665138187122
218 9.305893410642136
219 8.921103712003731
220 8.483244728163353
221 8.621141563460192
222 8.764185556508961
223 9.292603648499702
224 9.729168990862904
225 8.97473393847301
226 9.01127768451425
227 8.212816161368528
228 8.765665600305498
229 8.755535716734917
230 8.796088515013341
231 8.701114441661602
232 9.247824936395801
233 9.523762621785641
234 9.041716221044046
235 8.979120958636447
236 8.474942342616554
237 8.636834797967657
238 9.021391672453497
239 9.108280413220664
240 8.7786398178352
241 8.663810182732389
242 8.498256463244838
243 8.464139583517083
244 9.05707626285782
245 8.265292335216904
246 8.634701038586405
247 8.938940239988302
248 8.993343683168604
249 8.85231147809109
250 9.107926058235467
251 8.761126713052148
252 8.968162896398685
253 8.989980591773419
254 8.653072515680389
255 8.743377456055542
256 8.989087499319627
257 8.883036042348108
258 9.361089207866534
259 9.560526594592073
260 9.54231784211819
261 9.136668789349391
262 9.03148046532768
263 9.000491144608517
264 8.916590883319271
265 9.530553369655717
266 9.147892451046413
267 9.16721415962265
268 9.457445013123214
269 9.317642597544289
270 9.158850065698049
271 9.23961510565161
272 9.492212410293863
273 8.444502889322393
274 8.19972330968909
275 9.533759436327289
276 8.849153227910064
277 9.592750908435272
278 9.062224402883817
279 8.687303905856815
280 9.437351751450953
281 9.084344238323744
282 9.053315508907893
283 8.95931335266213
284 8.607229950852101
285 9.146397116156766
286 9.306261752344675
287 8.90672415835393
288 8.843621332461368
289 8.501202589023071
290 8.82597143407022
291 8.630024961096558
292 8.90267019989734
293 8.844889599020968
294 8.743955891288037
295 8.98893956386458
296 8.919571172055779
297 8.899989423486122
298 9.03048299781079
299 9.048461812976088
300 9.149479482846393
301 9.503747824742836
302 9.567577171352848
303 8.769633923769716
304 9.711644956621706
305 9.546259707521243
306 9.554910535775075
307 9.643324634858818
308 9.594096877556362
309 9.725555767157733
310 10.076946883459014
311 10.528710206015347
312 10.030395148628843
313 9.788730999153868
314 10.24893590799016
315 9.956218041022888
316 9.12052727850908
317 9.586678780123652
318 9.839225184324249
319 9.679550858230286
320 9.668244116185473
321 9.27436802916213
322 9.683409015369783
323 9.89866294465716
324 9.818344442811707
325 9.307887830187404
326 9.659667122493946
327 9.566262235733944
328 9.235854945053342
329 9.447281724312656
330 9.465465560072012
331 9.645804085679714
332 10.151731156087724
333 9.750627550260756
334 9.539188499118994
335 9.678383445991765
336 9.295192554642295
337 9.264612635696475
338 9.695874808205108
339 9.390514914558745
340 9.375709070272082
341 9.021703163217234
342 9.681872409184557
343 10.10816514561685
344 9.685829310912395
345 9.979769880740236
346 10.278578786729575
347 9.756260848478552
348 9.989414460603946
349 9.901257657321565
350 9.62507073685673
351 9.818555511728114
352 9.42150506013087
353 9.495078663010819
354 9.67371633133801
355 9.465984456411034
356 9.636464929388074
357 9.596829066723657
358 9.485819888517504
359 9.268543607474035
360 9.275877487335018
361 9.261756779800752
362 8.911646629350871
363 8.784036141646292
364 8.824708538974239
365 8.5451146874647
366 9.212713913928734
367 8.834323912418867
368 9.406434789536604
369 9.478742773021981
370 9.508736021398501
371 9.209325557924906
372 9.071727217333986
373 8.848285948032135
374 9.153586908879563
375 9.023791252232334
376 8.873437985899598
377 8.879368385615294
378 8.868590087146314
379 9.076657540566332
380 8.891600033723483
381 8.776723579002539
382 9.17221095639413
383 8.958892675104979
384 8.727140378027178
385 9.124147671847934
386 8.928280558853265
387 9.023695687829752
388 9.661936805316927
389 9.24205614654791
390 8.508092374509372
391 8.57955900064851
392 9.027591184237517
393 9.019406198436776
394 8.776182319536593
395 8.879569396576027
396 8.940347238524323
397 8.919800735330744
398 8.843429343552403
399 8.889276594031925
400 9.092782004986383
401 8.559271232089353
402 8.864604857801927
403 9.034948487914173
404 9.092349823500376
405 9.016769732754653
406 8.957306720134321
407 8.787261408607117
408 8.86531481839846
409 8.787981101587846
410 9.13718766228585
411 8.947224423243492
412 9.50414760691552
413 8.848024557599546
414 9.234087928123303
415 8.924491137114472
416 8.83807670864712
417 8.121091066487855
418 7.8834210926204085
419 7.9189877039205285
420 7.9624379304878605
421 8.322442848353145
422 8.60896145914546
423 8.561179425075956
424 8.280717190777807
425 8.500833518422635
426 8.287320640634704
427 7.894773762179882
428 8.139670629417047
429 8.132173268249089
430 8.404220265898594
431 8.504480768433448
432 8.572227090824816
433 8.066528608948897
434 8.34637677653416
435 8.237447691992005
436 8.403739357542891
437 8.683130895139305
438 8.732309385887008
439 9.021990382420963
440 9.143133556947665
441 9.256634247699296
442 8.911992664898072
443 9.329245391733293
444 9.138225212619652
445 9.651526811653419
446 9.835805127274542
447 9.739872215353598
448 9.606353341004848
449 9.703087313604911
450 9.24672223340554
451 9.232415858078669
452 9.664167246622505
453 9.667485994584059
454 9.252553410698932
455 9.240266604166134
456 9.285849687102036
457 8.858009405237528
458 9.551234361011016
459 9.460957110374093
460 9.037731059782658
461 9.193181638143693
462 9.398565339845915
463 9.439408735280857
464 9.3938330453877
465 9.418357325356242
466 9.603185594685915
467 9.141484584875606
468 9.281394652444853
469 9.193731589168516
470 9.203145793994834
471 9.753378873835429
472 9.917096942680818
473 9.898952500197773
474 9.399730367754486
475 9.415167541907197
476 9.658214283896216
477 9.421506402436803
478 10.166674134429345
479 9.416762522796631
480 9.477005714846923
481 9.865649688912914
482 9.555087503708663
483 9.598178238970862
484 10.297404067675071
485 9.407683322255131
486 9.538072548636315
487 9.14335112227421
488 9.036030477867719
489 9.175383873238218
490 9.310559147975745
491 9.295584424018223
492 9.650271393762226
493 9.2325026434175
494 9.138492894018533
495 9.216563003619727
496 9.323919369993384
497 9.325165677583522
498 9.378469527839483
499 9.707526486712506
500 9.567561363464238
501 9.201707043853778
502 8.664435440297058
503 8.79027159591468
504 9.085484963807557
505 9.261795728866172
506 9.032264566273389
507 9.163582444721767
508 9.167383730423518
509 9.318682078257694
510 9.183139554174526
511 8.924238490253925
512 9.296668990455794
513 9.576933901690362
514 9.22112720737541
515 9.298794609938074
516 9.07825066215073
517 9.246402500382201
518 8.82434666003554
519 9.064280358978438
520 9.171968942349478
521 9.001648211444946
522 8.997643306451465
523 9.183926314394803
524 9.38636148407649
525 9.612716590788537
526 9.208461447287906
527 9.167072684970316
528 9.119034875967928
529 9.0419484579474
530 8.90713759416148
531 9.473672226215024
532 9.307493284775813
533 9.468161824380692
534 9.49178680228621
535 9.135249258630582
536 9.322818493996978
537 9.347549992732201
538 9.025138177340123
539 9.593663311822551
540 9.68530075865482
541 9.513095093113838
542 9.320402205012611
543 9.566605303110041
544 9.656040213314059
545 9.426132326650446
546 9.599994654334978
547 9.656434730409767
548 9.276414394508373
549 9.146991491443389
550 9.44211056381215
551 9.160183924734243
552 8.65174550438431
553 9.65380982466989
554 9.311711737811038
555 9.745730119173572
556 9.5281610728909
557 9.190107746310877
558 9.38589693580939
559 9.334677388755
560 9.083911360797627
561 8.932559878342994
562 9.229110232212406
563 9.48721829639505
564 9.410543471761352
565 9.454646187636119
566 9.573862438345927
567 9.565532527462903
568 9.196497699806404
569 9.046432848597387
570 9.279517588992531
571 9.452876229807291
572 9.450321733436743
573 9.621692291327138
574 9.290947427133771
575 9.753500082626516
576 9.816098727330333
577 9.531651976006104
578 9.550457332725202
579 9.451629652530967
580 9.600027979954321
581 9.706511556017462
582 9.357326662381563
583 9.33899308627909
584 9.39986459203944
585 9.420200433007443
586 9.21553466297341
587 9.376410585281025
588 9.078151237339561
589 9.293840256643664
590 9.342963452966101
591 9.268212098378122
592 9.309553260793525
593 9.185315619009685
594 8.596048217202926
595 8.964010301700716
596 9.695536049560722
597 8.612595419742219
598 8.687047778444217
599 8.456121498525922
600 8.936056876673124
601 8.38792081566572
602 8.666774771177144
603 8.296538028937483
604 8.86412704073127
605 8.711827740247191
606 8.52327749323382
607 9.27691487464042
608 8.591829561735013
609 8.573787479489257
610 8.479324913764124
611 8.47355204569779
612 8.933060656600967
613 7.902992816633266
614 8.120588255599777
615 8.73046684201857
616 8.314707832140233
617 8.850125255330086
618 8.556430935584379
619 8.489967672800239
620 8.518156243809582
621 8.470265329118249
622 8.54149540242858
623 8.740315022368971
624 8.636489935709537
625 8.336816115617323
626 8.68052989530809
627 8.37797963536543
628 9.458041484403275
629 9.138087387632428
630 8.98288973400501
631 8.63611026612236
632 8.940170012797317
633 8.267800868472698
634 8.355918738207999
635 8.565220387984798
636 8.527122688757347
637 8.51066565704301
638 8.354495376357153
639 8.46025924672583
640 8.356053845253427
641 8.626960932720255
642 8.784635231255816
643 8.625254106211237
644 8.498205736941845
645 8.353117482413259
646 8.482936902352925
647 9.290617979025866
648 9.52327643965591
649 9.249562585978744
650 9.384734779571671
651 9.59439294568759
652 8.938729177460877
653 8.958749609672925
654 10.124632747138037
655 9.14726858800564
656 9.331885639186815
657 9.996958935956124
658 9.236756257334115
659 9.169698629288614
660 9.464903883493319
661 9.710751424483732
662 9.889037238184843
663 9.52551677383161
664 9.641031924672184
665 9.466963702468329
666 9.467169160006996
667 9.100673225513507
668 9.889500240237785
669 9.356752063717261
670 9.650104162585308
671 10.212381067914775
672 10.149776636419718
673 9.620505138826475
674 9.303479106137127
675 9.471767516829738
676 9.762308794228405
677 10.096609281835834
678 9.52695360801105
679 9.238187462372446
680 9.58038777000342
681 9.508462802119494
682 9.69757646165782
683 10.17258058458318
684 9.055023724915428
685 9.455497919775507
686 9.252225904483412
687 9.693786810111435
688 9.52633090908474
689 9.55269009665581
690 8.976999772411748
691 9.274546830486397
692 9.350663547453731
693 10.044613129947978
694 9.908032970735869
695 9.007438899009033
696 9.763771542710597
697 9.64960036725524
698 9.573000600790943
699 9.249227473481936
700 10.26981623512534
701 9.32213734749389
702 9.48798602411991
703 9.252361487278725
704 8.987204559630715
705 9.039927253777087
706 9.570274392661704
707 8.616422716876109
708 9.373824945492727
709 9.39117100686475
710 9.823417990083835
711 9.458729514374841
712 9.988748292555506
713 10.539626618768912
714 9.755690201950687
715 9.98148021204791
716 9.87620256415828
717 9.516421729307233
718 10.181092863094548
719 10.171036287775904
720 9.14802745014165
721 9.5808894804679
722 9.734177115802742
723 9.644490803436936
724 10.484731984035228
725 10.266113108369286
726 9.65959380500928
727 9.993625287717252
728 9.757907173593992
729 9.696706037361103
730 10.085695115422938
731 9.660137126732913
732 10.300027691409468
733 9.925169223407027
734 10.25444567204058
735 10.114785641721538
736 9.940538233453488
737 10.08815784599463
738 9.891480478770989
739 9.914976648511143
740 9.537155744438055
741 9.336636989394439
742 9.646580642871381
743 9.613582851103848
744 9.43541686535368
745 10.182276701999303
746 10.272742472587046
747 10.756676474846396
748 10.283413985064767
749 10.725891840790972
750 10.613469627010613
751 10.913269880071907
752 9.97426244251081
753 10.105463075902492
754 10.633550512343495
755 10.591771882842197
756 10.677858525138777
757 10.857680326756224
758 10.597116076521372
759 10.166804477751342
760 10.342111515123278
761 10.328687841994908
762 10.69019965244652
763 10.484375976212965
764 9.746801178893964
765 10.765285420387286
766 10.972601076693643
767 10.209689186306882
768 10.760059459562044
769 10.733162889200981
770 10.880938694434695
771 10.610727813104859
772 10.173857511651413
773 10.68549132414773
774 9.419430407858306
775 9.998420873079297
776 10.906613196706301
777 10.587016248222128
778 10.245463094660046
779 10.395345876866878
780 10.00035273047893
781 10.366795330413769
782 9.729637311872251
783 10.135425179742532
784 9.34267239693996
785 9.076464779140155
786 10.33925372833978
787 10.173451683136397
788 11.070404555948075
789 10.980679451969609
790 10.662581295857391
791 10.679596334044671
792 10.587473984013819
793 10.651251793716483
794 9.570088943903391
795 10.382539728425847
796 9.935504781269964
797 9.671035708069855
798 9.56533704457759
799 10.083391680880181
800 9.420995897713556
801 10.033766245077553
802 9.89344199444072
803 10.406007508402723
804 10.38860082599006
805 10.493033240477175
806 10.421372209866378
807 10.720161164040944
808 10.355576368752228
809 10.217843618358067
810 10.446576277522967
811 10.774179354900225
812 10.020797822787388
813 10.345759821985668
814 10.575398030589334
815 10.03649643963886
816 9.699021303933254
817 9.850503382146373
818 9.89414390662244
819 9.736729581030453
820 10.024863457425177
821 10.242206141722319
822 10.03896143216542
823 10.454078282538235
824 10.371606003248639
825 10.186272160087546
826 10.5242589922681
827 10.750918071875532
828 10.478317529401338
829 10.260940111958426
830 10.77093653385202
831 9.356284251063071
832 9.6346805686594
833 9.527762383087767
834 9.35837826599091
835 9.9362550036583
836 10.06026641971626
837 9.732413296867243
838 11.043643561788977
839 9.868060637253647
840 10.045184574288129
841 10.393902355531711
842 10.797028361797263
843 10.665869774850664
844 10.12903006419308
845 10.346918775315281
846 10.427672489264753
847 10.790155614378458
848 10.327570452997193
849 9.835736246275637
850 10.366919218569079
851 9.864938687705626
852 10.624569234713626
853 10.461834844357817
854 10.00399444773341
855 10.418293858943287
856 10.753840647623681
857 11.213331665306109
858 10.171005743900599
859 10.284002106098306
860 10.477329191528565
861 10.626209578943168
862 10.273646911537137
863 10.139878414639709
864 9.934313287089765
865 9.878195936020841
866 10.647044435088976
867 10.762745106745138
868 10.033890295753784
869 10.005800359178005
870 10.057002215805655
871 10.009520696303307
872 10.11964115756121
873 10.344889782738267
874 10.355435346764775
875 9.604426080809496
876 9.993230663685281
877 10.171925062672459
878 9.923892739457187
879 10.357484358170167
880 9.961555803787284
881 10.138606486584935
882 10.689558058676536
883 10.33916915941441
884 10.18088472238833
885 10.43278122483023
886 10.32987403150601
887 10.193709038849851
888 10.384728284597532
889 10.410495751021857
890 9.64125187787413
891 9.870542508533935
892 9.87124008068089
893 9.61837922548763
894 9.362738939658156
895 9.538122658497429
896 9.337998898121947
897 9.28594783068465
898 8.932134757708708
899 9.372250004892953
900 9.653424855375688
901 9.072670658191518
902 8.933299926465814
903 9.681319198697558
904 9.815596065990722
905 9.633176206903734
906 9.842761158706141
907 9.576713246687689
908 9.759444361282176
909 9.280094764420697
910 9.07376728879118
911 9.600586067613843
912 9.675902741374465
913 9.485554534712406
914 9.637837612253206
915 9.9060570402206
916 9.521261969955185
917 9.429000425637408
918 9.374969527920392
919 9.567041044119376
920 8.983014830389711
921 9.343265209592694
922 9.469574870709769
923 9.655673908434348
924 9.31199340845894
925 9.498993212654051
926 9.68601604904707
927 9.411538924542834
928 10.282722124446328
929 9.990087559655372
930 9.704173369943604
931 10.061502922182928
932 9.602973939751019
933 10.455985896793583
934 10.022819353541227
935 11.027474792607007
936 10.976418214037908
937 10.331980118150488
938 10.423147265651235
939 10.89844519511178
940 10.696205555555714
941 11.050049270710575
942 10.326522335412738
943 10.20111913973519
944 10.422690655438965
945 10.521240189074978
946 10.496444598884437
947 9.73417093523494
948 9.737268715300079
949 10.099133892920145
950 9.939491444948963
951 10.224836271750558
952 10.02222068201871
953 10.122363341624425
954 9.72892650299736
955 10.593086413731726
956 10.239354212554721
957 10.274130932915503
958 9.924266546393325
959 9.929831750045125
960 10.261697885254229
961 9.967379661039605
962 10.188574153544963
963 10.00090356292887
964 9.808830605277903
965 10.765869619802736
966 9.950115585053915
967 9.6485889885566
968 9.827484179899196
969 9.71369262740534
970 10.053402332002348
971 9.572000568860084
972 9.82972142857469
973 9.615209058209457
974 10.028874222019343
975 9.724845120498488
976 10.264603762280146
977 9.799553382252444
978 10.003002498165275
979 9.971098815109928
980 10.544865580733795
981 9.684002158544999
982 9.884519886923163
983 9.689084395446745
984 10.524172995317613
985 10.26249201914059
986 9.7494661994964
987 9.768626918006424
988 10.009359829143888
989 9.907215546397001
990 10.308592869457065
991 10.632337926705048
992 10.620011418151085
993 10.577281015590973
994 10.837029131326853
995 10.658936431049522
996 10.341875267346124
997 10.447797145441156
998 10.267871585140952
999 10.052170873200803
1000 10.718054664756949
1001 9.92502932353713
1002 10.371324504702384
1003 10.638578094225126
1004 10.323063043342177
1005 9.909459880674216
1006 10.276952911616243
1007 9.882392789311297
1008 9.89110001470754
1009 10.49250897125957
1010 9.989649065015273
1011 10.638797732865847
1012 10.692182661214673
1013 9.75831099660356
1014 10.687952665188053
1015 9.993497999457952
1016 10.337510218689465
1017 10.30565911638772
1018 10.104869912394701
1019 10.777357255869191
1020 9.704090060146207
1021 9.525759982395028
1022 9.511698635138991
1023 9.83184180200787
1024 9.772274685133825
1025 10.083035450349952
1026 9.566664464506847
1027 9.936488625809394
1028 10.070704155548793
1029 10.574340683220957
1030 10.292031176504452
1031 10.163305019303003
1032 9.982659605608198
1033 10.213441076290652
1034 10.073248651121546
1035 10.191585645915605
1036 10.432402093651104
1037 10.239126791049939
1038 10.254482552960331
1039 10.499771511602066
1040 10.09724434923677
1041 9.127313229579263
1042 9.84643065462031
1043 9.383479620209261
1044 9.791532915344554
1045 9.763726779385193
1046 10.321890548419425
1047 10.003148970504672
1048 10.245297516250771
1049 10.365254985935561
1050 9.22915850784687
1051 9.280725174634533
1052 9.327741439304651
1053 9.47452124709913
1054 9.1718069410403
1055 9.457648085435002
1056 10.150932499643446
1057 9.590913583165934
1058 9.6369360870062
1059 9.739329776456868
1060 9.905188250348731
1061 9.066518436567412
1062 9.518177613057839
1063 9.370872030222733
1064 9.480877147675086
1065 9.440742116323324
1066 8.959382106966284
1067 9.356699957187246
1068 10.0580711476063
1069 9.659871642911908
1070 9.223638939079786
1071 9.059793976383144
1072 9.810080920257539
1073 9.290077417794954
1074 9.593279208482242
1075 8.967241770306948
1076 9.75095862065885
1077 9.823442675945516
1078 9.866838907882338
1079 9.199575580503254
1080 9.562323936237892
1081 9.285584241245662
1082 9.434518740777806
1083 9.044534635448215
1084 9.141332806664915
1085 9.425606178465644
1086 9.23226319598108
1087 8.95973436498541
1088 8.637639833021044
1089 8.742513472827772
1090 8.68377717222733
1091 8.284300674655565
1092 8.743549711849568
1093 8.398346861871797
1094 8.735236044883687
1095 8.738775658091127
1096 8.740657036986148
1097 8.559809500778098
1098 8.201990109205303
1099 8.383207663664749
1100 8.43455315563696
1101 8.516207899777113
1102 8.998715637890653
1103 8.758704805434565
1104 8.429220054368985
1105 8.771549740230087
1106 8.533120493348866
1107 8.867763165504023
1108 8.56209846631821
1109 8.53643846860443
1110 8.918795255896834
1111 8.502936661786622
1112 10.111059006485531
1113 9.55868359010864
1114 9.558869939154619
1115 9.731054084228266
1116 9.377963799946436
1117 9.669192598300834
1118 9.71993691083769
1119 9.44203404338698
1120 9.76031206941498
1121 9.354955813823695
1122 9.382976939848781
1123 9.271599553795884
1124 9.704579506703729
1125 9.358095003708435
1126 9.278003404213983
1127 9.220905262419675
1128 9.291927221662306
1129 9.595106251172181
1130 9.264151085809125
1131 9.641051583517799
1132 9.397310064918303
1133 8.843584869784769
1134 9.533920820024537
1135 9.346335937733217
1136 9.295542486258508
1137 9.585817526633917
1138 9.263399849774979
1139 9.517283864042145
1140 9.021040924843183
1141 9.689407520928723
1142 9.685449176293913
1143 9.112425576399065
1144 9.36099900438352
1145 9.391292144640811
1146 9.139977161464184
1147 9.84056308145729
1148 9.314066472515005
1149 9.676304637813494
1150 9.214931775969971
1151 9.7495221655262
1152 9.605287168437073
1153 9.292908756346433
1154 9.543298204691851
1155 9.668755002538322
1156 9.330817291299182
1157 9.168553342529881
1158 9.361218959347552
1159 9.680923845644234
1160 9.819686687418857
1161 9.281308416072966
1162 9.484833291653535
1163 9.339320795387266
1164 9.683168772889763
1165 9.232656937826842
1166 9.64650233610314
1167 9.40827764449852
1168 9.538624364205548
1169 9.589795688547117
1170 9.998351046209368
1171 9.519592188613121
1172 9.586991092625112
1173 9.554882006803215
1174 9.414748133748692
1175 9.52430560630729
1176 9.852806770515016
1177 9.742911690467356
1178 9.499207459963436
1179 9.095505224485837
1180 9.616688542528568
1181 9.866962996886409
1182 9.960243093277711
1183 9.592451362846806
1184 9.059685559548402
1185 9.01630312366288
1186 9.457918707305929
1187 9.165566851935417
1188 9.276820170870456
1189 9.448543679410719
1190 9.351450404106338
1191 9.628184554123605
1192 9.70235345371627
1193 9.440824060122429
1194 9.687923785644319
1195 9.921653510112652
1196 9.743616814420676
1197 9.836191614755325
1198 9.606772772681005
1199 9.946934176650434
1200 9.676361176457306
1201 9.406428921584302
1202 9.32321991647325
1203 9.709603867331914
1204 9.41251320656839
1205 9.71085704536346
1206 9.22062824284101
1207 9.999324105425844
1208 9.955385670110328
1209 9.892808030071274
1210 9.27893496016549
1211 9.643761905563675
1212 10.017367259642308
1213 9.604201230684223
1214 9.358504694894721
1215 9.795535005739621
1216 9.29819178019074
1217 9.485179957009214
1218 10.284149646915555
1219 9.371390011190554
1220 9.530423483062986
1221 10.107800379171259
1222 9.442652019914426
1223 9.883765664849513
1224 9.88602020511157
1225 10.15158559814066
1226 9.978547562844481
1227 9.695548764083718
1228 9.606237126701664
1229 9.999329023196891
1230 9.79128589786338
1231 9.9820397118266
1232 9.903369703272107
1233 10.029535104542205
1234 9.540905017219371
1235 9.86809206556929
1236 10.067940408370143
1237 9.795143230735944
1238 9.716891279383828
1239 9.542662586534831
1240 10.129498222325882
1241 9.768238746248418
1242 9.905361537723584
1243 9.537374279297802
1244 9.612100860622451
1245 9.65070622337656
1246 9.716674228267102
1247 9.925947653230466
1248 9.47316231758546
1249 9.686898374504002
1250 9.289649653149057
1251 9.788128920103834
1252 9.64787481663067
1253 9.66296160137692
1254 9.619831374464733
1255 9.778327087058987
1256 9.614589304691485
1257 9.755242367468458
1258 9.736056213753445
1259 9.536708205463041
1260 9.860696193287911
1261 10.023586042177248
1262 9.488901990955597
1263 9.199773890325337
1264 9.411612024025164
1265 9.353389004496114
1266 9.908815691212904
1267 9.267338868476472
1268 9.748421264750318
1269 9.869412560020184
1270 9.960544643540237
1271 9.534836609659424
1272 9.179291861750032
1273 8.785048409188
1274 8.803493550076466
1275 8.899806658822246
1276 8.922465555569088
1277 9.8365065036664
1278 9.610771124617875
1279 9.500388512572762
1280 10.599836650383253
1281 9.485731439742342
1282 10.201441324557459
1283 10.079170599401172
1284 9.966147542799343
1285 9.376039407122867
1286 10.345788300958734
1287 10.175337656628287
1288 9.794323073153457
1289 9.807346504647594
1290 10.3402768934416
1291 9.833158692429373
1292 10.40853601917853
1293 10.571433714031098
1294 10.073180403219645
1295 9.64100956493668
1296 9.625700233537048
1297 9.81309961151778
1298 9.388483802137213
1299 9.51539976286022
1300 10.093061658127974
1301 9.951550951914301
1302 10.301558883109331
1303 9.588420975321487
1304 9.684239601673566
1305 10.184918414137279
1306 9.94258741863097
1307 9.638923936343716
1308 10.014010133746046
1309 9.932750723960943
1310 10.04894299083722
1311 10.086457084457297
1312 9.342018804420434
1313 9.37702264273647
1314 9.657549037262946
1315 9.462735668146573
1316 8.840837880772243
1317 9.576377169593526
1318 10.141484232880556
1319 10.019047148804118
1320 9.585934957499855
1321 9.743977045998587
1322 10.138259436281505
1323 10.146098327218379
1324 9.786039290226023
1325 9.160721581693407
1326 9.689920755629648
1327 10.227558996448591
1328 8.915108254885233
1329 8.962265143735275
1330 8.927386922818739
1331 9.081673877130497
1332 9.099513306734902
1333 8.924139056422385
1334 9.330569012616966
1335 9.543629474522653
1336 8.908434255148078
1337 9.154873337005116
1338 8.844120987054605
1339 9.290524888559288
1340 9.023635293804718
1341 8.730282993320992
1342 8.670156932105224
1343 9.567373787479173
1344 9.168987747250313
1345 9.72673843057631
1346 9.583040517774364
1347 10.018212320333095
1348 10.401956545187751
1349 9.77355736788266
1350 9.78007230709841
1351 9.948144801993113
1352 9.690330434777765
1353 9.94269645123427
1354 10.367265497831148
1355 9.20195462203426
1356 9.868516518593976
1357 10.00910051349708
1358 9.481143996183429
1359 9.985229468822824
1360 9.615853337531583
1361 10.17371893991589
1362 9.97451323407229
1363 10.107650990946064
1364 10.419905988657794
1365 9.767111012899209
1366 9.624059891991804
1367 8.994345567375435
1368 8.375647722441192
1369 8.869236587391349
1370 9.036007381243635
1371 9.140432532732408
1372 9.760468806657405
1373 8.658287298774002
1374 8.974862086736481
1375 9.063678215023964
1376 9.189137623414476
1377 8.968317363666534
1378 9.22523664788496
1379 8.619798263520194
1380 9.20876085134369
1381 9.644693763054589
1382 9.13799499860487
1383 8.82214930737513
1384 9.250249463069032
1385 9.080667195335904
1386 9.345342159636095
1387 9.57963015873665
1388 8.956587781025545
1389 9.342273112399498
1390 9.040592096115352
1391 9.080839943432954
1392 9.180508401783245
1393 9.472266154842455
1394 8.877095815571597
1395 9.276871415121368
1396 9.074519574059895
1397 9.003314477585695
1398 9.302862495355278
1399 9.328710402529488
1400 9.290100523492
1401 9.887355019000896
1402 9.344848661667697
1403 9.776595037378533
1404 8.356920034127773
1405 9.060592960555129
1406 9.42970500818931
1407 8.697574691449102
1408 8.868996413443076
1409 9.330898619501902
1410 9.70018716575251
1411 9.564476876690867
1412 9.342765915753393
1413 8.635842190709985
1414 8.988896294038762
1415 9.712637402604535
1416 8.832513694925666
1417 9.297137976699123
1418 9.066440825737073
1419 9.54262055740697
1420 9.364919891926117
1421 9.298071308552851
1422 9.352116552244546
1423 9.730370910168112
1424 9.441354847842982
1425 9.673052005550272
1426 9.164311284510859
1427 8.952473727768284
1428 9.344842326039167
1429 9.188025279333148
1430 9.346360780780769
1431 9.401670198250683
1432 8.229840566021718
1433 8.766847154201287
1434 8.706817463280512
1435 9.21481516625615
1436 9.531637911012275
1437 9.251327526520507
1438 8.346444819506432
1439 8.73959617719731
1440 9.138872923414972
1441 8.782084968701602
1442 8.910970678225494
1443 8.870216054905065
1444 9.508717047594773
1445 8.92840117656183
1446 8.999969392965353
1447 9.004294401994642
1448 9.20389102523811
1449 9.05495561131947
1450 8.546816007804999
1451 8.544054963226438
1452 8.365147926008582
1453 8.816017663803246
1454 9.319247188154463
1455 8.886449523260973
1456 9.098769000734912
1457 8.887858905919746
1458 9.108988200535997
1459 9.591337588461904
1460 9.37958024883562
1461 9.536942336235004
1462 9.352980247392779
1463 9.499062028270977
1464 9.75595876511699
1465 10.0294473854165
1466 9.391795211305993
1467 9.316087917717839
1468 8.728720654235248
1469 8.989101297574592
1470 9.349448080968575
1471 8.929837839051613
1472 9.672520217440423
1473 9.486254383542919
1474 8.806163796005059
1475 8.915546557019658
1476 9.45071862855565
1477 9.488979007564495
1478 8.91498220912393
1479 9.191116395652857
1480 9.442862439496432
1481 9.33184980940172
1482 9.012061344545309
1483 8.990876935687421
1484 8.88455169681352
1485 8.522212849234599
1486 9.050271594790827
1487 9.692965645935493
1488 9.129155128133664
1489 9.553160135315762
1490 9.205856031551438
1491 9.115513558696996
1492 9.32650881553974
1493 8.370331127155625
1494 8.837287767395537
1495 8.25913539629765
1496 9.140339346700046
1497 9.01918021407631
1498 8.954655631657689
1499 8.827550843494429
1500 8.961799363246723
1501 8.842802260098287
1502 9.135773772339356
1503 9.192091921142662
1504 9.035763343470519
1505 8.883407707981387
1506 9.006328303434278
1507 9.113495906489057
1508 8.708494972215565
1509 9.57096788164495
1510 8.823202494499293
1511 8.876607587646506
1512 8.991336563897434
1513 8.441434484299933
1514 8.931661984240337
1515 9.265108368655826
1516 9.338457803443871
1517 8.904198665508524
1518 9.200732951414794
1519 8.963041041888879
1520 8.997816236038055
1521 9.248516602398768
1522 9.1730726885294
1523 9.760684229800516
1524 9.937985918421658
1525 9.80541632570474
1526 9.556156888126846
1527 9.753600818563505
1528 9.341164583349208
1529 9.459343207192214
1530 9.735206684645798
1531 9.786442905973992
1532 9.637638408671522
1533 9.784910898225005
1534 9.804611075640926
1535 9.346654864463812
1536 9.827738505668275
1537 10.107184191613097
1538 9.882536962249207
1539 10.224643137515663
1540 9.582166212091796
1541 9.337722896913691
1542 9.73750053840781
1543 9.602977783330903
1544 9.115999957481751
1545 10.43063993754245
1546 9.748820371575478
1547 9.770578358980135
1548 9.692890920554078
1549 10.132892318048409
1550 9.527930539018868
1551 9.696910492450302
1552 9.867664823179688
1553 9.378496089448642
1554 8.692216408948187
1555 9.238551568557208
1556 9.960180359520171
1557 10.439719521435334
1558 9.6795327234975
1559 9.339884474101165
1560 9.975104308204523
1561 9.113642725724569
1562 8.661491131729283
1563 8.890272747476399
1564 8.986835506449923
1565 9.22675919010777
1566 9.970116115522057
1567 9.31408339933958
1568 9.336963164595229
1569 9.84807172795421
1570 9.48717797707326
1571 8.938290105215755
1572 9.446044366073304
1573 8.725595927290126
1574 9.027002716143377
1575 9.105146220093381
1576 9.131296278170684
1577 9.33200023739151
1578 8.92948071522997
1579 9.521270910519268
1580 9.512310270252279
1581 9.200132448342966
1582 9.521665055122089
1583 8.983290521020662
1584 9.176490677181567
1585 9.626099179883957
1586 9.21768183589261
1587 8.912036106320368
1588 9.002835254009826
1589 8.907301149828864
1590 9.594814765423495
1591 9.490829206206847
1592 9.929028870863332
1593 9.497078795988731
1594 9.70248957574166
1595 9.230443955214684
1596 9.844675491273899
1597 9.572036890134735
1598 9.820301745294366
1599 9.331453535150839
1600 10.090335593211075
1601 9.580339174371817
1602 9.412062800904646
1603 9.232509086129324
1604 9.282623496307577
1605 9.967249865514182
1606 9.696336801111196
1607 9.41823312090171
1608 9.605810065059874
1609 9.236477916503054
1610 9.317481524178673
1611 9.244379900093783
1612 9.335145596068505
1613 9.463431686764157
1614 10.024782228786325
1615 9.988858292960323
1616 9.831880822984687
1617 9.693520015173902
1618 9.757873018895832
1619 9.90658869720363
1620 9.279344847805662
1621 9.91498920146916
1622 9.725993465608402
1623 9.695452580921447
1624 9.48043591142482
1625 9.010722837365677
1626 9.496830251866092
1627 9.725838394746564
1628 9.266075796492958
1629 9.617878338996169
1630 9.678833926827558
1631 9.32099932179612
1632 9.762928252677348
1633 9.082606400394994
1634 8.841887922577687
1635 9.471996222954644
1636 9.197394905375663
1637 9.278049256765396
1638 9.399903745687423
1639 9.59239899737369
1640 9.421171357712014
1641 8.99656995583492
1642 9.280738714829642
1643 9.138908445447488
1644 9.655932108972003
1645 9.820747551888358
1646 9.750895946384674
1647 9.549330510779594
1648 9.878106912202462
1649 10.20968023838713
1650 9.270051449179213
1651 8.788092254991168
1652 9.519582964230636
1653 9.505304473297997
1654 9.574946691761715
1655 8.863678572045101
1656 9.519909187099795
1657 9.216860968839807
1658 9.45930612059973
1659 9.483320557536866
1660 9.683125256185308
1661 9.191320301404522
1662 9.248331536143192
1663 9.365854174115642
1664 9.267012064032576
1665 9.470103988062032
1666 9.358679713145708
1667 9.246856673431331
1668 9.411233638254062
1669 9.708714400450418
1670 9.137058349944882
1671 9.043622354795671
1672 9.689317586557253
1673 9.611742269614531
1674 10.17918203825821
1675 9.106873136016798
1676 9.465778725907704
1677 9.256486147784102
1678 9.522809151013107
1679 9.459344448273772
1680 9.562508322716115
1681 9.468759533694373
1682 9.818901644554034
1683 9.485182575545165
1684 10.666624183511589
1685 9.817037416307334
1686 9.715243054546825
1687 9.88483540713529
1688 10.145165657923544
1689 10.06037981616963
1690 9.921628693537114
1691 9.582245572270423
1692 10.022287896417977
1693 9.720348685376933
1694 9.80817318612945
1695 10.59756103240528
1696 10.249785722050841
1697 10.315446484594316
1698 10.456577376607623
1699 9.867217337950366
1700 9.509036771261734
1701 9.523225276688105
1702 9.15239791138091
1703 9.49163578999449
1704 9.64821486694528
1705 9.751267239252797
1706 10.18406474626544
1707 10.132307330795069
1708 9.98512978338363
1709 9.890738087131716
1710 9.681872451957867
1711 9.778268383145111
1712 9.651481602953766
1713 9.743996580306389
1714 9.781836445476985
1715 10.109498080172866
1716 9.984966973182445
1717 9.759657627727636
1718 10.062121064639882
1719 9.706087110685793
1720 9.481118294943021
1721 9.539903580872636
1722 9.267128323042929
1723 9.382072437642949
1724 9.800885266281593
1725 9.76850889494051
1726 10.141262936641382
1727 9.585037295204545
1728 9.94455824768451
1729 9.958351101784165
1730 9.617199412095054
1731 9.425766220486675
1732 9.286662253312482
1733 9.347667600315258
1734 9.619234866030602
1735 9.445968274039325
1736 9.396473377516832
1737 9.487381676888518
1738 9.474649904259657
1739 9.433907584989754
1740 9.396284143401642
1741 9.465551983801205
1742 9.305824393204114
1743 9.291940876426215
1744 9.036606833483097
1745 9.368383745999488
1746 9.568344465916663
1747 9.396950536804027
1748 9.249323733384678
1749 9.355580853848029
1750 9.364700178514406
1751 9.29301000337973
1752 9.44898586242451
1753 9.007850576165382
1754 9.465450265200063
1755 9.178718603513257
1756 9.501630465520877
1757 9.000413450306317
1758 9.143915145346252
1759 9.040775039315136
1760 9.035219242378774
1761 9.30516098288742
1762 9.300037418913957
1763 9.118480172854689
1764 9.41526617061734
1765 9.501083447257269
1766 9.54106101784277
1767 9.544961697827949
1768 9.439955369519545
1769 9.34804055044371
1770 9.589385303762409
1771 9.178797738284407
1772 9.007063872734163
1773 9.194294730678859
1774 8.912920728516044
1775 9.059268617860736
1776 9.430996325364807
1777 9.745593795120863
1778 9.057089909643741
1779 9.218067866794257
1780 9.030204964465371
1781 9.250930127314515
1782 9.263911313815257
1783 9.363541691486104
1784 9.16715551353715
1785 9.007584687179246
1786 9.396585657596162
1787 9.229420850582533
1788 9.82665377449324
1789 9.785143195163577
1790 9.17490566427979
1791 9.520708306380842
1792 9.531981007591341
1793 9.591921557333084
1794 9.45216904465372
1795 9.488703237678857
1796 9.110836025758003
1797 9.15281653266179
1798 9.407129174112534
1799 9.314696834409249
1800 9.840459299306648
1801 9.520030567740166
1802 9.27686134747075
1803 9.230273064292742
1804 9.45730751179743
1805 8.846215503703267
1806 9.115422852504897
1807 9.126812077094812
1808 8.901307819256347
1809 9.15270642531402
1810 8.93919844443861
1811 9.48267901609645
1812 9.606432255146368
1813 9.317062640468503
1814 9.151229082076616
1815 9.122405296622551
1816 9.215009633787734
1817 9.254200735778584
1818 9.086170210880349
1819 9.345402999915937
1820 8.97425099181514
1821 9.254722783364816
1822 9.570853981346861
1823 9.295792246140708
1824 9.34334998863335
1825 9.352816422526079
1826 9.99812135048993
1827 9.734056794058082
1828 8.996056714970043
1829 9.1800724096695
1830 8.990857486157429
1831 9.519247166520302
1832 9.428735734885462
1833 9.651216224725541
1834 9.667021850056724
1835 9.797815000282213
1836 9.1387712669149
1837 9.388834680719881
1838 8.907126656455084
1839 9.354006039371798
1840 9.669236766662033
1841 9.39783764169016
1842 9.882958354408787
1843 9.436696962341227
1844 9.75934456042257
1845 9.354288019205992
1846 9.614750544313866
1847 10.016821878473252
1848 9.978241831380242
1849 9.704117892239676
1850 9.959690777713652
1851 9.240967055613586
1852 9.067252562763638
1853 9.90476212594368
1854 9.386339359986403
1855 9.13162239565519
1856 9.104037091794241
1857 9.025845665671994
1858 9.925921566183675
1859 9.442246384903692
1860 8.909866666326193
1861 8.786906842819194
1862 9.517499745120425
1863 9.018874308464973
1864 9.066090104416178
1865 8.972480300744843
1866 8.74511467881257
1867 8.923933387374392
1868 8.565647305771781
1869 9.047078923904783
1870 8.861047466091152
1871 8.745161787435547
1872 8.829608614903199
1873 9.19686896600025
1874 8.724743865838969
1875 8.612962308474081
1876 8.990580198410631
1877 8.855330941558542
1878 9.231485071358547
1879 8.51638908291433
1880 8.781561170282018
1881 8.87919414746263
1882 8.837220543240923
1883 8.847625329983092
1884 9.268757282627417
1885 9.159507274569696
1886 9.160769975331908
1887 9.274294382602639
1888 8.621113785149872
1889 8.97506392525371
1890 8.81169402714584
1891 8.922732934280981
1892 9.18953273480017
1893 9.11600698664142
1894 8.777746819247463
1895 8.662015287020665
1896 9.120316494994457
1897 9.131365340239757
1898 9.447454226850342
1899 9.696225862832632
1900 9.654716211582553
1901 9.379379636900582
1902 9.169042597623783
1903 9.56864874883047
1904 9.588342101485742
1905 9.673977851695218
1906 9.784007373184554
1907 9.264999837218763
1908 9.288580777490555
1909 8.910834502084343
1910 8.601965174429658
1911 8.684634491232837
1912 8.42808873321653
1913 8.989441153983542
1914 8.103160593996614
1915 8.753018895089493
1916 8.626407975892644
1917 9.007251329304742
1918 8.789063276806152
1919 8.549415005597181
1920 8.546202643350925
1921 9.090289670455665
1922 9.245068425527228
1923 8.907306345013424
1924 9.437192543415964
1925 9.087146684720931
1926 8.832020731490609
1927 8.983363808445215
1928 9.0370902948118
1929 9.292362898332664
1930 9.409924731209022
1931 9.349939519762499
1932 9.606570812818882
1933 9.244892569179575
1934 9.433966287217466
1935 9.162592644048013
1936 8.905737412594744
1937 9.521219807844565
1938 8.969697402203932
1939 9.624962211197362
1940 9.496789862484668
1941 9.678555110311724
1942 10.123601096742899
1943 9.451295641894484
1944 9.34297397387737
1945 9.79720953007037
1946 9.54473055214102
1947 9.456486013993043
1948 9.120705002075582
1949 9.098270264835259
1950 9.594671399357429
1951 9.534159340513558
1952 9.924162066104287
1953 9.974403940127752
1954 9.689642070209207
1955 9.582610442284897
1956 9.993835846154647
1957 9.200766829964937
1958 9.64929182661758
1959 9.697031066079623
1960 9.543266706433768
1961 10.078795879757974
1962 9.133395541161628
1963 9.35547599818822
1964 9.247167542372353
1965 8.960734270384306
1966 9.107574614166156
1967 8.733530614539657
1968 9.383568416751466
1969 9.620219592019291
1970 8.798221042340494
1971 9.563817095099914
1972 9.219036678763418
1973 9.215487056383116
1974 9.86276268741367
1975 9.466391855483748
1976 9.612355675080835
1977 9.485966851448268
1978 9.683103999517648
1979 9.139803744716396
1980 9.291418002475066
1981 9.211124661916987
1982 9.28195610930782
1983 9.440008576638983
1984 9.192948600466327
1985 9.38994882489938
1986 9.676967955755488
1987 9.76729534248906
1988 10.093492250314945
1989 9.59812860823209
1990 10.194094530293576
1991 9.585342864409613
1992 10.165851340619405
1993 9.597479691075511
1994 10.376276420900329
1995 9.45383258136884
1996 10.22886006780908
1997 9.924608390008258
1998 9.859247271031581
1999 9.887065813609711
2000 9.498428283970929
2001 9.374544818468673
2002 9.969971822213017
2003 9.659560156456871
2004 9.311393711573212
2005 9.474346037987202
2006 10.006439937017216
2007 9.692370355462623
2008 9.162045943063562
2009 9.446506059958605
2010 8.72342899962332
2011 8.956331718543337
2012 9.098710778460987
2013 8.893366795506573
2014 8.77375678061048
2015 9.037124248551214
2016 8.7786281682125
2017 8.337692114215688
2018 8.177875591284813
2019 9.057373438498356
2020 9.323108690827082
2021 9.943975749849452
2022 9.936155728429425
2023 9.87926129800314
2024 9.986516362818858
2025 9.770286212761558
2026 9.924830389591072
2027 10.204532505410304
2028 10.016820463401302
2029 10.641325976858553
2030 10.701008741537644
2031 10.649715351963813
2032 10.353769582932534
2033 10.698490618906467
2034 10.370898342763162
2035 10.715571687732949
2036 10.83493991019532
2037 11.026719823364907
2038 10.987215247486187
2039 10.667547365492274
2040 10.923355882748467
2041 11.16529787345176
2042 11.453386568089364
2043 9.590457513166402
2044 10.144488682876984
2045 9.809933653510203
2046 10.232961164190566
2047 10.705072431996703
2048 9.423094027224018
2049 10.023307466786472
2050 11.50927833716905
2051 10.292636924502318
2052 10.960016168245614
2053 10.414428987436608
2054 10.337376057693886
2055 9.693147755511564
2056 10.09485844863481
2057 10.759094971533592
2058 10.291429482115804
2059 10.155935179663295
2060 10.06755427620339
2061 10.2170963854927
2062 10.02770373910053
2063 10.00289187628201
2064 10.492481221773364
2065 10.187518397850996
2066 9.804469021323266
2067 10.536266002797525
2068 10.7875879808324
2069 10.546618025638372
2070 10.026242447105892
2071 9.639877776935046
2072 10.074833966359984
2073 10.31118020990919
2074 10.131438693206476
2075 9.774509764882744
2076 9.534925176168162
2077 9.6302477055589
2078 9.599549844192971
2079 9.230994633742627
2080 9.318568184853605
2081 9.345956472044088
2082 9.048640562053322
2083 9.30945710273603
2084 9.364022560368475
2085 9.177277466138987
2086 9.415526667177524
2087 8.863286996567252
2088 9.572533620996508
2089 8.931909561509148
2090 9.474401181999141
2091 9.818278385386302
2092 9.341010779479882
2093 9.689557802315042
2094 10.374731330895088
2095 9.709112321942058
2096 9.667086660254714
2097 9.349907295934656
2098 9.519775811070284
2099 10.284343404057
2100 9.327354470375177
2101 9.366347710385341
2102 8.899097430442577
2103 9.625992976516661
2104 9.384188474714465
2105 9.78559001622392
2106 9.685495802228761
2107 9.710091844167891
2108 9.943840871570012
2109 9.762664916317652
2110 9.775552842508509
2111 10.06036242698495
2112 10.499104260498518
2113 9.554246422015467
2114 10.322597571774502
2115 9.853290543164741
2116 10.190448619138623
2117 9.554222417430863
2118 10.208036535589214
2119 9.970837934688275
2120 9.80612123692219
2121 9.332978258530115
2122 9.358838251295666
2123 9.488629463615363
2124 9.360769356129575
2125 8.607640903422052
2126 9.514832152273677
2127 9.123777632874779
2128 9.229616838212234
2129 9.46751572178202
2130 9.015440383253832
2131 8.790176805086434
2132 9.352153464403596
2133 9.238368115095838
2134 8.462084166861837
2135 9.300524409488267
2136 9.395266533778232
2137 9.205198266432735
2138 9.00532593927462
2139 9.577587652321046
2140 9.513774558679284
2141 9.145211860136618
2142 9.057056032079782
2143 8.969792853218362
2144 8.775344481058253
2145 8.250513115416275
2146 9.272337650122392
2147 8.698028978406
2148 8.719188603112531
2149 8.972621276066066
2150 8.463549064486928
2151 8.73508840235996
2152 8.911712472693857
2153 9.186401036436761
2154 8.982235759911582
2155 8.560756517533047
2156 8.956445652584293
2157 9.16236426664633
2158 8.522879357390483
2159 8.755165019437518
2160 8.854026542719842
2161 8.797265868378304
2162 9.092532586710195
2163 9.298311619319483
2164 9.330328788119877
2165 9.006728659597192
2166 9.172309313365568
2167 9.060798930264585
2168 9.428908642810434
2169 9.975306370445102
2170 8.669185522621515
2171 8.625734266186992
2172 9.25636682961574
2173 8.47397812809415
2174 9.43281605414853
2175 9.41251571420945
2176 8.799337242856778
2177 9.72889796176997
2178 9.087697855869926
2179 9.044009133288963
2180 8.687242699868253
2181 8.433800987096328
2182 9.000687623596773
2183 8.723644014347583
2184 8.696729903371638
2185 9.06947571009109
2186 9.065926461735355
2187 8.90625919761028
2188 8.891998085313748
2189 8.741452904713078
2190 9.580647710821347
2191 9.187119297312403
2192 9.578742403165146
2193 9.372036074516004
2194 9.672117326621862
2195 9.54364134677087
2196 9.440333238995832
2197 9.298699101531472
2198 9.540416583050556
2199 9.345664858807895
2200 9.276000576699406
2201 9.645520764922018
2202 9.34904494459456
2203 9.18600533556024
2204 8.800022333384836
2205 8.991066064585517
2206 9.010386427061752
2207 8.894915712383746
2208 9.051794270242846
2209 8.875353343380086
2210 9.026005673323322
2211 9.49745350163432
2212 8.753883342783102
2213 8.698298225280766
2214 9.014381475405138
2215 9.212427712622725
2216 9.000670399982065
2217 9.106388149768659
2218 9.187793736040696
2219 8.814414919398965
2220 9.331347746979239
2221 8.631783994889073
2222 8.738704915712725
2223 8.587682505290347
2224 9.217455467110392
2225 8.649183935258206
2226 8.531331661991723
2227 8.758192944803817
2228 9.143707022998818
2229 9.39519132758959
2230 9.427764161063193
2231 9.00227506308756
2232 9.309771696901153
2233 9.14895891582513
2234 9.531982416555085
2235 8.994409582767966
2236 8.965631163934091
2237 9.209845288812751
2238 9.15180788179489
2239 9.097527749088796
2240 9.17870024674974
2241 9.46224906160536
2242 8.969850887810635
2243 9.255958099276443
2244 9.476025132140135
2245 9.149058823458562
2246 10.034112383418954
2247 9.466086743278378
2248 9.055721605108081
2249 9.612461313130634
2250 9.09395060869083
2251 8.888984409962225
2252 8.868705441570116
2253 9.000319499918527
2254 9.061335752974301
2255 9.196299364501751
2256 9.005467813510263
2257 8.950413052544251
2258 9.455941641559802
2259 9.731194567879593
2260 9.74588649175954
2261 9.652359547074377
2262 9.480216413937912
2263 9.36590575889415
2264 8.98039344296868
2265 9.31887218598875
2266 9.55938470747648
2267 9.547220473354999
2268 10.083168071872375
2269 9.342055580708738
2270 9.75495263213875
2271 9.25739126120674
2272 9.116261134099993
2273 9.09869193207307
2274 8.895974811440313
2275 9.579287713715988
2276 9.769180667849788
2277 9.303672535035437
2278 9.262285876562602
2279 9.338206775687521
2280 9.63933646277824
2281 9.535649647483664
2282 9.30161356403666
2283 8.964171826727027
2284 8.447588878221657
2285 8.691045795327616
2286 8.894792240999841
2287 9.169981983766432
2288 9.818677304965595
2289 9.814952359420746
2290 8.89310830711435
2291 9.188797108959895
2292 9.033614730509086
2293 9.016446846306296
2294 8.614228631961547
2295 9.232988346746343
2296 9.439566800745997
2297 8.952340364671931
2298 9.016052466556971
2299 9.440216199257977
2300 8.70667988267262
2301 8.871909487820899
2302 9.487411587684395
2303 9.373282133980789
2304 8.88558539467964
2305 9.005418902026372
2306 8.940461305395111
2307 9.255082293365012
2308 8.61657966478225
2309 9.442709757246185
2310 9.292866567352245
2311 9.724220842400912
2312 9.748633282050505
2313 9.379446668386944
2314 9.15136965354763
2315 9.520225197229573
2316 8.648133018526652
2317 9.517814260542254
2318 9.646349905163618
2319 9.515152445217606
2320 9.600882823212908
2321 9.869472987093168
2322 8.786173646941862
2323 8.914523546383395
2324 9.037729974549798
2325 8.660638870171667
2326 9.109916628067799
2327 8.916736383835085
2328 9.490203605054505
2329 9.336002510687532
2330 9.8650416419791
2331 9.45822146485976
2332 8.91601295046085
2333 9.70143206400038
2334 9.286009982838527
2335 9.59735826345234
2336 9.480724791084011
2337 9.81342341148674
2338 9.445812886281612
2339 9.179300599651564
2340 9.254837680551892
2341 9.177114979213007
2342 8.661500862978619
2343 8.83869513447762
2344 8.953617228222825
2345 8.866633790384746
2346 8.643214048537983
2347 9.579866985406467
2348 9.102202719022758
2349 9.072481009997915
2350 9.080557592399577
2351 8.656877995225644
2352 8.9580039411053
2353 8.549185315293547
2354 8.698985769062578
2355 8.943098694268086
2356 9.069097404656901
2357 9.190279549472924
2358 8.951052677627862
2359 9.105395938874157
2360 8.830554480298746
2361 9.01706582774032
2362 8.905876324945869
2363 9.111034202054892
2364 8.495571228945641
2365 9.140442238056767
2366 9.35761471980832
2367 8.80179074169376
2368 8.574451266100992
2369 8.918082985107093
2370 9.079798017798645
2371 9.183230913926996
2372 8.863689342709863
2373 9.087517142102472
2374 8.675786353292887
2375 8.854984556664128
2376 8.79676241303134
2377 8.793646201995227
2378 9.08566799735575
2379 8.780167665106646
2380 9.09318925842101
2381 8.790614590506085
2382 8.79800844699026
2383 8.660062637093898
2384 8.933579470094799
2385 9.294434123663038
2386 9.105651531971915
2387 8.421186585040367
2388 8.580374630833655
2389 8.50889906510972
2390 8.355324665453633
2391 8.606305996224721
2392 8.293156513456992
2393 8.331241530828823
2394 8.467731977542886
2395 8.56934612097448
2396 8.39114532968852
2397 8.324870890532173
2398 8.626920979985758
2399 8.676039549480816
2400 8.672958440202525
2401 8.6322245382617
2402 8.375533188223299
2403 8.563935044521045
2404 8.794837762975305
2405 8.527180650310957
2406 8.558226567741832
2407 8.47129023797478
2408 8.248020448923924
2409 8.259649833102674
2410 8.388432065826072
2411 8.568944778890183
2412 8.160535900773729
2413 8.739439120749212
2414 8.453400646056382
2415 8.520598185770316
2416 8.532359926450793
2417 8.042451559519899
2418 8.180011467689585
2419 8.207374323638597
2420 8.243720958862392
2421 8.3218076459992
2422 8.47167800196568
2423 8.412497678686197
2424 8.69757065869817
2425 8.777158627299986
2426 8.69231486608508
2427 8.56259204212046
2428 8.753217768838903
2429 8.264059846643919
2430 8.358498296917771
2431 8.63898654906791
2432 8.977831880863564
2433 8.44592262567135
2434 8.294569097129756
2435 8.582802773212084
2436 8.137311849761725
2437 8.35492813481476
2438 8.252248777002528
2439 8.230402677409963
2440 8.442699721596796
2441 7.958823180139864
2442 8.278268192483392
2443 8.435595392939216
2444 8.403629419884869
2445 8.461112225556047
2446 8.017155875332573
2447 8.377132747386073
2448 8.460568209592362
2449 8.53726242244998
2450 8.446733522600672
2451 8.607691062762047
2452 8.58451005411491
2453 8.550175392054845
2454 8.049269384006864
2455 8.666306013515296
2456 8.369788902425839
2457 8.838254639639318
2458 8.924852821496824
2459 9.473162758433455
2460 8.866203841263376
2461 8.826187029074086
2462 9.067746329583775
2463 8.945553422387045
2464 8.726891840392321
2465 9.167240824816327
2466 9.296111475961373
2467 9.053461771876457
2468 8.557316129786942
2469 8.302153201494106
2470 8.398512595702897
2471 8.656312578066588
2472 8.568754944551001
2473 9.02949112842635
2474 9.712618845156992
2475 8.824210540500971
2476 9.367257258146935
2477 8.73240747095515
2478 8.936724381811764
2479 8.923652566794214
2480 9.615574200634047
2481 9.007441555847926
2482 9.047278438226002
2483 9.147835950820557
2484 8.959712139427982
2485 9.020406943218187
2486 8.886329406662549
2487 9.124610392444042
2488 9.474087524089175
2489 9.001322358991356
2490 8.938753410367815
2491 9.202916537567665
2492 8.69734080726659
2493 8.922069530598069
2494 9.184544531331724
2495 9.626271061179237
2496 8.935305201171783
2497 9.366517271370016
2498 9.549274873370019
2499 9.152833781680574
2500 9.416195221215176
2501 9.165326931085563
2502 8.972854373295242
2503 9.478809531101113
2504 9.583290882271895
2505 9.26871368056564
2506 9.64622556462119
2507 8.431989587015192
2508 9.083586625531021
2509 9.59341694348975
2510 9.537012675228576
2511 9.33356509136487
2512 9.065797831908217
2513 8.87307541267683
2514 9.178537178617082
2515 9.548275060609363
2516 9.57279300365282
2517 9.385395016325244
2518 9.02326687547034
2519 9.468139866240591
2520 9.4116279230792
2521 9.55392325056673
2522 9.716110574079455
2523 9.52100717378844
2524 9.398208380202734
2525 9.601830062602232
2526 9.660667451555932
2527 9.590163534360661
2528 9.717282286773978
2529 10.004928621659149
2530 9.98221906150264
2531 9.31738714160854
2532 8.657973597957945
2533 8.529181547523615
2534 8.799126046021907
2535 9.38144467243833
2536 9.57272527255815
2537 9.654453829578197
2538 9.703189800434568
2539 9.291183932732798
2540 9.217646501213974
2541 8.294340835449487
2542 8.034287903560905
2543 8.246319738440876
2544 8.310991480913597
2545 8.382444216395818
2546 9.257543181939079
2547 9.081911221448186
2548 8.734295867287011
2549 8.94032837785502
2550 9.040494572217344
2551 8.95899208545125
2552 8.855025530509634
2553 8.603976873078874
2554 9.378607372574512
2555 9.614937903780854
2556 9.244148012876643
2557 9.297946804426488
2558 9.042467045626756
2559 9.120471215744654
2560 9.361337210230163
2561 9.214902430690277
2562 9.341477906241645
2563 9.251511462470681
2564 9.287099127849682
2565 8.82080689930554
2566 9.998907241931873
2567 9.46200118586398
2568 9.108805587772729
2569 9.37339446846159
2570 9.0798186563967
2571 8.783564257256854
2572 9.332890809489022
2573 9.343443214197475
2574 9.1205453356853
2575 9.102958774195798
2576 9.343342163034018
2577 9.432873081027154
2578 8.718752568932109
2579 9.312377699612219
2580 9.543143026252482
2581 9.353298539586008
2582 9.359127579966987
2583 9.658215202142715
2584 9.18928920644895
2585 9.535677894450625
2586 9.367111304573971
2587 9.259279041243907
2588 9.29378800469694
2589 9.353280521652437
2590 9.26827216377637
2591 9.701139492727002
2592 9.316736685141025
2593 8.780935227133376
2594 9.429548454510366
2595 9.024477859233329
2596 9.287179476167905
2597 8.670330687919167
2598 9.139240907861947
2599 8.9952178616678
2600 9.094933168496947
2601 8.932272909767766
2602 8.945286123699212
2603 9.031138730694417
2604 9.35876619867452
2605 8.519414450683028
2606 8.677702884248262
2607 9.200825155357945
2608 9.065811055423083
2609 8.96434193795147
2610 8.870992688724574
2611 9.226963125766265
2612 9.138119673532707
2613 9.350177663593135
2614 9.132722514268128
2615 9.226738965244094
2616 9.17454496383515
2617 9.289924028193093
2618 9.270410071768442
2619 9.327751738002277
2620 9.152405754963457
2621 9.141513458610936
2622 9.679896471491038
2623 9.079524834831073
2624 9.309994421371606
2625 9.135966094534737
2626 9.605781821270488
2627 9.264671148263165
2628 9.159853375550123
2629 8.950387418813
2630 9.414491130764926
2631 9.475267624945465
2632 9.455834726581537
2633 9.127408113485364
2634 9.060347494135724
2635 9.322603046367503
2636 8.971292033716253
2637 9.076894097659343
2638 9.452922704634902
2639 9.469818177913028
2640 9.040193579071092
2641 8.933037695697877
2642 8.616356906267182
2643 9.212882506481275
2644 9.349051702326484
2645 9.893005912237365
2646 9.561118607420854
2647 9.68796762011932
2648 9.335424875544556
2649 9.499190773007951
2650 8.655777792591273
2651 9.12898084758875
2652 9.551618437767821
2653 9.414266816539433
2654 9.356179591314326
2655 9.232575569674832
2656 9.805207940720042
2657 9.604946801105084
2658 9.414905404351979
2659 10.052770847369189
2660 9.411595299511157
2661 9.370020438241717
2662 9.23225452387041
2663 9.750706170736322
2664 9.454507581791164
2665 9.507542695656845
2666 9.09023938067335
2667 9.261143724910111
2668 8.868708943557579
2669 9.372786695261784
2670 8.975343720132036
2671 8.99864883558232
2672 9.467830838396093
2673 9.025567274087704
2674 8.627645800063387
2675 9.152188484333378
2676 8.903536025755965
2677 8.784446850088173
2678 9.05467484316253
2679 9.47803699209482
2680 9.712199450652603
2681 9.823516569192869
2682 8.97739658391147
2683 8.839401133266673
2684 8.717597559325547
2685 9.02115335610104
2686 9.300051528670211
2687 9.540836432615002
2688 9.524535369500475
2689 8.854561322224868
2690 9.447640720095203
2691 9.580320436054787
2692 9.236517708301617
2693 9.208333576762733
2694 9.404110905108627
2695 9.21900442311995
2696 9.313964351944973
2697 9.370681697688205
2698 9.113335413748283
2699 9.245799268536626
2700 9.71922315890846
2701 9.552791974025638
2702 9.539593365795122
2703 9.403339739240783
2704 9.702194240447861
2705 9.232115796909799
2706 9.335543535417587
2707 9.506157980502833
2708 9.310482349243598
2709 9.467183750594996
2710 9.614720050914373
2711 9.286501223435325
2712 9.383830433699893
2713 9.680994868301367
2714 9.349701309787243
2715 9.451574657797481
2716 9.634080764841825
2717 9.525311340990703
2718 9.5889127883868
2719 9.51344513655181
2720 10.06669753309072
2721 9.170532208957708
2722 9.5796606627837
2723 9.832255915428659
2724 9.130736002731842
2725 9.09337781607881
2726 9.307418099150848
2727 9.67004058213417
2728 9.906321687040064
2729 9.491182622778542
2730 8.83879128025122
2731 8.992628326934044
2732 8.249642163450824
2733 8.447974263795249
2734 8.70643060426916
2735 8.607280159225414
2736 9.12036574164314
2737 8.542631797024576
2738 9.14747287027509
2739 9.068343180156875
2740 9.361006847820274
2741 9.168661503327588
2742 9.014728351586216
2743 8.878156367939114
2744 8.957918601438651
2745 9.180475646583169
2746 9.008540276938326
2747 9.039092046017764
2748 8.702716821873786
2749 8.397355652141503
2750 9.083490882837197
2751 9.218563546341885
2752 8.803189071725226
2753 8.987826769943323
2754 8.957611728263437
2755 8.441157837378872
2756 8.177389591011078
2757 8.560770473680659
2758 9.186948059792954
2759 8.35315881672988
2760 8.893007478985504
2761 9.053041818998866
2762 8.833835549087153
2763 8.527171590860732
2764 8.997060900885407
2765 8.913428576862712
2766 8.794356345930892
2767 8.751281169080395
2768 9.30152302757154
2769 9.444281899126445
2770 9.214680967526618
2771 8.991265286344799
2772 8.826492004408525
2773 8.523998552701176
2774 9.144983849518537
2775 8.840538546156752
2776 8.332879536631681
2777 8.65306854732022
2778 9.040879762569421
2779 8.945759554906564
2780 8.467984254529823
2781 8.915397004688641
2782 8.373051459169748
2783 8.48635131981193
2784 8.33192531772639
2785 8.788127404724289
2786 8.67798350356767
2787 8.759936073055595
2788 8.71651288146207
2789 8.670516389549341
2790 8.20259082628462
2791 8.565334942183732
2792 8.547159554888268
2793 8.621865973164555
2794 8.453454132344833
2795 8.625794544483934
2796 8.592173274785361
2797 8.852592454406736
2798 8.541022804260944
2799 8.837054731893783
2800 8.568416309563926
2801 8.646841517561361
2802 8.70392386939197
2803 8.821376281312602
2804 8.44100175178208
2805 8.754901319630873
2806 8.344146548857609
2807 8.665219693503483
2808 9.126608457888189
2809 8.45703811815604
2810 9.416384107319352
2811 8.781045474097002
2812 8.700752946691766
2813 8.916654514057544
2814 9.221329885783152
2815 8.368272246093573
2816 8.90483454066198
2817 8.467704428762259
2818 8.192163878621455
2819 8.485837238474682
2820 8.403375012847942
2821 8.784474981955936
2822 8.159541907060484
2823 8.315850093982133
2824 8.728324819837155
2825 8.529612549848013
2826 8.857577709301433
2827 9.140127230751753
2828 9.134772793739948
2829 8.802512770515655
2830 8.973416879172534
2831 8.950457428303702
2832 8.908152436171425
2833 8.584535347227016
2834 8.454944496172143
2835 8.682513281058911
2836 8.856968401859401
2837 8.896998753401906
2838 8.78409088946868
2839 8.754374753147845
2840 8.928549742776259
2841 8.97598338235948
2842 8.633268010320837
2843 9.143259278526267
2844 9.250051994659378
2845 9.549132545918264
2846 8.816871038979452
2847 9.00771311695003
2848 9.427221461068553
2849 9.451626469085944
2850 9.542762791788917
2851 9.540346916680695
2852 9.414472604280194
2853 9.373412501374341
2854 9.151145611081487
2855 9.759677934360312
2856 9.320875731775471
2857 9.65888061793106
2858 9.159410798808665
2859 9.181476110055037
2860 9.609622511449482
2861 9.29793031927216
2862 9.760237345750246
2863 9.619652190377291
2864 9.082509033934814
2865 9.322728607880533
2866 9.449191557618267
2867 8.54871576339579
2868 8.686527417301747
2869 8.395811294993498
2870 8.821306698956743
2871 8.948497827098265
2872 8.760702697712052
2873 8.979131449726628
2874 9.578013165553216
2875 9.4850345328689
2876 9.129604506168329
2877 9.975273799267486
2878 9.185947542399704
2879 8.907494892907701
2880 9.442079256777408
2881 9.702369756852972
2882 8.991349940636322
2883 10.008585272151217
2884 10.21077373592334
2885 10.549438599287607
2886 9.628846350219064
2887 10.255460011749523
2888 9.432842270034644
2889 9.552840736920817
2890 10.139035303975819
2891 9.001573053521263
2892 9.875445462827967
2893 10.180137035858328
2894 9.847273683610396
2895 10.36451946475672
2896 10.028101953764034
2897 10.295294779796203
2898 9.302299969287713
2899 9.654795831523305
2900 9.779783976688204
2901 10.184153989318245
2902 9.563206504097261
2903 9.10191136547777
2904 9.095984230241084
2905 9.145870206202058
2906 9.39001653385626
2907 9.262399291439603
2908 9.335144087553385
2909 9.233906269859514
2910 9.482227455387566
2911 9.144860016593512
2912 9.272276882755227
2913 9.528917079000747
2914 9.266591953836212
2915 9.055534617687655
2916 9.257527928672605
2917 9.506676622274094
2918 9.370713195355066
2919 9.39233515807256
2920 9.267592434950808
2921 9.945435605630852
2922 9.538787397190339
2923 8.976847626081177
2924 9.093540445093252
2925 9.227614383239759
2926 9.162608006897734
2927 9.457569217878747
2928 9.298603337728526
2929 9.098049571769668
2930 8.85462200203804
2931 9.07355859537135
2932 9.43996134873963
2933 9.403041146112766
2934 9.740815971561238
2935 8.983140137088885
2936 9.036941859220512
2937 9.333161288773951
2938 9.274669846853445
2939 9.49433178780402
2940 9.22895442224397
2941 9.187530745373245
2942 9.158691228697784
2943 9.318790486979815
2944 9.557415967458061
2945 9.50337546963438
2946 9.453220807549663
2947 9.402132112133573
2948 9.172567532782931
2949 9.533627662936858
2950 9.0158490880695
2951 9.825122781756452
2952 9.91689190952495
2953 9.857934808240506
2954 9.358617661589808
2955 9.691988140039435
2956 9.520741111680216
2957 10.09309527824044
2958 9.76671490705145
2959 9.234240388817934
2960 9.436215351476559
2961 9.204842537426947
2962 9.305558370939112
2963 9.948854174544945
2964 9.007085228801209
2965 9.586792055624356
2966 9.471565296555546
2967 9.005702634068157
2968 8.936698823342285
2969 8.984117835721774
2970 8.86752897959694
2971 9.35937869930573
2972 9.155613694360335
2973 9.669343780446317
2974 9.532695341233326
2975 9.448125495233889
2976 9.129573673158294
2977 9.515158612005324
2978 9.557794100406415
2979 9.840723732857397
2980 9.805886616333517
2981 10.08387280139725
2982 8.94525191922657
2983 9.506625957412593
2984 9.44786220567551
2985 9.17792540203127
2986 9.375539927940794
2987 9.32948828696578
2988 9.814241552949003
2989 9.907931107307927
2990 9.654379399956557
2991 9.874343213989846
2992 9.890018042818738
2993 9.436266884475774
2994 9.686298947921905
2995 9.757736662708531
2996 9.637443476106407
2997 9.866868376375107
2998 9.982613137905208
2999 9.859368666182828
3000 9.86566878215673
3001 10.018137954990209
3002 9.194086579370804
3003 9.497680625789325
3004 9.299454319719358
3005 9.146894740518409
3006 9.886079466193173
3007 9.646641508579613
3008 9.516340738646324
3009 9.165067737807066
3010 9.263360519880662
3011 9.45417566606924
3012 9.041356933096608
3013 9.27591373188877
3014 9.22996143436872
3015 9.181776085550382
3016 9.201578772154102
3017 9.457659370610708
3018 9.09520529594395
3019 9.000465873936346
3020 9.360610190616248
3021 8.780288893457923
3022 9.125972854723555
3023 9.23862268207942
3024 9.20033217016613
3025 9.008637438293485
3026 8.861928242185506
3027 9.213493728879923
3028 8.930741865472694
3029 8.951972700709122
3030 9.338922910638674
3031 9.233510578792941
3032 9.10968437937597
3033 9.334714616067066
3034 9.172239425596846
3035 8.852298119174725
3036 9.1647889891996
3037 9.363046271319666
3038 9.159349333064018
3039 8.962472764013748
3040 9.09119486427937
3041 9.162242766426342
3042 9.335578000940137
3043 9.362580106142367
3044 9.351007577762587
3045 9.385296191192648
3046 8.72832852898184
3047 9.377562381243353
3048 9.002744620397854
3049 9.126566138902948
3050 9.275077690069352
3051 8.260430738796721
3052 8.221489736326419
3053 8.65927620484931
3054 8.267962274349772
3055 8.595547844119386
3056 8.907686080469672
3057 9.013069597528682
3058 9.245901048283875
3059 8.959524586977304
3060 8.977392130913035
3061 9.118810618035317
3062 9.09331246118155
3063 8.729485759401577
3064 8.672999612226867
3065 8.954137809194298
3066 8.029153467855625
3067 9.363345567355974
3068 8.381471598760777
3069 8.280366339916368
3070 8.956932318723007
3071 8.767320084480447
3072 9.128957152392946
3073 8.804146129278944
3074 8.993050435801711
3075 8.432222328388775
3076 8.966833104716475
3077 9.131419971366833
3078 7.911522676039968
3079 7.802188781249352
3080 8.686666542272802
3081 8.457561203511831
3082 8.60531056909177
3083 9.299914855231464
3084 8.371864424558424
3085 8.967188408655936
3086 8.905926352956133
3087 8.499330580231334
3088 8.567155194300655
3089 8.635301974903452
3090 8.658498662263453
3091 8.875567941294925
3092 8.8789530934238
3093 9.031199225782936
3094 8.916757574825713
3095 8.980496213611284
3096 9.201244042812203
3097 9.139278979631822
3098 9.525537370908431
3099 9.282966675444047
3100 9.55822787666526
3101 9.293172267800914
3102 9.547100670241601
3103 9.565095893897466
3104 9.276546013323877
3105 9.289725342503806
3106 9.147458736726774
3107 9.75337896343522
3108 9.6987635742095
3109 9.094910728755407
3110 9.09400329387718
3111 9.465110389408975
3112 8.98769195455994
3113 8.940082379475179
3114 8.586141562174495
3115 9.129523711008572
3116 8.898921728965584
3117 8.763675200350344
3118 9.001204262699186
3119 8.802423866829708
3120 9.09082630364974
3121 9.14025371633073
3122 8.638321307041123
3123 8.676717077723296
3124 8.422278564379148
3125 8.06009249127565
3126 9.231570490830515
3127 8.914537960953162
3128 8.848666666253811
3129 9.015872483961033
3130 9.027746348916388
3131 9.168772341136343
3132 9.52002058780985
3133 8.995460562298314
3134 8.682784932795126
3135 8.578869379893105
3136 8.735804797295355
3137 8.863798017105221
3138 9.119155336681645
3139 9.524688132431281
3140 8.737863264638646
3141 8.780088500661126
3142 8.809106640054935
3143 8.557173778240704
3144 8.885326148522626
3145 9.16012072331037
3146 9.252459503955075
3147 9.085592624731074
3148 9.014491690701478
3149 9.12940046321078
3150 9.013426701002038
3151 8.615616603221588
3152 8.975110331409152
3153 9.084797863046958
3154 8.913128141208631
3155 8.60226398772754
3156 8.98480175946577
3157 9.012388223179022
3158 8.909699224155682
3159 8.734274290063404
3160 8.646084904148376
3161 9.11597987381131
3162 9.158311904818902
3163 9.044214226378983
3164 8.965608318577768
3165 8.966066155931754
3166 8.770920353003582
3167 8.984973004484091
3168 9.422900004160903
3169 9.611724363883896
3170 9.79472022352171
3171 9.149534599837558
3172 9.818703522577502
3173 10.028109698779227
3174 8.946320495464676
3175 8.844860756152062
3176 8.820021704604596
3177 9.302222048668828
3178 8.64684372269683
3179 8.804712649892966
3180 9.340731526363848
3181 8.722625511192835
3182 8.732144379848265
3183 8.815284282097856
3184 8.64957193089801
3185 8.853086154737731
3186 8.848689626492606
3187 8.734910224568175
3188 8.606826638632612
3189 8.892706361774012
3190 9.124808142415231
3191 9.369644295183292
3192 9.031630181055284
3193 8.78788430786644
3194 9.230333975484596
3195 9.420094770421931
3196 9.246803316849574
3197 9.634495162135764
3198 9.616080077034661
3199 9.02732272129623
3200 9.01527229717922
3201 8.395841832986168
3202 9.126758218429678
3203 9.13402633193389
3204 8.941141272441488
3205 9.30983528490101
3206 8.65479206582622
3207 9.00055838669203
3208 8.52224568559807
3209 8.898705318047144
3210 9.135858334998806
3211 9.092385993151684
3212 9.137303970710331
3213 8.905316512039475
3214 8.959831395508626
3215 8.546727429872425
3216 8.741429041118783
3217 9.220250037407684
3218 8.662552488025419
3219 8.831652721764911
3220 8.79610655617992
3221 8.964762449774678
3222 8.985095260620353
3223 9.307839480109642
3224 9.043569819003634
3225 8.85612427761259
3226 9.177801288689661
3227 9.235650946660591
3228 9.060833457746888
3229 8.797080229848437
3230 9.087632451565922
3231 8.815281716320419
3232 9.33453874519542
3233 8.895970100504437
3234 9.365518963427512
3235 9.505324719602301
3236 9.176021886997638
3237 9.539037113276427
3238 9.029745409931095
3239 9.554801823400297
3240 9.278188030688508
3241 9.733239314945829
3242 9.037426826721338
3243 9.356012560236982
3244 9.23079488186931
3245 9.554615337798278
3246 9.123025104064
3247 9.00372595345397
3248 9.331269832638533
3249 8.809005265898648
3250 9.265243194224034
3251 9.10918458910677
3252 9.349561866576488
3253 9.446932234933168
3254 9.81074241900264
3255 9.051105215421565
3256 9.257535244890729
3257 9.041157152089013
3258 9.506602809598656
3259 9.444793845169805
3260 9.726185454230878
3261 9.481985741078962
3262 9.233645671867757
3263 9.110764649379771
3264 9.215274938535988
3265 9.555370712172682
3266 9.993490416775318
3267 9.128166448606297
3268 8.948640008093399
3269 9.431254944139846
3270 9.152830206348824
3271 9.249518228517381
3272 9.143004492018317
3273 9.299211419683942
3274 9.151150759634913
3275 8.876843676038133
3276 9.24993845329187
3277 9.614184785392608
3278 9.239338862278762
3279 8.743528866967342
3280 8.864888973343081
3281 9.032657599403075
3282 9.045627500232294
3283 9.430848383529208
3284 9.205431172810961
3285 9.358487145302476
3286 8.861563027290162
3287 9.067485908390886
3288 9.380861935352593
3289 9.061988787464061
3290 9.10129060083151
3291 9.499151907167368
3292 9.287425550131038
3293 9.825018714400754
3294 9.265998128223378
3295 9.521031710974448
3296 9.380774086039798
3297 9.528335547756297
3298 9.161887926843516
3299 9.18287451823701
