0 12.668500092383901
1 12.670615115359427
2 10.990790167834342
3 11.145067757557852
4 12.13755433043416
5 11.295394182781735
6 11.641910787183557
7 11.72869956722596
8 11.791075680368742
9 12.454412267261851
10 12.293844210690196
11 12.059490286273192
12 11.406905818950573
13 12.58517491603162
14 11.540625269568228
15 12.47398911129745
16 12.030848331443297
17 11.378745638469377
18 11.806267943614534
19 12.344461817211997
20 12.502485450385864
21 12.402152809941198
22 11.531614743250243
23 12.298962272664514
24 11.919652917114373
25 11.85964554235707
26 11.908719496924585
27 12.913558539539338
28 12.25999601173011
29 12.324594719150978
30 11.627410370591551
31 11.31782138779554
32 12.14119251424116
33 11.914107965577676
34 11.715307775995305
35 11.619246048746849
36 12.239893286585485
37 11.694262022522501
38 11.550805053373454
39 11.110316541495623
40 11.405073473178938
41 12.062677218411686
42 11.876430023617646
43 12.124711353780116
44 11.305455140076997
45 11.930663755739095
46 11.047070493334097
47 11.56818999130138
48 11.500472110780578
49 11.858405957987497
50 12.143819204965057
51 11.19877988357156
52 11.550453516126726
53 11.730380957927363
54 11.968094100422402
55 11.698815724658017
56 12.157444487610753
57 11.921117821351658
58 12.046041002807867
59 11.615423279918128
60 11.845355751017747
61 11.393086876960604
62 11.910451160003202
63 10.912842314139034
64 11.512916952546947
65 11.505905779111382
66 10.968508940694703
67 11.295959140880791
68 11.275597336509197
69 11.59115355691262
70 11.552328718404338
71 11.779173605293522
72 11.629855122896636
73 11.521273988892261
74 12.065385017367566
75 11.649682537296332
76 12.517229549756943
77 12.226579150378512
78 11.457640425932405
79 11.575064605515063
80 11.74808343772712
81 11.460498090226878
82 12.115321593280775
83 12.013916302144478
84 12.00467417451757
85 11.576329131880227
86 10.390318184391676
87 10.761062624972295
88 10.740768866970594
89 11.490367469588367
90 11.289889035021758
91 11.506603090646925
92 10.892939415683383
93 11.305245387366691
94 10.986086841691742
95 11.457954481694342
96 11.165298837799757
97 11.34379471980779
98 11.305593443336052
99 11.196852054173194
100 10.890998807484998
101 11.017113527526533
102 11.629980883875447
103 11.856836649631184
104 11.78359805237006
105 11.746838589804657
106 12.688373520307808
107 12.121087420277263
108 12.643277750493105
109 11.74626671588662
110 11.293960882524361
111 11.946241504494271
112 12.351804996294174
113 11.150437450420672
114 11.732454805670717
115 12.242183844890581
116 12.511232357347623
117 12.212045605782427
118 12.128592952492502
119 12.076687918981618
120 11.749132431435346
121 12.037234122925701
122 12.118329581787126
123 12.119624122734674
124 12.347677487687601
125 11.98740551119162
126 11.596787725343136
127 11.665851545611298
128 11.598066334946092
129 11.733666137344898
130 12.287446388870835
131 13.171504745439913
132 11.551803241692578
133 12.473770948158108
134 11.802907883781689
135 11.906242684322041
136 12.68756999618812
137 11.744294614015168
138 12.047802530557497
139 13.24161727630416
140 12.032746617492823
141 11.523280322091775
142 11.5902403763645
143 12.193467367216588
144 11.25048539792393
145 11.31504437713361
146 11.72756190406963
147 11.141581581172973
148 11.097067569213609
149 11.07534457400826
150 11.23078538524304
151 10.790771398839219
152 10.925925151548679
153 10.949949899025352
154 10.970400514429942
155 10.979480226224503
156 11.00805077080693
157 11.954030488933036
158 11.929600049268904
159 12.30069114445063
160 11.698865937599148
161 11.432307215836289
162 11.519864134745571
163 13.03907181001455
164 12.136473705166242
165 12.429308977147912
166 12.032622949767521
167 11.867610040636164
168 12.109078189316236
169 12.334046674548997
170 12.432205172953974
171 11.36173761250641
172 12.327201316924596
173 11.731105162653234
174 11.516010861456461
175 11.433756341484976
176 12.067688129823024
177 11.774897763600697
178 11.103564073029537
179 10.79751976935778
180 11.636897056454304
181 11.52712761057728
182 12.090532405500438
183 12.03033358710838
184 11.440662131571969
185 10.34683011763919
186 11.587676056527712
187 11.741161933887756
188 10.876092996334135
189 12.126206491103245
190 12.290680144283261
191 12.1032317012087
192 11.21576021484804
193 11.18620114242549
194 12.350965870647203
195 12.122482687182842
196 11.386434744368717
197 11.524846408268369
198 11.762733143037716
199 11.236815115991714
200 12.277351202973312
201 12.778873622012428
202 11.545878442317576
203 10.966507626711097
204 10.655493216126448
205 11.764190989280827
206 11.7747035390952
207 10.882699766014557
208 12.297139159185999
209 11.43229235505392
210 11.816854996745572
211 12.096614884049146
212 12.746242996139292
213 12.509716941919589
214 11.951270770962935
215 11.921870693928941
216 11.197322262275973
217 11.034339934042428
218 12.099889956480391
219 10.935070505333375
220 10.618625362161836
221 11.500065904429245
222 10.804673073719176
223 10.502816315370923
224 11.193657614856347
225 10.966408014893284
226 11.092605888903181
227 11.325288625592053
228 10.965763953958023
229 11.639433634991079
230 12.046416508541803
231 11.810288677188883
232 11.808783548829126
233 12.223857522268606
234 12.531640729391214
235 12.156434642469215
236 12.46795062258628
237 13.304625994963098
238 12.874973332984919
239 13.309596160870543
240 12.347694810421142
241 13.785797431585216
242 12.094413609196595
243 12.46442703596113
244 13.247581758048785
245 13.818886637480668
246 12.451912177537988
247 12.404805941788174
248 12.695068496199664
249 12.537413858935848
250 12.96699542794966
251 12.522349018412717
252 12.41319589260438
253 12.151790923828244
254 12.664737056671367
255 12.401957215040063
256 12.210170264011595
257 11.718090457377697
258 11.651796093192887
259 11.706507990179036
260 12.078255310844447
261 10.650686358553857
262 12.331857866478494
263 12.510369899555029
264 12.626588365506747
265 12.280290766280975
266 12.30289325355304
267 12.505739151325368
268 12.506282071673573
269 12.875526533834337
270 12.365815314894279
271 12.176414927177381
272 12.215689816509569
273 11.375760363631652
274 11.17840434473016
275 11.888461616842749
276 12.12406969443115
277 11.282226844082027
278 11.602511552017996
279 11.862893026377948
280 12.218331042561786
281 12.47784192888805
282 11.560872979562271
283 11.108963869648782
284 10.63376116950626
285 10.927673563926579
286 11.099614245817143
287 11.46271738743565
288 10.630819459340895
289 11.201860128812449
290 10.898509417282716
291 11.695408587725213
292 11.565238183107617
293 10.79639751280197
294 11.376847485855231
295 10.60166200114765
296 11.098063076739518
297 11.077642290490273
298 11.13689620597143
299 11.478440917730886
300 10.497112814501023
301 10.751990558523028
302 10.801283391510157
303 10.671794175062907
304 11.200777843928849
305 11.723691260969971
306 11.359043006684663
307 10.814933910676217
308 12.116194323886651
309 11.516634835430779
310 11.295320598643507
311 11.251759953410797
312 10.186040662841386
313 10.591457579833383
314 10.726845517742818
315 11.254840151653491
316 11.42165882232753
317 10.974449060651017
318 10.97848908788502
319 11.088760999550585
320 11.85394989336679
321 11.24389180733329
322 11.525096111510555
323 11.271312819407353
324 10.581511236051526
325 11.287314064616451
326 10.67043600799102
327 10.25308286232076
328 10.660894100427008
329 10.467491517124069
330 10.729966381102816
331 10.727347769142723
332 10.710857048400579
333 11.763791224534478
334 11.865039592995807
335 11.531188081968272
336 11.780394752986439
337 11.63482010734612
338 11.10203428972167
339 11.745163917054434
340 12.402215787514676
341 11.617399292753447
342 11.315883179888456
343 11.796446901289652
344 10.65952667915082
345 11.75099708462589
346 11.34616421847361
347 10.985241255428514
348 12.74065095091544
349 12.070813748784621
350 11.94275156157436
351 11.942233843945834
352 12.163790855432541
353 11.851023302448462
354 12.770668447873199
355 12.734474942603836
356 12.616199219639052
357 11.916609680708426
358 12.180778478238224
359 11.868563768290162
360 11.41363582783406
361 12.407648331448302
362 12.076933618601979
363 11.905423395120547
364 11.858890909122005
365 12.223169712313231
366 12.673208359043583
367 12.495031439625084
368 12.497344570798194
369 12.780432922374155
370 12.017671683299767
371 11.980128424234007
372 12.659966668725682
373 13.152067864885401
374 12.002757849418673
375 12.301508421762643
376 12.600182400254038
377 12.909953753610411
378 12.515769822577184
379 11.866678986343953
380 12.305526539597956
381 12.011268946579142
382 12.911402482688377
383 12.186364333499142
384 12.25153284888695
385 11.764334497602364
386 11.66985452031163
387 11.92484006177156
388 11.342733525629953
389 11.414722983550813
390 12.077104556623889
391 11.726134770052107
392 10.956332365505743
393 12.084169213164973
394 11.72239884305303
395 11.381424281642435
396 11.840610840842865
397 10.82663850303204
398 11.281992230302045
399 12.088702186102575
400 10.96170829273903
401 10.40636491310205
402 10.770078876144266
403 11.324757727995289
404 11.716529421618052
405 11.431540836674749
406 11.813417503195978
407 11.348695921093253
408 11.71412701900462
409 12.249792766144255
410 11.553424064100971
411 12.239420104930286
412 12.297028214832443
413 11.717411510767073
414 12.004314309506679
415 11.88865720084112
416 11.563026111750878
417 11.902354393620826
418 12.433641096318077
419 11.66339163375104
420 11.799172357819634
421 11.604811026102826
422 12.178451969630206
423 11.386898557293849
424 11.976872011608272
425 11.832684347085145
426 11.425135415691832
427 11.385270460265746
428 11.021391523645002
429 11.61218633864692
430 11.519585813440152
431 10.754413775020778
432 11.259661167765966
433 11.866610467460463
434 11.93828345696617
435 12.281941195989097
436 11.751126757701051
437 11.301520663904368
438 11.644644252225312
439 11.300112911634374
440 10.932717710427836
441 10.703020642239531
442 12.332612021529274
443 11.082007070703526
444 11.020094731781557
445 10.271386973590356
446 9.864361332628276
447 11.212447515898415
448 11.15292436849834
449 12.616324613808434
450 11.506804383598046
451 11.885250272482127
452 11.752346913556872
453 10.520691991255193
454 10.950287288717934
455 11.249226024895986
456 10.943169088136315
457 11.319068519427788
458 11.966157386835345
459 11.25342751702447
460 11.925748486081309
461 11.89412776947398
462 12.02774729815691
463 12.434992705073777
464 11.903122828017786
465 11.829423895402591
466 12.2819543627737
467 11.859278518047406
468 11.254834074743643
469 11.821010365667147
470 12.076788874221522
471 11.028982321236763
472 11.032087740646872
473 10.9421205105435
474 11.6552618033099
475 10.777476900780876
476 11.015232031925253
477 11.218883718511325
478 10.652890259433097
479 10.899841022184688
480 11.41498739139607
481 11.157912517610233
482 10.589617773785939
483 11.839526438525839
484 11.895840445026225
485 11.497022300144089
486 11.371318132169094
487 11.850673868453375
488 11.22955942951915
489 11.761006837778616
490 11.390970525442969
491 10.953494629316086
492 11.348993463219765
493 10.790448686697973
494 10.532316291862259
495 11.42647115880006
496 11.653676151570103
497 11.348477105277873
498 11.322798883513732
499 11.313618349059364
500 11.338013460523664
501 11.353795436826076
502 12.259163264562359
503 12.702422712795585
504 11.115455445298725
505 11.973954313854483
506 12.4195141097318
507 13.069173307189592
508 12.448820432197001
509 12.574765980830227
510 11.748011515096517
511 11.299348703482298
512 11.550442405682622
513 11.35905376707846
514 11.802565028207342
515 12.223759248460734
516 11.210792296772045
517 11.602233816962531
518 11.668923413241064
519 10.954430400672994
520 12.148048806202755
521 11.598864717531235
522 11.98569466399297
523 11.918019536089751
524 11.872947588017643
525 12.750465225900676
526 12.11109620110253
527 10.745997868341396
528 11.885390502117096
529 11.163106240412898
530 11.909865625909497
531 11.562244372678187
532 11.448081725528079
533 12.409165800072946
534 11.82564287084722
535 11.934981275120023
536 11.501936802370446
537 12.406365581718497
538 12.159350859888258
539 11.674989784572734
540 12.32811025803381
541 11.801887945878027
542 12.136411924351389
543 11.895467289657875
544 12.009416467741694
545 12.15247526941234
546 11.779554279029846
547 11.374836012648945
548 11.821265438751697
549 11.96176814348137
550 12.150017446195942
551 12.91682067390711
552 12.76968967262302
553 12.08254068790857
554 11.76395813217135
555 11.843047325689753
556 11.834762087391235
557 11.464186014658553
558 11.706467170881279
559 11.8589006480667
560 11.982046684379116
561 11.905263256167139
562 11.671947098759002
563 12.52644403225314
564 12.211953589062912
565 12.237038277049265
566 11.637041451546583
567 11.567307406684696
568 11.783211823833717
569 12.301872053632392
570 12.032585328758202
571 10.698359514884618
572 11.82921350887345
573 11.363615544172376
574 11.236044061899653
575 11.565738159547458
576 11.544725174492644
577 11.441445469821673
578 11.743663560337696
579 11.437975884723214
580 11.981107696959793
581 11.427371121488877
582 11.243919750157911
583 11.568044793136677
584 11.200708568836346
585 11.17378357985832
586 11.168099133359878
587 11.740981665759302
588 11.303399015593754
589 11.587058115393711
590 11.513968122573576
591 11.202132879054746
592 10.917102147240087
593 10.665468992241182
594 11.149301732454882
595 10.57459902822447
596 11.401871829072421
597 11.099433477897279
598 11.292744635116525
599 11.585371640540835
600 11.29510569017833
601 11.565513404547648
602 11.46675498178218
603 11.122374837216382
604 10.923003262034337
605 10.802461945855612
606 11.04913292958944
607 12.022599149870032
608 11.978304361177678
609 12.414336322349358
610 12.864726398871532
611 12.246487468018834
612 12.214151078622564
613 11.819152931937593
614 11.747115082812892
615 11.530220973630843
616 10.914733346294891
617 11.461744110269024
618 11.053075336298571
619 10.513910849881103
620 11.863325906994437
621 11.616891191006884
622 11.88792104650976
623 11.263212817099179
624 11.948456480227291
625 12.087069085468954
626 12.47609064303167
627 11.448543712767947
628 11.456455540638519
629 11.713322221926434
630 12.089314405789061
631 12.21596761128442
632 10.961766979978366
633 11.155077636590004
634 11.36687838008093
635 11.137971962724516
636 11.390985436076008
637 11.223231342002709
638 11.932300240079448
639 12.310993948808633
640 11.720687405115175
641 12.515254211212891
642 11.850910621308914
643 11.82019456265624
644 11.663570885463763
645 11.745530609943215
646 12.24057803677542
647 11.61657492176199
648 11.761048358727463
649 11.761110565822618
650 11.93688196282258
651 10.86100855336341
652 11.1515398576497
653 10.283847043698644
654 11.237680356886466
655 10.100645644053795
656 11.0775583193788
657 10.958997217092573
658 10.887138760641163
659 10.703264484763222
660 11.078378479282094
661 10.476148636070123
662 11.743209172022668
663 11.704316692873984
664 11.736542608124907
665 11.436718879992293
666 11.46154842917507
667 12.038045015285487
668 11.864698002564669
669 11.894321665473631
670 12.54414010352014
671 12.223214291583368
672 12.509664048432919
673 11.884994606353757
674 11.90362342387467
675 12.097848724356547
676 11.77338872787684
677 12.808207281541684
678 12.183394270484007
679 12.332516521613309
680 12.237000750712138
681 11.440348337485265
682 11.954067782808565
683 11.553641558629431
684 12.180323860429413
685 11.555227962223407
686 11.362765262085178
687 11.187542647792894
688 11.141849543551633
689 11.989292251403441
690 11.416399984235193
691 12.37855418670343
692 11.442405671022813
693 11.717707074974093
694 11.519969020854182
695 11.995549024074302
696 11.911940388795529
697 11.385392532681408
698 11.413020849598857
699 11.116979830954875
700 11.933523048966421
701 11.306353343262074
702 11.73510931136674
703 12.041413652100092
704 12.20121409707886
705 11.88421230298805
706 11.556145109777848
707 11.786439874140342
708 11.77701850880143
709 11.9749287097211
710 11.822480017525145
711 11.54635352750225
712 11.92351570345329
713 11.984620886365807
714 12.483396566750791
715 12.665825903254254
716 12.178961142884036
717 12.101644372019765
718 11.430755169939271
719 10.754926067644963
720 12.311059238622596
721 11.879769673975746
722 12.384429505138836
723 12.328186062065319
724 11.193000237339888
725 11.846919979117741
726 11.633060498883653
727 11.685774207918463
728 11.598753856345972
729 11.424083009527857
730 11.112265558386982
731 10.942648052327735
732 12.135344086801288
733 12.357260570562723
734 11.56841141206612
735 12.032148775146398
736 11.831089108929993
737 11.1795289808826
738 11.126352598472401
739 12.067822995180498
740 11.796039217373133
741 11.719681282366162
742 11.842348996681014
743 11.904591715402256
744 12.2247334421221
745 11.894997143225964
746 11.883725964917645
747 11.804510109439573
748 12.475931736883304
749 11.389923573659622
750 11.331116045484638
751 11.304670885604496
752 11.54081812582945
753 11.462380779155492
754 12.138661633665254
755 11.084832453583726
756 12.304633533168383
757 12.21449128224022
758 12.289327290061511
759 12.288114588637425
760 12.125393599064763
761 12.076113283300451
762 12.122482350781068
763 11.612208380820029
764 12.297728034845662
765 12.190741085894436
766 11.578463169576047
767 12.257011011104112
768 12.287446577424841
769 12.178055517835094
770 12.789582912450776
771 12.235148507824096
772 12.087243557484019
773 12.06385581896305
774 12.323878610025487
775 11.806736957350449
776 12.418568825916408
777 11.64799319052137
778 12.04572611561757
779 11.8087360051847
780 11.960226398670985
781 12.027088546899144
782 13.03872320272475
783 12.55738088419934
784 12.808809972609582
785 12.01935270600673
786 11.85993736651784
787 11.482756169911566
788 12.35245518194739
789 11.97627452260434
790 12.245475691549343
791 11.8725850882671
792 13.225623411792862
793 12.078759821899522
794 12.264336018865494
795 12.224928103295813
796 11.448222486529556
797 12.002186982048794
798 11.614310329125775
799 11.914295063154231
800 11.286247922462803
801 12.260177228113461
802 11.959348725556788
803 12.331456476743162
804 12.324030359013255
805 12.26018585608282
806 12.345627427949056
807 12.151624210359287
808 12.324502206119572
809 12.030035603022386
810 11.734976001852326
811 11.96590867490343
812 12.236294923963305
813 11.991021267725646
814 12.456859626602673
815 12.366056874293347
816 12.055361603325629
817 11.632757930842931
818 12.476752431015282
819 12.21509141303099
820 11.846701136979387
821 12.652014156962148
822 11.627349117179808
823 11.587858781557319
824 10.954583909123997
825 11.451640014504472
826 11.994519141492699
827 12.615981748407965
828 11.682277774511245
829 11.772916732994936
830 11.598904866515896
831 11.98649826595466
832 11.944126599021876
833 11.305766865234625
834 11.83588321623454
835 12.098098317500352
836 12.000078815064741
837 11.64919297073536
838 12.00912930866448
839 12.130485788325595
840 12.093259002750596
841 12.467930764178336
842 12.302075444265572
843 11.993206085020617
844 11.969220847697228
845 11.93619921645646
846 12.368304396272128
847 11.817227377262679
848 12.478560091854105
849 12.321181278241154
850 12.162281193367013
851 12.53865543433489
852 12.26617075980766
853 12.780794423034534
854 12.254083750703225
855 12.110285076531328
856 12.523702846423957
857 11.887723907232225
858 12.007763242345742
859 11.673810718900775
860 12.245908201536476
861 11.696392050348361
862 11.888657610333459
863 11.811171317678427
864 12.201428014516583
865 12.0955486290266
866 12.059196657867183
867 12.130821511303578
868 12.371861977930159
869 11.737787089304737
870 12.259634465668256
871 11.373840866787125
872 12.024888829359137
873 11.63716309460591
874 11.794351730447902
875 12.471460544497386
876 12.144022492815484
877 12.187450619409669
878 11.858987060454146
879 11.900077076574089
880 12.265980888469201
881 11.792529349386658
882 11.687514718810396
883 11.521943866496494
884 12.248992707491885
885 12.736003159587236
886 12.346020953904844
887 11.940781641636116
888 11.746762928960598
889 11.496975630981515
890 11.19780698298209
891 12.337808429781923
892 11.90526247220288
893 10.499603776606316
894 11.777797422107865
895 11.269086329361937
896 11.790972018667722
897 11.982708207453047
898 11.56571534634252
899 11.744338552931525
900 11.213459779730998
901 11.698181762304504
902 12.669898281836836
903 12.37752747608417
904 12.421386992354952
905 11.929554189439457
906 11.921332662632059
907 11.993846758928372
908 11.23202890306567
909 12.107378482926089
910 11.403300728345158
911 11.757052514025926
912 11.79111583660683
913 11.653738365652613
914 11.52582413580396
915 12.290953278833932
916 12.30025328194707
917 12.286883753380433
918 12.490978579216442
919 12.006165768554117
920 11.748879360188026
921 12.220424052784736
922 12.236786178589584
923 11.884593096321161
924 11.992431716891183
925 12.35944139528093
926 11.866219304270963
927 11.9475589436274
928 12.783940615009541
929 11.792451308671804
930 11.522005285478288
931 11.625109933276496
932 12.138296600936803
933 12.450161087908265
934 12.327602656917868
935 12.25224188302625
936 12.191444882325255
937 11.79762946942712
938 12.192684302521494
939 12.332444352032235
940 11.535812371231989
941 11.71849710182997
942 11.579564219239245
943 11.886404116614697
944 12.146974933757532
945 11.652960807691455
946 12.260547462386329
947 12.741212182505013
948 12.403284753319333
949 12.635216552255663
950 11.714963855070488
951 11.571502757291775
952 11.499345481024474
953 11.856748519699629
954 11.766661790891733
955 12.1585192190442
956 11.474922718235096
957 11.43583601773935
958 11.664106561024981
959 12.047724203182007
960 12.060219949267584
961 11.764968337958093
962 11.789656866492338
963 12.164692912095713
964 11.6721440637941
965 11.409658272661622
966 11.753941519776925
967 11.979450668366354
968 11.293054863546159
969 12.753624754867833
970 12.767598098549879
971 11.652895825303887
972 11.962857187405634
973 11.164052137423118
974 12.257112263434118
975 10.771615019715636
976 12.106164297815452
977 10.869871822817357
978 10.908514073790176
979 11.743465400527276
980 11.270472649107917
981 10.976846971626317
982 12.281096126290139
983 11.595380211858885
984 11.842558842723864
985 11.338893377413536
986 11.208756334175225
987 12.203704332202571
988 12.019950634556025
989 12.142424859575465
990 11.497643172403585
991 11.731067724450558
992 12.050894343829375
993 10.271516817866924
994 11.652736736211184
995 11.19887132763536
996 11.222006867504364
997 11.450876053324292
998 11.5807289165902
999 11.709831492005447
1000 11.611675172295458
1001 11.645752200770858
1002 11.102533122486658
1003 11.219116100360173
1004 10.817258794064388
1005 11.614117784205487
1006 11.066127542004763
1007 10.967544223151368
1008 11.217085658187202
1009 11.401381211162754
1010 11.064680155031008
1011 10.969888092062513
1012 12.448119595682648
1013 11.833418633292624
1014 11.203702554971635
1015 11.220467771055459
1016 11.819869771294272
1017 11.502305378435658
1018 10.771278110341322
1019 11.006425273027913
1020 11.310232015377567
1021 11.601500968198037
1022 11.051079792781547
1023 11.72583997754499
1024 11.17226259991124
1025 11.190680636948414
1026 12.152393296152496
1027 11.192409268500922
1028 11.409832120095594
1029 11.784630092736247
1030 12.132381247920682
1031 11.517011744856509
1032 11.370329791076765
1033 11.352488596626698
1034 11.262607915274529
1035 11.736506162231622
1036 11.735374734975975
1037 11.789334551272125
1038 11.134707274151197
1039 10.68650008405139
1040 11.742246283795987
1041 12.406402653268021
1042 11.461625587292515
1043 11.41960795365565
1044 11.696257538190682
1045 12.404556170606833
1046 11.358987624141458
1047 11.205180002240287
1048 11.468469679023526
1049 11.048411507030284
1050 11.241270557317774
1051 11.687737832291736
1052 11.58687841435756
1053 12.519832439322487
1054 11.789100668167313
1055 12.006548435893988
1056 11.484143910897751
1057 11.484821468700884
1058 11.79748354009232
1059 11.150635231861552
1060 11.394439743970853
1061 10.900376970481698
1062 11.266607705194465
1063 12.180085961757475
1064 11.31075832106779
1065 11.62530598694146
1066 11.759158762898512
1067 10.236371762189172
1068 10.893115108233157
1069 11.677532023159431
1070 11.890036368531726
1071 12.133651015538431
1072 11.595749753824819
1073 11.262703498735405
1074 12.378540095637097
1075 11.774571996378972
1076 11.581815402050758
1077 11.435068757166498
1078 11.940462724616115
1079 10.969743823749186
1080 11.408842711106988
1081 11.928648423327871
1082 11.635320044175614
1083 11.071040146774118
1084 11.651522616932793
1085 11.321548826318502
1086 11.549092814296863
1087 11.23840652823205
1088 11.806161297935654
1089 12.232181668502976
1090 10.997932375266025
1091 11.471707870634951
1092 10.976723915111668
1093 11.692587390707672
1094 11.091058262596801
1095 10.945499782102127
1096 10.813416994331417
1097 12.174258476172712
1098 10.646856906425645
1099 11.042626868791576
1100 11.510992423311283
1101 11.92803701467119
1102 12.006148532092807
1103 11.828982821682603
1104 11.916752366649632
1105 11.226611183526819
1106 11.98740614321995
1107 11.574478089278468
1108 11.936005529787218
1109 10.670786545896267
1110 11.9495007874066
1111 11.659848014903833
1112 11.415735542293815
1113 11.655680632476127
1114 11.46610176916608
1115 11.083976909682669
1116 11.122528058029985
1117 11.609191296625285
1118 11.254292014986017
1119 11.765079922176993
1120 11.150974365127258
1121 12.0197535570753
1122 10.943727142601244
1123 10.615348334174401
1124 11.78027666364423
1125 10.885164654407449
1126 11.09237497295085
1127 11.303996121085476
1128 10.756075381731996
1129 11.699013921170026
1130 10.877073434586142
1131 12.202554432944202
1132 12.068805536483254
1133 11.7956248071535
1134 11.274693763702905
1135 12.065554394808931
1136 12.957583930613097
1137 12.122546744289338
1138 11.04523782715418
1139 12.447865294210592
1140 11.954244727160217
1141 11.71734435585199
1142 11.917803224419865
1143 11.81763841197372
1144 11.884076924707376
1145 13.06138447008955
1146 12.577526426394398
1147 12.753160784353668
1148 11.258142585046095
1149 11.32277708516023
1150 11.429099723303743
1151 12.359692853296787
1152 12.064598161752182
1153 11.578267309372626
1154 11.667885316178442
1155 12.336082412382602
1156 11.67277711236031
1157 11.98372825012476
1158 13.101138623996457
1159 12.524176389427092
1160 11.955990520444525
1161 12.39477751534233
1162 11.534496786177975
1163 11.784161811790732
1164 11.614158883074822
1165 11.99803971384755
1166 12.384540419473655
1167 11.6218879858619
1168 12.035488689807014
1169 11.559132982722653
1170 11.216459070017109
1171 11.5516473187389
1172 12.19085409923123
1173 13.56818867986508
1174 11.404986658471667
1175 12.858692530519535
1176 11.743322527839442
1177 11.387855250838959
1178 11.988247850267001
1179 11.409311787658764
1180 11.898336087292263
1181 12.085377327411278
1182 11.683780777158352
1183 12.819208015912334
1184 10.934319708328648
1185 11.812018158774974
1186 12.02692315755824
1187 12.794000319018092
1188 11.764355006097597
1189 12.555367571290574
1190 12.594529568681795
1191 11.043919930698015
1192 11.312446546583066
1193 11.760174612158028
1194 11.734231136715103
1195 11.64610361911346
1196 11.737177233887893
1197 12.008448957862944
1198 12.146875560958964
1199 12.064534676437784
1200 11.865574932011336
1201 12.141208534881057
1202 12.107690580895087
1203 12.708298063233315
1204 11.80408251549756
1205 11.97500580783574
1206 11.245263954496902
1207 11.414285548721834
1208 11.090170464138076
1209 10.551439611774828
1210 11.795389368236087
1211 12.389176340750614
1212 12.88910450435019
1213 11.534578590331957
1214 11.32451703875384
1215 11.459030051518162
1216 11.844892621390036
1217 11.28960904658578
1218 11.951751861336462
1219 11.828409636634776
1220 11.77928053641532
1221 11.598668925988704
1222 11.870105678959392
1223 10.937716799384582
1224 11.245029864060557
1225 11.367092164086731
1226 11.728921978326595
1227 11.090043371380368
1228 11.520265180755235
1229 11.194846464041337
1230 10.906125084174109
1231 10.750141117107244
1232 11.280314832191323
1233 12.273098469404655
1234 11.91843789305277
1235 11.586736723064034
1236 11.915837717236402
1237 12.061796449068884
1238 11.46083987789174
1239 11.624731911786343
1240 11.534014361317489
1241 11.563068898307757
1242 11.68328517003619
1243 11.484761105528953
1244 11.204431302210201
1245 12.013777464336961
1246 11.465385142904264
1247 11.341354119787733
1248 11.766128180598711
1249 11.16741713348465
1250 12.055453634978283
1251 10.765917209720037
1252 11.644290230720458
1253 11.630457680024355
1254 12.065243531539616
1255 12.055730827710384
1256 11.512155309643394
1257 11.43706386793446
1258 11.135527020063387
1259 10.591334146625881
1260 11.553318928909441
1261 10.116301410877858
1262 11.660242487321817
1263 11.394103900838468
1264 10.969874097321345
1265 11.54750797058929
1266 10.684659144661934
1267 10.851446439762572
1268 11.40181690704047
1269 11.914460310405381
1270 11.427206117323891
1271 11.622326665974605
1272 10.968438177807796
1273 10.690396971494533
1274 11.560945477544703
1275 10.963832821098793
1276 10.959115478156146
1277 10.408054682382115
1278 10.911667314488252
1279 10.71247776162175
1280 10.759560664964411
1281 11.525893763975196
1282 11.791821802936765
1283 11.089387628289595
1284 11.346954684278252
1285 11.526485064925447
1286 11.153465663071394
1287 10.91086784455537
1288 11.862182929430308
1289 11.09532481314591
1290 11.44595098352256
1291 11.604725973083655
1292 11.018638427994128
1293 12.019443205982029
1294 11.403344378331068
1295 11.255895216142703
1296 11.612421926373488
1297 11.90346170109833
1298 11.01159091098061
1299 10.410687166231652
1300 11.020990426365143
1301 10.483772119095558
1302 11.453618072897887
1303 11.54416347555119
1304 11.427637680967711
1305 10.998036492490797
1306 11.563165414573058
1307 11.539020448758999
1308 11.014783415538451
1309 10.378494106726063
1310 11.124617654052635
1311 11.436934964057961
1312 11.471252155328054
1313 11.439031491700502
1314 11.063211334126512
1315 11.647424918391076
1316 11.620231703899359
1317 11.406039430006016
1318 11.552156124283094
1319 11.307296284195312
1320 11.872474549488967
1321 10.637244773738287
1322 11.259706409697559
1323 11.621041736888067
1324 12.162863189364627
1325 11.761169111792075
1326 11.16527802176188
1327 11.009021149092002
1328 11.377709153753498
1329 10.87950730421788
1330 11.92623574436309
1331 11.24557921592675
1332 11.431434152980055
1333 11.26684527734039
1334 11.292628030749619
1335 10.890171947655329
1336 11.41088045365321
1337 12.53183041059993
1338 12.084432338446447
1339 11.119321190830796
1340 11.538847414468606
1341 11.499552018261792
1342 11.411632691791562
1343 11.239636527657868
1344 11.598340618973365
1345 11.18854526479545
1346 11.406507469514896
1347 11.899873577579184
1348 11.357640574170482
1349 11.387029356964037
1350 10.899872064218513
1351 10.730883369190922
1352 11.45059205701841
1353 11.925759505618721
1354 11.651548418629373
1355 11.441653866974322
1356 11.055955034993307
1357 10.888444704948585
1358 11.937620674713145
1359 10.663236752793823
1360 10.21730989044211
1361 11.127729815949522
1362 10.820221272002058
1363 10.185572881070863
1364 11.11050821449284
1365 10.99456001127144
1366 11.44694746427054
1367 11.69894458739556
1368 11.755998994924642
1369 11.12120979059692
1370 11.234447418074538
1371 12.102959710058428
1372 12.783499374982224
1373 11.506006760520663
1374 11.830671268210654
1375 11.855205124059726
1376 11.68323468248244
1377 11.501082852517362
1378 11.829487874529926
1379 11.953860862951698
1380 11.893027518927909
1381 12.03430257896009
1382 12.054183026773218
1383 11.347776951372724
1384 11.608054364721912
1385 11.5965385342647
1386 11.514010195560838
1387 11.43323193469042
1388 10.791388710575399
1389 11.062159232804044
1390 10.23707185885298
1391 10.945457185655426
1392 11.486044760477762
1393 11.530301752916577
1394 11.442286399897247
1395 11.341751518419288
1396 10.801878226027348
1397 11.696980707266091
1398 11.358910184928426
1399 10.75397820362976
1400 10.877708070645111
1401 11.60006762546903
1402 11.876523648773835
1403 12.356494699220159
1404 12.384512659740695
1405 12.1651540172146
1406 11.569514649634085
1407 10.555556125458207
1408 11.531477814408866
1409 11.885362287952018
1410 12.169167907044166
1411 11.477185650763118
1412 12.00240989046684
1413 11.702651169988329
1414 12.001148084401096
1415 12.105655353924522
1416 11.462898292158057
1417 12.103585199021682
1418 11.163170487091907
1419 12.039631871218607
1420 12.12498252188785
1421 11.9198257021638
1422 11.515377281107494
1423 11.421536531480701
1424 11.171140395419096
1425 12.11805836682652
1426 11.998519319594486
1427 12.250942672046309
1428 11.996890090492967
1429 11.690672374877067
1430 11.379315652557091
1431 11.553600632031559
1432 11.999115304363205
1433 11.716281415268565
1434 11.121445846063617
1435 11.915910443379754
1436 11.131270662543542
1437 11.764858416545229
1438 11.257816491859996
1439 11.144660435744537
1440 11.06861167814544
1441 11.419089759887676
1442 11.378593214621835
1443 10.904588055883018
1444 10.962854933758194
1445 10.65729911834469
1446 11.350279450829477
1447 10.82573915056981
1448 11.974712397938372
1449 11.908921763911524
1450 12.080082092581383
1451 11.740483644034866
1452 11.64487864033317
1453 11.843186042122964
1454 11.389190937523027
1455 12.159097757201366
1456 11.934448905740531
1457 11.549533808416895
1458 11.292678754196764
1459 12.27458654599056
1460 11.857187882098556
1461 11.970556322768774
1462 12.157768766582542
1463 12.07440165514467
1464 11.416373733476702
1465 11.95528925486258
1466 11.44675683488092
1467 11.76800519671155
1468 11.833529240773284
1469 11.703500241850094
1470 10.895126345426677
1471 11.594242005644816
1472 11.801134064274288
1473 10.924317533674717
1474 11.433543844294785
1475 11.97332521069543
1476 11.82060091079928
1477 11.515482090009844
1478 11.49129180380392
1479 11.264363156049328
1480 11.404819784258828
1481 11.973190738069555
1482 11.972478217024403
1483 11.301455099332394
1484 11.838081182320808
1485 12.372361886927818
1486 11.312589985355821
1487 11.721535436703773
1488 11.602383586672598
1489 11.494134574679421
1490 11.27057499585914
1491 11.505168203852895
1492 11.530588653530955
1493 11.427253620647463
1494 11.999588922951895
1495 10.940477647005848
1496 11.882082324212217
1497 11.901372079670873
1498 11.455727285012264
1499 11.314116320823054
1500 11.011680604111799
1501 11.526022275136235
1502 11.359902685305848
1503 11.301273911243044
1504 12.200153717845934
1505 11.446677428962484
1506 11.140495896617095
1507 11.33558860114028
1508 11.766345628577183
1509 12.064579047096734
1510 11.489063350636298
1511 11.469080528932363
1512 11.784248151784793
1513 11.557830226586528
1514 11.48618061560107
1515 12.211063628397207
1516 11.77584927692692
1517 12.305480928909635
1518 12.003936229887984
1519 11.272088850010066
1520 11.948543607261687
1521 11.15679478348649
1522 10.78838102351488
1523 11.906497393475721
1524 11.351663973818052
1525 11.596912191723773
1526 11.36162670445636
1527 10.782704895627665
1528 10.645051750059862
1529 11.244314455013585
1530 11.792348008015633
1531 11.371156327450844
1532 11.418360173815389
1533 11.422024990737894
1534 11.087813039803972
1535 11.22709013952368
1536 11.22742272375993
1537 11.832511203612952
1538 10.920873086452861
1539 11.684529680341068
1540 12.273573245723817
1541 12.371651086454776
1542 11.348313808954792
1543 12.212343444822519
1544 11.872546301598044
1545 12.465526679654035
1546 12.704455443554565
1547 11.683104534063464
1548 11.746291410563483
1549 10.993337021627855
1550 12.135711343753853
1551 12.476594470123375
1552 12.668869453889476
1553 11.959458204688682
1554 12.434185657906566
1555 11.624691857289905
1556 11.647511870801026
1557 12.823016196907298
1558 12.493786262087509
1559 12.508783160154358
1560 12.51888368450977
1561 12.629346750829944
1562 12.173847205793008
1563 13.316766989716287
1564 12.31222444810937
1565 11.556844425028828
1566 11.241891680724573
1567 11.984499483707674
1568 12.06032792270641
1569 11.724243911023267
1570 12.205965036725527
1571 12.146625418806885
1572 12.3131788208598
1573 11.97155613686946
1574 12.078393594876815
1575 12.463642966525644
1576 11.596630711181172
1577 12.74266395355862
1578 13.113551181038979
1579 12.75949802034504
1580 11.961579251982831
1581 11.560373767386704
1582 12.255331963287846
1583 12.677702452529001
1584 12.274460736028356
1585 11.485683755943365
1586 12.247802232637117
1587 12.93518226434938
1588 12.394907358036097
1589 11.989868895236937
1590 12.187054346032017
1591 12.750985611692442
1592 11.72360144223093
1593 11.741035839571476
1594 11.984024136716242
1595 11.63363651656236
1596 11.38908304394629
1597 10.906818088801579
1598 12.071665056838262
1599 12.274170109960146
1600 12.3438987329277
1601 11.988554422461814
1602 11.300840619100386
1603 12.59215616591626
1604 11.781732754719485
1605 11.797344609268034
1606 11.91970928918591
1607 12.19509205542247
1608 12.228795760639876
1609 12.968907763172119
1610 12.21149363397956
1611 12.035424640789198
1612 12.477944656546882
1613 12.04796748291074
1614 11.632555620938238
1615 12.091630849157504
1616 12.184989042191148
1617 12.172566640136493
1618 12.476038156210711
1619 12.852900755656572
1620 12.784083467629307
1621 12.582021267692948
1622 12.558869595223337
1623 12.20391320050091
1624 12.950640580841823
1625 12.64420783277436
1626 12.935382935649736
1627 12.780411869376362
1628 13.46939165543281
1629 12.895163584273469
1630 12.324273954439258
1631 12.927027092414727
1632 12.661360032547485
1633 13.370800457323417
1634 12.744306630307834
1635 12.750681034980694
1636 12.573877111320964
1637 12.644813396849099
1638 12.38760485244289
1639 12.58670875196951
1640 12.8110131725363
1641 12.383232576927366
1642 12.893230901590414
1643 13.561520079776393
1644 12.312797616755569
1645 12.421943168101658
1646 13.11878090830679
1647 12.630624860466881
1648 13.05439169685523
1649 12.095682346744253
1650 12.828950742793088
1651 13.26807601876804
1652 12.970768188318283
1653 12.614516975133427
1654 13.449385167695617
1655 12.825851954301022
1656 13.68718456852213
1657 13.397143582584587
1658 12.858364287709184
1659 13.474695442565434
1660 13.044797201234948
1661 13.000652276332856
1662 12.755963285780032
1663 12.957346377160409
1664 13.026828795473977
1665 12.258816476029384
1666 13.544284175455372
1667 12.020249658387648
1668 12.598501753269131
1669 12.393990282848712
1670 12.626495429527466
1671 12.282593691696848
1672 12.770535555892218
1673 12.964734881650946
1674 13.10649294265036
1675 13.247427734474819
1676 12.553613948757148
1677 12.306091015600606
1678 12.84249786648053
1679 12.831251760902983
1680 13.206778519735671
1681 13.022401554716438
1682 13.085049288628946
1683 13.239624281750155
1684 12.938392803011887
1685 13.206868291296978
1686 12.812734214214407
1687 12.890593584160786
1688 12.950500065484839
1689 12.1899015704277
1690 13.683401898779463
1691 12.558150779539282
1692 12.910226557649699
1693 13.42760161826251
1694 12.66243031370732
1695 12.258671518779364
1696 12.058057568394302
1697 12.040338767047446
1698 11.856480963282785
1699 12.573043031990895
1700 12.806155607613668
1701 12.47886939852472
1702 12.327181506311948
1703 11.676372814808671
1704 11.691376191907844
1705 11.749118399711678
1706 12.34281895934612
1707 12.16075154188333
1708 12.534827439860507
1709 11.786319959721618
1710 12.079409866342747
1711 12.161281768696266
1712 11.66339359435957
1713 13.05144085935468
1714 12.714373420147876
1715 12.958889246373575
1716 11.491136420882343
1717 11.359933425497903
1718 12.610758584322193
1719 12.472885089860288
1720 12.574081843575074
1721 12.025406169066702
1722 11.667009823052883
1723 11.769235850310562
1724 11.556402812255332
1725 11.52812931086633
1726 12.096858277816146
1727 11.654299685066139
1728 11.819746092309076
1729 13.170533139041861
1730 11.96255032550758
1731 11.930979443261247
1732 10.692706823323563
1733 11.663434505261687
1734 11.405197751113265
1735 10.998267297833896
1736 11.246049825677684
1737 11.697422925534093
1738 11.679048121385017
1739 12.150538252137887
1740 11.816884940814186
1741 12.390638936306106
1742 11.638262550312344
1743 11.856907144653519
1744 11.937903105345598
1745 12.440729534109934
1746 12.150572182823083
1747 11.629140916485815
1748 11.913063082600239
1749 11.911049413210964
1750 12.009553988867703
1751 11.3416992380282
1752 11.236126564776216
1753 11.37410876389685
1754 11.38786442183539
1755 11.719087234297918
1756 11.997012606099206
1757 11.956499004356239
1758 11.476702343892729
1759 11.500151654722059
1760 12.150544012587684
1761 11.57803407506384
1762 11.73459550346087
1763 11.013202985427592
1764 11.274690571090579
1765 12.449948271383287
1766 11.813935051305679
1767 12.023115760651402
1768 11.911289238243517
1769 12.096831047628621
1770 11.991083536893159
1771 12.181185067003701
1772 11.069126153175969
1773 11.72232831018663
1774 12.047364598768077
1775 12.481632070612484
1776 12.540993269396996
1777 11.414718656984078
1778 11.816429698716458
1779 12.811823313920403
1780 12.301492391559957
1781 11.987280420576472
1782 11.850724083601952
1783 12.42631886147143
1784 11.388105800920968
1785 12.078355032784348
1786 12.771479464148365
1787 12.4022649336714
1788 11.990378130946935
1789 12.002286318766664
1790 12.007960648241829
1791 12.508378567415267
1792 11.983360566942574
1793 12.822516101123876
1794 11.888091550571794
1795 11.724307011342667
1796 13.027170472399254
1797 12.133054653294566
1798 12.68095570394934
1799 11.635368350421254
1800 11.76280022678836
1801 12.176669917703492
1802 11.956614202122836
1803 11.400158519072493
1804 11.761246101952903
1805 11.277570523646325
1806 11.234748426075814
1807 11.356220140196434
1808 11.976098946418656
1809 12.562949696892987
1810 11.864379191217566
1811 11.52046916568216
1812 11.355330357560073
1813 12.281394436813672
1814 12.697450090862787
1815 12.17868923898904
1816 12.181582689089122
1817 10.891518916658411
1818 11.89806350463565
1819 11.299167282165762
1820 11.261571200845662
1821 11.193401400428147
1822 11.310666935213751
1823 11.23519479549447
1824 11.520995494538422
1825 11.362849329779316
1826 10.68795051274684
1827 11.109600536384255
1828 11.168432425978525
1829 11.3788624793652
1830 11.498902814343436
1831 11.069752991024934
1832 11.724569143678101
1833 11.586075152035246
1834 12.516253447567502
1835 11.441813224142095
1836 11.555184157624144
1837 11.350720223384611
1838 11.39620476864526
1839 11.834615021585735
1840 11.99035681681843
1841 11.668269827486121
1842 12.61615804190162
1843 12.49538923565574
1844 11.723827166176209
1845 12.408230184630726
1846 11.890034666905535
1847 12.663752738370174
1848 12.00366451528478
1849 11.540589755273471
1850 12.17918649689222
1851 12.384681545857543
1852 11.980424020449718
1853 11.802361628159133
1854 12.353106044811458
1855 11.892570185760295
1856 12.19925146498868
1857 13.172997406997549
1858 13.056197006950692
1859 12.364932435655918
1860 12.449351214018808
1861 12.188118062150512
1862 12.547549419495773
1863 11.966218677659318
1864 12.099370092200232
1865 12.24550587091237
1866 12.069391498703931
1867 12.262986641249707
1868 11.896910506418893
1869 12.144068368437358
1870 12.249803758089756
1871 12.222908623338776
1872 12.377976943169703
1873 12.548045521056116
1874 12.342629036760737
1875 11.460571303282606
1876 11.928845356521034
1877 12.153579886765936
1878 11.857000374992355
1879 12.071533474865882
1880 12.185162144310391
1881 12.107864269065937
1882 11.722633636749237
1883 11.498004683350501
1884 12.120440354526263
1885 12.098911295503155
1886 12.843319141472664
1887 11.733244227847765
1888 13.000225137509537
1889 12.424602008562294
1890 12.107149742919542
1891 12.565340415069949
1892 11.965462268125744
1893 12.337558489295526
1894 12.696942243412108
1895 11.85431430350912
1896 11.918854869502976
1897 12.737597905779849
1898 12.257424183569945
1899 12.173622836816476
1900 12.600336688476368
1901 12.371438324796577
1902 11.927293095767244
1903 11.681175172452708
1904 12.201324700222399
1905 11.983217720480566
1906 12.742242946040939
1907 12.75427302861849
1908 13.122554434382117
1909 11.890246874189314
1910 12.526269802414031
1911 12.43269087535843
1912 12.761122654886979
1913 12.679776493470413
1914 11.684412725148329
1915 11.83773007526721
1916 13.009229854414004
1917 12.566181341248205
1918 12.14969080847914
1919 11.565884107777828
1920 12.73973688638051
1921 11.98742765459831
1922 12.016290106593148
1923 12.232335650271569
1924 11.867671473212395
1925 12.180108721718984
1926 12.329163159478133
1927 12.535244354703114
1928 12.087392980399784
1929 12.436569593946752
1930 11.566028198135376
1931 12.113477412132493
1932 12.319668484540307
1933 12.254734855191014
1934 12.775382332997877
1935 12.389176818174386
1936 12.158631763841454
1937 12.481756146135767
1938 11.911684932488875
1939 12.189075452827032
1940 12.047354320023334
1941 12.531412153809239
1942 11.788405912904107
1943 11.962928231034544
1944 11.956447397407025
1945 12.490841535230823
1946 12.32946457396895
1947 12.33001022892088
1948 11.977005734150374
1949 13.367015606845124
1950 12.124086090531822
1951 12.671740737601558
1952 12.770032056982872
1953 12.547877293626028
1954 12.261775642188738
1955 12.580269889486548
1956 12.966155000526259
1957 12.904413814592875
1958 11.515863696584503
1959 12.422112982695694
1960 12.118729113367706
1961 11.958152578383311
1962 12.05962025771403
1963 12.383830268876826
1964 11.823155039648686
1965 12.052431663172102
1966 11.97833086197393
1967 11.419889105896882
1968 12.23235942082114
1969 12.125043028165438
1970 11.974865133579549
1971 12.47345858896932
1972 12.077936502690145
1973 11.046938248449187
1974 12.210120562646392
1975 11.29769041001763
1976 11.327960210707255
1977 12.402636366759008
1978 11.800497245266515
1979 11.994277341626187
1980 12.621399438015583
1981 12.787862781601172
1982 12.861708264157889
1983 12.226587540336858
1984 13.322478089973897
1985 12.489806399137091
1986 11.556849159691101
1987 12.474208495313967
1988 12.224864343545727
1989 11.90224479465981
1990 12.1864720763229
1991 12.7537207636119
1992 11.316119063493565
1993 12.708583611383755
1994 12.067679499440569
1995 11.52494735420901
1996 11.841737333155905
1997 12.05771502921391
1998 11.943073564926411
1999 11.625193387204247
2000 11.60422182514872
2001 12.167860759418952
2002 11.860941979055452
2003 11.34853061406648
2004 11.703635962281808
2005 11.707027086437476
2006 12.703487195638193
2007 12.043901511157497
2008 12.872734467624626
2009 12.185178545514306
2010 11.928900483120898
2011 12.709421647830993
2012 12.12742238504411
2013 12.103651835012837
2014 12.340296575342188
2015 12.865910613545392
2016 12.479302598435913
2017 12.208751720398418
2018 11.996423856149908
2019 11.934500848561644
2020 11.175593563746803
2021 11.938039660844527
2022 12.597095377540445
2023 11.778391502296758
2024 12.262930916124473
2025 12.437645929664203
2026 11.662608679569532
2027 12.649486854445302
2028 11.799062539106087
2029 12.26926824137913
2030 12.643848221379463
2031 12.515060818027159
2032 12.124375562568364
2033 11.834206589332965
2034 12.270507866361502
2035 11.943457637189322
2036 12.126802495598888
2037 11.780293436008067
2038 12.209314418413417
2039 11.63701353906195
2040 12.14576484159387
2041 12.21754951604686
2042 11.112359485851705
2043 11.534372371125468
2044 11.921148756733686
2045 11.413258096684043
2046 11.319875104106131
2047 12.167640458693334
2048 11.72013510470831
2049 11.825004077596176
2050 11.388748285494177
2051 12.14642034238945
2052 12.221783616265956
2053 11.983946324778064
2054 11.822894321831328
2055 12.871054844160827
2056 11.848048704385723
2057 12.287531002332882
2058 11.77505932648802
2059 11.616830457442962
2060 11.16252222039898
2061 11.141712384065162
2062 11.552094840407891
2063 11.245060000247708
2064 11.16252711901046
2065 12.400282145437535
2066 11.126547625413238
2067 11.178469662012024
2068 11.679620229086716
2069 11.910297930090854
2070 11.142749166073418
2071 11.994237621846507
2072 11.53370504057323
2073 10.910373496804642
2074 12.065032715587067
2075 12.397140760420951
2076 12.428010109154433
2077 12.398651726977725
2078 11.99946818734539
2079 12.20072233345701
2080 11.924216415624752
2081 12.10734646763261
2082 11.645649537040947
2083 12.585533602673562
2084 11.641568335960134
2085 11.775031726229383
2086 11.895761155930881
2087 12.44829598266028
2088 10.97958349856551
2089 11.45553869306852
2090 11.720139250033586
2091 12.110357456469721
2092 12.331889537505692
2093 11.661059965158314
2094 11.900502605095344
2095 11.386463398979485
2096 10.800971633575614
2097 11.565780280021146
2098 10.881504214434434
2099 11.332721319988957
2100 11.299628383032887
2101 11.113176529535952
2102 11.598874135383577
2103 10.881364766338255
2104 11.056790330818977
2105 11.344490174904479
2106 10.876727052488755
2107 11.202489703764407
2108 11.57710348301976
2109 11.292560433260286
2110 12.330235302636838
2111 11.395071257607613
2112 11.60821793298117
2113 11.473390677972862
2114 10.761712661487932
2115 11.870784174572538
2116 12.228143818096017
2117 12.299144746856031
2118 12.427052915274729
2119 11.44339488993891
2120 11.749595933736668
2121 12.571662968549632
2122 12.031091448987302
2123 11.859321810111142
2124 11.660581137052976
2125 12.09579867111995
2126 12.093662305453353
2127 11.766503606398857
2128 11.058646281603048
2129 12.676486357499238
2130 13.003512495317677
2131 12.710720163682744
2132 12.359460004734688
2133 11.734315166822173
2134 11.949903645553722
2135 11.642506585270853
2136 12.071821467845965
2137 11.721372082712602
2138 11.284671859902815
2139 11.735022889518712
2140 11.618153320854523
2141 11.199248912537287
2142 10.939400107333476
2143 11.496716429615434
2144 10.913835021347357
2145 11.626901181299788
2146 10.714367026855625
2147 11.394021948243298
2148 11.591730328678741
2149 11.29818224558748
2150 11.247882796716635
2151 11.164531311764874
2152 10.691835368210064
2153 10.417501410019087
2154 12.058064337159529
2155 10.914040401525078
2156 11.571389091139528
2157 11.55511482272085
2158 11.162003833687157
2159 12.113011807420289
2160 10.75961333132171
2161 11.436925937226126
2162 11.2499977118723
2163 11.449588329165328
2164 11.762767357378813
2165 11.663613155080787
2166 11.511887375880331
2167 11.972379666112463
2168 11.62943235421105
2169 10.591002887642212
2170 11.248797847952716
2171 11.48179971361204
2172 11.17311285127323
2173 11.220832985464092
2174 11.519265798293471
2175 12.08864004610849
2176 11.030366092064956
2177 11.659394538819978
2178 11.143895089193744
2179 11.778974770723057
2180 11.261669680910055
2181 11.784212076669379
2182 11.362000832198094
2183 11.606848152466855
2184 11.086610568319704
2185 12.633119320650739
2186 11.962403572320236
2187 11.614885368267172
2188 11.758096831069716
2189 12.179054157083957
2190 12.568458181033275
2191 12.306072643465184
2192 11.745548181687983
2193 11.737945512566421
2194 12.596316594081024
2195 11.536393003813854
2196 12.0716401662669
2197 11.740462894832474
2198 11.201400165281166
2199 12.349731438235814
2200 12.05488454919547
2201 12.272997792803597
2202 11.547714314245287
2203 11.518772156693272
2204 11.124991952367598
2205 12.047815203518367
2206 12.155162295092623
2207 11.621423859911001
2208 12.157841231944627
2209 13.432188768451017
2210 13.092584390233121
2211 12.30607941902907
2212 12.745550116409259
2213 12.157047612288327
2214 11.578837523170483
2215 11.645754934132357
2216 11.986405033530668
2217 12.14545468632903
2218 12.668668598287736
2219 12.65321858901995
2220 12.492106575284833
2221 11.562311726403992
2222 12.95216475975099
2223 11.891571498586112
2224 11.412541557182918
2225 11.851348093095654
2226 11.661588448336229
2227 12.303899656400109
2228 11.15524160572413
2229 11.798985005430195
2230 12.204037344968595
2231 11.659958597534478
2232 11.852790088713895
2233 11.555279732765468
2234 11.961532645213232
2235 11.773084853044123
2236 11.16638281387619
2237 12.153359371320397
2238 11.370635732942032
2239 11.507604311889624
2240 11.745522013291522
2241 11.879775707057851
2242 11.749907640035467
2243 12.074248796195704
2244 12.256949603611396
2245 12.229434256463014
2246 12.197871116000675
2247 12.143269816980228
2248 11.735206435770886
2249 11.482255574148972
2250 11.279280417429057
2251 11.849099599470346
2252 11.420284334502538
2253 11.394863512118933
2254 11.361435237465718
2255 12.237050734243708
2256 11.777213103686242
2257 13.06899046758687
2258 11.886235475623888
2259 12.024531813423678
2260 12.202635732806142
2261 11.690824052490392
2262 12.422518848741406
2263 11.602953593498512
2264 11.996846540188807
2265 12.295314890883908
2266 11.522158148045785
2267 11.928346001300755
2268 12.111896736792707
2269 11.953126352951859
2270 12.223638928413274
2271 11.480067370122997
2272 11.24226805761144
2273 11.688959823068636
2274 11.733560728588559
2275 11.912443386034354
2276 12.162563972024834
2277 11.906379372076325
2278 11.688637075778892
2279 12.272389618463315
2280 12.603942109645638
2281 11.424801791033088
2282 12.176026631757093
2283 12.026095394019297
2284 11.938066829582269
2285 12.4435565431442
2286 12.598970895799336
2287 12.714634836122913
2288 11.682643498839507
2289 12.306121543182877
2290 11.656802345268225
2291 12.11920382039044
2292 12.56782948327789
2293 12.925861773610348
2294 12.23384193226417
2295 12.25872821453985
2296 12.352965231209659
2297 12.055719498360743
2298 11.80573322263892
2299 11.977406915200069
2300 11.65307922899091
2301 11.590034090072026
2302 11.799751653611983
2303 11.909522355937959
2304 11.718753551793368
2305 11.459185837651738
2306 11.186988329951987
2307 11.753168001922747
2308 12.328125706881671
2309 11.64840892971086
2310 12.007789348982524
2311 10.869071868104822
2312 11.806896374058164
2313 12.015520995095088
2314 11.346043377429462
2315 11.319277701169161
2316 11.094265921244595
2317 11.403070470107606
2318 11.30401994036722
2319 11.240546797720151
2320 10.997240927036387
2321 11.270591514430745
2322 10.972604285789485
2323 11.254870119234601
2324 10.841988810678949
2325 10.953550559320377
2326 11.59908478129401
2327 11.535662023826115
2328 11.121549104111844
2329 11.870755516133363
2330 11.66413543777204
2331 11.28113498040783
2332 11.025501956265217
2333 11.068103762190203
2334 11.079578576550201
2335 11.903577491224983
2336 11.38016431921473
2337 11.083838255938478
2338 12.150003111145871
2339 11.503747515276219
2340 11.152555407598516
2341 10.797910961677918
2342 11.170350254831096
2343 11.884772860261245
2344 11.924443265585152
2345 11.339082625118902
2346 11.825298283364887
2347 11.446633513825157
2348 12.792433781795236
2349 11.659669809862923
2350 12.164532177517032
2351 12.047017313496173
2352 11.568214892059704
2353 11.386015551033907
2354 11.314620826779747
2355 10.98028699267952
2356 12.302115759711553
2357 12.16952289688448
2358 11.84950955089908
2359 12.278307614275235
2360 12.594661068437173
2361 12.398717881931029
2362 11.481381512688548
2363 11.831938519796147
2364 11.026892095227556
2365 11.275058865325473
2366 11.134688872401387
2367 11.155419921473902
2368 11.168160677687778
2369 11.529474648793089
2370 11.276484694924171
2371 11.141915772447176
2372 11.29753092284791
2373 11.040108009817171
2374 10.788550745073437
2375 11.304335441940324
2376 11.932613325533126
2377 11.571346536028036
2378 11.330546332781049
2379 11.871336443130097
2380 11.515567174444321
2381 11.126309768536142
2382 11.216724631628674
2383 12.265264065863239
2384 11.40936314492431
2385 11.631331325941602
2386 11.023210572923048
2387 11.243218750743283
2388 11.98826937262763
2389 11.698878147444423
2390 11.311348336976796
2391 11.341572736878243
2392 11.443893916419617
2393 11.588239743805932
2394 11.107883271668769
2395 12.174929232592175
2396 10.845777493156392
2397 11.502551671686989
2398 12.214895817451
2399 11.970582581921262
2400 11.794761528473767
2401 11.766773506305734
2402 11.59776755723339
2403 11.315169861414667
2404 11.259292266380692
2405 11.234210547841986
2406 11.106582040490823
2407 11.303782369220624
2408 11.708779480274913
2409 12.168958625181766
2410 12.516339048856489
2411 11.519300812865412
2412 11.730790422597211
2413 11.64815653168019
2414 11.755403431735298
2415 10.642710756727016
2416 11.73286580710144
2417 10.587943425133469
2418 10.727065890118258
2419 11.908638385156888
2420 11.784615722416188
2421 12.472349636160065
2422 11.279612630822312
2423 11.560721061929597
2424 11.314945575324604
2425 11.408573518592982
2426 11.716905318687507
2427 12.789873490555715
2428 11.940841900350062
2429 11.230326970849484
2430 11.459924547808562
2431 11.814627303443757
2432 12.11450963384027
2433 11.307492342190743
2434 11.067546605317142
2435 11.580602330690033
2436 11.310323537370477
2437 11.13703957014346
2438 11.63927087388174
2439 10.734811002176318
2440 10.645309647729542
2441 11.244282419001017
2442 11.756205877068398
2443 11.910624129819297
2444 11.684069881719035
2445 11.308079425007906
2446 11.112707068306769
2447 11.697219517410074
2448 12.872089600417008
2449 12.422471520340762
2450 11.794684188696726
2451 12.618320648309298
2452 11.701684397603824
2453 11.86376798804966
2454 11.721872502317956
2455 11.564035594995808
2456 11.634251592485725
2457 11.394906169524795
2458 10.817864253716847
2459 11.077169665934965
2460 11.163618992117476
2461 11.52679055733523
2462 11.356085780372819
2463 11.796995107218457
2464 11.362081525173448
2465 12.412367325882117
2466 11.237088762119825
2467 10.761554105954698
2468 11.213510963256558
2469 11.288419859715077
2470 11.812561827560119
2471 11.1434289517494
2472 12.061186121499485
2473 11.660108403092748
2474 11.595585138959082
2475 11.932623470722689
2476 12.181797293628405
2477 12.097130049025766
2478 11.529977013164157
2479 11.155563325569393
2480 11.431524316206888
2481 11.68143144788357
2482 11.366216402564048
2483 11.19164447218312
2484 11.47678844408765
2485 10.774055209067123
2486 11.587125597175202
2487 11.958946346134116
2488 12.342528342828818
2489 11.733976176294439
2490 11.512903704027623
2491 11.075764750498486
2492 11.786566138413486
2493 11.248240302236745
2494 11.591263709171939
2495 12.560064333608144
2496 12.284695909154951
2497 11.337603369931534
2498 11.051688158344364
2499 10.989128620390689
2500 11.1579526895001
2501 11.543035744958127
2502 11.5166606558365
2503 11.284901864550266
2504 10.482671283623693
2505 11.092128683849936
2506 10.914986650758006
2507 11.329416963378934
2508 11.531939063369288
2509 11.163561100984927
2510 11.391887088251014
2511 11.193327601279385
2512 11.452602489884125
2513 11.709930118432643
2514 11.115828415528698
2515 12.095135926669156
2516 11.37658016166846
2517 12.317795952220365
2518 12.459330562131035
2519 11.501339599375065
2520 11.186516216401785
2521 11.447237443679542
2522 11.347320473268157
2523 10.788052149419682
2524 10.749291912820011
2525 11.089517119866297
2526 10.846436954058436
2527 11.172913139596076
2528 11.632633053393924
2529 11.522152453962178
2530 11.903128089444309
2531 11.661304764341898
2532 11.412279072729648
2533 11.317462936458623
2534 12.301176895740573
2535 12.374885193555702
2536 12.100012657899565
2537 11.320094615821752
2538 12.17068154519156
2539 11.493404808726265
2540 11.898064432555586
2541 11.935402727531441
2542 12.844290404504266
2543 11.558652145543661
2544 11.977019447229662
2545 11.194734055790304
2546 10.799967120573186
2547 11.756818102293725
2548 11.866027167952655
2549 11.939759279449198
2550 11.807365469801562
2551 11.730049104036768
2552 11.016437997019128
2553 11.554093247470629
2554 11.487379543318694
2555 11.85820601986219
2556 11.750607682690442
2557 11.94324572611403
2558 12.11484495835771
2559 11.939186724425555
2560 11.747413113599977
2561 12.13465247244646
2562 13.096904094021294
2563 12.286812356671152
2564 12.661074921430258
2565 12.81870191568499
2566 12.106538148687363
2567 12.382526778557967
2568 12.692453046465838
2569 12.690496640251338
2570 11.499963454821645
2571 12.588097185000768
2572 11.989614682572718
2573 11.402107496779989
2574 11.2797928073904
2575 11.437272347209834
2576 12.335056651631682
2577 12.312737104487974
2578 12.49167507979019
2579 12.413606507418645
2580 11.404856624182772
2581 12.025312801000634
2582 12.079802496188062
2583 12.851831257839576
2584 12.2946600985046
2585 12.716479691713104
2586 11.626988751537347
2587 12.070817316464604
2588 11.59642953837559
2589 11.670902949271275
2590 11.915146143302168
2591 11.670655355220589
2592 11.981411592931394
2593 11.958386449012618
2594 11.753372125966498
2595 11.990857323872163
2596 12.39321191977603
2597 11.94510300942278
2598 11.173040958480387
2599 11.390368279789568
2600 11.352441274197586
2601 11.65262333416207
2602 11.6034944867808
2603 11.425521184278104
2604 12.592807588812612
2605 12.320832296588696
2606 12.014696178278575
2607 12.228371039060738
2608 11.805864739277657
2609 12.325031626763874
2610 12.28431798455152
2611 13.139626055400388
2612 11.700455695628946
2613 11.912953162057846
2614 12.041383612429415
2615 12.633089193126802
2616 11.855262093514611
2617 11.377120685369327
2618 12.036190396705816
2619 11.044270351488489
2620 11.51047475764987
2621 12.31325551927072
2622 11.86714670173188
2623 11.6943680982159
2624 11.7669327515958
2625 11.540888892269052
2626 11.770975803693583
2627 10.768126629533862
2628 10.816990628539015
2629 10.860889908110096
2630 11.040358363530105
2631 11.969344609760181
2632 10.959727583012038
2633 12.01795364819111
2634 11.79954608746205
2635 11.834313483286497
2636 11.68907442850083
2637 11.986884104724835
2638 10.676452682205188
2639 12.193657583153524
2640 11.07113765782967
2641 11.01243793791676
2642 12.214973989958917
2643 11.840444751007917
2644 12.199542163703446
2645 11.766518941014908
2646 11.625571785814504
2647 12.317037331827558
2648 11.76380063494055
2649 12.11458126975138
2650 11.920391270139106
2651 12.609006053518996
2652 12.750165016465704
2653 13.199685989244863
2654 13.319581796631512
2655 12.046156939558978
2656 12.281863030396234
2657 11.804640100261663
2658 11.877696668462525
2659 12.377293319059866
2660 11.939072100389454
2661 12.303679347135649
2662 11.508328627457661
2663 11.66821126854309
2664 12.19637091768691
2665 11.846054298448385
2666 12.080280633403754
2667 12.744469208944025
2668 12.812238940249673
2669 12.171321179361986
2670 11.94216926927215
2671 12.730260010770271
2672 11.19887489891405
2673 12.073274845691888
2674 12.1458346621473
2675 11.292411981447447
2676 12.696238531656517
2677 12.52519679167886
2678 12.355947429522883
2679 11.789385462544828
2680 12.359397729766954
2681 12.410260256438846
2682 12.697235398113259
2683 12.278795006719365
2684 12.359010366450393
2685 12.072216114510612
2686 12.89959695857344
2687 12.632125418978191
2688 12.280112147397217
2689 11.453254500548438
2690 11.989096799927877
2691 13.200346067829882
2692 12.962526869960941
2693 13.14992305020174
2694 12.797527989984848
2695 12.929658634051691
2696 12.708718213999726
2697 11.873384673909998
2698 12.468604690197655
2699 13.680143461482473
2700 11.958635017177995
2701 13.662084126970125
2702 13.333383472533354
2703 12.668722396809217
2704 12.108611966295635
2705 12.476135040494603
2706 12.921083675527818
2707 13.120726736221155
2708 12.356023933911287
2709 12.859545560517113
2710 13.317931773723878
2711 12.99781793961536
2712 12.555508032805971
2713 12.799337064886458
2714 13.711723940500189
2715 13.536999470888576
2716 13.47880360631352
2717 13.039729190552224
2718 13.077271544419542
2719 12.584179106791812
2720 13.005855312050194
2721 12.241207784651639
2722 12.234889095282249
2723 12.236366432251842
2724 12.16780227026564
2725 12.114110214289436
2726 11.357212139230668
2727 11.402616535907628
2728 12.060248381776777
2729 12.702285232397347
2730 12.968636553986352
2731 11.54236496931194
2732 12.133745286604745
2733 12.293742126265629
2734 12.27409236063541
2735 12.171655524433785
2736 12.506723184990731
2737 12.660965590200446
2738 12.380100211942969
2739 11.977788017965423
2740 11.847333952017653
2741 12.221382903283343
2742 12.570253413870747
2743 12.413820207035952
2744 12.34862851724823
2745 11.654437024423535
2746 12.90066618163674
2747 12.851492610200438
2748 12.317803561285123
2749 12.791784539252408
2750 12.404416342722076
2751 12.92377742034529
2752 12.951957818255837
2753 13.01845613936832
2754 12.982348292772066
2755 12.690356697922708
2756 11.63463845930083
2757 11.523404274750273
2758 12.616758008438534
2759 12.563034410133419
2760 12.56957636432673
2761 13.398839984656274
2762 12.637177300146318
2763 12.530560123681454
2764 11.163234170465016
2765 12.82674400956012
2766 12.338472480379778
2767 12.394285026655988
2768 12.066441587314568
2769 12.025759587240909
2770 12.354607682331244
2771 12.087366604013756
2772 11.644336131269212
2773 11.171354313721135
2774 12.617504164831155
2775 12.040507007423583
2776 12.708850395804456
2777 11.780136851945286
2778 12.423194032406775
2779 11.648072474857779
2780 11.641659916145395
2781 12.305025448444887
2782 12.065706136222337
2783 12.26975626500706
2784 12.207103465815704
2785 11.751666823433917
2786 11.801396779858916
2787 12.384912512888839
2788 11.17137158437105
2789 10.46215760897717
2790 11.960289571435228
2791 11.726275612515504
2792 12.44085573241174
2793 12.409314061133948
2794 11.825903368815798
2795 12.114713452915618
2796 11.92732352268625
2797 11.770087906572503
2798 12.065329066114188
2799 12.005816988742344
2800 11.173675283407354
2801 12.124959890574326
2802 12.278864060870568
2803 11.319304695901165
2804 11.318758828498401
2805 11.641183975240411
2806 12.749018924954797
2807 11.647149730441448
2808 11.902971502263325
2809 11.015583322656179
2810 11.065948105699608
2811 10.430692185116616
2812 11.482279571804474
2813 11.163848958091227
2814 12.104425020324344
2815 11.711747055572678
2816 11.309892060092999
2817 11.389706741878173
2818 11.196484507817399
2819 11.372782173206238
2820 12.177363540060135
2821 12.452258059791601
2822 11.919620990299508
2823 11.804926029496238
2824 11.625826857130507
2825 10.589716065546465
2826 11.676637312483615
2827 10.947725148878716
2828 10.961821817122319
2829 11.605370105515135
2830 10.973605557417509
2831 11.499694958777434
2832 11.07858043706537
2833 11.35961526727743
2834 11.674793845888246
2835 11.022383641643144
2836 10.917933975818146
2837 10.4808983678935
2838 10.867266852317114
2839 11.559012036115204
2840 10.79519380870535
2841 11.777420112269041
2842 12.595583807893027
2843 11.631978750089038
2844 12.154064294328057
2845 11.398375960503692
2846 11.417387252996486
2847 12.253114521460757
2848 11.72706016857156
2849 11.775813096173138
2850 11.399215720776867
2851 11.79953077699679
2852 11.512723787819626
2853 12.302715884031622
2854 12.01598966848522
2855 11.624724492891282
2856 12.782032193256216
2857 12.401468746806762
2858 11.847844284254608
2859 12.547598983356067
2860 12.556707545764063
2861 12.205967700539873
2862 11.622679987291288
2863 11.785508841487347
2864 11.902544026394255
2865 12.469805933713586
2866 12.445036419523182
2867 12.085807385307431
2868 11.84093547738402
2869 12.276471239683664
2870 11.113044583290183
2871 12.141544846432685
2872 12.068633685015962
2873 12.055668363839098
2874 11.453493447440904
2875 11.932741831724751
2876 11.642497785051297
2877 11.931071664947405
2878 10.600210938985656
2879 11.129715925591587
2880 12.105041416909566
2881 11.566110856651306
2882 11.809216768930236
2883 11.56000265954619
2884 11.704317666161888
2885 10.913350788583456
2886 10.838042319664114
2887 12.188211680284482
2888 10.99644596594254
2889 10.841395968222317
2890 10.926279916583454
2891 11.08115213852666
2892 11.934769818713853
2893 11.55615562626141
2894 11.37581103153246
2895 12.950285955297536
2896 11.391843829062797
2897 11.812291621986574
2898 12.051701936952892
2899 11.61415612438144
2900 11.739710089434027
2901 11.170822407804431
2902 11.903093576764832
2903 12.167855534464206
2904 11.92573472874758
2905 11.494374284319221
2906 11.567871149681716
2907 11.457457121946105
2908 11.328430389042472
2909 11.365443556179676
2910 11.318168851780646
2911 12.096331586906432
2912 11.21431653119368
2913 10.471736215781407
2914 11.026438076199817
2915 11.366769703709817
2916 10.912320148358562
2917 11.301064127532337
2918 11.561418212227993
2919 10.499355366446395
2920 12.005741811030761
2921 10.949733071154212
2922 11.346542335331593
2923 10.862723914386404
2924 10.91961342522129
2925 11.552424073383962
2926 11.530721291300187
2927 11.051132934728209
2928 10.936990576725904
2929 10.600115472605207
2930 10.587552798498251
2931 11.526730278385434
2932 11.217644011174935
2933 11.143273506041874
2934 12.120260716801473
2935 11.57370873154459
2936 12.272672582828315
2937 12.080106936135849
2938 10.89296137290712
2939 11.788101045507585
2940 11.494226315639022
2941 11.029220552178375
2942 11.303486519092578
2943 11.548556976659148
2944 11.672007161139426
2945 11.335325355502665
2946 12.027280398398714
2947 11.344841452921314
2948 11.311021993755624
2949 11.79399613279058
2950 11.718034607061968
2951 11.732502256789273
2952 12.004634737385683
2953 11.220331987523569
2954 11.939103574108847
2955 11.985925304308255
2956 12.10672832930001
2957 12.064498391989336
2958 11.71265049265533
2959 11.523556828623846
2960 11.758201981695896
2961 12.7415878582533
2962 12.536733579393308
2963 11.578608287425915
2964 11.978934577962642
2965 11.43675488782435
2966 12.384484269033107
2967 12.224856270494945
2968 12.45475892631892
2969 11.857743075250157
2970 11.787746225610471
2971 12.058127423470657
2972 10.715817132281023
2973 11.533194202540821
2974 12.12784293257753
2975 11.321289674767977
2976 11.554698964661986
2977 11.606746395332081
2978 12.6905054531381
2979 11.611617382552984
2980 12.073625713162492
2981 11.727041263918357
2982 12.105044115524649
2983 11.602701546360167
2984 11.881381618283037
2985 12.045660634837871
2986 12.198653364067875
2987 12.503614509924928
2988 12.109388733168696
2989 11.984064120250784
2990 11.555859688916028
2991 11.636681674990594
2992 12.030491256041852
2993 12.47477074204135
2994 11.598217644080584
2995 11.891013368198731
2996 11.071584258734399
2997 11.35273595427333
2998 12.608545497878188
2999 11.857838787559375
3000 11.85657862760673
3001 11.818338588694365
3002 11.354210227210928
3003 11.746166911788396
3004 12.336354324566155
3005 11.870706462790217
3006 11.985687536081235
3007 11.847471584180651
3008 12.337534600070068
3009 12.65421605613988
3010 11.685406621928658
3011 11.377419473569237
3012 11.98586178242649
3013 11.72654901882839
3014 10.798485294550568
3015 11.629257672477474
3016 11.449170745610461
3017 11.139241036125464
3018 11.035027698021526
3019 11.167516403510263
3020 10.741636182395878
3021 10.701398126252364
3022 11.47090038788554
3023 11.085335730626499
3024 11.746716273147065
3025 11.381357632036085
3026 11.647936415211804
3027 12.479751621238842
3028 11.454306886861321
3029 12.125075998055765
3030 11.86497448801529
3031 10.819440796616723
3032 10.605124510024163
3033 10.963365620188345
3034 11.790226921461317
3035 11.222373891230555
3036 11.507113727197344
3037 11.388589033399168
3038 11.7980926451322
3039 12.166495413262016
3040 11.048625932358
3041 11.7948088769208
3042 11.952659159248872
3043 11.950335212657388
3044 11.784696186192528
3045 11.782977674293123
3046 11.54545104706898
3047 11.813112498822242
3048 12.14599658684922
3049 12.329489975271091
3050 12.112278985485323
3051 11.917569673712721
3052 11.936842689705925
3053 11.627219218003122
3054 11.632307126703243
3055 11.914647059720995
3056 12.101630139398571
3057 12.247621307291425
3058 11.9538329489892
3059 11.38007124168904
3060 11.4429955407001
3061 11.96784465683249
3062 12.35828268955334
3063 11.065702938796152
3064 12.134587673577935
3065 12.026382078493413
3066 12.159420007155212
3067 11.676951857901662
3068 11.386487857808905
3069 11.942467859518237
3070 11.931084837329937
3071 11.912604607774078
3072 12.097816174701125
3073 12.449274981409584
3074 11.681837499504638
3075 12.428430645972668
3076 12.405071475073067
3077 11.332804866385437
3078 11.837010463791863
3079 11.151971227556876
3080 12.053698747366404
3081 11.834636405097104
3082 11.008223845619835
3083 11.575219576533932
3084 11.688849488421408
3085 11.852073474244289
3086 11.891900566896709
3087 11.773434550366042
3088 12.133880434151852
3089 12.710707893268628
3090 12.253862704115052
3091 11.946760609870264
3092 11.386609952086003
3093 11.266503128008775
3094 11.783966038825469
3095 11.87683523620193
3096 11.191446863203838
3097 11.239544097171908
3098 11.20493460028462
3099 11.023023727088509
3100 10.929357075448468
3101 11.650510946387774
3102 11.820642000870201
3103 11.826910752741266
3104 12.07930516315685
3105 11.931376664619673
3106 12.650613592539376
3107 11.837790784258388
3108 11.574842094205485
3109 11.179155820247454
3110 11.472603760422015
3111 11.504636659117306
3112 12.035406642896492
3113 11.663519128933432
3114 12.181996135592684
3115 12.538839815907815
3116 12.407468603942212
3117 11.90890982940238
3118 11.444319595977015
3119 12.322095753293782
3120 11.98710061579076
3121 11.324398213473188
3122 11.846821629409055
3123 12.47597270972112
3124 11.74955365261778
3125 11.951490560530159
3126 12.365960492110519
3127 12.379878560176671
3128 11.173824910087847
3129 11.152168602873473
3130 11.49611652015934
3131 12.012829524172423
3132 12.697661016419111
3133 11.981919617673968
3134 11.904571382403246
3135 11.632359836686714
3136 11.38378818088878
3137 11.103005937031623
3138 11.876241114723461
3139 11.989571990010658
3140 11.661446360028737
3141 12.579150372925275
3142 11.93751376579626
3143 11.991732704462086
3144 11.448841233283698
3145 12.198358952294724
3146 12.685184236989725
3147 11.565205351433674
3148 12.280525993765822
3149 11.72730331472466
3150 12.046786193697455
3151 12.492029585859175
3152 12.310147863116292
3153 12.13947188305398
3154 12.044068415299288
3155 11.359212800046064
3156 12.08855428089764
3157 11.943503954832273
3158 12.05544393241556
3159 11.598991275615088
3160 12.534267672812948
3161 12.434694297852129
3162 11.272924696602754
3163 12.1072689882406
3164 12.365084578197846
3165 12.42341891550805
3166 12.414466260881083
3167 12.20401974622811
3168 11.342336275068964
3169 11.969210916233465
3170 12.519714781857287
3171 11.978125505015216
3172 11.41640119670129
3173 11.78113526165652
3174 11.107163586524942
3175 11.415909187379539
3176 11.554025190197098
3177 11.848668954493537
3178 10.90863789520621
3179 11.662560292984143
3180 11.509124320621321
3181 11.790828663924563
3182 12.109845873353372
3183 11.147464761656368
3184 11.967578782524487
3185 11.382365310894377
3186 11.553653061604237
3187 12.213810480873295
3188 12.553625250133882
3189 12.872312612678705
3190 12.252911292189898
3191 11.2559247054651
3192 12.265033371232715
3193 12.227400327605997
3194 11.41658581400148
3195 11.810429075113163
3196 12.191521514616088
3197 11.986934767150803
3198 12.172525488677746
3199 11.796241718114231
3200 12.02772346569725
3201 11.236405658712531
3202 11.605690866851488
3203 12.176193216229036
3204 11.023662096182544
3205 11.768678754424537
3206 11.72750832686619
3207 11.584489848286943
3208 12.068782900362754
3209 11.755065170535858
3210 11.785464678426521
3211 12.21389290700656
3212 12.438265064294761
3213 11.6749866710482
3214 11.072010920483654
3215 11.451810846981369
3216 11.33791712719407
3217 11.256445442705846
3218 11.790190786852294
3219 11.507270940287828
3220 12.016627752017799
3221 11.605848454457378
3222 11.752164170553664
3223 12.551251617953676
3224 12.355544078025636
3225 12.5527608184525
3226 12.185395701170082
3227 12.669180338070248
3228 12.43198730559251
3229 12.675563202346623
3230 12.295138941319584
3231 11.886231318166505
3232 12.145982587185015
3233 11.676371469963623
3234 11.531189420597467
3235 12.475588360050542
3236 11.863816139926625
3237 12.062815610735631
3238 11.790220326379599
3239 12.257083881526563
3240 11.76016674302478
3241 12.190832834284771
3242 11.577470898637523
3243 11.86562688908372
3244 11.599209126661675
3245 11.672670342508384
3246 12.107122267259538
3247 11.397698429571891
3248 12.51753401630694
3249 11.915368060171502
3250 11.986860045083967
3251 12.231853349303186
3252 11.94298476716863
3253 12.194242100877258
3254 12.62486377334176
3255 12.114329961268758
3256 11.56009556971989
3257 10.941027328290636
3258 11.605140482620099
3259 11.40997527606962
3260 11.414027141724162
3261 11.909529846288056
3262 12.731058937786647
3263 11.437947862436797
3264 12.287646394373978
3265 12.195800832087379
3266 11.793649850517157
3267 12.128502120057012
3268 11.966301361782984
3269 12.73869918642934
3270 12.16064675645226
3271 12.5537059916212
3272 12.63064264372953
3273 12.138156596954827
3274 12.730996361929689
3275 12.45930683841449
3276 12.234905459591706
3277 12.572601002096775
3278 12.594540567815429
3279 11.213765912781962
3280 12.125410305682678
3281 13.053867706656016
3282 11.990116415912208
3283 12.03757144071685
3284 12.723965422365549
3285 12.75862774554904
3286 12.184253491768251
3287 11.535264860954822
3288 11.575084438418344
3289 11.72475483539626
3290 11.0828453139808
3291 11.934121813955995
3292 11.988568178840529
3293 12.419353048954614
3294 11.858423195342885
3295 12.253147465975076
3296 11.371169701895672
3297 11.841412875804977
3298 12.46698202195196
3299 12.339356774937931
