0 10.387820421743253
1 10.371011113751992
2 10.007004912091785
3 10.5988489149985
4 10.312604949426259
5 10.259879974551426
6 10.711181581291656
7 10.605534546605346
8 10.431724727041942
9 10.502332542988793
10 10.279053492855798
11 10.012983080890377
12 9.367169705452257
13 9.422813830140212
14 9.6200185357861
15 10.128468794011711
16 9.709562811918088
17 9.837834649162597
18 10.1250302208943
19 9.91388807222003
20 9.845344876104406
21 9.882102812946947
22 9.716675203697026
23 9.723995020543885
24 9.773673576089594
25 9.539187744012537
26 9.539472853248482
27 9.959785349959233
28 9.408687976518458
29 9.629718630116198
30 9.717195942826303
31 9.747722048442442
32 9.529530877330819
33 9.556933454084641
34 9.887327105063811
35 9.796779285589352
36 10.21656731205955
37 10.059468466222395
38 9.352477528846505
39 9.849963559444674
40 9.904591197364066
41 9.474265204648542
42 9.80667141192563
43 9.698589186634662
44 9.493666343339916
45 9.811255379188577
46 9.375930063181704
47 9.441202812249353
48 9.705167675306386
49 9.616603592924568
50 9.872557300915817
51 9.662782334970828
52 9.052719177579986
53 9.822769997543324
54 9.86706812750558
55 10.019005956638768
56 9.696626698749476
57 9.595632068926863
58 9.469594593410301
59 9.307296528795945
60 9.439109023552916
61 9.555269486683775
62 9.713698687198399
63 9.28745786905791
64 9.975791574618796
65 9.486742287623011
66 9.238625151708227
67 9.161121994548953
68 9.106582075604553
69 8.93274223323329
70 9.665958473715085
71 9.225981290982393
72 8.507763608946158
73 9.689403059809207
74 9.301591006578567
75 10.062530751622553
76 10.006257387747592
77 9.776456909673868
78 9.478668984048177
79 10.0135442195207
80 9.795405980428185
81 9.883568433376126
82 10.158774455843817
83 9.938433329015902
84 9.655155510049033
85 9.986650173012357
86 9.69495762297271
87 9.435474227381293
88 9.655810695148949
89 9.963572642264909
90 9.824318589501983
91 9.301730105959322
92 9.648960739652264
93 9.411973206094785
94 9.072759884809166
95 9.59107629267179
96 9.813153975910389
97 9.259703032882003
98 9.659894513860344
99 9.907964411978458
100 9.418101393778686
101 9.2478520533232
102 9.458935400533774
103 9.347631789442875
104 9.478236008042993
105 9.341047465408016
106 9.45719599678157
107 9.556211984558535
108 9.575932254538543
109 9.598364867219155
110 9.871587823725717
111 9.41858105881035
112 9.409570040782997
113 9.52693687141546
114 9.25498026638601
115 8.528927292474117
116 9.488371455714455
117 9.12717959175657
118 9.53430625431052
119 9.48736891005529
120 9.12593939009951
121 9.490407568579801
122 9.967152297455563
123 9.110695922432189
124 9.07165467855637
125 8.678741413052096
126 9.37769368796476
127 9.03225169327844
128 9.071819396465354
129 9.440802452341304
130 8.985804878751134
131 8.824865933055783
132 9.001688664201403
133 8.874302573258761
134 8.981699187300554
135 9.728823137830998
136 9.438910720942395
137 9.195551663999495
138 9.375544039966595
139 8.920538897689637
140 8.375387448749384
141 9.011994628239671
142 9.463696527899213
143 8.943208523100463
144 9.073085681176225
145 9.279309554907625
146 8.858213529942853
147 10.06288915011082
148 9.38617538188454
149 8.899550963387235
150 8.82661552242704
151 8.79210865763152
152 8.912582240634071
153 9.126252377596838
154 9.144768244587777
155 8.963274913893647
156 8.807475615319008
157 9.446555510857756
158 9.213030265544024
159 9.129201814674769
160 9.456729021499278
161 8.902138904066112
162 8.914118484174091
163 9.059901493127715
164 9.018679597334653
165 8.558590053317332
166 8.584180654056228
167 8.587063969689256
168 8.74309668036699
169 9.1702153913037
170 9.465831001694728
171 9.516947317292075
172 9.880010434334011
173 9.18780951177997
174 9.230082381199272
175 9.693132716071846
176 9.335840388399905
177 9.211683831324605
178 9.84462569879812
179 9.718955741745837
180 9.450192301608464
181 9.248652365450551
182 9.152535187688413
183 9.330111241136176
184 9.551998058200766
185 9.153160924964492
186 9.761516402136312
187 9.740479652286643
188 8.76545863838835
189 9.766851905353786
190 9.669571560145933
191 9.835522522505913
192 9.302697486558758
193 9.093718510547363
194 9.661756710199096
195 8.726217697345056
196 9.250302461548063
197 9.072093634016635
198 9.420145763497965
199 9.31063235842109
200 9.523253844830368
201 9.960585062849399
202 9.867646608007888
203 9.030534812197033
204 9.29714775977335
205 9.154309456389212
206 9.419809552303823
207 8.997684471257587
208 9.060027623978572
209 8.90387752671337
210 9.168143724441855
211 9.52150164114347
212 9.151632963177505
213 8.910373200169541
214 8.672868246566265
215 8.74469171803307
216 9.54101627235067
217 8.919937893666612
218 9.49633804562093
219 9.65880203934787
220 8.872543636310203
221 8.984485738129099
222 9.473464491033917
223 9.545734894907893
224 9.025140459769348
225 8.668244581074962
226 9.308636836662064
227 8.711019829471619
228 9.037876144835534
229 9.16020757493406
230 8.54468079944318
231 8.844996391470028
232 9.115207570694864
233 9.173116901257696
234 9.173147393939333
235 8.736474597508868
236 8.99540868670285
237 8.951887516732345
238 8.94400231424592
239 8.995970708380545
240 8.904321591732934
241 9.054364471941659
242 9.210002757607572
243 8.827084887603503
244 8.677912361166547
245 9.123384053731405
246 8.792191507756348
247 9.478344797119096
248 9.238111978040633
249 9.108111314031875
250 9.108039316444183
251 9.0753361808734
252 9.171861087218955
253 9.542696192624105
254 9.104427140588268
255 9.390461467687404
256 9.617592197073018
257 9.059141569808101
258 8.652937988671269
259 9.322214301941758
260 8.907232972677443
261 9.62835377016743
262 9.326357329830742
263 9.274977956622683
264 9.094876121162095
265 8.853484671437263
266 9.08170601990699
267 8.896430679831989
268 9.416676360165182
269 9.2614842440063
270 9.433799345440464
271 8.918015363049358
272 8.796230386653146
273 8.674520029627546
274 8.225688385371512
275 8.8225221424565
276 8.509158163118366
277 9.07422662881818
278 8.952975302931437
279 9.120517094267166
280 9.26871198137373
281 8.319453076272815
282 9.18296925175171
283 9.295918959430248
284 9.018249756925028
285 9.721304873616855
286 9.553327870466475
287 9.01580004282881
288 9.368722262555197
289 9.39132985234314
290 9.679502587777396
291 8.993226647129008
292 9.312721855435294
293 9.28073163157662
294 8.83735009869475
295 9.32684815310894
296 9.508220172783798
297 8.928474261788493
298 9.92075813928289
299 9.976522534402244
300 9.259270558872307
301 9.677323123607726
302 9.52029718521542
303 9.659926081787795
304 9.801364439907909
305 9.881342825279274
306 10.424848632905235
307 10.077419994289468
308 10.116238526979526
309 9.863756733971401
310 10.147525821232719
311 9.944525778337818
312 9.903229419966923
313 9.514758662116773
314 9.890514639214487
315 10.446969028384018
316 10.278602378746212
317 10.030679899714393
318 10.565179056358268
319 10.343229727969133
320 10.509632110819537
321 9.816290172173078
322 10.19452790437582
323 10.031100386855243
324 10.227467023037887
325 10.198582471199837
326 9.676015216323325
327 9.98399296316492
328 9.777117368820607
329 9.906058880056701
330 9.826790493198937
331 9.817456487741518
332 10.12125621059017
333 10.286261784482729
334 10.187142950577636
335 10.29869614194336
336 10.27707924170647
337 10.065359817187032
338 10.286259303832814
339 9.985048592856463
340 9.854604721616557
341 10.589027280347036
342 9.847666862401331
343 9.488742165287876
344 9.725005994109326
345 9.812917018555856
346 10.199778498068074
347 10.400554782438743
348 10.107537740235005
349 10.010580768086129
350 9.647421842131392
351 9.717027670114428
352 9.508527161871035
353 9.823828087318118
354 9.76462818413801
355 10.0625010578766
356 9.923110801934445
357 9.677433870413557
358 9.69036799732833
359 9.092530063921
360 9.649429401251714
361 8.902141556976067
362 9.503530238007631
363 9.310309711088095
364 9.431852866919424
365 8.765964103418165
366 8.900331866328905
367 9.330113772730405
368 9.332970204072156
369 9.667497854890565
370 9.654872682133444
371 9.67044750916577
372 9.495966544727027
373 10.068162506054566
374 9.515532983636907
375 9.140156917711124
376 9.16978548713523
377 9.199851785031061
378 9.329571172863886
379 9.377671880179436
380 9.401197986309441
381 9.300505849072714
382 9.616323783861738
383 9.485093652941874
384 9.270548428725116
385 9.178875306977023
386 9.331213710029996
387 9.10441527048825
388 9.374232954035078
389 8.56883142800206
390 8.688340783959527
391 9.092133986831971
392 9.373644177324007
393 9.42420802300984
394 8.854099163086477
395 9.097815542923545
396 9.437111398689852
397 9.297950031082564
398 9.049864610526074
399 9.070649540544432
400 9.034686101552754
401 8.927680523846888
402 8.74811372570611
403 9.022038111832886
404 9.601543352715145
405 9.154669895366425
406 8.835554688308468
407 9.452632813087897
408 9.024617114382403
409 9.169005926261589
410 9.373758344884465
411 8.949657649660761
412 9.235774827123073
413 9.302447331085839
414 8.803669427653272
415 8.962295741973875
416 8.927388553289315
417 8.322479360574476
418 8.40905580236213
419 8.610162026867782
420 8.751249064884064
421 8.68464546336648
422 8.052969694616403
423 8.619865670143001
424 8.782549059016988
425 8.718633992056755
426 8.81102623194546
427 8.328687312284684
428 8.50851096055112
429 8.199537802523981
430 8.625873888458615
431 8.770371129184964
432 9.138515530096091
433 8.327170531518025
434 8.291920580307224
435 8.485826051792431
436 8.530444562363193
437 8.78969910552197
438 8.911624630171259
439 8.777663264023738
440 9.147877197990098
441 9.334377831486655
442 8.726631478988653
443 9.389066885050488
444 9.364883945913803
445 9.09328024223026
446 8.927285910106527
447 8.952875576492934
448 9.114131696185197
449 9.241651502897948
450 9.364470122764052
451 9.347873729010114
452 8.618906954872983
453 9.062451597739777
454 9.231109264131788
455 8.886747379857104
456 9.255312552375013
457 8.572805758791468
458 9.605235105338206
459 9.895325091509982
460 9.374563849404419
461 9.432135214311403
462 9.451256445709694
463 8.938631959864578
464 9.600003076640983
465 9.3383705719588
466 10.054751090843057
467 9.424401807459313
468 9.561984815199084
469 8.79528717881652
470 9.222835902351374
471 9.510260033741014
472 9.522498899218714
473 9.757418939002878
474 9.366216435175424
475 9.480284474521177
476 9.45123343961202
477 9.380475199427403
478 9.855844491142323
479 9.280584868680732
480 9.409771396107327
481 9.58379457156896
482 9.539990561139756
483 9.220251385289583
484 9.969461796922594
485 9.380276369240878
486 9.462266392045091
487 9.171723357285195
488 9.270174171421191
489 9.252812879387317
490 9.539114061223678
491 9.283940961087149
492 9.946956822423672
493 9.116716679137197
494 8.809445340363144
495 9.003549446877443
496 9.186564004231592
497 9.085315224046116
498 9.356297034185799
499 9.362493424980402
500 9.223971554503619
501 8.985168607864308
502 8.582650304802344
503 8.610912586963652
504 8.803111607341858
505 9.152604783259745
506 9.094451334962766
507 9.005356289761055
508 8.836751027567598
509 9.038681309615146
510 9.086201314864883
511 8.648563236272269
512 9.356965663530124
513 9.429622432922818
514 9.10747526977262
515 9.13739968924344
516 9.223382109819044
517 9.432025709665627
518 9.085790902121158
519 9.246597699812712
520 9.078358608889637
521 8.962361609190884
522 8.863162318678377
523 9.00966285485497
524 9.04394172086802
525 8.925587929111115
526 9.132359035394765
527 9.011469216660835
528 9.099323306862493
529 9.098519216147215
530 8.774490077487807
531 9.234852883303851
532 9.484147258339197
533 9.28260522420174
534 8.885455092190721
535 9.273979954976323
536 9.186447092282364
537 9.211927538493413
538 8.919849318188856
539 9.0413376749221
540 9.578512669557085
541 9.030497359363123
542 8.880306114635383
543 8.916870388017738
544 9.496274286963693
545 9.590332713301624
546 8.973245336271468
547 8.854998657029718
548 8.69711082635826
549 8.917779049615085
550 9.049385930210933
551 9.10545209049766
552 9.017200365252664
553 9.546681578969709
554 9.105055437909748
555 9.300393785292014
556 9.307048484087325
557 9.304531353338504
558 8.643776396442338
559 8.929269491589425
560 8.831650235890773
561 8.426507025377708
562 8.769304534082234
563 9.078202641028556
564 9.458677882423755
565 8.571788082197937
566 9.070377419827047
567 8.997497766977324
568 9.036739681822116
569 8.852787818979717
570 9.222041735266734
571 9.37357687643595
572 9.029385178503398
573 9.412217919493509
574 9.37761063265155
575 9.40799530667087
576 9.687176507565622
577 9.023333911155541
578 9.520485566400946
579 9.150920690346489
580 9.322974064730923
581 9.044257108649076
582 8.729634377570877
583 9.160489841570381
584 9.14953963915115
585 9.129353788277848
586 9.20457240001022
587 9.338415574355302
588 9.165582860831616
589 9.173703454718853
590 9.367158408405166
591 9.053866763884313
592 8.972882696701662
593 9.245119152457665
594 9.27563218829698
595 9.108923890473944
596 9.175232103397185
597 8.866087396961575
598 8.95707309683535
599 8.916418371213458
600 9.426809463928219
601 8.949509622643175
602 9.142322468562048
603 8.543748347524083
604 9.243981145789432
605 9.147853906936332
606 9.011556176884378
607 8.694433955472741
608 9.201841318161396
609 9.120356106881644
610 9.26571451147679
611 8.885211572227439
612 8.75267763172757
613 8.629731307873334
614 8.544995193669395
615 8.759546385125807
616 8.816929025321349
617 8.856780647105476
618 9.06035167884195
619 8.697085107145643
620 8.59792966492521
621 8.639482220756822
622 8.482851994754654
623 8.777148954542938
624 8.609931083571135
625 9.200326213257524
626 9.863820810386112
627 8.604521037497165
628 9.523912080326136
629 9.686202134923189
630 9.679011416195602
631 9.262932959727602
632 8.918549218857668
633 8.768502412934863
634 8.77682084746443
635 8.829431151520934
636 8.795263361330086
637 8.683552280988314
638 8.78970228877193
639 8.566745738152386
640 9.069997660671387
641 9.075275303959684
642 9.283132350622012
643 9.310546123428953
644 9.239690367993841
645 9.235576559791882
646 9.0537347787596
647 9.514048097523617
648 9.714986384990244
649 8.743003496709594
650 8.698963106241871
651 9.460987163322564
652 9.179633192256501
653 9.543880062169533
654 9.935820166716246
655 9.510427770609338
656 9.786215486734879
657 9.607375642822968
658 9.348321160112867
659 9.353765944426769
660 9.348763958912853
661 9.497618065163278
662 9.35152594028842
663 9.737963273073646
664 9.423087713303014
665 9.527133332075023
666 9.67732729645154
667 9.194807643165225
668 9.951578929988345
669 9.188927751380694
670 9.008125130594097
671 9.459581497633891
672 9.79370199049379
673 9.187818542463292
674 9.522144465222766
675 9.43929110394217
676 9.365196968949396
677 9.943714805025737
678 9.745733899747366
679 8.728866475195534
680 9.418657873461955
681 9.121676337733993
682 9.407126594884135
683 9.829969592221579
684 9.083030349235928
685 9.294589534984416
686 8.897780458025474
687 9.3523241380363
688 9.406786595084705
689 9.591852201932346
690 9.300205320611866
691 9.119442072016396
692 9.085191402816832
693 9.620981500856008
694 9.512540110158856
695 9.000851526552609
696 9.263002146252692
697 9.788254514948486
698 10.028007969240651
699 9.501824637873835
700 9.964350512915672
701 9.996362089105483
702 9.581076377306255
703 9.251152648594594
704 9.199384692932512
705 9.437715778566487
706 9.691174132321686
707 9.468189141868343
708 9.340041873264965
709 9.794951708485128
710 9.731915204594191
711 9.078127359736191
712 9.621593505650488
713 10.007956535813355
714 9.92071888314352
715 9.867278831611884
716 9.373644409950705
717 9.333674414109261
718 10.297367155957158
719 9.916522044389668
720 9.549644161945764
721 9.715200589249765
722 8.91825773438107
723 9.695019421274486
724 9.945964288677974
725 9.870307961530884
726 9.583653490015955
727 10.017005238678319
728 8.929889301820186
729 9.731977965036895
730 9.623670425941684
731 9.626074078632918
732 9.845739054800179
733 9.739654275237793
734 9.290988367876885
735 9.620323189065829
736 9.397115033099867
737 9.370761558366373
738 9.419669017609355
739 9.432865922690343
740 9.457571332596608
741 9.247198907414035
742 9.386795694001432
743 9.20738071628537
744 9.374766406292439
745 9.667620334506987
746 9.521247015014232
747 9.543001375135805
748 9.41429212623893
749 9.755061092500025
750 9.83107035545186
751 9.57603698800739
752 8.98762262712022
753 9.588914331095786
754 9.52952975042752
755 9.884484459995303
756 9.753357398191598
757 9.921312456525238
758 9.736194430891802
759 9.574284391857699
760 10.063102843994457
761 9.857718122782122
762 9.842302753700185
763 9.814222418050656
764 9.664086020818708
765 9.861738778804247
766 9.992671286590813
767 9.9528336799315
768 9.637824912974102
769 10.06643209118034
770 9.718952100576596
771 9.664808759532084
772 10.001427636326143
773 9.445451912165375
774 9.237670319598664
775 9.362104668560118
776 10.114217249212638
777 10.075928536174235
778 10.012040394437092
779 9.926282742981556
780 9.721898762042557
781 9.25403251123106
782 9.360552512691243
783 9.629496782298514
784 9.292084920141182
785 9.637356932018205
786 9.649307083307294
787 9.930052042422256
788 9.873291834482124
789 10.134465025816473
790 9.987270253627468
791 10.058609163983888
792 9.823481036759512
793 10.336553814881103
794 9.184568481333384
795 9.732566588441587
796 9.512706523028115
797 8.93411096178237
798 9.593385745369522
799 9.51044113597617
800 9.4314667840415
801 9.266894442579833
802 9.24297824262259
803 9.68644815446269
804 9.467783944809138
805 9.622528302782792
806 9.563919738627998
807 9.78247979608364
808 9.699949586723061
809 9.403765326298062
810 9.733064862117644
811 9.714091555881833
812 9.455562926070321
813 9.770031773378443
814 9.694173474644428
815 9.670496383942263
816 9.001819086187275
817 9.71646518885647
818 10.06432098838588
819 9.294364004225363
820 9.425507582431644
821 9.185922285790044
822 8.845276268943719
823 9.545892186704215
824 10.168026553954288
825 9.522026894033774
826 9.590969901392945
827 9.867088225078911
828 9.92994874160138
829 9.188423698174535
830 9.928902457949128
831 9.183973751561798
832 9.057415031735333
833 9.448443229811886
834 9.211127192691803
835 9.972487125368108
836 9.716133160583432
837 9.473464099846396
838 9.558757513561837
839 9.356006892712301
840 9.372918575034948
841 9.482139951466605
842 9.536599854273966
843 9.502096293278475
844 9.501082714462468
845 10.107416946743932
846 9.648064897053201
847 9.937839341737865
848 9.958331130685036
849 9.626421378183679
850 9.323668216097927
851 9.194897924498596
852 9.64482219790752
853 9.811029340651354
854 9.178067697585014
855 9.038594809874741
856 8.83062163458071
857 9.476457263971099
858 9.283503266301766
859 9.507472864952378
860 9.528954879299063
861 9.606587676915632
862 9.432414717326429
863 9.889390563213222
864 9.601905482368108
865 9.232496392310614
866 9.659362380040559
867 9.698708355845428
868 9.262167589153949
869 9.59245883910613
870 9.344507021296979
871 9.469051606229185
872 9.362704922084033
873 9.39738316691351
874 9.695812261242018
875 9.447092479459661
876 9.155701883095935
877 9.600739239660367
878 9.234163555529289
879 9.195480883834147
880 9.096720535995871
881 8.725409934923725
882 9.434039071082339
883 9.160088748761673
884 8.943463895662326
885 9.608032517409084
886 9.228333562747506
887 9.340720786174915
888 9.76491209061036
889 9.697293670595364
890 9.08752027290237
891 9.237008660379361
892 9.105689370093316
893 9.03267363619784
894 9.168109266807043
895 9.361622882181722
896 8.929331519987896
897 9.407950393547614
898 9.259721743226185
899 8.722677318684903
900 9.123923139187477
901 9.034769123162754
902 8.874165858057316
903 9.394106409771297
904 9.636274183375747
905 9.047716744757594
906 9.441225175320506
907 8.863745917771654
908 9.035655682115074
909 8.694750335138169
910 8.770122324136187
911 8.928036872320884
912 9.561247841424882
913 8.854470411723387
914 9.19835493850978
915 9.516557010695303
916 9.11327170133835
917 8.854687283685221
918 8.933921879837577
919 9.089491470433217
920 8.977404616068256
921 9.279822760533051
922 9.198714984623223
923 9.06682205418039
924 9.148865007026368
925 8.785049101061718
926 8.961306649847668
927 8.541622848434871
928 9.470594266164962
929 9.689274221089905
930 8.958987836780377
931 9.217152122458023
932 9.02638212734159
933 9.562347544898955
934 9.315417339727407
935 9.713220102760168
936 9.648112712742298
937 9.532917625268874
938 9.157550346501212
939 9.697910983243112
940 10.246864484011178
941 10.060592699708334
942 9.336031004365017
943 9.55951685536542
944 9.86737541038968
945 9.850260228491022
946 9.658977510953548
947 9.566912069827982
948 9.772809649923847
949 9.475308333596486
950 9.438768596952306
951 9.702653894598454
952 9.167266864945516
953 9.595985506449814
954 9.572606683650434
955 9.739228443903148
956 9.740059157608645
957 9.574187033772862
958 9.645518474788126
959 9.474712845363936
960 9.203400573184156
961 9.61730178635298
962 9.83567770707208
963 9.661786121966857
964 9.444401926391667
965 9.87767304922648
966 9.41831934687453
967 9.709510397882786
968 9.580350920797121
969 9.393880958503756
970 9.300212182579473
971 9.663216448545745
972 9.295926272466804
973 9.486230049576756
974 9.69704317266175
975 9.783346787573107
976 9.457434672502409
977 9.336692902783556
978 9.804130635666835
979 9.700960127711536
980 9.575343320551676
981 9.018753662736952
982 9.183592364010089
983 9.173967611365198
984 8.937597974964497
985 9.54142403891512
986 9.436698001997978
987 9.547427552164217
988 9.530842332753998
989 9.32195745857364
990 9.735177742544254
991 9.849239306591212
992 9.823723820354463
993 9.563784407211111
994 9.91455453182901
995 10.061702385287024
996 9.438118243576808
997 9.324283058368843
998 9.555904991815341
999 9.649052968083867
1000 9.794823792195068
1001 9.676375189707755
1002 9.416916518374814
1003 9.73174537228965
1004 9.50031621152957
1005 9.209184225028293
1006 9.142495676089528
1007 9.140701723054617
1008 9.090748075689547
1009 9.30282251419916
1010 9.192135117274768
1011 9.752052136846567
1012 10.010539655522978
1013 9.426730336628554
1014 9.893886810050322
1015 9.168530961370575
1016 9.149086279703768
1017 9.723622199006943
1018 9.570606131770267
1019 9.550196241279503
1020 9.023969853420207
1021 9.034958683662035
1022 9.259279020300461
1023 9.46206022695665
1024 9.449377807383344
1025 9.369125624313964
1026 9.540575906214118
1027 9.419600728991272
1028 9.349632222467465
1029 9.537729777214304
1030 9.09519586171282
1031 9.517618102594538
1032 9.291892118167938
1033 9.646424058130945
1034 9.383712326108501
1035 9.180310836803876
1036 9.672714434009624
1037 9.577570133866043
1038 9.397543603162774
1039 9.439250024609551
1040 9.641090371670652
1041 9.560952456992503
1042 9.524919546824007
1043 9.198313570701629
1044 9.396053553140382
1045 9.471138875564002
1046 9.544525734269154
1047 8.948959553740181
1048 9.043791234659984
1049 9.400506779815379
1050 9.030185623717237
1051 8.966330247751666
1052 9.146197609799914
1053 8.751352703504404
1054 8.44741854077604
1055 8.611591224729825
1056 8.940728569074373
1057 9.02110303679329
1058 8.65681762259937
1059 8.337596335821626
1060 9.217475999652482
1061 8.99736431143544
1062 8.81847525842112
1063 8.22958922184856
1064 8.8620257992892
1065 8.919375815383288
1066 8.80276251377231
1067 8.551961547596605
1068 9.118089696415774
1069 8.727790734776688
1070 8.791827480758771
1071 8.824973500969374
1072 9.481447477325505
1073 8.580611415480684
1074 8.947596654561172
1075 8.877078925397658
1076 9.28192536926785
1077 9.319467798125219
1078 9.229608816009714
1079 8.98622591388071
1080 9.222064654478297
1081 8.681026032871545
1082 9.156456852926645
1083 8.812521456821711
1084 9.123069489983472
1085 8.841493450984526
1086 8.684848806258879
1087 9.053603589439472
1088 8.608705559421017
1089 8.698045028859248
1090 8.497432847651183
1091 8.490631734355201
1092 8.474788028387648
1093 8.337913831523139
1094 8.785612367884903
1095 8.259125941853135
1096 8.551589147061215
1097 8.28715792744202
1098 8.605368015430344
1099 8.663923863646716
1100 8.559151433616545
1101 8.294902772911689
1102 9.09184971777841
1103 8.472120186614672
1104 8.737314353710353
1105 8.479026823133765
1106 8.814134320035127
1107 9.199206106530143
1108 9.277863258038677
1109 8.687926495631888
1110 9.032266353895961
1111 9.134311749053014
1112 9.373938660957199
1113 9.060681060791527
1114 8.78208939733279
1115 9.282187217883058
1116 9.301641754251165
1117 9.35468535839769
1118 9.352724088962503
1119 9.344668429491978
1120 9.243283519697691
1121 9.192576113434326
1122 9.034063795334193
1123 8.928018583399865
1124 9.115906637090767
1125 9.246800612323291
1126 9.212160898717794
1127 9.406866600647678
1128 9.1818032244864
1129 9.376319913451512
1130 9.278435675079143
1131 9.009816838240694
1132 9.159201762368903
1133 9.401631203988769
1134 9.281175678767875
1135 9.417105160120391
1136 9.47965939185713
1137 9.235905638392012
1138 8.830743726720984
1139 9.179814341381116
1140 9.05894108724584
1141 9.447119748202873
1142 9.430966907880226
1143 9.070021131007765
1144 9.12366075699429
1145 9.210337533584747
1146 9.0563702806496
1147 9.199505758131165
1148 9.101463558454919
1149 9.174556720761364
1150 8.775474049666858
1151 9.331793383730185
1152 9.153268600534378
1153 9.286188041593684
1154 9.439440542432063
1155 9.329004085818232
1156 8.612559772323765
1157 8.195386502001726
1158 9.671376126966138
1159 9.373876087226865
1160 9.438866300263834
1161 9.132026128584139
1162 9.159640882667723
1163 9.050879618963053
1164 9.034915737451122
1165 9.122633462403885
1166 9.152615334510813
1167 9.19382199485977
1168 8.66314250527155
1169 9.133512597655175
1170 8.974106558300566
1171 9.157094118185338
1172 8.93634772486062
1173 9.321739498405433
1174 9.24820914288295
1175 8.982302085457782
1176 9.316454803059184
1177 9.342799360037015
1178 9.129598834063062
1179 8.986761903302941
1180 8.888864752597362
1181 9.09488255030376
1182 9.100278227533536
1183 8.963274288995
1184 8.692587300205503
1185 9.188630374383912
1186 9.22533272821641
1187 9.399513646353784
1188 9.056668697051956
1189 9.12009414955306
1190 8.791348715640279
1191 9.21927229151105
1192 9.005772696284271
1193 9.170602632518268
1194 9.418284996100487
1195 9.181966483644626
1196 8.890974280478392
1197 9.505637505798578
1198 9.270077619407436
1199 9.543925801182171
1200 9.398797177198398
1201 9.474641639223817
1202 8.847432764512133
1203 9.146911955442668
1204 8.858634782005552
1205 9.241078796046919
1206 8.981460987777634
1207 9.075171781294149
1208 8.984284703854152
1209 9.533391365921307
1210 8.942945761688875
1211 9.246721319550824
1212 9.802728144165766
1213 9.379147429291825
1214 9.441161270557096
1215 9.7705599599779
1216 8.994018897759597
1217 9.291966994712407
1218 9.563814656479472
1219 9.47893095461117
1220 9.609185997503673
1221 9.503314581597396
1222 9.335883144423386
1223 9.539348206792585
1224 9.453176518158376
1225 10.08763568324749
1226 9.235759209240404
1227 9.78388870977107
1228 9.568642920453991
1229 9.599569234007522
1230 9.08807934739352
1231 9.07324617336538
1232 9.538856244570432
1233 9.147350120823514
1234 9.12336181131276
1235 9.2801072525477
1236 9.414889375875498
1237 9.190086354531854
1238 9.214975164600208
1239 9.224143357430394
1240 9.161284766452995
1241 9.360426262016484
1242 9.478408584566447
1243 8.791570235891681
1244 9.471621170051
1245 8.96502942208093
1246 9.05731070156171
1247 9.059732299137131
1248 9.13010428582616
1249 9.246439481532166
1250 9.291203107380062
1251 8.661797217116142
1252 8.729168220692813
1253 9.168499426958004
1254 9.10386847179583
1255 9.14955543397452
1256 9.198920688280753
1257 8.849012581376886
1258 9.375597473693732
1259 9.02698757754982
1260 9.157733057720598
1261 9.440806356988922
1262 9.265271816045692
1263 8.944841656440946
1264 9.326882414702125
1265 8.803156710434601
1266 8.900584122907139
1267 8.984336317492872
1268 9.106578815261699
1269 8.960831133828826
1270 9.303087124336926
1271 9.214118318579018
1272 8.559393391089662
1273 8.449250566357414
1274 8.677556162992735
1275 8.755332324675491
1276 9.205149512886917
1277 9.960029025696782
1278 9.896434780920362
1279 9.867399740521941
1280 10.055275363793184
1281 9.422621101672778
1282 10.04917514634348
1283 9.999138285235134
1284 9.827132174723463
1285 9.42749007262765
1286 9.578658238687387
1287 9.544927346032136
1288 9.549929862084037
1289 9.580167253813023
1290 9.931622373934818
1291 9.777392908012526
1292 9.990600462299582
1293 9.651049098800653
1294 9.302464355930647
1295 9.055222242754407
1296 9.041872255704147
1297 9.308497752109659
1298 8.754270459444841
1299 9.086348055527361
1300 9.1529218720434
1301 8.970636195793844
1302 9.419597515556395
1303 8.896985575058599
1304 8.870166957934607
1305 9.752850917016705
1306 9.018554353896164
1307 9.024848383367411
1308 9.840469516620356
1309 9.47644202471534
1310 9.179975201247698
1311 9.31725060535761
1312 9.336601290872924
1313 9.404763503725759
1314 9.146872407146352
1315 8.996332677405702
1316 8.890734338500943
1317 9.383474930171785
1318 9.168364754389973
1319 9.553658508193237
1320 9.688225703946127
1321 9.645414573551387
1322 9.620751947994654
1323 9.430173026594712
1324 9.352344500968508
1325 9.073156747038112
1326 9.504137497177247
1327 9.752243936852581
1328 9.296331198856347
1329 9.235960281636563
1330 8.817139782945791
1331 9.060012734692444
1332 9.10775816760974
1333 8.974861793881713
1334 9.22132562024302
1335 8.867646019441354
1336 8.697249328228986
1337 8.694359822269973
1338 9.17174527808803
1339 8.983898238981155
1340 9.06973581738908
1341 8.395828372559153
1342 8.979047825032763
1343 8.911823227065707
1344 8.812557912403156
1345 9.920829991803938
1346 9.535551051060798
1347 9.597892190036854
1348 10.148967711198987
1349 9.730493640457324
1350 9.67077725452995
1351 9.592295368513621
1352 9.707175556216768
1353 9.43266086054804
1354 9.802564726875968
1355 9.381676027159891
1356 8.998038933470527
1357 9.207997255758835
1358 9.546175037070068
1359 9.514871660954679
1360 9.324953703470804
1361 9.87132284226693
1362 9.89710192928722
1363 10.140422677906122
1364 9.125227726106857
1365 8.488778809707782
1366 8.535075842092354
1367 8.97118950142578
1368 8.744829090285071
1369 8.538003442858594
1370 9.496214807259943
1371 9.400514525277288
1372 9.144716740252122
1373 8.529285901156237
1374 8.930735666041977
1375 9.473682304175316
1376 9.30877098915409
1377 9.060253347479486
1378 8.96864628980584
1379 8.63790287419938
1380 8.821495507660863
1381 8.610428848743819
1382 8.956173270847653
1383 8.759579639193278
1384 9.190929149557975
1385 9.254903861296688
1386 8.979158218884814
1387 9.456581086999932
1388 8.833782604597658
1389 8.755979128854156
1390 9.277161038886847
1391 9.55975026409343
1392 9.123767079402537
1393 9.726982650353051
1394 9.176859879299426
1395 9.1807504546617
1396 9.119520154223471
1397 8.648243065623449
1398 9.401601209222767
1399 9.05963586461131
1400 9.163982978402872
1401 9.685556180347103
1402 9.862020330307136
1403 9.797271803407934
1404 8.12917144416107
1405 9.437190637097103
1406 9.179193185102376
1407 9.222560412916877
1408 9.34532360805977
1409 9.321781828662518
1410 9.328916216900712
1411 9.838036582983378
1412 9.266324023024385
1413 9.482416390321415
1414 9.346300589005416
1415 9.205446108982173
1416 9.226779245342058
1417 9.606419328100595
1418 9.719828825324289
1419 9.55096721683032
1420 9.628054617916446
1421 9.873310266843111
1422 9.129879882888494
1423 9.366250143894563
1424 9.599828835145681
1425 9.51917358461565
1426 9.493710631950732
1427 9.344349281440936
1428 9.481781849798226
1429 9.586977926028448
1430 9.60811188950231
1431 9.381592542667143
1432 8.543416464080371
1433 9.069781215879376
1434 8.900112636611835
1435 9.456363355608616
1436 9.353830363000695
1437 8.486599580450976
1438 8.984534160378864
1439 9.219586429567528
1440 9.435498412350087
1441 9.18143483954898
1442 9.165721210445328
1443 9.151795924129921
1444 9.45601004299442
1445 8.947176292632344
1446 9.460208008994465
1447 9.237572101717351
1448 9.553015765165446
1449 9.606528248804121
1450 9.430410145828597
1451 9.379554585291299
1452 9.058145534375793
1453 9.165204044447988
1454 8.910751542702874
1455 8.724539057991738
1456 9.229409091062307
1457 8.877489604250012
1458 9.303733955052078
1459 9.430565926380888
1460 9.048992018029885
1461 9.101225689521605
1462 9.483679209098028
1463 9.70894502073092
1464 9.608767732426353
1465 9.352471829493158
1466 8.985698280846334
1467 9.13988185098007
1468 9.253747213317533
1469 8.018694566129488
1470 8.993949059271138
1471 9.216585922296353
1472 9.8954404844047
1473 9.513491400435786
1474 9.509798626622763
1475 9.5845854607086
1476 9.357360645253996
1477 9.364014491069458
1478 8.636310224324294
1479 8.69496152593076
1480 9.409613812904738
1481 9.18060120703331
1482 8.878500225388285
1483 8.768813259816692
1484 8.76562255679488
1485 8.413797927087995
1486 9.787140202451509
1487 10.13911952071443
1488 8.749153613434444
1489 8.948169438120795
1490 8.837693982915487
1491 9.83413119095175
1492 9.561935489389425
1493 9.15607910874538
1494 9.94973732534056
1495 9.770138550557286
1496 9.396181029907016
1497 9.56244780250612
1498 8.939495513438542
1499 8.816565907866504
1500 8.967320807977142
1501 9.280610814923982
1502 9.332013318614129
1503 9.329906495969617
1504 9.043302382650266
1505 9.218322435789299
1506 9.14432621719698
1507 9.308636209705991
1508 9.703824323557642
1509 9.788378242037151
1510 9.302997054649945
1511 9.182781509627363
1512 9.158416772729824
1513 9.104743003643431
1514 9.364368476916145
1515 8.988361954221578
1516 8.734668942119885
1517 8.720933618889964
1518 8.435480542636967
1519 8.338003260463136
1520 8.56386876728748
1521 8.66904185288718
1522 8.777236541985609
1523 9.543163781688657
1524 9.253676677311844
1525 8.848944056635885
1526 9.47170231215884
1527 9.610810340281715
1528 9.2423502581509
1529 9.609396454064566
1530 9.576142622064113
1531 10.14847169568995
1532 9.635840972684463
1533 9.706423752621465
1534 9.862861443767708
1535 9.59389273340572
1536 9.218241294052858
1537 9.737559672535877
1538 9.326213055384459
1539 9.549430313113026
1540 9.040770362537787
1541 9.395118901384572
1542 9.844101536143828
1543 9.586438972228
1544 9.243269930497874
1545 9.370872190010981
1546 9.61538282759105
1547 9.952729945773639
1548 9.459737766621906
1549 9.543677655659229
1550 9.566470295911975
1551 9.484554725172023
1552 9.680571282966442
1553 9.461740332032765
1554 9.44828393438262
1555 8.791730160621833
1556 9.325818994948948
1557 9.352190259777098
1558 9.51264283434294
1559 9.258739918491234
1560 9.837699335999982
1561 8.471476174071967
1562 8.54268596034231
1563 8.46248564126812
1564 8.632104219651902
1565 8.77772895690956
1566 8.788221538341421
1567 9.037876057832683
1568 9.159891135032193
1569 9.26551069137628
1570 9.57482220904645
1571 9.664672268232453
1572 8.935880429848178
1573 8.188301121632694
1574 8.541426689771116
1575 8.287778492114358
1576 8.682958040389162
1577 8.54935766291957
1578 8.479784541662902
1579 8.589873860162676
1580 8.541995107300076
1581 8.64535801973063
1582 8.669204926355288
1583 8.51533276196946
1584 8.793425440348436
1585 8.994999927924043
1586 8.67051608218024
1587 8.819556935849906
1588 8.730516630520132
1589 8.788894122607893
1590 8.71574679212134
1591 9.32278985825271
1592 9.179736728261584
1593 8.6913489609471
1594 9.183220869899245
1595 8.521421703562627
1596 9.253906626837027
1597 9.80510644063511
1598 10.092431576421705
1599 9.449707681206796
1600 9.909418283752773
1601 10.114740403112563
1602 9.313380875448798
1603 9.420846720677071
1604 9.459085009966778
1605 9.87194241488273
1606 9.89413775437481
1607 8.946034594747038
1608 9.241421578831238
1609 9.533425261149288
1610 9.143514542386338
1611 9.26898022432763
1612 9.016608946809793
1613 8.685538620834167
1614 8.860202109396628
1615 9.315707401864753
1616 9.169185500506941
1617 9.383837740695597
1618 9.547844126294063
1619 9.772195794351429
1620 9.088452691375476
1621 9.37705771003773
1622 9.202213123646334
1623 9.003572840854025
1624 8.996348853049968
1625 8.773890675021716
1626 9.196067341652187
1627 9.302083231500003
1628 9.27555729368045
1629 9.387643366459796
1630 9.375599298278837
1631 9.30987485589771
1632 9.243198970655312
1633 9.296243364853824
1634 9.116554215047156
1635 9.603065380489925
1636 9.253193107859609
1637 9.21627591090139
1638 9.185378005825095
1639 9.197913529986215
1640 8.839646449899542
1641 8.858816679799256
1642 9.204785117639839
1643 8.927520879091222
1644 9.082701900508873
1645 9.635452499534031
1646 9.567229978189877
1647 9.268127274806698
1648 9.18868454630624
1649 9.752649664750832
1650 8.877175003620694
1651 8.844942914829362
1652 9.242712524914005
1653 8.802053181960728
1654 8.730763179161263
1655 8.737410868186348
1656 8.59742037304742
1657 8.253311133521208
1658 8.587258265270952
1659 9.27304781308789
1660 8.747148638691183
1661 8.99476770792292
1662 9.005048328063157
1663 9.194634748756656
1664 9.559847542400128
1665 8.94043243680868
1666 8.904703144362937
1667 8.475536740330526
1668 8.698426905886066
1669 9.647658157498684
1670 8.801276874326817
1671 8.52599837717598
1672 8.987833985569576
1673 8.844331216296544
1674 9.429893605556863
1675 9.554930331167428
1676 9.433336653079872
1677 9.066989151908302
1678 9.10869455329881
1679 9.30164514923937
1680 9.180780086105045
1681 8.939199436978006
1682 8.896848167071482
1683 8.968439005018526
1684 9.02323090325392
1685 9.24913165667671
1686 9.466396986714907
1687 9.497543376291885
1688 9.477782266471234
1689 9.373249555574931
1690 9.253568279370414
1691 9.272914830035644
1692 9.957050681788568
1693 9.451564584807688
1694 9.793721820879284
1695 9.715838347012093
1696 10.007074793850359
1697 9.577149504122605
1698 10.132325022753879
1699 9.545333229618107
1700 9.602410357279519
1701 9.428561312477429
1702 9.270476557257428
1703 9.629001206429509
1704 9.339117606062484
1705 8.856518482587278
1706 9.397490246249514
1707 8.967238332202237
1708 9.12411298971996
1709 9.120422248382337
1710 9.260717916059328
1711 9.081839114832118
1712 9.343733218267369
1713 8.906571636503761
1714 9.253216003748632
1715 9.667127013047079
1716 9.672994787869209
1717 8.880985458332677
1718 9.741020539461333
1719 9.254172623809955
1720 9.77258086256656
1721 9.571477921087293
1722 9.563611691627013
1723 9.575727278746257
1724 9.792584128491598
1725 9.21593789195657
1726 9.386532409259399
1727 9.325363732107254
1728 9.244380791822008
1729 9.422629004586076
1730 8.957818029507644
1731 8.791275210701633
1732 8.853553004916888
1733 9.17927916793048
1734 8.900309018896586
1735 9.198268704623887
1736 8.88337768342957
1737 9.194130241964022
1738 9.297681794270684
1739 9.20864405350742
1740 9.267861394434739
1741 8.619515076283932
1742 9.109706398562745
1743 9.081681904435342
1744 8.586930237744081
1745 9.122128562930625
1746 8.700616960147062
1747 9.392076312468896
1748 9.608416440575422
1749 9.088558278188263
1750 9.000152636530789
1751 8.917008399973897
1752 8.850054983245816
1753 9.071631866768168
1754 8.950671581754877
1755 8.856968937389889
1756 9.1837322847256
1757 8.83784476677208
1758 8.953311840054544
1759 8.861677065737021
1760 9.219710457716593
1761 8.646811986987924
1762 9.000406010098441
1763 8.9481853097043
1764 9.036644670345334
1765 8.81943830735744
1766 8.827526054853108
1767 8.724978290685417
1768 9.295840876443771
1769 8.694849769924538
1770 8.836097210457133
1771 8.660603368817846
1772 8.498859228157343
1773 8.722535594492387
1774 8.820887654129326
1775 8.515890983177977
1776 9.031607232708202
1777 8.777418173697052
1778 8.372495119511042
1779 8.825044510534894
1780 8.79560943592892
1781 8.947602804571526
1782 9.015666205594695
1783 9.073503333222366
1784 8.734713461511657
1785 8.582557804057938
1786 8.809187123279017
1787 8.837421775823914
1788 9.164145229223912
1789 8.978992788324248
1790 8.78750055825537
1791 8.717767352021482
1792 8.909935255536157
1793 8.877473948720356
1794 8.624956600980962
1795 8.736181332616697
1796 8.492297670511634
1797 8.692335792011518
1798 8.956643439600484
1799 8.878721470206807
1800 9.583749725814817
1801 9.06609671703316
1802 8.706196596607699
1803 8.806231485389496
1804 8.727269483951416
1805 8.767324232520073
1806 9.185337100816085
1807 8.839918537690854
1808 8.610923127612795
1809 8.670961560235941
1810 8.502373927097773
1811 8.54999670475188
1812 8.860036586958982
1813 8.94980957074945
1814 9.096724902731946
1815 8.94111302589202
1816 8.960432348578715
1817 9.293016555668244
1818 8.918893157956303
1819 9.295381423420089
1820 8.716671447194578
1821 9.01925722311494
1822 9.342660729413499
1823 8.681200685621503
1824 8.625634011680521
1825 8.886682220896862
1826 9.15050806726006
1827 9.151022597747122
1828 8.971976676894354
1829 8.686311778503251
1830 8.998483868605186
1831 9.092697870212978
1832 9.047382551070362
1833 9.621721132144977
1834 9.571937635288359
1835 8.988953684510077
1836 8.840793557154289
1837 8.547117912310433
1838 8.553433740679303
1839 8.755061103038637
1840 9.0720834164345
1841 9.171328497677704
1842 9.447796078812885
1843 8.537201653967522
1844 8.779039939875895
1845 8.59283320677133
1846 9.542476906885693
1847 9.563384815799173
1848 9.766707650818088
1849 9.78631631794409
1850 9.40383953887091
1851 9.67112452389338
1852 9.555021495739002
1853 9.461248525746415
1854 9.031029747601629
1855 9.53609259770578
1856 9.056054087316577
1857 8.912999349221069
1858 9.365197677116495
1859 9.093002129439995
1860 9.758070674138118
1861 8.847779449049124
1862 9.068774937361805
1863 8.722380642737402
1864 8.955397287753883
1865 8.575645142984428
1866 8.672247068445234
1867 8.23692873750222
1868 8.304538477425272
1869 9.007302960811314
1870 8.439393442058483
1871 8.512707400553278
1872 8.270442090675905
1873 8.512324926877325
1874 8.496226286074952
1875 8.86347353344001
1876 8.728793862096628
1877 8.345760433764903
1878 8.872206058251066
1879 8.477347822656471
1880 8.369136016878151
1881 8.688532665457547
1882 8.57782915855175
1883 8.092097251556229
1884 8.590897727400257
1885 8.919230492786562
1886 8.931155850489246
1887 8.881968424980325
1888 8.343837575025379
1889 8.230782903602655
1890 8.711046969731482
1891 9.263843618350977
1892 9.013023527879437
1893 8.886572210507515
1894 8.789170747448507
1895 8.83353553495642
1896 9.546649478481754
1897 9.256714331628972
1898 9.213693338650462
1899 9.370125389025512
1900 9.421017450101733
1901 8.732864545442174
1902 9.187306100661528
1903 9.442045548492594
1904 9.288407445722948
1905 9.07127472394578
1906 9.061244783315155
1907 8.843856870828576
1908 8.970980393277593
1909 9.03819174833214
1910 8.665718308883921
1911 8.861422772568742
1912 8.52872060851137
1913 9.256510909140452
1914 8.578964423882129
1915 8.796967289312951
1916 8.669249149160548
1917 8.834000385990185
1918 8.601654414605653
1919 8.785214426327785
1920 8.534748549990884
1921 9.056045097249603
1922 8.934023019585036
1923 8.691847817059807
1924 9.077712186193589
1925 8.987849842250256
1926 9.088992895902399
1927 9.001723184151674
1928 9.25265217161471
1929 9.017677113856532
1930 9.247266899930358
1931 9.059347508177504
1932 9.347769563411076
1933 8.713242724260422
1934 8.66373782183393
1935 8.719931495343769
1936 8.783221130035905
1937 9.056376909949
1938 9.505917776475375
1939 8.857741021946438
1940 9.133009094706106
1941 9.15345678955696
1942 9.367009018468233
1943 8.578529731600042
1944 8.867071144492014
1945 9.456808713871345
1946 8.724816131276903
1947 8.869693112238389
1948 9.119297221022903
1949 9.286169892831305
1950 9.17268933984171
1951 9.204146948157168
1952 9.672383219441725
1953 9.00308957142075
1954 8.965552087759718
1955 8.433251167320153
1956 9.192223645533236
1957 8.826569302346629
1958 9.099625506937603
1959 9.12199647037591
1960 8.303387432335937
1961 9.252626639612936
1962 8.477498513308705
1963 8.990950748476626
1964 8.586541010806952
1965 8.967927685313292
1966 9.53050082507276
1967 8.929822870246054
1968 9.08272879081999
1969 8.709280113126914
1970 9.0989175135682
1971 8.637836818503677
1972 9.181937830176016
1973 8.776259532059498
1974 9.084294718069666
1975 8.932186694116615
1976 8.83843294885246
1977 8.785539964758266
1978 9.02692974121102
1979 9.265611210068458
1980 9.717128313352049
1981 8.952604983752995
1982 8.876662420288909
1983 9.1452432705663
1984 8.92962875956607
1985 8.952816580819116
1986 9.074600056964236
1987 8.637208488840415
1988 8.376474799393808
1989 8.675845451999992
1990 9.348122457996743
1991 9.099660080177843
1992 9.21330049349744
1993 8.96515998179745
1994 9.355116124076016
1995 9.249371314290856
1996 9.163679980919001
1997 9.152460949931994
1998 9.378348972953757
1999 8.343052030274995
2000 8.98227374520298
2001 9.039719012056876
2002 9.04850916909532
2003 9.014441632484985
2004 8.6238084019353
2005 8.425604856111374
2006 9.177429342177504
2007 8.541785391379582
2008 8.156455809025289
2009 9.452530396363533
2010 8.623200407303601
2011 8.279194544435462
2012 8.32598993331876
2013 8.89087636702201
2014 8.604026783564894
2015 8.707601196986019
2016 8.654455485921027
2017 8.468403803777111
2018 8.716903467740016
2019 8.986437482200682
2020 8.95224081200315
2021 8.91428669707984
2022 8.697035272623427
2023 9.361621693004299
2024 9.389841399178783
2025 8.865294092801797
2026 8.997192924053317
2027 9.256645065523797
2028 9.139760528495042
2029 9.4070253430053
2030 9.551664604895953
2031 9.046969276969554
2032 9.42601734016782
2033 9.436030275566448
2034 8.713417761150632
2035 9.372131317776791
2036 9.430612455276908
2037 9.73935676983386
2038 9.56658368399932
2039 9.72952377968213
2040 9.656041996923099
2041 9.667348351045355
2042 9.844916556525707
2043 9.397357680898383
2044 9.667527577484138
2045 9.165890218636767
2046 9.356096600893403
2047 9.974540868972246
2048 9.579902019777862
2049 9.457877306157526
2050 9.766646964254477
2051 9.653082727226618
2052 9.856130624931557
2053 9.557890752541054
2054 10.170611579299774
2055 9.350484645870848
2056 9.511231049855585
2057 9.895152816105208
2058 9.255144235082904
2059 9.441377753677404
2060 9.855466259469964
2061 9.81554749026363
2062 9.602526910200684
2063 9.466100578811583
2064 9.396292808735442
2065 9.492892321793889
2066 9.417702005742575
2067 9.686659316877252
2068 10.20388169442529
2069 9.571889936300726
2070 9.691260618285744
2071 9.362683962079638
2072 9.083534631156633
2073 9.64513276527689
2074 9.456061655051082
2075 9.427896411471849
2076 9.732131500787876
2077 9.439059322320832
2078 9.680526231736888
2079 9.486239151695994
2080 9.233035348440165
2081 9.419738112720593
2082 9.375178465399497
2083 9.442300913114261
2084 9.648444753915452
2085 9.020124748181647
2086 9.654873383003892
2087 9.386278831068813
2088 9.675898960551397
2089 9.53860906469845
2090 9.040712429159322
2091 9.073441087685698
2092 9.33695677202159
2093 9.252788650415914
2094 9.672412386658278
2095 9.50492742229539
2096 9.514769242774673
2097 8.87936836177873
2098 9.796640631998565
2099 10.077454422842761
2100 9.310991519507985
2101 9.241849036392047
2102 9.022622374997788
2103 8.89992218711835
2104 8.838123972560325
2105 9.482487823596298
2106 9.59180168381247
2107 9.246699877526279
2108 9.64674992062746
2109 9.345660582115611
2110 9.31192545808241
2111 9.527376436058809
2112 9.913287530654202
2113 9.195101500641233
2114 9.712342094842342
2115 9.001762526282434
2116 9.210020388304816
2117 8.444660061730355
2118 9.23325793911639
2119 9.44040193547242
2120 9.414539263917884
2121 8.940974297384669
2122 9.275149183096415
2123 8.66728226762926
2124 8.951050194842036
2125 8.882983969041925
2126 8.852422645497294
2127 8.913482879390129
2128 9.180754690184559
2129 8.960372268994378
2130 8.86143306209197
2131 8.720683358239619
2132 8.983984739884662
2133 8.978191552527006
2134 8.978094500023758
2135 9.480682852849307
2136 9.407845947941999
2137 9.273396323284807
2138 9.465718811581498
2139 9.353107881467327
2140 9.718349187398166
2141 9.367040786653433
2142 8.770421164670644
2143 9.135629893747547
2144 9.572261457389526
2145 9.32188654177397
2146 8.914152674400018
2147 9.134185600918268
2148 9.274084722311862
2149 8.298811034822883
2150 9.105831994725444
2151 9.317096530626603
2152 8.924152855756288
2153 9.122481539388842
2154 9.077847793444777
2155 9.00197390862564
2156 8.816988164665375
2157 9.361242635158934
2158 9.158305412196972
2159 8.837231214704962
2160 8.955905576866499
2161 8.937478221876685
2162 9.280352573102249
2163 8.881122114035875
2164 9.486419282688441
2165 8.841814096958682
2166 8.950344621238122
2167 8.463658070320882
2168 8.824613292145704
2169 9.00316802033167
2170 9.3612967205869
2171 8.839048910519255
2172 9.377395802387289
2173 9.214430491190761
2174 9.168758626267522
2175 8.832517248563196
2176 8.889502010048934
2177 8.734116776137135
2178 8.513917577915871
2179 9.367490854213125
2180 8.89323785688955
2181 8.762258568518666
2182 9.415353826577508
2183 9.430586776681462
2184 9.091550107437897
2185 9.221554446247906
2186 10.166865751794536
2187 9.018808083862423
2188 8.75922884562303
2189 8.525303165603399
2190 8.786552932850071
2191 7.929215935031522
2192 8.33058655301362
2193 8.427547048424818
2194 8.4820485341815
2195 8.624148308060505
2196 8.48745191458341
2197 8.486194534440504
2198 8.90736334319793
2199 8.892493933095997
2200 8.787589296040489
2201 9.53006157110609
2202 9.187055761333843
2203 8.971415153470781
2204 8.769385923425288
2205 8.66208197086141
2206 9.171435106932279
2207 8.777850891796321
2208 8.904648140222589
2209 8.882815247415147
2210 8.789003532251915
2211 8.999843420297871
2212 9.271788562127472
2213 8.589409141561191
2214 8.732358099100306
2215 9.165113561486406
2216 9.337673094685966
2217 8.899717438032251
2218 8.812648577185529
2219 8.217479334735133
2220 8.506286533950192
2221 8.233585884193035
2222 7.976331513974626
2223 7.393861194347364
2224 7.9285574288067275
2225 8.399065898745937
2226 7.98978747450045
2227 7.878065795389404
2228 8.36131689744857
2229 8.910033792298998
2230 8.158959311490687
2231 8.385895433808386
2232 8.832969756831844
2233 9.110972735541703
2234 9.344540685572397
2235 8.841740783970822
2236 9.057299314242218
2237 8.777587153364033
2238 8.78652494988389
2239 8.542662867094261
2240 8.560716773880689
2241 8.740848102102834
2242 8.837497467843257
2243 8.798848422708664
2244 9.559983677159721
2245 9.738729138040249
2246 9.155566700791136
2247 8.812461425123422
2248 9.710635484083088
2249 9.677115029835427
2250 9.689137361102706
2251 8.882201324036703
2252 8.94170091616157
2253 8.864828844011125
2254 9.479407276504494
2255 9.6154244317799
2256 9.31831440262778
2257 8.766064178224823
2258 9.541714319069518
2259 9.778986576295724
2260 9.394894919706799
2261 9.92772793574716
2262 9.336797969079779
2263 9.42212351988584
2264 9.14931292342778
2265 8.916058832661431
2266 9.600306767927508
2267 9.799836350391804
2268 9.714544483601305
2269 9.550042277985556
2270 9.51426923515618
2271 8.851274535932626
2272 8.790591449362273
2273 8.751155064523033
2274 8.895176396940046
2275 9.396913855693247
2276 9.604582532005399
2277 8.818529111403096
2278 8.681717228239949
2279 9.443385882098047
2280 9.680831729584057
2281 10.11959943306415
2282 9.68199582916778
2283 8.756332665244827
2284 8.938588643002685
2285 8.692850968696536
2286 9.00915953493359
2287 8.60130221553149
2288 9.11505148435224
2289 9.69694094715735
2290 9.905380363257326
2291 9.477490866699426
2292 10.11424728444525
2293 9.345997130393583
2294 9.036143794055803
2295 8.901153682262702
2296 8.780958331298793
2297 8.4447832222336
2298 9.227602443872538
2299 9.04190101726476
2300 9.865182666093187
2301 9.582091691209042
2302 9.551272367245657
2303 9.063397151570276
2304 8.419234378053563
2305 9.335895315705777
2306 8.901416755927936
2307 9.500592244100895
2308 9.491337273091515
2309 9.720404751400014
2310 9.181031673396953
2311 9.86281586272107
2312 9.271572731021596
2313 9.18521586670341
2314 9.268131613420547
2315 8.963089493592921
2316 8.919448889089256
2317 8.889896205576147
2318 9.372908608741962
2319 9.392654213291484
2320 9.107417963210317
2321 9.683127027416258
2322 9.266282862809636
2323 8.581115341557398
2324 9.251835180338619
2325 8.646601081071411
2326 9.046299367783952
2327 8.952869579809008
2328 9.363755880676226
2329 9.246393196597225
2330 9.634116926082545
2331 9.284346253291655
2332 8.544133646907806
2333 9.46920721534114
2334 9.319336104991772
2335 9.919429335924598
2336 9.373540910730375
2337 8.945911095736522
2338 9.559176126777343
2339 8.911541441858917
2340 9.209167034679906
2341 8.643338417346627
2342 9.103155070526235
2343 9.287597632095691
2344 8.700462332583031
2345 8.46402413906031
2346 8.502405921003119
2347 8.943862040441072
2348 9.11742582400112
2349 9.345993364245063
2350 9.106331967880564
2351 9.55224666139321
2352 8.878787580579434
2353 9.323834027412362
2354 9.341910311942195
2355 9.357412744823781
2356 9.960905019988495
2357 10.54031407078314
2358 10.04174030710145
2359 9.869549351231555
2360 10.263087322798809
2361 9.970324531364785
2362 9.91058737597701
2363 9.940825363944898
2364 9.546573024483777
2365 10.237306369977237
2366 10.129327459724843
2367 10.214016745148035
2368 10.208494592850494
2369 10.289732120739725
2370 9.674677982524562
2371 10.489680348468148
2372 10.403255628101213
2373 10.229759496776063
2374 10.000382641335133
2375 9.912048231958092
2376 9.518900759905792
2377 10.181941415460507
2378 10.266785481765018
2379 10.166611112470832
2380 9.740376467869776
2381 10.195082365437653
2382 9.553182905643101
2383 9.804181057721356
2384 10.113271661319557
2385 10.330571451825914
2386 9.919776016490404
2387 9.439196363490423
2388 9.518436888541776
2389 9.47721762839911
2390 9.236607852128948
2391 9.207784640130283
2392 9.011428298773628
2393 9.405833617219342
2394 9.48557748247032
2395 9.107502765419765
2396 8.987830893314893
2397 8.930820210049298
2398 9.246380997428933
2399 9.662925999402788
2400 9.221802779616597
2401 9.725977449251102
2402 9.496612668401209
2403 9.323665560150276
2404 9.578715948185431
2405 9.220951835082612
2406 8.825542100604716
2407 8.94642964748746
2408 9.669595322529613
2409 9.205103502861618
2410 9.502928955388024
2411 9.396348358544941
2412 9.039690261457205
2413 9.691948691074787
2414 9.119079510118743
2415 9.50799126051953
2416 9.46575420786844
2417 9.24287537742407
2418 9.319640723884241
2419 8.937541872144072
2420 9.680911440184346
2421 9.153811840889425
2422 9.19923881230476
2423 9.181159797929084
2424 9.433075749473447
2425 9.09870192655681
2426 9.444083781887661
2427 9.418087178598611
2428 9.667090925400112
2429 9.278333351577897
2430 9.214264143384032
2431 9.51572969464583
2432 9.668331943264983
2433 9.232884160326567
2434 9.364607629443805
2435 9.43809581644107
2436 9.36699411131868
2437 9.184719687065718
2438 9.295463203989646
2439 9.252986079898443
2440 9.20451231426695
2441 9.12477240456064
2442 9.23768888952992
2443 9.103073453213618
2444 9.633892890580341
2445 9.708298688725991
2446 9.356804672456517
2447 9.52396013072074
2448 9.679647054389966
2449 9.716317751908491
2450 9.90274839307118
2451 9.669315049732711
2452 9.351245621357029
2453 9.377715678360744
2454 9.166146494282426
2455 9.485856182278162
2456 9.323891133339485
2457 10.00825350438781
2458 9.9470340342522
2459 10.445280548835692
2460 9.908536293507712
2461 10.115091733994388
2462 10.436582345235701
2463 10.238814544306875
2464 10.277926413787089
2465 10.564889572070143
2466 10.609859825266016
2467 10.591708435712762
2468 10.3217567665921
2469 9.670659493350458
2470 9.591167561111321
2471 9.690411923869004
2472 10.12796138202926
2473 10.42328096659471
2474 10.80151706232596
2475 10.43812654806405
2476 10.483323427664374
2477 10.187955642818043
2478 10.334227070791224
2479 10.470814712585776
2480 10.457759826473234
2481 10.569463772446605
2482 10.572111620890245
2483 10.489500640410315
2484 10.689957550219564
2485 10.535047899568434
2486 10.384548881542726
2487 10.571411092430345
2488 11.173001919041871
2489 10.421937876028394
2490 10.515998486903046
2491 10.345537518255915
2492 10.24397227681068
2493 10.20464218699003
2494 10.453440275226974
2495 10.319799742849469
2496 10.411607055406096
2497 10.690251858390376
2498 10.884932869803272
2499 10.280783584530736
2500 10.726817001072522
2501 10.441608914573289
2502 10.577866515920464
2503 10.548471984017407
2504 10.42725903277157
2505 10.39789361608176
2506 10.500971413666553
2507 9.804947266871755
2508 10.363883555908497
2509 10.414290764139142
2510 10.3874723502319
2511 10.511472123205047
2512 10.207329889433776
2513 10.371758816349429
2514 10.195318262173357
2515 10.473612650962027
2516 10.623874917500185
2517 10.672296445425149
2518 10.335111246602212
2519 10.538188240900913
2520 10.138679335391735
2521 10.429644737718732
2522 10.14335253859214
2523 10.182483352305093
2524 9.980933362554305
2525 10.44009673537183
2526 10.186095887762173
2527 10.337121465001513
2528 10.327131987152427
2529 10.512488136017069
2530 10.269939142273383
2531 10.518416433522479
2532 10.550748321920063
2533 10.282445389577852
2534 10.174239002733733
2535 10.317965019057189
2536 10.182333771333218
2537 10.17556956370925
2538 10.662898312420156
2539 10.185795138550384
2540 10.231425904287303
2541 10.170700216841336
2542 10.505427798761648
2543 10.088605048683165
2544 10.333174675502335
2545 10.2618075703835
2546 10.755189563166736
2547 10.30442633998823
2548 10.230239501774404
2549 10.365122407755605
2550 10.222174918872863
2551 10.6398508313213
2552 10.358812238168928
2553 10.474016991698843
2554 10.021633603384295
2555 10.817559849607193
2556 10.269605029397384
2557 10.794302345089559
2558 10.349008503126694
2559 9.994329480855203
2560 10.557875761728932
2561 10.446543306894192
2562 10.286793847779578
2563 10.188476623462664
2564 10.297176422397953
2565 10.29754843580525
2566 10.687543643247961
2567 10.063472820837656
2568 10.603930843689097
2569 10.462551105892476
2570 10.404306414042928
2571 10.438161759060113
2572 10.243969631664223
2573 10.280301405317884
2574 10.522820851453996
2575 10.597642314470633
2576 10.592127110732712
2577 10.60872297852935
2578 10.558337192506242
2579 10.496007624741086
2580 10.912813840330733
2581 10.230434806298737
2582 10.47449956254686
2583 10.790554112985163
2584 10.522378789546913
2585 10.535938556025414
2586 10.089471341080635
2587 10.165012331410624
2588 10.534934511085686
2589 10.303814059979581
2590 9.902789082785645
2591 10.365526929333504
2592 10.25835389463961
2593 10.368992679228208
2594 10.701003179294386
2595 10.20877517898697
2596 10.35033474511538
2597 10.04141562542437
2598 10.032923102432902
2599 10.503413421045034
2600 10.215586701945952
2601 10.450965963841352
2602 10.846566672571718
2603 10.391824130069674
2604 10.556373211573328
2605 10.285452488065623
2606 10.441568854267048
2607 10.389765964561205
2608 10.243254184895985
2609 10.200331953401596
2610 9.931998132487239
2611 10.42521977922328
2612 10.807415540926437
2613 10.601192659390254
2614 10.410650414079319
2615 10.181343388658927
2616 10.269143044137154
2617 10.175603668176786
2618 10.467784588311996
2619 10.474200301654939
2620 10.332475599993396
2621 10.919394205171695
2622 10.520831549514355
2623 10.422480759940425
2624 10.258316784772912
2625 10.246826105074524
2626 10.49580840583244
2627 10.408827759743035
2628 10.635745587630847
2629 10.409476738289175
2630 10.239186457195075
2631 9.814984025144692
2632 10.047078625016193
2633 10.213139213342673
2634 10.40981801113604
2635 10.71116037967905
2636 10.50075175718846
2637 10.304918650276152
2638 10.70324254052547
2639 10.439635872950396
2640 10.416873944923411
2641 10.151969606574642
2642 10.214580070733058
2643 10.44336262228318
2644 10.528905001913586
2645 10.171545246702843
2646 10.054668365137877
2647 10.49006356382628
2648 10.24959585929902
2649 10.058484801277835
2650 10.117361450305905
2651 9.932567138526005
2652 10.235213369749435
2653 10.097478354616024
2654 10.15102781480813
2655 10.097345211796693
2656 10.163691491346128
2657 9.904746867240943
2658 10.129253445815584
2659 10.265597740708477
2660 9.965301281793254
2661 10.242615281665568
2662 10.176959326916705
2663 10.394677124312906
2664 10.115325683203864
2665 10.31086385177214
2666 10.200318540226139
2667 10.225158805738099
2668 10.599926202235734
2669 10.391128222629465
2670 10.339972497837943
2671 10.065739348194969
2672 10.284101361482211
2673 10.305746113668425
2674 10.204619783722942
2675 10.430701030126945
2676 10.614875461036979
2677 10.436910375984391
2678 10.228950326796847
2679 10.471920139244371
2680 10.541305836912217
2681 10.542793210562797
2682 10.396847260474667
2683 10.043476382623918
2684 10.182259628136116
2685 10.438845053264071
2686 10.438779894165963
2687 10.52204651583315
2688 10.437620053191026
2689 10.410532353684646
2690 10.605281356268533
2691 10.83634524405679
2692 10.67428956473223
2693 10.406323024126195
2694 10.42459122283809
2695 10.547685928075005
2696 10.49545524639829
2697 10.243399140803584
2698 10.335732826339878
2699 10.214858219091717
2700 10.355279611926695
2701 10.441411385630923
2702 10.541901249905639
2703 10.508048526851141
2704 10.413473241235753
2705 10.297776298017931
2706 10.293955019181599
2707 10.442639060025085
2708 10.439736419814162
2709 10.550000460473408
2710 10.515926555144892
2711 10.446388417745258
2712 10.071170672971425
2713 10.12035664936838
2714 10.498446409034912
2715 10.341573622579764
2716 10.456779155570857
2717 10.45251572227071
2718 10.243096963734242
2719 10.252923068072235
2720 10.223913854958797
2721 10.455073393950974
2722 10.60283972752557
2723 10.497879147908774
2724 10.00244493708425
2725 9.878518369189637
2726 10.087255894817114
2727 10.646257415522856
2728 9.94131990246437
2729 10.115712379817104
2730 9.866098261298005
2731 10.521189239599325
2732 10.01880305025292
2733 9.350674217193804
2734 10.301192190137368
2735 10.09899308792065
2736 10.151681608936357
2737 10.07834797514828
2738 10.457743176085506
2739 10.376686076837228
2740 10.479507948981546
2741 10.549302491555865
2742 10.338570326915633
2743 10.116720135996289
2744 9.968603128440403
2745 10.45157592353485
2746 10.736784632049714
2747 10.147959669371149
2748 10.18165554746037
2749 10.379729176119964
2750 10.641990590704758
2751 10.434233810976458
2752 10.419880057691637
2753 10.220158065038229
2754 10.29284559272993
2755 10.556878487331026
2756 10.015768606573777
2757 10.47177263466438
2758 10.772445642273217
2759 10.323785599104372
2760 10.232978075113065
2761 10.20034131824404
2762 10.236709053483098
2763 10.057918989794805
2764 10.327236159932283
2765 10.053312477805727
2766 10.363294381265034
2767 10.31700038992651
2768 10.694220438324445
2769 10.36299706603695
2770 10.36533420868734
2771 10.19389800764128
2772 10.149606050721017
2773 10.461341261646997
2774 10.271280094305844
2775 10.414379284138018
2776 10.05284777377137
2777 10.490872497784897
2778 10.35458711937432
2779 9.966668170160089
2780 10.035972784875002
2781 10.308805026150807
2782 10.007645345493245
2783 10.199733187174317
2784 10.109933104074045
2785 10.283277811019813
2786 10.193268203983946
2787 10.27014283056273
2788 10.368028016652293
2789 10.234259131699186
2790 10.295456879561984
2791 10.418540132672211
2792 10.307890413931244
2793 10.547495413800098
2794 10.430747697959283
2795 10.632100711280435
2796 10.372960842955374
2797 10.759793083466603
2798 10.556756543476311
2799 10.381130439353354
2800 9.90059328026499
2801 10.236209930845346
2802 11.05231569079218
2803 10.419158876731556
2804 10.463059413610003
2805 10.492315480770843
2806 10.900544008545163
2807 10.323556543837155
2808 10.543383905159907
2809 9.919795510986278
2810 9.990261449178426
2811 10.194128703318654
2812 10.151163444148716
2813 9.834986235959747
2814 9.788428081236768
2815 10.349122584872132
2816 10.162894044242034
2817 9.907148365603778
2818 10.269544195601151
2819 10.367128285458667
2820 9.685564949677836
2821 9.310982472151064
2822 9.540231397966018
2823 10.364707584624341
2824 10.383304635958472
2825 10.056811959382946
2826 10.329818377832769
2827 10.253417549791578
2828 10.164579267860447
2829 10.699639449729132
2830 10.328174564658083
2831 10.41033021204341
2832 10.131716556421692
2833 10.282219280028079
2834 10.245663249609315
2835 10.187842236681083
2836 10.46289362173888
2837 10.457151773844124
2838 10.372742203733143
2839 9.984931460796242
2840 10.110038473359793
2841 10.482700417447024
2842 9.420070785823023
2843 9.789824013993234
2844 9.794582763003211
2845 10.765609634002127
2846 10.113653112562902
2847 9.481224518437552
2848 10.371348893152772
2849 10.923507221739749
2850 10.666861222865487
2851 10.387883045224454
2852 10.578598485795071
2853 10.174918857634436
2854 9.998495185561694
2855 10.5618218195999
2856 10.31642838561171
2857 10.343209480962797
2858 10.281716364297509
2859 10.545448778876185
2860 10.409957310487155
2861 10.228973517061014
2862 10.321642811931243
2863 10.46755271429976
2864 9.788048622036861
2865 10.086392983803153
2866 10.329062393657418
2867 9.81865339691976
2868 10.057185904441944
2869 9.634278083587839
2870 10.188801377053538
2871 9.81978260990408
2872 9.803691660216732
2873 10.283290152629457
2874 10.246508064270056
2875 9.98485183594253
2876 10.446474283688522
2877 10.160034385037973
2878 10.625022397170161
2879 10.173315636857668
2880 10.215568726612805
2881 10.606211118944112
2882 10.762126686655748
2883 10.445551014074066
2884 10.28130634077709
2885 10.768366901056913
2886 10.200727497826476
2887 10.434656506863284
2888 10.087466684888176
2889 10.43124258342864
2890 10.56132348598197
2891 10.138492107594846
2892 10.505533675550444
2893 10.736631004582502
2894 10.224679259928045
2895 10.54124180339235
2896 10.877958876196589
2897 10.341896395807394
2898 10.639844334611258
2899 10.597708575639714
2900 10.601064284535104
2901 10.508568605898562
2902 10.193194394843802
2903 10.787642549193253
2904 10.310458552213115
2905 10.976170869629383
2906 10.611571650187997
2907 10.601456649403875
2908 10.576458298795638
2909 10.192361019491202
2910 10.530882836683134
2911 10.166981620187107
2912 10.073235951754413
2913 10.268548550510651
2914 10.300108718667337
2915 10.531971411418295
2916 11.039851905981905
2917 10.573104847781432
2918 10.562026005054518
2919 10.715657491039606
2920 10.621896367073829
2921 10.885332095101376
2922 11.08435568937358
2923 10.21751395218142
2924 10.269381752408933
2925 10.59070226672427
2926 10.642565790790872
2927 10.525608743331327
2928 10.740463757837714
2929 10.144571234520303
2930 9.795512080416236
2931 9.99692302038679
2932 9.841881837086309
2933 9.846682154248619
2934 9.71228015912859
2935 10.614449209616717
2936 10.425279957736919
2937 10.066023239522341
2938 10.716330752576358
2939 10.182972743617148
2940 10.616193683194203
2941 10.477042745191396
2942 10.470631438803656
2943 10.498897580011185
2944 10.46227653658015
2945 10.292325165734281
2946 10.572682680151736
2947 10.615435643246187
2948 10.351909066176805
2949 10.603007112141135
2950 10.60982614808816
2951 10.610213603762464
2952 10.953395193871277
2953 10.603182348682902
2954 10.02149511816157
2955 10.451805470604805
2956 10.446492760198472
2957 10.763290409581654
2958 10.503839687729045
2959 10.36929142299806
2960 10.416958311319103
2961 10.11562457765969
2962 10.687992388441717
2963 10.342282118071813
2964 10.298967208229302
2965 10.671516173639013
2966 10.553160501210847
2967 10.574487832560541
2968 10.321511608921371
2969 10.354774641635077
2970 10.462148530117856
2971 10.10343336603105
2972 9.696283733659563
2973 10.783864454174926
2974 10.243160085180913
2975 10.709338798594347
2976 10.506663609451476
2977 10.587542412178692
2978 10.734840553967814
2979 10.449538185634886
2980 10.075969124021432
2981 10.894276494032193
2982 10.58238848168116
2983 10.514584448403975
2984 9.890519065196504
2985 9.998702235057193
2986 10.288546350964962
2987 9.854476454822091
2988 10.032881854982916
2989 10.358604177236828
2990 10.166913075249607
2991 10.27899167390303
2992 10.58299605835546
2993 10.516773425833186
2994 10.08419335877579
2995 10.932327130456226
2996 10.470624344839592
2997 10.377476168493951
2998 10.692484860703875
2999 10.244884306364643
3000 10.325888649989505
3001 10.824875502059843
3002 11.060038548657857
3003 10.694047222752479
3004 10.964129378473473
3005 10.036786202624148
3006 10.847541169891683
3007 10.262801885874838
3008 10.180224162980945
3009 9.89985179099318
3010 9.557755337251786
3011 9.822379169093407
3012 10.15613607673346
3013 10.274649388725976
3014 10.490117801141498
3015 10.548974359275324
3016 9.971001187352485
3017 10.407715480609074
3018 10.351679413429695
3019 10.718174737453504
3020 10.293392731751076
3021 9.970749319004419
3022 10.469925773823157
3023 10.480541499709686
3024 10.41256714182574
3025 10.42296508068261
3026 10.369173993042333
3027 10.492599544061367
3028 10.284949279400378
3029 10.850816274599566
3030 10.488336463585382
3031 10.41786937276104
3032 11.036390287887702
3033 10.50065660622423
3034 11.13323420039809
3035 10.412424188801067
3036 11.075605647118966
3037 10.353011450077346
3038 10.171661140542977
3039 10.350923226642216
3040 10.49205013705036
3041 10.6049182270991
3042 10.552214402833824
3043 10.01334008779819
3044 10.515673468043166
3045 10.240284636437805
3046 10.163401770708095
3047 10.538219195868926
3048 10.224950344749692
3049 10.777929016854205
3050 10.502422135708256
3051 10.541863091053186
3052 10.462764181148037
3053 10.739743633859005
3054 10.215208754200322
3055 10.740723200076195
3056 10.713363529465125
3057 10.841620798867998
3058 10.753137831143649
3059 10.638145179202775
3060 10.491975333642008
3061 10.63705172535046
3062 10.843103060089923
3063 10.747762889320818
3064 10.650529246078975
3065 10.395577685284033
3066 10.208489975918072
3067 11.105041136634044
3068 10.167442626538536
3069 10.259101647008283
3070 10.295088151895698
3071 10.39266644385513
3072 10.595774472771803
3073 10.425215306052953
3074 10.784196198926688
3075 9.926510375134153
3076 10.558521215431178
3077 10.370062130035397
3078 10.710473258267163
3079 9.969140099693542
3080 10.216971696493058
3081 10.4234585682041
3082 10.213376508606968
3083 11.217639461985483
3084 10.090465259950898
3085 9.987308199700353
3086 10.386175797841355
3087 9.844688907875817
3088 9.928771783210626
3089 10.609728153369597
3090 9.756240231921563
3091 10.343007495023642
3092 9.496882531036526
3093 10.526895349246136
3094 10.029708992966155
3095 10.266586628560736
3096 10.186382205913004
3097 10.13848255378023
3098 10.619107084913697
3099 10.18629049385777
3100 10.398854315207506
3101 10.31597932101338
3102 10.3021977443264
3103 9.913403407191858
3104 10.43643092814087
3105 10.509647678460329
3106 10.679944290911546
3107 10.600834921716165
3108 10.479104731806217
3109 10.364050165849662
3110 10.128848430386977
3111 10.08506408342703
3112 10.220261312440888
3113 10.403963519088625
3114 10.031346326750697
3115 10.542061027675807
3116 10.496614187898553
3117 10.482683799805606
3118 9.991044561277223
3119 10.434842282749829
3120 9.486376278545565
3121 10.186587536297193
3122 10.056929297226441
3123 10.019813616003232
3124 10.018859470730114
3125 10.202218161315049
3126 10.363340802549406
3127 10.756581945751853
3128 10.147642760428361
3129 10.620086917193147
3130 10.685653225595846
3131 11.056686632458323
3132 10.142777292393284
3133 10.278422707597189
3134 10.205162354109598
3135 10.541147575237714
3136 9.983787888444985
3137 10.062639858985555
3138 10.173787552660167
3139 10.106978145883078
3140 10.097473496314429
3141 9.02498287974381
3142 9.255564102552187
3143 9.223991797123285
3144 9.398509294824882
3145 9.099388243361405
3146 9.554879861916232
3147 8.928881361685193
3148 8.433159952216418
3149 8.933615246661248
3150 8.300233374466584
3151 8.38392232502943
3152 9.02220425567864
3153 9.060172804772682
3154 8.919748366107038
3155 9.042593031433993
3156 8.981175547110656
3157 9.13713696067667
3158 9.014177155719056
3159 8.389978102033954
3160 8.815133374858583
3161 9.12628677716371
3162 10.469947135339561
3163 9.002149493596674
3164 8.87351300246273
3165 8.622730132616988
3166 8.323258324150736
3167 8.940061250462609
3168 8.484011718865636
3169 8.378523777479632
3170 8.49741930289026
3171 8.321169920936637
3172 8.508249041569576
3173 8.997293201389809
3174 9.30513596111476
3175 8.953311341293091
3176 8.85546212187674
3177 9.387637667051456
3178 8.989679042031272
3179 8.679001803063068
3180 9.12098614289263
3181 8.520610725517667
3182 8.738431844547367
3183 8.618000177054673
3184 8.868633832935476
3185 8.74794747946934
3186 8.628287192493556
3187 8.951699727855644
3188 8.857144465932814
3189 9.28157580100745
3190 9.165942309939087
3191 9.141333743488495
3192 8.891143801000453
3193 8.930903306702184
3194 8.970621906182899
3195 9.614384472239324
3196 9.315421232839602
3197 9.30181340324164
3198 9.370350235543473
3199 9.344789177644646
3200 9.423515107819332
3201 8.82790236096518
3202 9.1816776534195
3203 9.089373250664819
3204 8.820445265654431
3205 9.073822775414913
3206 9.333409646995298
3207 8.842981481521466
3208 8.968049569343608
3209 8.82262856519728
3210 9.492499238788355
3211 8.87737453083683
3212 8.822703485284459
3213 8.623542362642846
3214 9.070316408243333
3215 8.761585074481136
3216 8.738498610759464
3217 8.814262409797132
3218 9.152614336606804
3219 9.290672009564133
3220 8.669902901943992
3221 8.953363793989471
3222 9.286301262935416
3223 9.300747260778012
3224 9.362835291741645
3225 8.898356234552525
3226 9.293649050347698
3227 9.597996905953968
3228 9.057122196969425
3229 9.132404010292644
3230 8.818443011237493
3231 9.04252233435343
3232 10.10598503992221
3233 9.713732425323487
3234 9.755902981939556
3235 9.69172203545749
3236 10.143489821722769
3237 10.474992032349025
3238 9.649125223738647
3239 10.137251436832756
3240 9.907818455378202
3241 9.834228125080173
3242 9.747183695773117
3243 10.165041658986045
3244 10.022497685550434
3245 10.16845663079592
3246 10.004039537015716
3247 9.868694717283244
3248 10.146501098520535
3249 9.849046823820048
3250 10.33946872446035
3251 10.436382116832892
3252 10.570705502938116
3253 9.839220123410895
3254 10.393131247877749
3255 9.936848635617801
3256 10.000107828026065
3257 9.511382883905409
3258 9.449547052296268
3259 9.605334037204347
3260 9.44265820918316
3261 9.134093497085635
3262 10.049752254710924
3263 10.41967744972251
3264 10.419988028108278
3265 10.14068806998565
3266 9.799700965267991
3267 9.767012908860146
3268 9.647457147005985
3269 10.318423884028833
3270 9.997021591025966
3271 9.818714870634386
3272 9.630413615413094
3273 9.788897955520376
3274 9.535242955715349
3275 9.266917792435793
3276 9.806117916874664
3277 9.763741319651544
3278 9.650335093349586
3279 9.256627400885808
3280 9.490506945106354
3281 9.91918245255108
3282 9.84456693117514
3283 9.8598060228287
3284 9.89343487503896
3285 9.011573227401534
3286 9.647578339523045
3287 10.023589728536463
3288 9.75664702169662
3289 10.130284524281574
3290 9.904927481622748
3291 10.168597155858425
3292 10.037687126369981
3293 10.587546365659465
3294 10.021612521682908
3295 10.143883743413644
3296 10.099889047839405
3297 10.339260131855697
3298 9.895476422184704
3299 9.762131717172613
