7.3343088527497775 1
7.338306779491193 0
7.342304706232607 0
7.346302632974022 0
7.350300559715437 0
7.354298486456852 0
7.358296413198267 0
7.362294339939681 0
7.366292266681096 0
7.370290193422512 0
7.374288120163926 0
7.378286046905341 0
7.382283973646756 0
7.386281900388171 0
7.390279827129586 1
7.394277753871001 1
7.398275680612415 0
7.40227360735383 0
7.406271534095246 2
7.41026946083666 1
7.414267387578075 0
7.418265314319489 1
7.422263241060905 0
7.42626116780232 0
7.430259094543734 0
7.434257021285149 2
7.4382549480265645 0
7.442252874767979 1
7.446250801509394 0
7.450248728250809 0
7.4542466549922235 0
7.458244581733639 0
7.462242508475053 0
7.466240435216468 1
7.470238361957883 0
7.474236288699298 0
7.478234215440713 0
7.482232142182128 0
7.486230068923542 0
7.490227995664958 1
7.494225922406373 0
7.498223849147787 1
7.502221775889202 0
7.5062197026306166 0
7.510217629372032 0
7.514215556113447 0
7.518213482854861 0
7.522211409596276 1
7.526209336337692 0
7.530207263079106 0
7.534205189820521 3
7.538203116561936 1
7.542201043303351 0
7.546198970044766 1
7.550196896786181 1
7.554194823527595 1
7.5581927502690105 1
7.562190677010425 0
7.56618860375184 0
7.570186530493255 1
7.5741844572346695 1
7.578182383976085 1
7.5821803107175 0
7.586178237458914 1
7.590176164200329 1
7.594174090941745 0
7.598172017683159 1
7.602169944424574 2
7.606167871165988 0
7.6101657979074036 1
7.614163724648819 0
7.618161651390233 0
7.622159578131648 1
7.626157504873063 1
7.630155431614478 1
7.634153358355893 2
7.638151285097308 0
7.642149211838722 3
7.646147138580138 1
7.650145065321553 3
7.654142992062967 1
7.658140918804382 1
7.662138845545797 3
7.666136772287212 1
7.670134699028627 2
7.674132625770041 2
7.6781305525114565 2
7.682128479252872 3
7.686126405994286 0
7.690124332735701 2
7.694122259477116 1
7.698120186218531 2
7.702118112959946 0
7.70611603970136 1
7.710113966442775 3
7.7141118931841905 3
7.718109819925605 0
7.72210774666702 5
7.726105673408435 1
7.7301036001498495 2
7.734101526891265 3
7.73809945363268 3
7.742097380374094 2
7.746095307115509 5
7.750093233856925 2
7.754091160598339 3
7.758089087339754 1
7.762087014081168 3
7.766084940822584 1
7.770082867563999 1
7.774080794305413 5
7.778078721046828 2
7.7820766477882435 6
7.786074574529658 1
7.790072501271073 1
7.794070428012488 3
7.7980683547539025 1
7.802066281495318 3
7.806064208236732 9
7.810062134978147 4
7.814060061719562 2
7.818057988460977 1
7.822055915202392 5
7.826053841943807 2
7.830051768685221 2
7.8340496954266365 4
7.838047622168052 1
7.842045548909466 2
7.846043475650881 1
7.850041402392296 3
7.854039329133711 3
7.858037255875126 3
7.86203518261654 1
7.866033109357955 5
7.870031036099371 3
7.874028962840785 4
7.8780268895822 4
7.882024816323615 1
7.88602274306503 6
7.890020669806445 3
7.894018596547859 7
7.898016523289274 6
7.9020144500306895 4
7.906012376772104 1
7.910010303513519 2
7.914008230254934 2
7.9180061569963485 4
7.922004083737764 3
7.926002010479179 3
7.929999937220593 4
7.933997863962008 4
7.9379957907034235 1
7.941993717444838 3
7.945991644186253 4
7.949989570927668 5
7.9539874976690825 1
7.957985424410498 4
7.961983351151912 5
7.965981277893327 2
7.969979204634742 3
7.973977131376157 5
7.977975058117572 6
7.981972984858987 4
7.985970911600401 6
7.989968838341817 5
7.993966765083231 4
7.997964691824646 4
8.001962618566061 4
8.005960545307476 0
8.009958472048892 6
8.013956398790306 3
8.01795432553172 5
8.021952252273135 2
8.02595017901455 2
8.029948105755965 3
8.03394603249738 3
8.037943959238795 5
8.04194188598021 5
8.045939812721624 5
8.04993773946304 5
8.053935666204454 5
8.057933592945869 5
8.061931519687285 9
8.065929446428699 7
8.069927373170113 3
8.07392529991153 2
8.077923226652944 7
8.081921153394358 3
8.085919080135774 6
8.089917006877188 6
8.093914933618603 5
8.097912860360019 6
8.101910787101433 6
8.105908713842847 8
8.109906640584263 3
8.113904567325678 2
8.117902494067092 4
8.121900420808508 6
8.125898347549922 9
8.129896274291337 9
8.133894201032751 3
8.137892127774167 4
8.141890054515581 8
8.145887981256996 6
8.149885907998412 7
8.153883834739826 6
8.15788176148124 5
8.161879688222657 6
8.16587761496407 9
8.169875541705485 8
8.173873468446901 7
8.177871395188316 5
8.18186932192973 8
8.185867248671146 6
8.18986517541256 9
8.193863102153975 6
8.19786102889539 4
8.201858955636805 8
8.20585688237822 6
8.209854809119635 7
8.21385273586105 12
8.217850662602464 11
8.221848589343878 9
8.225846516085294 6
8.229844442826709 6
8.233842369568123 8
8.237840296309539 9
8.241838223050953 12
8.245836149792368 8
8.249834076533784 11
8.253832003275198 7
8.257829930016612 11
8.261827856758028 10
8.265825783499443 11
8.269823710240857 8
8.273821636982273 15
8.277819563723687 10
8.281817490465102 5
8.285815417206518 14
8.289813343947932 13
8.293811270689346 12
8.297809197430762 12
8.301807124172177 12
8.305805050913591 11
8.309802977655007 19
8.313800904396421 9
8.317798831137836 12
8.321796757879252 12
8.325794684620666 12
8.32979261136208 11
8.333790538103495 14
8.33778846484491 13
8.341786391586325 14
8.34578431832774 6
8.349782245069155 17
8.35378017181057 13
8.357778098551984 18
8.3617760252934 11
8.365773952034814 19
8.369771878776229 11
8.373769805517645 17
8.37776773225906 16
8.381765659000473 10
8.38576358574189 17
8.389761512483304 11
8.393759439224718 14
8.397757365966134 17
8.401755292707549 6
8.405753219448963 17
8.409751146190377 17
8.413749072931793 9
8.417746999673207 16
8.421744926414622 15
8.425742853156038 19
8.429740779897452 17
8.433738706638866 19
8.437736633380283 22
8.441734560121697 19
8.445732486863111 13
8.449730413604527 15
8.453728340345942 22
8.457726267087356 18
8.461724193828772 13
8.465722120570186 27
8.4697200473116 18
8.473717974053017 16
8.477715900794431 20
8.481713827535845 22
8.485711754277261 21
8.489709681018676 18
8.49370760776009 21
8.497705534501506 19
8.50170346124292 22
8.505701387984335 15
8.50969931472575 12
8.513697241467165 23
8.51769516820858 20
8.521693094949995 23
8.52569102169141 30
8.529688948432824 22
8.53368687517424 19
8.537684801915654 31
8.541682728657069 25
8.545680655398483 28
8.549678582139899 15
8.553676508881313 19
8.557674435622728 23
8.561672362364144 14
8.565670289105558 28
8.569668215846972 20
8.573666142588388 24
8.577664069329803 19
8.581661996071217 24
8.585659922812633 30
8.589657849554047 15
8.593655776295462 22
8.597653703036878 18
8.601651629778292 18
8.605649556519706 19
8.60964748326112 22
8.613645410002537 19
8.617643336743951 20
8.621641263485365 21
8.625639190226781 20
8.629637116968196 20
8.63363504370961 19
8.637632970451026 22
8.64163089719244 19
8.645628823933855 20
8.64962675067527 25
8.653624677416685 17
8.6576226041581 19
8.661620530899516 23
8.66561845764093 12
8.669616384382344 14
8.67361431112376 13
8.677612237865175 15
8.681610164606589 18
8.685608091348005 20
8.68960601808942 17
8.693603944830834 19
8.69760187157225 15
8.701599798313664 17
8.705597725055078 12
8.709595651796494 16
8.713593578537909 13
8.717591505279323 15
8.721589432020739 18
8.725587358762153 14
8.729585285503568 11
8.733583212244984 10
8.737581138986398 16
8.741579065727812 21
8.745576992469227 21
8.749574919210643 16
8.753572845952057 11
8.757570772693471 9
8.761568699434887 17
8.765566626176302 13
8.769564552917716 18
8.773562479659132 8
8.777560406400546 10
8.78155833314196 12
8.785556259883377 10
8.789554186624791 14
8.793552113366205 16
8.79755004010762 12
8.801547966849036 15
8.80554589359045 4
8.809543820331864 12
8.81354174707328 9
8.817539673814695 13
8.821537600556109 13
8.825535527297525 11
8.82953345403894 12
8.833531380780354 12
8.83752930752177 13
8.841527234263184 7
8.845525161004598 9
8.849523087746014 12
8.853521014487429 10
8.857518941228843 12
8.86151686797026 6
8.865514794711673 6
8.869512721453088 5
8.873510648194504 6
8.877508574935918 8
8.881506501677332 4
8.885504428418749 7
8.889502355160163 5
8.893500281901577 5
8.897498208642993 7
8.901496135384408 5
8.905494062125822 2
8.909491988867238 6
8.913489915608652 1
8.917487842350067 6
8.921485769091483 5
8.925483695832897 8
8.929481622574311 1
8.933479549315726 5
8.937477476057142 4
8.941475402798556 5
8.94547332953997 5
8.949471256281386 0
8.9534691830228 5
8.957467109764215 3
8.961465036505631 4
8.965462963247045 2
8.96946088998846 4
8.973458816729876 5
8.97745674347129 3
8.981454670212704 2
8.98545259695412 1
8.989450523695535 1
8.993448450436949 3
8.997446377178363 4
9.00144430391978 2
9.005442230661194 2
9.009440157402608 1
9.013438084144024 1
9.017436010885438 2
9.021433937626853 7
9.025431864368269 3
9.029429791109683 2
9.033427717851097 2
9.037425644592513 1
9.041423571333928 2
9.045421498075342 0
9.049419424816758 1
9.053417351558172 0
9.057415278299587 3
9.061413205041003 0
9.065411131782417 3
9.069409058523831 3
9.073406985265247 1
9.077404912006662 1
9.081402838748076 0
9.085400765489492 0
9.089398692230906 1
9.09339661897232 0
9.097394545713737 1
9.101392472455151 1
9.105390399196565 1
9.109388325937982 0
9.113386252679396 1
9.11738417942081 0
9.121382106162226 0
9.12538003290364 0
9.129377959645055 0
9.13337588638647 1
9.137373813127885 0
9.1413717398693 0
9.145369666610714 0
9.14936759335213 1
9.153365520093544 1
9.157363446834959 1
9.161361373576375 0
9.165359300317789 0
9.169357227059203 2
9.17335515380062 1
9.177353080542034 0
9.181351007283448 0
9.185348934024864 0
9.189346860766278 0
9.193344787507693 0
9.197342714249107 1
9.201340640990523 0
9.205338567731937 1
9.209336494473352 0
9.213334421214768 0
9.217332347956182 0
9.221330274697596 0
9.225328201439012 0
9.229326128180427 0
9.233324054921841 0
9.237321981663257 0
9.241319908404671 0
9.245317835146086 0
9.249315761887502 0
9.253313688628916 1
9.25731161537033 0
9.261309542111746 0
9.26530746885316 0
9.269305395594575 0
9.273303322335991 0
9.277301249077405 0
9.28129917581882 0
9.285297102560236 0
9.28929502930165 0
9.293292956043064 0
9.29729088278448 0
9.301288809525895 0
9.305286736267309 0
9.309284663008725 0
9.31328258975014 0
9.317280516491554 0
9.32127844323297 0
9.325276369974384 1
9.329274296715798 0
