9.953545465155308 2
9.973485090387499 1
9.993424715619689 1
10.01336434085188 0
10.033303966084071 1
10.053243591316262 0
10.073183216548452 0
10.093122841780643 0
10.113062467012833 1
10.133002092245023 3
10.152941717477214 1
10.172881342709406 1
10.192820967941596 0
10.212760593173787 0
10.232700218405977 0
10.252639843638168 2
10.272579468870358 2
10.29251909410255 0
10.31245871933474 2
10.332398344566931 2
10.352337969799121 2
10.372277595031312 2
10.392217220263502 0
10.412156845495693 1
10.432096470727885 2
10.452036095960075 2
10.471975721192265 0
10.491915346424456 3
10.511854971656646 1
10.531794596888837 4
10.551734222121027 2
10.57167384735322 3
10.59161347258541 4
10.6115530978176 0
10.63149272304979 4
10.65143234828198 4
10.671371973514171 3
10.691311598746363 2
10.711251223978554 2
10.731190849210744 0
10.751130474442935 2
10.771070099675125 6
10.791009724907315 1
10.810949350139506 3
10.830888975371696 7
10.850828600603888 4
10.870768225836079 8
10.890707851068269 5
10.91064747630046 2
10.93058710153265 3
10.95052672676484 3
10.970466351997032 2
10.990405977229223 6
11.010345602461413 7
11.030285227693604 5
11.050224852925794 6
11.070164478157984 3
11.090104103390175 8
11.110043728622367 8
11.129983353854557 8
11.149922979086748 10
11.169862604318938 11
11.189802229551129 4
11.209741854783319 10
11.229681480015511 6
11.249621105247702 8
11.269560730479892 7
11.289500355712082 6
11.309439980944273 2
11.329379606176463 6
11.349319231408654 7
11.369258856640844 9
11.389198481873036 5
11.409138107105226 9
11.429077732337417 6
11.449017357569607 5
11.468956982801798 5
11.488896608033988 5
11.50883623326618 10
11.52877585849837 10
11.548715483730561 10
11.568655108962751 9
11.588594734194942 15
11.608534359427132 12
11.628473984659323 8
11.648413609891515 1
11.668353235123705 9
11.688292860355896 8
11.708232485588086 8
11.728172110820276 10
11.748111736052467 13
11.768051361284659 9
11.78799098651685 6
11.80793061174904 7
11.82787023698123 10
11.84780986221342 5
11.86774948744561 15
11.887689112677801 8
11.907628737909992 13
11.927568363142184 9
11.947507988374374 10
11.967447613606565 11
11.987387238838755 13
12.007326864070945 11
12.027266489303138 9
12.047206114535328 11
12.067145739767518 14
12.087085364999709 11
12.1070249902319 15
12.12696461546409 14
12.14690424069628 16
12.16684386592847 11
12.18678349116066 11
12.206723116392853 19
12.226662741625043 10
12.246602366857234 15
12.266541992089424 12
12.286481617321614 7
12.306421242553807 14
12.326360867785997 11
12.346300493018187 13
12.366240118250378 15
12.386179743482568 17
12.406119368714759 16
12.426058993946949 17
12.44599861917914 15
12.465938244411332 16
12.485877869643522 21
12.505817494875712 15
12.525757120107903 24
12.545696745340093 17
12.565636370572285 16
12.585575995804476 25
12.605515621036666 25
12.625455246268857 20
12.645394871501047 25
12.665334496733237 22
12.685274121965428 23
12.705213747197618 32
12.72515337242981 30
12.745092997662 21
12.765032622894191 27
12.784972248126381 19
12.804911873358572 25
12.824851498590764 22
12.844791123822954 21
12.864730749055145 19
12.884670374287335 30
12.904609999519526 16
12.924549624751716 30
12.944489249983906 18
12.964428875216097 29
12.984368500448287 24
13.00430812568048 15
13.02424775091267 38
13.04418737614486 16
13.06412700137705 31
13.084066626609241 22
13.104006251841433 21
13.123945877073623 21
13.143885502305814 19
13.163825127538004 21
13.183764752770195 24
13.203704378002385 31
13.223644003234575 21
13.243583628466766 14
13.263523253698958 22
13.283462878931148 28
13.303402504163339 24
13.32334212939553 18
13.34328175462772 19
13.363221379859912 26
13.383161005092102 20
13.403100630324293 12
13.423040255556483 17
13.442979880788673 22
13.462919506020864 12
13.482859131253054 16
13.502798756485245 10
13.522738381717435 10
13.542678006949627 10
13.562617632181817 16
13.582557257414008 9
13.602496882646198 11
13.622436507878389 10
13.64237613311058 8
13.662315758342771 13
13.682255383574962 8
13.702195008807152 4
13.722134634039342 7
13.742074259271533 10
13.762013884503723 7
13.781953509735914 8
13.801893134968106 9
13.821832760200296 9
13.841772385432487 6
13.861712010664677 7
13.881651635896867 6
13.90159126112906 9
13.92153088636125 6
13.94147051159344 3
13.96141013682563 5
13.981349762057821 5
14.001289387290011 6
14.021229012522202 1
14.041168637754392 5
14.061108262986583 7
14.081047888218773 2
14.100987513450965 3
14.120927138683156 0
14.140866763915346 4
14.160806389147538 1
14.180746014379729 2
14.200685639611919 2
14.22062526484411 2
14.2405648900763 3
14.26050451530849 1
14.28044414054068 1
14.300383765772871 2
14.320323391005061 1
14.340263016237252 2
14.360202641469444 4
14.380142266701634 2
14.400081891933825 0
14.420021517166015 4
14.439961142398207 7
14.459900767630398 2
14.479840392862588 3
14.499780018094778 3
14.519719643326969 4
14.53965926855916 2
14.55959889379135 0
14.57953851902354 4
14.59947814425573 4
14.61941776948792 4
14.639357394720113 1
14.659297019952303 1
14.679236645184494 3
14.699176270416686 3
14.719115895648876 2
14.739055520881067 7
14.758995146113257 3
14.778934771345448 6
14.798874396577638 2
14.818814021809828 1
14.838753647042019 5
14.858693272274209 4
14.8786328975064 5
14.898572522738592 4
14.918512147970782 4
14.938451773202972 5
14.958391398435165 5
14.978331023667355 5
14.998270648899545 0
15.018210274131736 5
15.038149899363926 3
15.058089524596117 3
15.078029149828307 4
15.097968775060497 4
15.117908400292688 2
15.137848025524878 4
15.157787650757069 5
15.17772727598926 3
15.197666901221451 0
15.217606526453642 4
15.237546151685834 4
15.257485776918024 10
15.277425402150214 7
15.297365027382405 7
15.317304652614595 1
15.337244277846786 3
15.357183903078976 2
15.377123528311166 7
15.397063153543357 7
15.417002778775547 2
15.43694240400774 3
15.45688202923993 7
15.47682165447212 6
15.496761279704312 10
15.516700904936503 5
15.536640530168693 1
15.556580155400884 4
15.576519780633074 5
15.596459405865264 4
15.616399031097455 9
15.636338656329645 6
15.656278281561836 8
15.676217906794026 7
15.696157532026218 3
15.716097157258409 4
15.736036782490599 8
15.75597640772279 5
15.775916032954981 4
15.795855658187172 3
15.815795283419362 9
15.835734908651553 8
15.855674533883743 3
15.875614159115933 7
15.895553784348124 7
15.915493409580314 7
15.935433034812505 6
15.955372660044695 6
15.975312285276887 7
15.995251910509078 4
16.015191535741266 10
16.03513116097346 9
16.05507078620565 14
16.07501041143784 3
16.09495003667003 6
16.11488966190222 8
16.134829287134412 5
16.154768912366603 7
16.174708537598793 10
16.194648162830983 11
16.214587788063174 6
16.234527413295368 9
16.254467038527558 6
16.27440666375975 8
16.29434628899194 10
16.31428591422413 14
16.33422553945632 10
16.35416516468851 8
16.3741047899207 5
16.39404441515289 8
16.41398404038508 5
16.43392366561727 6
16.453863290849462 14
16.473802916081652 7
16.493742541313843 8
16.513682166546033 9
16.533621791778224 10
16.553561417010414 10
16.573501042242608 9
16.5934406674748 16
16.61338029270699 13
16.63331991793918 8
16.65325954317137 8
16.67319916840356 6
16.69313879363575 9
16.71307841886794 13
16.73301804410013 12
16.75295766933232 11
16.772897294564515 8
16.792836919796706 15
16.812776545028896 10
16.832716170261087 10
16.852655795493277 9
16.872595420725467 8
16.892535045957658 8
16.912474671189848 7
16.93241429642204 15
16.95235392165423 13
16.97229354688642 4
16.99223317211861 7
17.0121727973508 8
17.03211242258299 7
17.05205204781518 6
17.07199167304737 10
17.09193129827956 9
17.111870923511756 5
17.131810548743946 8
17.151750173976136 7
17.171689799208327 8
17.191629424440517 3
17.211569049672708 4
17.231508674904898 7
17.25144830013709 5
17.27138792536928 6
17.29132755060147 4
17.311267175833663 9
17.331206801065854 11
17.351146426298044 10
17.371086051530234 5
17.391025676762425 8
17.410965301994615 5
17.430904927226806 5
17.450844552458996 6
17.470784177691186 7
17.490723802923377 3
17.510663428155567 5
17.530603053387757 5
17.550542678619948 4
17.57048230385214 3
17.59042192908433 3
17.61036155431652 4
17.63030117954871 3
17.650240804780903 3
17.670180430013094 4
17.690120055245284 3
17.710059680477475 4
17.729999305709665 2
17.749938930941855 3
17.769878556174046 3
17.789818181406236 3
17.809757806638427 1
17.829697431870617 3
17.84963705710281 1
17.869576682335 2
17.88951630756719 5
17.909455932799382 4
17.929395558031572 4
17.949335183263763 0
17.969274808495953 0
17.989214433728144 0
18.009154058960334 1
18.029093684192524 1
18.049033309424715 0
18.068972934656905 1
18.088912559889096 0
18.108852185121286 0
18.128791810353476 1
18.148731435585667 1
18.168671060817857 2
18.188610686050048 1
18.208550311282238 1
18.228489936514432 0
18.248429561746622 0
18.268369186978813 2
18.288308812211003 0
18.308248437443194 1
18.328188062675384 0
18.348127687907574 1
18.36806731313977 0
18.38800693837196 0
18.40794656360415 4
18.42788618883634 0
18.44782581406853 1
18.46776543930072 2
18.48770506453291 1
18.5076446897651 1
18.52758431499729 1
18.547523940229482 0
18.567463565461672 1
18.587403190693863 0
18.607342815926053 0
18.627282441158243 1
18.647222066390434 0
18.667161691622624 0
18.687101316854815 0
18.707040942087005 0
18.726980567319195 0
18.746920192551386 1
18.76685981778358 0
18.78679944301577 0
18.80673906824796 0
18.82667869348015 1
18.84661831871234 0
18.86655794394453 0
18.886497569176722 1
18.906437194408916 0
18.926376819641106 0
18.946316444873297 0
18.966256070105487 0
18.986195695337678 0
19.006135320569868 0
19.02607494580206 0
19.04601457103425 0
19.06595419626644 0
19.08589382149863 0
19.10583344673082 0
19.12577307196301 0
19.1457126971952 0
19.16565232242739 0
19.18559194765958 0
19.205531572891772 0
19.225471198123962 0
19.245410823356153 0
19.265350448588343 0
19.285290073820534 0
19.305229699052727 1
19.325169324284918 0
19.34510894951711 0
19.3650485747493 0
19.38498819998149 0
19.40492782521368 0
19.424867450445873 0
19.444807075678064 0
19.464746700910254 0
19.484686326142445 0
19.504625951374635 0
19.524565576606825 0
19.544505201839016 0
19.564444827071206 0
19.584384452303397 1
19.604324077535587 0
19.624263702767777 0
19.644203327999968 0
19.664142953232158 0
19.68408257846435 0
19.70402220369654 0
19.72396182892873 0
19.74390145416092 0
19.76384107939311 0
19.7837807046253 0
19.80372032985749 0
19.82365995508968 0
19.843599580321875 0
19.863539205554066 0
19.883478830786256 0
19.903418456018446 1
