9.895211563521329 2
9.916440997450184 2
9.937670431379038 1
9.958899865307894 1
9.980129299236747 1
10.001358733165603 0
10.022588167094456 1
10.043817601023312 3
10.065047034952165 3
10.086276468881021 1
10.107505902809875 1
10.12873533673873 3
10.149964770667584 3
10.17119420459644 0
10.192423638525293 2
10.213653072454148 5
10.234882506383002 5
10.256111940311857 11
10.277341374240711 6
10.298570808169567 5
10.31980024209842 5
10.341029676027276 11
10.36225910995613 5
10.383488543884985 9
10.404717977813839 3
10.425947411742694 5
10.447176845671548 13
10.468406279600403 8
10.489635713529257 11
10.510865147458112 19
10.532094581386966 22
10.553324015315821 14
10.574553449244675 15
10.59578288317353 16
10.617012317102384 20
10.63824175103124 21
10.659471184960093 19
10.680700618888949 22
10.701930052817803 19
10.723159486746658 24
10.744388920675512 21
10.765618354604367 29
10.786847788533223 26
10.808077222462076 33
10.82930665639093 26
10.850536090319785 29
10.87176552424864 23
10.892994958177495 27
10.914224392106348 24
10.935453826035204 33
10.95668325996406 33
10.977912693892913 29
10.999142127821768 21
11.020371561750622 33
11.041600995679477 32
11.062830429608331 27
11.084059863537187 34
11.10528929746604 31
11.126518731394896 34
11.14774816532375 28
11.168977599252605 29
11.190207033181458 36
11.211436467110314 32
11.232665901039168 37
11.253895334968023 34
11.275124768896877 33
11.296354202825732 35
11.317583636754586 28
11.338813070683441 31
11.360042504612295 30
11.38127193854115 29
11.402501372470004 41
11.42373080639886 34
11.444960240327713 28
11.466189674256569 18
11.487419108185422 25
11.508648542114278 16
11.529877976043132 24
11.551107409971987 29
11.57233684390084 22
11.593566277829696 22
11.61479571175855 24
11.636025145687405 23
11.65725457961626 11
11.678484013545114 16
11.699713447473968 10
11.720942881402824 11
11.742172315331679 8
11.763401749260533 14
11.784631183189386 13
11.805860617118242 11
11.827090051047097 7
11.848319484975951 10
11.869548918904806 8
11.89077835283366 8
11.912007786762516 3
11.93323722069137 6
11.954466654620225 4
11.975696088549078 8
11.996925522477934 7
12.018154956406788 6
12.039384390335643 3
12.060613824264497 5
12.081843258193352 8
12.103072692122206 7
12.124302126051061 2
12.145531559979915 4
12.16676099390877 5
12.187990427837624 0
12.20921986176648 1
12.230449295695333 1
12.251678729624189 0
12.272908163553042 3
12.294137597481898 2
12.315367031410752 2
12.336596465339607 0
12.35782589926846 3
12.379055333197316 4
12.40028476712617 4
12.421514201055025 3
12.44274363498388 3
12.463973068912734 0
12.485202502841588 5
12.506431936770444 1
12.527661370699299 2
12.548890804628153 3
12.570120238557006 3
12.591349672485862 0
12.612579106414717 3
12.633808540343571 1
12.655037974272425 0
12.67626740820128 0
12.697496842130136 2
12.71872627605899 2
12.739955709987843 0
12.761185143916698 0
12.782414577845554 3
12.803644011774407 1
12.824873445703261 1
12.846102879632117 2
12.867332313560972 4
12.888561747489826 1
12.909791181418681 0
12.931020615347535 0
12.95225004927639 0
12.973479483205244 0
12.9947089171341 1
13.015938351062953 1
13.037167784991809 1
13.058397218920662 1
13.079626652849518 0
13.100856086778371 1
13.122085520707227 0
13.14331495463608 0
13.164544388564936 1
13.18577382249379 0
13.207003256422645 0
13.228232690351499 2
13.249462124280354 2
13.270691558209208 0
13.291920992138063 0
13.313150426066919 0
13.334379859995773 0
13.355609293924626 1
13.376838727853482 2
13.398068161782337 0
13.41929759571119 4
13.440527029640045 1
13.4617564635689 3
13.482985897497755 1
13.50421533142661 3
13.525444765355463 0
13.546674199284318 4
13.567903633213174 2
13.589133067142027 2
13.610362501070881 1
13.631591934999737 3
13.652821368928592 4
13.674050802857446 2
13.6952802367863 3
13.716509670715155 4
13.73773910464401 1
13.758968538572864 2
13.78019797250172 2
13.801427406430573 3
13.822656840359429 3
13.843886274288282 3
13.865115708217138 2
13.886345142145991 3
13.907574576074847 2
13.9288040100037 2
13.950033443932554 3
13.97126287786141 2
13.992492311790265 2
14.01372174571912 2
14.034951179647974 6
14.056180613576828 5
14.077410047505683 3
14.098639481434539 1
14.119868915363393 3
14.141098349292246 5
14.162327783221102 5
14.183557217149957 4
14.20478665107881 4
14.226016085007664 4
14.24724551893652 2
14.268474952865375 2
14.289704386794229 6
14.310933820723083 3
14.332163254651938 1
14.353392688580794 6
14.374622122509647 7
14.395851556438501 4
14.417080990367356 7
14.438310424296212 7
14.459539858225066 5
14.48076929215392 5
14.501998726082775 6
14.52322816001163 7
14.544457593940484 5
14.565687027869338 9
14.586916461798193 7
14.608145895727048 5
14.629375329655902 3
14.650604763584756 7
14.671834197513611 10
14.693063631442467 6
14.71429306537132 3
14.735522499300174 5
14.75675193322903 9
14.777981367157885 6
14.799210801086739 10
14.820440235015592 10
14.841669668944448 9
14.862899102873303 7
14.884128536802159 12
14.905357970731012 5
14.926587404659866 4
14.947816838588722 8
14.969046272517577 3
14.99027570644643 5
15.011505140375284 7
15.03273457430414 6
15.053964008232995 8
15.075193442161849 5
15.096422876090703 5
15.117652310019558 6
15.138881743948414 8
15.160111177877267 3
15.181340611806121 5
15.202570045734976 6
15.223799479663832 8
15.245028913592686 3
15.26625834752154 6
15.287487781450395 5
15.30871721537925 5
15.329946649308104 8
15.351176083236957 9
15.372405517165813 3
15.393634951094668 4
15.414864385023522 2
15.436093818952376 7
15.457323252881231 5
15.478552686810087 1
15.49978212073894 2
15.521011554667794 7
15.54224098859665 4
15.563470422525505 4
15.584699856454359 10
15.605929290383212 6
15.627158724312068 3
15.648388158240923 3
15.669617592169777 5
15.69084702609863 6
15.712076460027486 5
15.733305893956341 4
15.754535327885195 4
15.775764761814049 5
15.796994195742904 7
15.81822362967176 8
15.839453063600615 7
15.860682497529469 7
15.881911931458323 4
15.903141365387178 5
15.924370799316033 8
15.945600233244887 7
15.96682966717374 11
15.988059101102596 6
16.00928853503145 5
16.030517968960304 8
16.05174740288916 11
16.072976836818015 3
16.09420627074687 7
16.115435704675726 6
16.136665138604577 12
16.157894572533433 10
16.17912400646229 14
16.20035344039114 10
16.221582874319996 10
16.24281230824885 8
16.264041742177707 8
16.285271176106562 7
16.306500610035414 7
16.32773004396427 16
16.348959477893125 10
16.370188911821977 8
16.391418345750832 14
16.412647779679688 8
16.433877213608543 11
16.4551066475374 11
16.47633608146625 12
16.497565515395106 11
16.51879494932396 12
16.540024383252813 11
16.56125381718167 5
16.582483251110524 15
16.60371268503938 9
16.624942118968235 12
16.646171552897087 11
16.667400986825943 13
16.688630420754798 12
16.709859854683653 8
16.73108928861251 17
16.75231872254136 10
16.773548156470216 13
16.79477759039907 10
16.816007024327924 12
16.83723645825678 9
16.858465892185635 12
16.87969532611449 13
16.900924760043345 11
16.922154193972197 13
16.943383627901053 11
16.96461306182991 14
16.98584249575876 9
17.007071929687616 9
17.02830136361647 16
17.049530797545327 11
17.070760231474182 9
17.091989665403034 9
17.11321909933189 6
17.134448533260745 11
17.155677967189597 12
17.176907401118452 7
17.198136835047308 6
17.219366268976163 18
17.24059570290502 8
17.26182513683387 10
17.283054570762726 12
17.30428400469158 15
17.325513438620433 11
17.34674287254929 13
17.367972306478144 12
17.389201740407 5
17.410431174335855 5
17.431660608264707 9
17.452890042193562 6
17.474119476122418 5
17.49534891005127 9
17.516578343980125 9
17.53780777790898 3
17.559037211837836 8
17.58026664576669 8
17.601496079695544 6
17.6227255136244 3
17.643954947553254 8
17.66518438148211 7
17.686413815410965 4
17.707643249339817 6
17.728872683268673 3
17.750102117197528 4
17.77133155112638 0
17.792560985055236 4
17.81379041898409 5
17.835019852912946 5
17.856249286841802 4
17.877478720770654 4
17.89870815469951 3
17.919937588628365 0
17.941167022557217 4
17.962396456486072 4
17.983625890414928 2
18.00485532434378 3
18.02608475827264 0
18.04731419220149 0
18.068543626130346 1
18.0897730600592 3
18.111002493988053 3
18.132231927916912 1
18.153461361845764 0
18.17469079577462 2
18.195920229703475 2
18.217149663632327 0
18.238379097561182 2
18.259608531490038 2
18.28083796541889 0
18.30206739934775 2
18.3232968332766 0
18.344526267205456 0
18.36575570113431 1
18.386985135063163 1
18.40821456899202 0
18.429444002920874 4
18.450673436849726 0
18.471902870778585 1
18.493132304707437 0
18.514361738636293 0
18.535591172565148 0
18.556820606494 1
18.578050040422855 1
18.59927947435171 1
18.620508908280563 0
18.641738342209422 0
18.662967776138274 2
18.68419721006713 0
18.705426643995985 0
18.726656077924837 0
18.747885511853692 0
18.769114945782547 1
18.7903443797114 1
18.81157381364026 1
18.83280324756911 0
18.854032681497966 2
18.87526211542682 1
18.896491549355673 0
18.91772098328453 0
18.938950417213384 0
18.96017985114224 0
18.981409285071095 1
19.002638718999947 0
19.023868152928802 0
19.045097586857658 0
19.06632702078651 0
19.08755645471537 1
19.10878588864422 0
19.130015322573076 0
19.15124475650193 1
19.172474190430783 0
19.19370362435964 0
19.214933058288494 0
19.236162492217346 1
19.257391926146205 0
19.278621360075057 0
19.299850794003913 0
19.321080227932768 0
19.34230966186162 0
19.363539095790475 0
19.38476852971933 0
19.405997963648183 0
19.42722739757704 0
19.448456831505894 1
19.46968626543475 1
19.490915699363605 0
19.512145133292456 0
19.533374567221312 0
19.554604001150167 0
19.57583343507902 0
19.59706286900788 0
19.61829230293673 0
19.639521736865586 0
19.66075117079444 0
19.681980604723293 0
19.70321003865215 0
19.724439472581004 0
19.745668906509856 0
19.766898340438715 0
19.788127774367567 0
19.809357208296422 0
19.830586642225278 0
19.85181607615413 0
19.87304551008299 0
19.89427494401184 0
19.915504377940696 0
19.93673381186955 0
19.957963245798403 0
19.97919267972726 1
20.000422113656114 0
20.021651547584966 0
20.042880981513825 0
20.064110415442677 0
20.085339849371532 0
20.106569283300388 0
20.12779871722924 0
20.149028151158095 0
20.17025758508695 0
20.191487019015803 0
20.21271645294466 0
20.233945886873514 0
20.25517532080237 0
20.276404754731225 0
20.297634188660076 0
20.318863622588932 0
20.340093056517787 0
20.36132249044664 0
20.3825519243755 0
20.40378135830435 0
20.425010792233206 0
20.44624022616206 0
20.467469660090913 1
20.48869909401977 0
