8.672995591577447 1
8.684365617280596 0
8.695735642983747 1
8.707105668686896 0
8.718475694390046 0
8.729845720093195 0
8.741215745796346 0
8.752585771499495 0
8.763955797202645 0
8.775325822905796 0
8.786695848608945 0
8.798065874312094 1
8.809435900015243 0
8.820805925718394 0
8.832175951421544 0
8.843545977124693 0
8.854916002827842 1
8.866286028530993 0
8.877656054234143 0
8.889026079937292 1
8.900396105640443 0
8.911766131343592 0
8.923136157046741 1
8.93450618274989 1
8.945876208453042 1
8.957246234156191 2
8.96861625985934 0
8.979986285562491 0
8.99135631126564 0
9.00272633696879 2
9.014096362671939 3
9.02546638837509 2
9.03683641407824 1
9.048206439781389 2
9.05957646548454 5
9.070946491187689 1
9.082316516890838 1
9.093686542593987 3
9.105056568297138 4
9.116426594000288 5
9.127796619703437 5
9.139166645406586 3
9.150536671109737 6
9.161906696812887 6
9.173276722516036 13
9.184646748219187 7
9.196016773922336 8
9.207386799625485 7
9.218756825328635 8
9.230126851031786 12
9.241496876734935 12
9.252866902438084 13
9.264236928141235 9
9.275606953844385 14
9.286976979547534 9
9.298347005250683 11
9.309717030953834 16
9.321087056656983 14
9.332457082360133 13
9.343827108063284 14
9.355197133766433 11
9.366567159469582 15
9.377937185172732 13
9.389307210875883 8
9.400677236579032 15
9.412047262282181 20
9.42341728798533 13
9.434787313688481 10
9.44615733939163 13
9.45752736509478 8
9.468897390797931 9
9.48026741650108 18
9.49163744220423 14
9.503007467907379 11
9.51437749361053 12
9.52574751931368 19
9.537117545016828 18
9.54848757071998 7
9.559857596423129 12
9.571227622126278 18
9.582597647829427 9
9.593967673532578 7
9.605337699235728 7
9.616707724938877 7
9.628077750642028 9
9.639447776345177 6
9.650817802048326 5
9.662187827751476 9
9.673557853454627 9
9.684927879157776 2
9.696297904860925 4
9.707667930564075 4
9.719037956267226 4
9.730407981970375 2
9.741778007673524 5
9.753148033376675 2
9.764518059079824 3
9.775888084782974 5
9.787258110486125 6
9.798628136189274 5
9.809998161892423 2
9.821368187595573 4
9.832738213298724 3
9.844108239001873 1
9.855478264705022 1
9.866848290408171 3
9.878218316111322 0
9.889588341814472 2
9.900958367517621 2
9.912328393220772 2
9.923698418923921 3
9.93506844462707 1
9.94643847033022 1
9.95780849603337 3
9.96917852173652 2
9.98054854743967 1
9.991918573142819 0
10.00328859884597 3
10.014658624549119 0
10.026028650252268 0
10.03739867595542 2
10.048768701658569 0
10.060138727361718 4
10.071508753064869 0
10.082878778768018 1
10.094248804471167 0
10.105618830174317 2
10.116988855877468 0
10.128358881580617 1
10.139728907283766 3
10.151098932986915 2
10.162468958690067 2
10.173838984393216 0
10.185209010096365 2
10.196579035799516 5
10.207949061502665 1
10.219319087205815 2
10.230689112908964 2
10.242059138612115 2
10.253429164315264 1
10.264799190018413 1
10.276169215721563 5
10.287539241424714 1
10.298909267127863 6
10.310279292831012 6
10.321649318534163 7
10.333019344237313 3
10.344389369940462 2
10.355759395643613 5
10.367129421346762 4
10.378499447049911 1
10.38986947275306 2
10.401239498456212 5
10.412609524159361 7
10.42397954986251 2
10.43534957556566 5
10.44671960126881 1
10.45808962697196 4
10.46945965267511 3
10.48082967837826 6
10.49219970408141 11
10.503569729784559 5
10.514939755487708 3
10.526309781190859 7
10.537679806894008 6
10.549049832597158 8
10.560419858300307 3
10.571789884003458 5
10.583159909706607 4
10.594529935409756 3
10.605899961112907 6
10.617269986816057 13
10.628640012519206 5
10.640010038222357 8
10.651380063925506 5
10.662750089628656 5
10.674120115331805 10
10.685490141034954 8
10.696860166738105 5
10.708230192441254 3
10.719600218144404 8
10.730970243847555 12
10.742340269550704 8
10.753710295253853 9
10.765080320957004 6
10.776450346660154 6
10.787820372363303 15
10.799190398066454 5
10.810560423769603 5
10.821930449472752 10
10.833300475175902 11
10.844670500879051 9
10.856040526582202 15
10.867410552285351 9
10.8787805779885 9
10.890150603691652 7
10.9015206293948 12
10.91289065509795 15
10.924260680801101 10
10.93563070650425 11
10.9470007322074 15
10.958370757910549 11
10.969740783613698 15
10.98111080931685 7
10.992480835019999 16
11.003850860723148 14
11.015220886426299 6
11.026590912129448 9
11.037960937832597 12
11.049330963535748 8
11.060700989238898 15
11.072071014942047 5
11.083441040645198 12
11.094811066348347 8
11.106181092051497 9
11.117551117754646 11
11.128921143457795 13
11.140291169160946 9
11.151661194864095 9
11.163031220567245 15
11.174401246270396 10
11.185771271973545 9
11.197141297676694 12
11.208511323379845 16
11.219881349082995 8
11.231251374786144 12
11.242621400489293 11
11.253991426192442 8
11.265361451895593 8
11.276731477598743 7
11.288101503301892 8
11.299471529005043 19
11.310841554708192 9
11.322211580411341 13
11.333581606114493 14
11.344951631817642 22
11.356321657520791 10
11.367691683223942 9
11.379061708927091 13
11.39043173463024 9
11.40180176033339 11
11.41317178603654 12
11.42454181173969 17
11.43591183744284 14
11.447281863145989 20
11.45865188884914 13
11.470021914552289 18
11.481391940255438 13
11.49276196595859 18
11.504131991661739 13
11.515502017364888 17
11.526872043068037 13
11.538242068771188 7
11.549612094474337 11
11.560982120177487 11
11.572352145880636 12
11.583722171583787 20
11.595092197286936 13
11.606462222990086 13
11.617832248693237 15
11.629202274396386 14
11.640572300099535 14
11.651942325802686 6
11.663312351505835 15
11.674682377208985 14
11.686052402912134 16
11.697422428615283 11
11.708792454318434 19
11.720162480021584 8
11.731532505724733 17
11.742902531427884 11
11.754272557131033 20
11.765642582834182 18
11.777012608537333 16
11.788382634240483 10
11.799752659943632 13
11.811122685646781 16
11.822492711349932 12
11.833862737053082 12
11.84523276275623 10
11.85660278845938 11
11.867972814162531 12
11.87934283986568 14
11.89071286556883 17
11.90208289127198 17
11.91345291697513 15
11.92482294267828 17
11.93619296838143 21
11.94756299408458 12
11.958933019787729 12
11.970303045490878 11
11.981673071194027 7
11.993043096897178 14
12.004413122600328 20
12.015783148303477 14
12.027153174006628 11
12.038523199709777 10
12.049893225412927 6
12.061263251116078 13
12.072633276819227 8
12.084003302522376 12
12.095373328225525 9
12.106743353928676 9
12.118113379631826 12
12.129483405334975 15
12.140853431038124 11
12.152223456741275 7
12.163593482444425 16
12.174963508147574 15
12.186333533850725 11
12.197703559553874 11
12.209073585257023 8
12.220443610960174 17
12.231813636663324 16
12.243183662366473 20
12.254553688069622 11
12.265923713772771 6
12.277293739475923 6
12.288663765179072 10
12.300033790882221 10
12.311403816585372 10
12.322773842288521 12
12.33414386799167 9
12.345513893694822 7
12.356883919397971 8
12.36825394510112 9
12.37962397080427 8
12.39099399650742 11
12.40236402221057 10
12.413734047913719 8
12.425104073616868 8
12.43647409932002 11
12.447844125023169 7
12.459214150726318 3
12.470584176429469 13
12.481954202132618 6
12.493324227835767 8
12.504694253538919 9
12.516064279242068 13
12.527434304945217 9
12.538804330648366 12
12.550174356351516 6
12.561544382054667 3
12.572914407757816 12
12.584284433460965 14
12.595654459164116 11
12.607024484867265 14
12.618394510570415 10
12.629764536273566 10
12.641134561976715 11
12.652504587679864 8
12.663874613383015 4
12.675244639086163 10
12.686614664789314 6
12.697984690492463 16
12.709354716195612 12
12.720724741898763 8
12.732094767601913 7
12.743464793305062 9
12.754834819008213 13
12.766204844711362 10
12.777574870414512 7
12.788944896117663 9
12.80031492182081 6
12.811684947523961 14
12.823054973227112 9
12.83442499893026 9
12.84579502463341 8
12.85716505033656 9
12.86853507603971 9
12.87990510174286 5
12.89127512744601 8
12.902645153149159 10
12.91401517885231 12
12.92538520455546 8
12.936755230258608 8
12.94812525596176 6
12.959495281664907 9
12.970865307368058 7
12.982235333071207 13
12.993605358774357 4
13.004975384477508 5
13.016345410180657 9
13.027715435883806 2
13.039085461586957 6
13.050455487290106 3
13.061825512993256 6
13.073195538696407 7
13.084565564399554 5
13.095935590102705 6
13.107305615805856 8
13.118675641509004 2
13.130045667212155 5
13.141415692915304 5
13.152785718618453 8
13.164155744321604 5
13.175525770024754 3
13.186895795727903 3
13.198265821431054 5
13.209635847134203 3
13.221005872837353 5
13.232375898540504 5
13.243745924243651 4
13.255115949946802 3
13.266485975649951 3
13.2778560013531 1
13.289226027056252 5
13.300596052759401 5
13.31196607846255 6
13.323336104165701 3
13.33470612986885 2
13.346076155572 4
13.35744618127515 0
13.3688162069783 1
13.38018623268145 1
13.3915562583846 3
13.402926284087748 1
13.414296309790899 2
13.425666335494048 4
13.437036361197197 1
13.448406386900349 3
13.459776412603498 3
13.471146438306647 3
13.482516464009798 0
13.493886489712947 0
13.505256515416097 1
13.516626541119248 0
13.527996566822395 2
13.539366592525546 1
13.550736618228695 2
13.562106643931845 2
13.573476669634996 0
13.584846695338145 2
13.596216721041294 1
13.607586746744445 1
13.618956772447595 0
13.630326798150744 1
13.641696823853895 0
13.653066849557044 0
13.664436875260193 0
13.675806900963345 0
13.687176926666492 0
13.698546952369643 1
13.709916978072792 1
13.721287003775942 0
13.732657029479093 0
13.744027055182242 0
13.755397080885391 0
13.766767106588542 1
13.778137132291691 0
13.78950715799484 0
13.800877183697992 0
13.81224720940114 0
13.82361723510429 0
13.83498726080744 0
13.846357286510589 0
13.85772731221374 0
13.86909733791689 1
13.880467363620038 0
13.89183738932319 0
13.903207415026339 0
13.914577440729488 0
13.925947466432639 0
13.937317492135788 0
13.948687517838938 0
13.960057543542089 0
13.971427569245236 0
13.982797594948387 0
13.994167620651536 0
14.005537646354686 0
14.016907672057837 0
14.028277697760986 0
14.039647723464135 0
14.051017749167286 0
14.062387774870436 0
14.073757800573585 0
14.085127826276736 0
14.096497851979883 0
14.107867877683034 0
14.119237903386185 0
14.130607929089333 0
14.141977954792484 0
14.153347980495633 0
14.164718006198783 0
14.176088031901934 0
14.187458057605083 0
14.198828083308232 0
14.210198109011383 0
14.221568134714532 0
14.232938160417682 0
14.244308186120833 0
14.25567821182398 0
14.267048237527131 0
14.27841826323028 0
14.28978828893343 0
14.30115831463658 0
14.31252834033973 0
14.32389836604288 0
14.33526839174603 0
14.34663841744918 1
