10.785166091582925 1
10.796654528163081 0
10.808142964743238 0
10.819631401323395 0
10.831119837903552 0
10.842608274483709 0
10.854096711063866 0
10.865585147644023 0
10.87707358422418 0
10.888562020804336 0
10.900050457384493 0
10.91153889396465 0
10.923027330544807 0
10.934515767124964 0
10.946004203705122 0
10.95749264028528 1
10.968981076865436 1
10.980469513445593 0
10.99195795002575 0
11.003446386605907 0
11.014934823186064 0
11.02642325976622 0
11.037911696346377 0
11.049400132926534 0
11.060888569506691 1
11.072377006086848 1
11.083865442667005 2
11.095353879247162 0
11.106842315827318 1
11.118330752407475 0
11.129819188987632 1
11.141307625567789 1
11.152796062147946 0
11.164284498728103 0
11.17577293530826 0
11.187261371888416 0
11.198749808468573 3
11.21023824504873 1
11.221726681628887 1
11.233215118209044 2
11.2447035547892 2
11.256191991369358 2
11.267680427949516 0
11.279168864529673 2
11.29065730110983 2
11.302145737689987 1
11.313634174270144 2
11.3251226108503 2
11.336611047430457 3
11.348099484010614 0
11.359587920590771 2
11.371076357170928 3
11.382564793751085 0
11.394053230331242 2
11.405541666911398 0
11.417030103491555 6
11.428518540071712 2
11.440006976651869 0
11.451495413232026 5
11.462983849812183 4
11.47447228639234 2
11.485960722972496 4
11.497449159552653 2
11.50893759613281 1
11.520426032712967 2
11.531914469293124 4
11.54340290587328 4
11.554891342453438 3
11.566379779033594 1
11.577868215613751 4
11.58935665219391 3
11.600845088774067 3
11.612333525354224 1
11.62382196193438 3
11.635310398514537 2
11.646798835094694 4
11.658287271674851 5
11.669775708255008 6
11.681264144835165 2
11.692752581415322 5
11.704241017995479 3
11.715729454575635 5
11.727217891155792 1
11.73870632773595 5
11.750194764316106 3
11.761683200896263 7
11.77317163747642 9
11.784660074056577 7
11.796148510636733 3
11.80763694721689 5
11.819125383797047 4
11.830613820377204 7
11.84210225695736 4
11.853590693537518 3
11.865079130117675 4
11.876567566697831 8
11.888056003277988 6
11.899544439858147 6
11.911032876438302 7
11.92252131301846 4
11.934009749598617 6
11.945498186178774 1
11.956986622758931 4
11.968475059339088 7
11.979963495919245 6
11.991451932499402 5
12.002940369079559 6
12.014428805659715 8
12.025917242239872 9
12.03740567882003 7
12.048894115400186 9
12.060382551980343 4
12.0718709885605 5
12.083359425140657 5
12.094847861720813 8
12.10633629830097 3
12.117824734881127 3
12.129313171461284 5
12.140801608041441 9
12.152290044621598 6
12.163778481201755 9
12.175266917781912 10
12.186755354362068 5
12.198243790942225 5
12.209732227522384 7
12.221220664102539 5
12.232709100682698 6
12.244197537262854 5
12.255685973843011 5
12.267174410423168 5
12.278662847003325 5
12.290151283583482 9
12.301639720163639 7
12.313128156743796 8
12.324616593323952 1
12.33610502990411 1
12.347593466484266 7
12.359081903064423 3
12.37057033964458 5
12.382058776224737 1
12.393547212804894 4
12.40503564938505 5
12.416524085965207 3
12.428012522545364 4
12.439500959125521 3
12.450989395705678 3
12.462477832285835 9
12.473966268865992 4
12.485454705446148 5
12.496943142026305 3
12.508431578606462 5
12.51992001518662 7
12.531408451766776 8
12.542896888346935 4
12.554385324927091 2
12.565873761507248 11
12.577362198087405 7
12.588850634667562 3
12.600339071247719 2
12.611827507827876 9
12.623315944408033 4
12.63480438098819 5
12.646292817568346 9
12.657781254148503 5
12.66926969072866 4
12.680758127308817 8
12.692246563888974 4
12.70373500046913 8
12.715223437049287 7
12.726711873629444 3
12.738200310209601 7
12.749688746789758 1
12.761177183369915 4
12.772665619950072 4
12.784154056530229 12
12.795642493110385 4
12.807130929690542 8
12.818619366270699 5
12.830107802850858 6
12.841596239431013 5
12.853084676011171 5
12.864573112591327 7
12.876061549171485 9
12.88754998575164 8
12.899038422331799 4
12.910526858911956 6
12.922015295492113 8
12.93350373207227 7
12.944992168652426 5
12.956480605232583 4
12.96796904181274 4
12.979457478392897 7
12.990945914973054 5
13.00243435155321 13
13.013922788133367 4
13.025411224713524 10
13.036899661293681 6
13.048388097873838 8
13.059876534453995 4
13.071364971034152 4
13.082853407614309 6
13.094341844194465 2
13.105830280774622 6
13.11731871735478 0
13.128807153934936 7
13.140295590515095 7
13.15178402709525 5
13.163272463675408 7
13.174760900255563 5
13.186249336835722 6
13.197737773415877 6
13.209226209996036 9
13.220714646576193 4
13.23220308315635 6
13.243691519736506 9
13.255179956316663 4
13.26666839289682 4
13.278156829476977 7
13.289645266057134 3
13.30113370263729 5
13.312622139217448 5
13.324110575797604 6
13.335599012377761 8
13.347087448957918 5
13.358575885538075 4
13.370064322118232 8
13.381552758698389 10
13.393041195278546 10
13.404529631858702 3
13.41601806843886 2
13.427506505019016 8
13.438994941599173 10
13.450483378179332 7
13.461971814759487 11
13.473460251339645 2
13.4849486879198 7
13.496437124499959 5
13.507925561080114 5
13.519413997660273 5
13.53090243424043 4
13.542390870820586 5
13.553879307400743 3
13.5653677439809 7
13.576856180561057 8
13.588344617141214 5
13.59983305372137 13
13.611321490301528 6
13.622809926881684 5
13.634298363461841 10
13.645786800041998 9
13.657275236622155 5
13.668763673202312 3
13.680252109782469 7
13.691740546362626 6
13.703228982942782 10
13.71471741952294 3
13.726205856103096 7
13.737694292683253 11
13.74918272926341 12
13.760671165843567 7
13.772159602423724 6
13.783648039003882 8
13.795136475584037 11
13.806624912164196 14
13.818113348744351 4
13.82960178532451 13
13.841090221904665 13
13.852578658484823 6
13.86406709506498 9
13.875555531645137 6
13.887043968225294 6
13.89853240480545 11
13.910020841385608 7
13.921509277965765 3
13.932997714545921 10
13.944486151126078 7
13.955974587706235 15
13.967463024286392 7
13.978951460866549 14
13.990439897446706 17
14.001928334026863 12
14.01341677060702 10
14.024905207187176 11
14.036393643767333 9
14.04788208034749 9
14.059370516927647 16
14.070858953507804 14
14.08234739008796 10
14.09383582666812 11
14.105324263248274 19
14.116812699828433 17
14.128301136408588 16
14.139789572988747 10
14.151278009568902 13
14.16276644614906 18
14.174254882729217 3
14.185743319309374 14
14.197231755889531 26
14.208720192469688 13
14.220208629049845 16
14.231697065630001 16
14.243185502210158 24
14.254673938790315 12
14.266162375370472 15
14.277650811950629 14
14.289139248530786 16
14.300627685110943 19
14.3121161216911 22
14.323604558271256 9
14.335092994851413 17
14.34658143143157 15
14.358069868011727 20
14.369558304591884 19
14.38104674117204 14
14.392535177752197 19
14.404023614332356 12
14.415512050912511 13
14.42700048749267 23
14.438488924072825 10
14.449977360652984 25
14.461465797233139 17
14.472954233813297 22
14.484442670393454 21
14.495931106973611 23
14.507419543553768 27
14.518907980133925 22
14.530396416714082 22
14.541884853294238 16
14.553373289874395 22
14.564861726454552 26
14.576350163034709 36
14.587838599614866 13
14.599327036195023 18
14.61081547277518 20
14.622303909355336 28
14.633792345935493 17
14.64528078251565 19
14.656769219095807 15
14.668257655675964 18
14.67974609225612 21
14.691234528836278 23
14.702722965416434 21
14.714211401996591 17
14.725699838576748 19
14.737188275156907 14
14.748676711737062 14
14.76016514831722 24
14.771653584897376 21
14.783142021477534 23
14.79463045805769 19
14.806118894637848 17
14.817607331218003 13
14.829095767798162 14
14.840584204378318 21
14.852072640958475 17
14.863561077538632 16
14.875049514118789 19
14.886537950698946 14
14.898026387279103 16
14.90951482385926 13
14.921003260439416 19
14.932491697019573 8
14.94398013359973 11
14.955468570179887 11
14.966957006760044 19
14.9784454433402 19
14.989933879920358 12
15.001422316500516 18
15.012910753080671 13
15.02439918966083 15
15.035887626240985 15
15.047376062821144 20
15.058864499401299 9
15.070352935981457 8
15.081841372561613 12
15.093329809141771 10
15.104818245721926 8
15.116306682302085 10
15.12779511888224 13
15.139283555462399 10
15.150771992042554 7
15.162260428622712 15
15.17374886520287 10
15.185237301783026 14
15.196725738363183 9
15.20821417494334 14
15.219702611523497 9
15.231191048103653 12
15.24267948468381 6
15.254167921263967 8
15.265656357844124 4
15.27714479442428 10
15.288633231004438 8
15.300121667584595 7
15.311610104164751 7
15.323098540744908 9
15.334586977325067 5
15.346075413905222 6
15.35756385048538 4
15.369052287065536 6
15.380540723645694 1
15.39202916022585 2
15.403517596806008 5
15.415006033386163 9
15.426494469966322 7
15.437982906546477 2
15.449471343126636 5
15.46095977970679 2
15.47244821628695 4
15.483936652867106 0
15.495425089447263 3
15.50691352602742 7
15.518401962607577 3
15.529890399187734 5
15.54137883576789 7
15.552867272348047 3
15.564355708928204 3
15.575844145508361 5
15.587332582088518 3
15.598821018668675 0
15.610309455248832 3
15.621797891828988 1
15.633286328409145 4
15.644774764989304 2
15.656263201569459 4
15.667751638149618 5
15.679240074729773 0
15.690728511309931 4
15.702216947890086 2
15.713705384470245 0
15.7251938210504 2
15.736682257630559 0
15.748170694210714 2
15.759659130790872 2
15.771147567371028 2
15.782636003951186 1
15.794124440531343 1
15.8056128771115 1
15.817101313691657 0
15.828589750271814 2
15.84007818685197 0
15.851566623432127 0
15.863055060012284 1
15.874543496592441 2
15.886031933172598 0
15.897520369752755 2
15.909008806332912 3
15.920497242913068 1
15.931985679493225 0
15.943474116073382 2
15.95496255265354 0
15.966450989233696 2
15.977939425813855 1
15.98942786239401 0
16.00091629897417 0
16.012404735554323 0
16.023893172134482 0
16.035381608714637 0
16.046870045294796 2
16.05835848187495 0
16.06984691845511 1
16.081335355035264 2
16.092823791615423 1
16.104312228195578 2
16.115800664775737 0
16.127289101355892 1
16.13877753793605 0
16.15026597451621 0
16.161754411096364 1
16.17324284767652 0
16.184731284256678 0
16.196219720836837 0
16.20770815741699 0
16.219196593997147 1
16.230685030577305 0
16.242173467157464 0
16.25366190373762 0
16.265150340317774 0
16.276638776897933 0
16.28812721347809 2
16.299615650058247 1
16.311104086638405 0
16.32259252321856 0
16.33408095979872 0
16.345569396378874 0
16.357057832959033 0
16.368546269539188 0
16.380034706119346 0
16.3915231426995 0
16.40301157927966 0
16.414500015859815 0
16.425988452439974 0
16.437476889020132 0
16.448965325600287 0
16.460453762180443 0
16.4719421987606 0
16.48343063534076 0
16.494919071920915 0
16.50640750850107 0
16.51789594508123 1
