9.447611335360154 1
9.456058322113787 0
9.46450530886742 0
9.472952295621052 1
9.481399282374685 0
9.489846269128318 0
9.49829325588195 0
9.506740242635583 0
9.515187229389218 0
9.52363421614285 0
9.532081202896483 0
9.540528189650116 0
9.548975176403749 0
9.557422163157382 0
9.565869149911014 1
9.574316136664647 0
9.58276312341828 0
9.591210110171913 0
9.599657096925545 0
9.608104083679178 0
9.616551070432811 0
9.624998057186444 0
9.633445043940078 0
9.641892030693711 0
9.650339017447344 0
9.658786004200977 0
9.66723299095461 0
9.675679977708242 0
9.684126964461875 0
9.692573951215508 0
9.70102093796914 0
9.709467924722773 0
9.717914911476406 0
9.726361898230039 1
9.734808884983671 1
9.743255871737304 0
9.751702858490937 0
9.760149845244571 0
9.768596831998204 0
9.777043818751837 0
9.78549080550547 0
9.793937792259102 1
9.802384779012735 0
9.810831765766368 0
9.81927875252 0
9.827725739273633 1
9.836172726027266 1
9.844619712780899 0
9.853066699534532 0
9.861513686288164 0
9.869960673041797 0
9.878407659795432 0
9.886854646549065 0
9.895301633302697 0
9.90374862005633 1
9.912195606809963 0
9.920642593563596 0
9.929089580317228 0
9.937536567070861 0
9.945983553824494 0
9.954430540578127 0
9.96287752733176 1
9.971324514085392 0
9.979771500839025 0
9.988218487592658 2
9.99666547434629 1
10.005112461099923 2
10.013559447853558 1
10.02200643460719 1
10.030453421360823 0
10.038900408114456 0
10.047347394868089 0
10.055794381621721 1
10.064241368375354 0
10.072688355128987 2
10.08113534188262 0
10.089582328636252 0
10.098029315389885 2
10.106476302143518 0
10.11492328889715 0
10.123370275650785 1
10.131817262404418 1
10.14026424915805 0
10.148711235911684 1
10.157158222665316 0
10.165605209418949 0
10.174052196172582 1
10.182499182926215 1
10.190946169679847 0
10.19939315643348 0
10.207840143187113 0
10.216287129940746 1
10.224734116694378 0
10.233181103448011 4
10.241628090201644 3
10.250075076955277 2
10.258522063708911 0
10.266969050462544 0
10.275416037216177 0
10.28386302396981 1
10.292310010723442 1
10.300756997477075 3
10.309203984230708 4
10.31765097098434 0
10.326097957737973 1
10.334544944491606 4
10.342991931245239 1
10.351438917998872 1
10.359885904752504 2
10.368332891506137 1
10.376779878259772 4
10.385226865013404 2
10.393673851767037 1
10.40212083852067 4
10.410567825274303 2
10.419014812027935 2
10.427461798781568 4
10.4359087855352 3
10.444355772288834 4
10.452802759042466 1
10.4612497457961 1
10.469696732549732 3
10.478143719303365 3
10.486590706056997 8
10.49503769281063 4
10.503484679564263 2
10.511931666317897 3
10.52037865307153 3
10.528825639825163 3
10.537272626578796 2
10.545719613332428 2
10.554166600086061 7
10.562613586839694 3
10.571060573593327 3
10.57950756034696 3
10.587954547100592 5
10.596401533854225 5
10.604848520607858 6
10.61329550736149 5
10.621742494115125 5
10.630189480868758 5
10.63863646762239 2
10.647083454376023 4
10.655530441129656 2
10.663977427883289 5
10.672424414636922 9
10.680871401390554 6
10.689318388144187 12
10.69776537489782 8
10.706212361651453 8
10.714659348405085 7
10.723106335158718 11
10.731553321912351 14
10.740000308665984 8
10.748447295419616 7
10.756894282173251 6
10.765341268926884 7
10.773788255680516 13
10.78223524243415 8
10.790682229187782 9
10.799129215941415 9
10.807576202695047 12
10.81602318944868 14
10.824470176202313 16
10.832917162955946 9
10.841364149709579 6
10.849811136463211 9
10.858258123216844 10
10.866705109970479 15
10.875152096724111 11
10.883599083477744 11
10.892046070231377 14
10.90049305698501 16
10.908940043738642 11
10.917387030492275 23
10.925834017245908 11
10.93428100399954 13
10.942727990753173 14
10.951174977506806 17
10.959621964260439 19
10.968068951014072 15
10.976515937767704 13
10.984962924521337 14
10.99340991127497 13
11.001856898028604 13
11.010303884782237 16
11.01875087153587 17
11.027197858289503 20
11.035644845043135 20
11.044091831796768 28
11.052538818550401 15
11.060985805304034 14
11.069432792057667 15
11.0778797788113 17
11.086326765564932 16
11.094773752318565 11
11.103220739072198 17
11.111667725825832 15
11.120114712579465 12
11.128561699333098 24
11.13700868608673 21
11.145455672840363 13
11.153902659593996 24
11.162349646347629 22
11.170796633101261 16
11.179243619854894 18
11.187690606608527 22
11.19613759336216 15
11.204584580115792 13
11.213031566869425 15
11.221478553623058 17
11.22992554037669 19
11.238372527130323 23
11.246819513883956 18
11.25526650063759 14
11.263713487391223 13
11.272160474144856 17
11.280607460898489 17
11.289054447652122 16
11.297501434405754 15
11.305948421159387 20
11.31439540791302 14
11.322842394666653 15
11.331289381420286 20
11.339736368173918 25
11.348183354927551 12
11.356630341681186 22
11.365077328434818 21
11.373524315188451 13
11.381971301942084 20
11.390418288695717 16
11.39886527544935 20
11.407312262202982 16
11.415759248956615 16
11.424206235710248 17
11.43265322246388 13
11.441100209217513 17
11.449547195971146 21
11.457994182724779 12
11.466441169478411 20
11.474888156232044 25
11.483335142985677 12
11.49178212973931 13
11.500229116492942 8
11.508676103246577 21
11.51712309000021 12
11.525570076753842 15
11.534017063507475 19
11.542464050261108 9
11.55091103701474 24
11.559358023768374 25
11.567805010522006 24
11.576251997275639 18
11.584698984029272 14
11.593145970782905 14
11.601592957536539 22
11.610039944290172 14
11.618486931043805 20
11.626933917797437 22
11.63538090455107 13
11.643827891304703 14
11.652274878058336 20
11.660721864811968 14
11.669168851565601 20
11.677615838319234 16
11.686062825072867 9
11.6945098118265 18
11.702956798580132 18
11.711403785333765 12
11.719850772087398 20
11.72829775884103 19
11.736744745594663 17
11.745191732348296 23
11.75363871910193 16
11.762085705855563 16
11.770532692609196 22
11.778979679362829 13
11.787426666116462 18
11.795873652870094 12
11.804320639623727 16
11.81276762637736 15
11.821214613130993 29
11.829661599884625 20
11.838108586638258 16
11.846555573391893 18
11.855002560145525 16
11.863449546899158 21
11.87189653365279 18
11.880343520406424 8
11.888790507160056 18
11.89723749391369 19
11.905684480667322 18
11.914131467420955 18
11.922578454174587 14
11.93102544092822 20
11.939472427681853 21
11.947919414435486 12
11.956366401189118 19
11.964813387942751 20
11.973260374696384 15
11.981707361450017 22
11.99015434820365 17
11.998601334957284 10
12.007048321710917 13
12.01549530846455 16
12.023942295218182 16
12.032389281971815 24
12.040836268725448 12
12.04928325547908 9
12.057730242232713 16
12.066177228986346 17
12.074624215739979 8
12.083071202493612 24
12.091518189247246 18
12.099965176000879 19
12.108412162754512 7
12.116859149508144 14
12.125306136261777 17
12.13375312301541 12
12.142200109769043 16
12.150647096522675 12
12.159094083276308 20
12.167541070029941 12
12.175988056783574 14
12.184435043537206 8
12.19288203029084 6
12.201329017044472 10
12.209776003798105 9
12.218222990551737 7
12.22666997730537 9
12.235116964059003 8
12.243563950812637 6
12.25201093756627 6
12.260457924319903 8
12.268904911073536 9
12.277351897827169 11
12.285798884580801 5
12.294245871334434 11
12.302692858088067 9
12.3111398448417 6
12.319586831595332 6
12.328033818348965 8
12.3364808051026 5
12.344927791856232 5
12.353374778609865 7
12.361821765363498 10
12.37026875211713 7
12.378715738870763 11
12.387162725624396 4
12.395609712378029 6
12.404056699131662 9
12.412503685885294 5
12.420950672638927 9
12.42939765939256 2
12.437844646146193 3
12.446291632899825 6
12.454738619653458 6
12.463185606407091 7
12.471632593160724 3
12.480079579914356 3
12.48852656666799 4
12.496973553421624 1
12.505420540175257 3
12.51386752692889 1
12.522314513682522 2
12.530761500436155 3
12.539208487189788 4
12.54765547394342 1
12.556102460697053 3
12.564549447450686 2
12.572996434204319 2
12.581443420957951 1
12.589890407711586 0
12.598337394465219 2
12.606784381218851 2
12.615231367972484 1
12.623678354726117 2
12.63212534147975 0
12.640572328233382 1
12.649019314987015 2
12.657466301740648 1
12.66591328849428 0
12.674360275247913 2
12.682807262001546 1
12.691254248755179 1
12.699701235508812 1
12.708148222262444 0
12.716595209016077 1
12.72504219576971 2
12.733489182523343 3
12.741936169276977 0
12.75038315603061 0
12.758830142784243 1
12.767277129537876 1
12.775724116291508 1
12.784171103045141 0
12.792618089798774 0
12.801065076552407 0
12.80951206330604 0
12.817959050059672 0
12.826406036813305 0
12.83485302356694 0
12.843300010320572 1
12.851746997074205 0
12.860193983827838 0
12.86864097058147 1
12.877087957335103 0
12.885534944088736 2
12.893981930842369 0
12.902428917596001 0
12.910875904349634 0
12.919322891103267 0
12.9277698778569 0
12.936216864610532 0
12.944663851364165 0
12.953110838117798 0
12.96155782487143 0
12.970004811625063 0
12.978451798378696 0
12.98689878513233 0
12.995345771885964 0
13.003792758639596 0
13.012239745393229 0
13.020686732146862 0
13.029133718900495 0
13.037580705654127 0
13.04602769240776 0
13.054474679161393 0
13.062921665915026 1
13.071368652668658 0
13.079815639422293 0
13.088262626175926 0
13.096709612929558 0
13.105156599683191 0
13.113603586436824 0
13.122050573190457 0
13.13049755994409 0
13.138944546697722 0
13.147391533451355 0
13.155838520204988 0
13.16428550695862 0
13.172732493712253 0
13.181179480465886 0
13.189626467219519 0
13.198073453973151 0
13.206520440726784 0
13.214967427480417 0
13.22341441423405 0
13.231861400987682 0
13.240308387741317 0
13.24875537449495 0
13.257202361248583 0
13.265649348002215 1
13.274096334755848 0
13.28254332150948 0
13.290990308263114 0
13.299437295016746 1
13.307884281770379 0
13.316331268524012 0
13.324778255277646 0
13.33322524203128 0
13.341672228784912 0
13.350119215538545 0
13.358566202292177 0
13.36701318904581 0
13.375460175799443 0
13.383907162553076 0
13.392354149306708 0
13.400801136060341 0
13.409248122813974 0
13.417695109567607 0
13.42614209632124 0
13.434589083074872 0
13.443036069828505 0
13.451483056582138 0
13.45993004333577 0
13.468377030089403 0
13.476824016843036 0
13.485271003596669 0
13.493717990350302 0
13.502164977103936 0
13.510611963857569 0
13.519058950611202 0
13.527505937364834 0
13.535952924118467 0
13.5443999108721 0
13.552846897625733 0
13.561293884379367 0
13.569740871133 0
13.578187857886633 0
13.586634844640265 0
13.595081831393898 0
13.603528818147531 0
13.611975804901164 0
13.620422791654796 0
13.62886977840843 0
13.637316765162062 0
13.645763751915695 0
13.654210738669327 0
13.66265772542296 1
