10.23110629004467 1
10.234394229635429 0
10.237682169226188 0
10.240970108816947 0
10.244258048407707 0
10.247545987998466 0
10.250833927589225 0
10.254121867179984 0
10.257409806770744 0
10.260697746361501 0
10.26398568595226 0
10.26727362554302 0
10.270561565133779 0
10.273849504724538 0
10.277137444315297 1
10.280425383906056 0
10.283713323496816 0
10.287001263087575 0
10.290289202678334 0
10.293577142269093 0
10.296865081859853 0
10.300153021450612 0
10.303440961041371 0
10.30672890063213 0
10.31001684022289 0
10.313304779813649 0
10.316592719404406 0
10.319880658995165 0
10.323168598585925 0
10.326456538176684 0
10.329744477767443 0
10.333032417358202 0
10.336320356948962 0
10.339608296539721 0
10.34289623613048 0
10.34618417572124 1
10.349472115311999 0
10.352760054902758 0
10.356047994493517 1
10.359335934084276 1
10.362623873675036 2
10.365911813265795 0
10.369199752856552 0
10.372487692447312 1
10.37577563203807 0
10.37906357162883 1
10.38235151121959 1
10.385639450810348 0
10.388927390401108 0
10.392215329991867 0
10.395503269582626 0
10.398791209173385 0
10.402079148764145 0
10.405367088354904 0
10.408655027945663 1
10.411942967536422 2
10.415230907127182 0
10.41851884671794 0
10.4218067863087 0
10.425094725899458 2
10.428382665490217 0
10.431670605080976 1
10.434958544671735 1
10.438246484262494 1
10.441534423853254 2
10.444822363444013 0
10.448110303034772 2
10.451398242625531 1
10.45468618221629 1
10.45797412180705 0
10.46126206139781 1
10.464550000988568 3
10.467837940579328 0
10.471125880170087 1
10.474413819760846 2
10.477701759351604 2
10.480989698942363 2
10.484277638533122 2
10.487565578123881 1
10.49085351771464 0
10.4941414573054 0
10.497429396896159 0
10.500717336486918 1
10.504005276077677 0
10.507293215668437 2
10.510581155259196 2
10.513869094849955 0
10.517157034440714 0
10.520444974031474 1
10.523732913622233 0
10.527020853212992 3
10.530308792803751 1
10.533596732394509 2
10.536884671985268 4
10.540172611576027 1
10.543460551166786 4
10.546748490757546 2
10.550036430348305 2
10.553324369939064 0
10.556612309529823 0
10.559900249120583 1
10.563188188711342 3
10.566476128302101 2
10.56976406789286 4
10.57305200748362 4
10.576339947074379 4
10.579627886665138 3
10.582915826255897 1
10.586203765846655 2
10.589491705437414 0
10.592779645028173 2
10.596067584618933 2
10.599355524209692 1
10.602643463800451 2
10.60593140339121 2
10.60921934298197 1
10.612507282572729 4
10.615795222163488 3
10.619083161754247 1
10.622371101345006 5
10.625659040935766 3
10.628946980526525 3
10.632234920117284 2
10.635522859708043 5
10.638810799298803 4
10.642098738889562 1
10.64538667848032 5
10.648674618071079 7
10.651962557661838 2
10.655250497252597 2
10.658538436843356 1
10.661826376434115 2
10.665114316024875 0
10.668402255615634 8
10.671690195206393 6
10.674978134797152 3
10.678266074387912 5
10.68155401397867 6
10.68484195356943 10
10.68812989316019 8
10.691417832750949 5
10.694705772341708 6
10.697993711932465 10
10.701281651523225 3
10.704569591113984 6
10.707857530704743 7
10.711145470295502 10
10.714433409886261 8
10.71772134947702 20
10.72100928906778 12
10.72429722865854 8
10.727585168249298 6
10.730873107840058 10
10.734161047430817 4
10.737448987021576 10
10.740736926612335 7
10.744024866203095 11
10.747312805793854 11
10.750600745384613 5
10.75388868497537 9
10.75717662456613 11
10.760464564156889 8
10.763752503747648 13
10.767040443338407 12
10.770328382929167 8
10.773616322519926 8
10.776904262110685 6
10.780192201701444 10
10.783480141292204 14
10.786768080882963 13
10.790056020473722 10
10.793343960064481 17
10.79663189965524 11
10.799919839246 14
10.803207778836759 11
10.806495718427517 15
10.809783658018276 11
10.813071597609035 12
10.816359537199794 10
10.819647476790553 8
10.822935416381313 11
10.826223355972072 15
10.829511295562831 17
10.83279923515359 9
10.83608717474435 7
10.839375114335109 21
10.842663053925868 14
10.845950993516627 18
10.849238933107387 20
10.852526872698146 7
10.855814812288905 18
10.859102751879664 11
10.862390691470424 13
10.865678631061181 19
10.86896657065194 13
10.8722545102427 11
10.875542449833459 19
10.878830389424218 7
10.882118329014977 11
10.885406268605736 18
10.888694208196496 15
10.891982147787255 17
10.895270087378014 9
10.898558026968773 12
10.901845966559533 16
10.905133906150292 19
10.908421845741051 15
10.91170978533181 27
10.914997724922568 20
10.918285664513327 9
10.921573604104086 16
10.924861543694846 13
10.928149483285605 12
10.931437422876364 24
10.934725362467123 12
10.938013302057882 12
10.941301241648642 20
10.944589181239401 18
10.94787712083016 13
10.95116506042092 21
10.954453000011679 11
10.957740939602438 22
10.961028879193197 18
10.964316818783956 14
10.967604758374716 20
10.970892697965475 21
10.974180637556232 26
10.977468577146992 24
10.98075651673775 22
10.98404445632851 24
10.98733239591927 19
10.990620335510028 24
10.993908275100788 24
10.997196214691547 21
11.000484154282306 17
11.003772093873065 21
11.007060033463825 15
11.010347973054584 16
11.013635912645343 18
11.016923852236102 13
11.020211791826862 18
11.023499731417619 23
11.026787671008378 18
11.030075610599138 19
11.033363550189897 19
11.036651489780656 21
11.039939429371415 17
11.043227368962174 25
11.046515308552934 24
11.049803248143693 13
11.053091187734452 14
11.056379127325211 25
11.05966706691597 15
11.06295500650673 14
11.06624294609749 20
11.069530885688248 20
11.072818825279008 17
11.076106764869767 19
11.079394704460526 11
11.082682644051284 25
11.085970583642043 16
11.089258523232802 20
11.092546462823561 15
11.09583440241432 16
11.09912234200508 13
11.102410281595839 12
11.105698221186598 17
11.108986160777357 20
11.112274100368117 23
11.115562039958876 22
11.118849979549635 21
11.122137919140394 24
11.125425858731154 15
11.128713798321913 25
11.132001737912672 28
11.13528967750343 19
11.138577617094189 15
11.141865556684948 17
11.145153496275707 23
11.148441435866467 22
11.151729375457226 10
11.155017315047985 15
11.158305254638744 8
11.161593194229503 23
11.164881133820263 19
11.168169073411022 13
11.171457013001781 22
11.17474495259254 15
11.1780328921833 8
11.181320831774059 14
11.184608771364818 22
11.187896710955577 20
11.191184650546335 17
11.194472590137094 16
11.197760529727853 11
11.201048469318613 13
11.204336408909372 12
11.207624348500131 13
11.21091228809089 11
11.21420022768165 9
11.217488167272409 21
11.220776106863168 13
11.224064046453927 13
11.227351986044686 11
11.230639925635446 18
11.233927865226205 14
11.237215804816964 10
11.240503744407722 13
11.24379168399848 14
11.24707962358924 9
11.25036756318 13
11.253655502770759 20
11.256943442361518 5
11.260231381952277 15
11.263519321543036 12
11.266807261133795 12
11.270095200724555 16
11.273383140315314 10
11.276671079906073 8
11.279959019496832 15
11.283246959087592 6
11.286534898678351 10
11.28982283826911 7
11.29311077785987 11
11.296398717450629 4
11.299686657041388 12
11.302974596632145 7
11.306262536222905 9
11.309550475813664 11
11.312838415404423 9
11.316126354995182 12
11.319414294585942 10
11.3227022341767 11
11.32599017376746 7
11.32927811335822 8
11.332566052948978 8
11.335853992539738 6
11.339141932130497 13
11.342429871721256 2
11.345717811312015 6
11.349005750902775 13
11.352293690493532 3
11.355581630084291 5
11.35886956967505 3
11.36215750926581 6
11.365445448856569 7
11.368733388447328 7
11.372021328038088 8
11.375309267628847 4
11.378597207219606 6
11.381885146810365 8
11.385173086401124 4
11.388461025991884 6
11.391748965582643 4
11.395036905173402 5
11.398324844764161 7
11.40161278435492 6
11.40490072394568 2
11.40818866353644 3
11.411476603127198 2
11.414764542717956 4
11.418052482308715 4
11.421340421899474 3
11.424628361490234 2
11.427916301080993 6
11.431204240671752 4
11.434492180262511 3
11.43778011985327 2
11.44106805944403 4
11.444355999034789 5
11.447643938625548 5
11.450931878216307 2
11.454219817807067 2
11.457507757397826 1
11.460795696988583 4
11.464083636579343 0
11.467371576170102 2
11.470659515760861 3
11.47394745535162 4
11.47723539494238 1
11.480523334533139 0
11.483811274123898 1
11.487099213714657 2
11.490387153305416 1
11.493675092896176 3
11.496963032486935 3
11.500250972077694 2
11.503538911668453 1
11.506826851259213 5
11.510114790849972 2
11.513402730440731 2
11.51669067003149 2
11.51997860962225 1
11.523266549213007 2
11.526554488803766 2
11.529842428394526 1
11.533130367985285 2
11.536418307576044 1
11.539706247166803 1
11.542994186757563 1
11.546282126348322 3
11.549570065939081 1
11.55285800552984 0
11.5561459451206 3
11.559433884711359 2
11.562721824302118 2
11.566009763892877 0
11.569297703483635 1
11.572585643074394 1
11.575873582665153 0
11.579161522255912 2
11.582449461846672 6
11.58573740143743 0
11.58902534102819 0
11.59231328061895 0
11.595601220209709 0
11.598889159800468 0
11.602177099391227 2
11.605465038981986 1
11.608752978572745 0
11.612040918163505 1
11.615328857754264 1
11.618616797345023 2
11.621904736935782 0
11.625192676526542 0
11.6284806161173 1
11.631768555708058 0
11.635056495298818 1
11.638344434889577 0
11.641632374480336 0
11.644920314071095 0
11.648208253661855 2
11.651496193252614 0
11.654784132843373 1
11.658072072434132 1
11.661360012024891 0
11.66464795161565 0
11.66793589120641 0
11.67122383079717 0
11.674511770387928 0
11.677799709978688 0
11.681087649569445 0
11.684375589160204 1
11.687663528750964 1
11.690951468341723 0
11.694239407932482 0
11.697527347523241 0
11.700815287114 0
11.70410322670476 0
11.707391166295519 0
11.710679105886278 0
11.713967045477037 0
11.717254985067797 0
11.720542924658556 0
11.723830864249315 0
11.727118803840074 0
11.730406743430834 0
11.733694683021593 0
11.736982622612352 0
11.74027056220311 0
11.743558501793869 1
11.746846441384628 0
11.750134380975387 0
11.753422320566147 0
11.756710260156906 0
11.759998199747665 0
11.763286139338424 0
11.766574078929184 0
11.769862018519943 0
11.773149958110702 0
11.776437897701461 0
11.77972583729222 1
11.78301377688298 1
11.786301716473739 0
11.789589656064496 0
11.792877595655256 0
11.796165535246015 1
11.799453474836774 0
11.802741414427533 0
11.806029354018293 0
11.809317293609052 0
11.812605233199811 0
11.81589317279057 0
11.81918111238133 0
11.822469051972089 0
11.825756991562848 0
11.829044931153607 0
11.832332870744366 0
11.835620810335126 0
11.838908749925885 0
11.842196689516644 0
11.845484629107403 0
11.848772568698163 0
11.85206050828892 0
11.85534844787968 0
11.858636387470439 0
11.861924327061198 0
11.865212266651957 0
11.868500206242716 0
11.871788145833476 1
