4.999259171585401 2
5.01076504448833 0
5.022270917391258 1
5.033776790294186 1
5.045282663197114 0
5.056788536100043 0
5.068294409002971 0
5.079800281905899 1
5.091306154808827 0
5.102812027711756 0
5.114317900614684 1
5.125823773517612 0
5.1373296464205405 0
5.148835519323469 1
5.160341392226397 0
5.171847265129325 1
5.1833531380322535 0
5.194859010935183 0
5.206364883838111 0
5.217870756741039 0
5.229376629643967 0
5.240882502546896 0
5.252388375449824 0
5.263894248352752 4
5.2754001212556805 0
5.286905994158609 1
5.298411867061537 0
5.309917739964465 0
5.3214236128673935 0
5.332929485770322 0
5.34443535867325 0
5.355941231576178 1
5.367447104479107 0
5.378952977382035 2
5.390458850284963 1
5.401964723187891 0
5.41347059609082 0
5.424976468993748 2
5.436482341896676 1
5.447988214799604 0
5.459494087702533 0
5.470999960605461 0
5.482505833508389 1
5.494011706411317 0
5.505517579314246 0
5.517023452217174 0
5.528529325120102 0
5.5400351980230305 0
5.551541070925959 0
5.563046943828887 2
5.574552816731815 0
5.5860586896347435 1
5.597564562537672 1
5.6090704354406 0
5.620576308343529 1
5.632082181246457 0
5.643588054149386 0
5.655093927052314 2
5.666599799955242 0
5.6781056728581705 0
5.689611545761099 1
5.701117418664027 2
5.712623291566955 3
5.7241291644698835 1
5.735635037372812 0
5.74714091027574 1
5.758646783178668 1
5.7701526560815966 0
5.781658528984525 0
5.793164401887453 2
5.804670274790381 0
5.81617614769331 0
5.827682020596238 1
5.839187893499166 1
5.850693766402094 0
5.862199639305023 1
5.873705512207951 1
5.885211385110879 2
5.896717258013807 0
5.908223130916736 1
5.919729003819664 1
5.931234876722592 1
5.9427407496255205 2
5.954246622528449 1
5.965752495431378 2
5.977258368334306 1
5.988764241237234 2
6.000270114140163 3
6.011775987043091 2
6.023281859946019 1
6.034787732848947 2
6.046293605751876 0
6.057799478654804 1
6.069305351557732 0
6.0808112244606605 1
6.092317097363589 2
6.103822970266517 1
6.115328843169445 3
6.1268347160723735 3
6.138340588975302 2
6.14984646187823 0
6.161352334781158 3
6.1728582076840866 1
6.184364080587015 2
6.195869953489943 1
6.207375826392871 2
6.2188816992958 3
6.230387572198728 3
6.241893445101656 2
6.253399318004584 1
6.264905190907513 5
6.276411063810441 2
6.287916936713369 4
6.299422809616297 2
6.310928682519226 3
6.322434555422154 1
6.333940428325082 2
6.3454463012280105 1
6.356952174130939 3
6.368458047033867 3
6.379963919936795 3
6.3914697928397235 8
6.402975665742652 4
6.41448153864558 3
6.425987411548509 7
6.437493284451437 4
6.448999157354366 5
6.460505030257294 4
6.472010903160222 1
6.4835167760631505 7
6.495022648966079 1
6.506528521869007 4
6.518034394771935 1
6.5295402676748635 4
6.541046140577792 6
6.55255201348072 4
6.564057886383648 2
6.5755637592865765 6
6.587069632189505 5
6.598575505092433 10
6.610081377995361 5
6.62158725089829 2
6.633093123801218 7
6.644598996704146 6
6.656104869607074 6
6.667610742510003 9
6.679116615412931 4
6.690622488315859 7
6.702128361218787 8
6.713634234121716 6
6.725140107024645 6
6.736645979927573 5
6.748151852830501 5
6.75965772573343 5
6.771163598636358 2
6.782669471539286 2
6.794175344442214 8
6.805681217345143 6
6.817187090248071 11
6.828692963150999 6
6.840198836053927 12
6.851704708956856 6
6.863210581859784 11
6.874716454762712 3
6.8862223276656405 4
6.897728200568569 9
6.909234073471497 8
6.920739946374425 13
6.9322458192773535 13
6.943751692180282 9
6.95525756508321 6
6.966763437986138 11
6.9782693108890665 4
6.989775183791995 10
7.001281056694923 12
7.012786929597851 14
7.02429280250078 13
7.035798675403708 10
7.047304548306636 11
7.058810421209564 12
7.070316294112493 9
7.081822167015421 13
7.093328039918349 5
7.104833912821277 10
7.116339785724206 14
7.127845658627134 13
7.139351531530062 12
7.1508574044329904 15
7.162363277335919 16
7.173869150238847 8
7.185375023141775 12
7.1968808960447035 19
7.208386768947632 13
7.21989264185056 13
7.231398514753488 13
7.2429043876564165 14
7.254410260559345 18
7.265916133462274 15
7.277422006365202 16
7.2889278792681305 19
7.300433752171059 21
7.311939625073987 21
7.323445497976915 16
7.3349513708798435 15
7.346457243782772 18
7.3579631166857 22
7.369468989588628 15
7.3809748624915565 15
7.392480735394485 22
7.403986608297413 22
7.415492481200341 19
7.42699835410327 16
7.438504227006198 24
7.450010099909126 20
7.461515972812055 22
7.4730218457149835 20
7.484527718617912 21
7.49603359152084 20
7.507539464423768 14
7.5190453373266966 22
7.530551210229625 31
7.542057083132553 22
7.553562956035481 13
7.56506882893841 20
7.576574701841338 21
7.588080574744266 24
7.599586447647194 30
7.611092320550123 18
7.622598193453051 23
7.634104066355979 22
7.645609939258907 20
7.657115812161836 22
7.668621685064764 25
7.680127557967692 17
7.6916334308706205 23
7.703139303773549 27
7.714645176676477 23
7.726151049579405 20
7.7376569224823335 18
7.749162795385262 23
7.76066866828819 28
7.772174541191118 28
7.7836804140940465 19
7.795186286996975 28
7.806692159899903 19
7.818198032802831 20
7.82970390570576 25
7.841209778608688 23
7.852715651511616 33
7.864221524414544 21
7.875727397317473 22
7.887233270220401 20
7.898739143123329 31
7.910245016026257 23
7.921750888929186 22
7.933256761832114 19
7.944762634735042 21
7.95626850763797 21
7.967774380540899 32
7.979280253443827 25
7.990786126346755 14
8.002291999249683 25
8.013797872152612 28
8.02530374505554 25
8.036809617958468 25
8.048315490861398 21
8.059821363764325 16
8.071327236667255 22
8.082833109570181 33
8.094338982473111 24
8.105844855376038 25
8.117350728278968 23
8.128856601181894 27
8.140362474084824 22
8.15186834698775 24
8.163374219890681 21
8.174880092793607 15
8.186385965696537 20
8.197891838599464 14
8.209397711502394 19
8.22090358440532 18
8.23240945730825 16
8.243915330211179 19
8.255421203114107 30
8.266927076017035 18
8.278432948919964 11
8.289938821822892 19
8.30144469472582 11
8.312950567628748 23
8.324456440531677 18
8.335962313434605 28
8.347468186337533 13
8.358974059240461 16
8.37047993214339 20
8.381985805046318 12
8.393491677949246 14
8.404997550852174 14
8.416503423755103 15
8.428009296658031 21
8.43951516956096 18
8.451021042463887 14
8.462526915366816 10
8.474032788269744 13
8.485538661172672 10
8.4970445340756 7
8.508550406978529 8
8.520056279881457 10
8.531562152784385 10
8.543068025687313 15
8.554573898590242 5
8.56607977149317 12
8.577585644396098 6
8.589091517299027 8
8.600597390201955 6
8.612103263104883 19
8.623609136007811 7
8.63511500891074 7
8.646620881813668 8
8.658126754716596 5
8.669632627619524 5
8.681138500522453 10
8.69264437342538 8
8.70415024632831 4
8.715656119231237 9
8.727161992134166 5
8.738667865037094 7
8.750173737940022 8
8.76167961084295 8
8.773185483745879 5
8.784691356648807 7
8.796197229551735 6
8.807703102454663 8
8.819208975357592 3
8.83071484826052 6
8.84222072116345 3
8.853726594066377 4
8.865232466969307 2
8.876738339872233 5
8.888244212775163 1
8.89975008567809 1
8.91125595858102 5
8.922761831483946 1
8.934267704386876 3
8.945773577289803 0
8.957279450192733 5
8.96878532309566 1
8.98029119599859 4
8.991797068901516 6
9.003302941804446 3
9.014808814707372 3
9.026314687610302 4
9.037820560513229 1
9.049326433416159 1
9.060832306319085 4
9.072338179222015 3
9.083844052124942 1
9.095349925027872 0
9.106855797930798 3
9.118361670833728 1
9.129867543736657 3
9.141373416639585 4
9.152879289542513 3
9.164385162445441 1
9.17589103534837 1
9.187396908251298 0
9.198902781154226 2
9.210408654057154 2
9.221914526960083 2
9.23342039986301 0
9.24492627276594 2
9.256432145668867 2
9.267938018571796 4
9.279443891474724 2
9.290949764377652 0
9.30245563728058 2
9.313961510183509 2
9.325467383086437 1
9.336973255989365 1
9.348479128892293 2
9.359985001795222 3
9.37149087469815 1
9.382996747601078 0
9.394502620504007 0
9.406008493406935 0
9.417514366309863 1
9.429020239212791 0
9.44052611211572 0
9.452031985018648 1
9.463537857921576 1
9.475043730824504 1
9.486549603727433 2
9.49805547663036 0
9.50956134953329 1
9.52106722243622 0
9.532573095339146 2
9.544078968242076 0
9.555584841145002 0
9.567090714047932 0
9.578596586950859 0
9.590102459853789 1
9.601608332756715 1
9.613114205659645 0
9.624620078562572 0
9.636125951465502 0
9.647631824368428 0
9.659137697271358 1
9.670643570174285 0
9.682149443077215 1
9.693655315980141 0
9.705161188883071 0
9.716667061785998 0
9.728172934688928 1
9.739678807591854 1
9.751184680494784 2
9.76269055339771 0
9.774196426300641 1
9.785702299203567 0
9.797208172106497 0
9.808714045009424 2
9.820219917912354 0
9.83172579081528 1
9.84323166371821 0
9.854737536621137 0
9.866243409524067 0
9.877749282426993 0
9.889255155329923 1
9.90076102823285 0
9.91226690113578 0
9.923772774038708 0
9.935278646941637 0
9.946784519844565 0
9.958290392747493 0
9.969796265650421 0
9.98130213855335 0
9.992808011456278 0
10.004313884359206 0
10.015819757262134 0
10.027325630165063 1
10.03883150306799 0
10.05033737597092 0
10.061843248873847 0
10.073349121776776 0
10.084854994679704 0
10.096360867582632 0
10.10786674048556 0
10.119372613388489 0
10.130878486291417 0
10.142384359194345 0
10.153890232097273 1
10.165396105000202 0
10.17690197790313 0
10.188407850806058 0
10.199913723708987 1
10.211419596611915 0
10.222925469514843 0
10.234431342417771 0
10.2459372153207 0
10.257443088223628 1
10.268948961126556 0
10.280454834029484 0
10.291960706932413 0
10.30346657983534 0
10.314972452738271 0
10.326478325641197 0
10.337984198544127 0
10.349490071447054 0
10.360995944349984 0
10.37250181725291 0
10.38400769015584 0
10.395513563058767 0
10.407019435961697 0
10.418525308864623 0
10.430031181767554 0
10.44153705467048 0
10.45304292757341 0
10.464548800476337 0
10.476054673379267 0
10.487560546282193 0
10.499066419185123 0
10.51057229208805 0
10.52207816499098 0
10.533584037893906 0
10.545089910796836 0
10.556595783699763 0
10.568101656602693 0
10.57960752950562 1
10.59111340240855 0
10.602619275311476 0
10.614125148214406 0
10.625631021117332 0
10.637136894020262 0
10.648642766923189 0
10.660148639826119 0
10.671654512729045 0
10.683160385631975 0
10.694666258534903 0
10.706172131437832 0
10.71767800434076 0
10.729183877243688 0
10.740689750146617 1
