8.943139400553488 1
8.957161511506822 0
8.971183622460154 0
8.985205733413489 3
8.999227844366823 1
9.013249955320157 0
9.02727206627349 1
9.041294177226824 0
9.055316288180158 0
9.069338399133493 2
9.083360510086825 0
9.09738262104016 0
9.111404731993494 0
9.125426842946826 0
9.13944895390016 1
9.153471064853495 0
9.167493175806829 1
9.181515286760161 1
9.195537397713496 2
9.20955950866683 4
9.223581619620163 1
9.237603730573497 2
9.251625841526831 1
9.265647952480165 1
9.279670063433498 1
9.293692174386832 3
9.307714285340166 1
9.321736396293499 2
9.335758507246833 2
9.349780618200167 0
9.363802729153502 0
9.377824840106834 3
9.391846951060169 3
9.405869062013503 2
9.419891172966837 3
9.43391328392017 4
9.447935394873504 1
9.461957505826838 4
9.47597961678017 0
9.490001727733505 2
9.50402383868684 5
9.518045949640173 1
9.532068060593506 5
9.54609017154684 6
9.560112282500175 3
9.574134393453509 1
9.588156504406841 6
9.602178615360176 3
9.61620072631351 3
9.630222837266842 2
9.644244948220177 1
9.658267059173511 8
9.672289170126845 2
9.686311281080178 1
9.700333392033512 5
9.714355502986846 7
9.728377613940179 4
9.742399724893513 5
9.756421835846847 7
9.770443946800182 6
9.784466057753514 5
9.798488168706848 6
9.812510279660183 9
9.826532390613515 4
9.84055450156685 7
9.854576612520184 7
9.868598723473518 2
9.88262083442685 5
9.896642945380185 6
9.910665056333519 2
9.924687167286852 10
9.938709278240186 9
9.95273138919352 7
9.966753500146854 11
9.980775611100187 9
9.994797722053521 5
10.008819833006855 9
10.02284194396019 6
10.036864054913522 4
10.050886165866856 9
10.06490827682019 12
10.078930387773525 16
10.092952498726858 7
10.106974609680192 4
10.120996720633526 7
10.135018831586859 5
10.149040942540193 8
10.163063053493527 5
10.177085164446861 8
10.191107275400194 8
10.205129386353528 6
10.219151497306862 13
10.233173608260195 12
10.24719571921353 10
10.261217830166864 10
10.275239941120198 5
10.28926205207353 10
10.303284163026865 10
10.317306273980199 8
10.331328384933531 15
10.345350495886866 11
10.3593726068402 9
10.373394717793534 9
10.387416828746867 11
10.401438939700201 9
10.415461050653535 11
10.429483161606868 13
10.443505272560202 11
10.457527383513536 11
10.47154949446687 8
10.485571605420203 11
10.499593716373537 7
10.513615827326872 9
10.527637938280204 10
10.541660049233538 12
10.555682160186873 14
10.569704271140207 13
10.58372638209354 7
10.597748493046874 7
10.611770604000208 14
10.625792714953542 11
10.639814825906875 7
10.653836936860209 11
10.667859047813543 6
10.681881158766878 4
10.69590326972021 12
10.709925380673544 6
10.723947491626879 14
10.737969602580211 16
10.751991713533545 11
10.76601382448688 9
10.780035935440214 16
10.794058046393546 8
10.80808015734688 9
10.822102268300215 10
10.836124379253548 7
10.850146490206882 10
10.864168601160216 15
10.87819071211355 17
10.892212823066883 13
10.906234934020217 13
10.920257044973551 13
10.934279155926884 9
10.948301266880218 8
10.962323377833552 20
10.976345488786887 6
10.99036759974022 8
11.004389710693554 13
11.018411821646888 11
11.03243393260022 7
11.046456043553555 13
11.060478154506889 12
11.074500265460223 16
11.088522376413557 20
11.10254448736689 15
11.116566598320224 8
11.130588709273557 6
11.144610820226891 11
11.158632931180225 15
11.17265504213356 8
11.186677153086894 6
11.200699264040226 10
11.21472137499356 14
11.228743485946895 7
11.242765596900227 8
11.256787707853562 9
11.270809818806896 7
11.28483192976023 14
11.298854040713563 9
11.312876151666897 5
11.326898262620231 10
11.340920373573564 8
11.354942484526898 15
11.368964595480232 11
11.382986706433567 12
11.397008817386899 10
11.411030928340233 12
11.425053039293568 13
11.4390751502469 9
11.453097261200234 18
11.467119372153569 9
11.481141483106903 9
11.495163594060235 7
11.50918570501357 10
11.523207815966904 11
11.537229926920237 9
11.55125203787357 11
11.565274148826905 10
11.57929625978024 12
11.593318370733574 13
11.607340481686906 14
11.62136259264024 9
11.635384703593573 12
11.649406814546907 9
11.663428925500241 14
11.677451036453576 10
11.69147314740691 3
11.705495258360243 14
11.719517369313577 15
11.73353948026691 12
11.747561591220244 11
11.761583702173578 15
11.775605813126912 10
11.789627924080246 8
11.803650035033579 9
11.817672145986913 7
11.831694256940247 13
11.84571636789358 13
11.859738478846914 9
11.873760589800249 11
11.887782700753583 10
11.901804811706915 8
11.91582692266025 14
11.929849033613584 10
11.943871144566916 10
11.95789325552025 15
11.971915366473585 7
11.98593747742692 8
11.999959588380252 11
12.013981699333586 7
12.02800381028692 10
12.042025921240253 4
12.056048032193587 7
12.070070143146921 9
12.084092254100256 13
12.09811436505359 8
12.112136476006922 14
12.126158586960257 12
12.14018069791359 11
12.154202808866923 9
12.168224919820258 7
12.182247030773592 13
12.196269141726926 12
12.210291252680259 14
12.224313363633593 13
12.238335474586925 9
12.25235758554026 13
12.266379696493594 10
12.280401807446928 9
12.294423918400263 12
12.308446029353595 6
12.32246814030693 11
12.336490251260264 12
12.350512362213596 5
12.36453447316693 11
12.378556584120265 11
12.392578695073599 9
12.406600806026931 9
12.420622916980266 9
12.4346450279336 11
12.448667138886933 4
12.462689249840267 2
12.476711360793601 10
12.490733471746935 13
12.504755582700268 16
12.518777693653602 11
12.532799804606936 12
12.546821915560269 11
12.560844026513603 15
12.574866137466937 4
12.588888248420272 6
12.602910359373604 7
12.616932470326939 8
12.630954581280273 10
12.644976692233605 7
12.65899880318694 9
12.673020914140274 9
12.687043025093608 13
12.701065136046942 7
12.715087247000275 4
12.72910935795361 14
12.743131468906942 7
12.757153579860276 12
12.77117569081361 10
12.785197801766945 12
12.799219912720279 13
12.813242023673611 9
12.827264134626946 13
12.84128624558028 6
12.855308356533612 11
12.869330467486947 9
12.883352578440281 14
12.897374689393615 15
12.911396800346948 7
12.925418911300282 6
12.939441022253616 7
12.953463133206949 5
12.967485244160283 6
12.981507355113617 8
12.995529466066952 11
13.009551577020286 14
13.023573687973618 5
13.03759579892695 11
13.051617909880285 7
13.06564002083362 8
13.079662131786954 5
13.093684242740288 12
13.107706353693622 6
13.121728464646955 12
13.135750575600289 7
13.149772686553622 12
13.163794797506956 8
13.17781690846029 8
13.191839019413624 9
13.205861130366959 8
13.219883241320291 6
13.233905352273625 7
13.247927463226958 7
13.261949574180292 8
13.275971685133626 4
13.28999379608696 4
13.304015907040295 6
13.318038017993628 7
13.332060128946962 10
13.346082239900294 4
13.360104350853629 5
13.374126461806963 5
13.388148572760297 15
13.402170683713631 5
13.416192794666964 4
13.430214905620298 7
13.44423701657363 10
13.458259127526965 10
13.4722812384803 13
13.486303349433634 11
13.500325460386968 7
13.514347571340302 9
13.528369682293635 8
13.542391793246967 8
13.556413904200301 8
13.570436015153636 3
13.58445812610697 13
13.598480237060304 9
13.612502348013638 7
13.626524458966971 5
13.640546569920305 6
13.654568680873638 7
13.668590791826972 10
13.682612902780306 7
13.69663501373364 8
13.710657124686975 12
13.724679235640307 10
13.738701346593642 12
13.752723457546974 7
13.766745568500308 12
13.780767679453643 10
13.794789790406977 5
13.808811901360311 5
13.822834012313644 5
13.836856123266978 3
13.85087823422031 3
13.864900345173645 14
13.878922456126979 11
13.892944567080313 7
13.906966678033648 8
13.92098878898698 7
13.935010899940314 4
13.949033010893647 6
13.963055121846981 7
13.977077232800315 7
13.99109934375365 6
14.005121454706984 12
14.019143565660316 9
14.03316567661365 7
14.047187787566983 3
14.061209898520318 5
14.075232009473652 8
14.089254120426986 1
14.10327623138032 6
14.117298342333655 4
14.131320453286987 8
14.14534256424032 9
14.159364675193654 5
14.173386786146988 8
14.187408897100322 5
14.201431008053657 7
14.215453119006991 5
14.229475229960324 4
14.243497340913658 6
14.25751945186699 8
14.271541562820325 2
14.285563673773659 2
14.299585784726993 8
14.313607895680327 4
14.32763000663366 6
14.341652117586994 5
14.355674228540327 5
14.369696339493661 5
14.383718450446995 8
14.39774056140033 7
14.411762672353664 3
14.425784783306996 5
14.43980689426033 7
14.453829005213663 5
14.467851116166997 6
14.481873227120332 7
14.495895338073666 6
14.509917449027 2
14.523939559980333 7
14.537961670933667 2
14.551983781887 5
14.566005892840334 2
14.580028003793668 0
14.594050114747002 0
14.608072225700337 7
14.62209433665367 0
14.636116447607003 5
14.650138558560336 1
14.66416066951367 5
14.678182780467004 7
14.692204891420339 4
14.706227002373673 5
14.720249113327007 3
14.73427122428034 3
14.748293335233674 3
14.762315446187007 5
14.77633755714034 2
14.790359668093675 4
14.80438177904701 1
14.818403890000344 5
14.832426000953676 2
14.84644811190701 2
14.860470222860343 3
14.874492333813677 2
14.888514444767011 2
14.902536555720346 1
14.91655866667368 1
14.930580777627013 5
14.944602888580347 3
14.95862499953368 1
14.972647110487014 2
14.986669221440348 2
15.000691332393682 0
15.014713443347016 4
15.028735554300349 1
15.042757665253683 0
15.056779776207016 1
15.07080188716035 0
15.084823998113684 1
15.098846109067019 2
15.112868220020353 0
15.126890330973687 3
15.14091244192702 0
15.154934552880352 0
15.168956663833686 0
15.18297877478702 0
15.197000885740355 0
15.21102299669369 1
15.225045107647023 2
15.239067218600356 1
15.25308932955369 2
15.267111440507023 1
15.281133551460357 1
15.295155662413691 0
15.309177773367026 2
15.32319988432036 0
15.337221995273692 0
15.351244106227027 0
15.36526621718036 1
15.379288328133693 1
15.393310439087028 0
15.407332550040362 1
15.421354660993696 1
15.435376771947029 0
15.449398882900363 0
15.463420993853696 1
15.47744310480703 0
15.491465215760364 0
15.505487326713698 0
15.519509437667033 0
15.533531548620365 0
15.5475536595737 0
15.561575770527032 0
15.575597881480366 0
15.5896199924337 0
15.603642103387035 0
15.617664214340369 0
15.631686325293702 0
15.645708436247036 1
15.659730547200368 0
15.673752658153703 0
15.687774769107037 0
15.701796880060371 0
15.715818991013705 0
15.72984110196704 0
15.743863212920372 1
15.757885323873705 0
15.771907434827039 0
15.785929545780373 0
15.799951656733707 0
15.813973767687042 0
15.827995878640376 1
15.842017989593709 0
15.856040100547043 0
15.870062211500375 0
15.88408432245371 0
15.898106433407044 0
15.912128544360378 0
15.926150655313712 0
15.940172766267045 1
