14.004498891705985 1
14.013914404778252 0
14.023329917850518 0
14.032745430922784 0
14.042160943995048 0
14.051576457067315 0
14.06099197013958 0
14.070407483211847 0
14.079822996284113 0
14.08923850935638 0
14.098654022428645 0
14.10806953550091 0
14.117485048573176 0
14.126900561645442 0
14.136316074717708 0
14.145731587789975 0
14.15514710086224 0
14.164562613934507 0
14.173978127006771 0
14.183393640079037 0
14.192809153151304 0
14.20222466622357 0
14.211640179295836 0
14.221055692368102 0
14.230471205440368 0
14.239886718512633 0
14.249302231584899 0
14.258717744657165 0
14.268133257729431 0
14.277548770801697 0
14.286964283873964 0
14.29637979694623 0
14.305795310018494 0
14.31521082309076 0
14.324626336163027 1
14.334041849235293 1
14.343457362307559 0
14.352872875379825 0
14.36228838845209 0
14.371703901524356 0
14.381119414596622 1
14.390534927668888 0
14.399950440741154 0
14.40936595381342 0
14.418781466885687 1
14.428196979957953 0
14.437612493030217 0
14.447028006102483 0
14.45644351917475 1
14.465859032247016 0
14.475274545319282 0
14.484690058391548 1
14.494105571463813 0
14.503521084536079 0
14.512936597608345 1
14.522352110680611 0
14.531767623752877 0
14.541183136825143 1
14.55059864989741 0
14.560014162969676 0
14.56942967604194 1
14.578845189114206 1
14.588260702186473 0
14.597676215258739 0
14.607091728331005 0
14.616507241403271 0
14.625922754475535 0
14.635338267547802 0
14.644753780620068 2
14.654169293692334 1
14.6635848067646 1
14.673000319836866 1
14.682415832909133 0
14.691831345981397 2
14.701246859053663 3
14.71066237212593 1
14.720077885198195 1
14.729493398270462 2
14.738908911342728 0
14.748324424414994 0
14.757739937487258 1
14.767155450559525 0
14.77657096363179 3
14.785986476704057 0
14.795401989776323 0
14.80481750284859 0
14.814233015920856 1
14.82364852899312 0
14.833064042065386 0
14.842479555137652 1
14.851895068209918 0
14.861310581282185 2
14.87072609435445 0
14.880141607426717 0
14.889557120498981 0
14.898972633571248 3
14.908388146643514 5
14.91780365971578 3
14.927219172788046 2
14.936634685860312 1
14.946050198932578 3
14.955465712004843 1
14.964881225077109 3
14.974296738149375 4
14.983712251221641 2
14.993127764293908 5
15.002543277366174 1
15.011958790438438 3
15.021374303510704 4
15.03078981658297 3
15.040205329655237 5
15.049620842727503 3
15.059036355799769 2
15.068451868872035 3
15.077867381944301 3
15.087282895016566 5
15.096698408088832 3
15.106113921161098 3
15.115529434233364 5
15.12494494730563 1
15.134360460377897 2
15.143775973450161 8
15.153191486522427 5
15.162606999594693 4
15.17202251266696 7
15.181438025739226 2
15.190853538811492 0
15.200269051883758 5
15.209684564956024 2
15.219100078028289 4
15.228515591100555 4
15.237931104172821 5
15.247346617245087 4
15.256762130317354 5
15.26617764338962 4
15.275593156461884 5
15.28500866953415 4
15.294424182606416 4
15.303839695678683 6
15.313255208750949 6
15.322670721823215 10
15.332086234895481 2
15.341501747967747 2
15.350917261040012 9
15.360332774112278 4
15.369748287184544 9
15.37916380025681 8
15.388579313329076 7
15.397994826401343 7
15.407410339473607 5
15.416825852545873 7
15.42624136561814 6
15.435656878690406 3
15.445072391762672 9
15.454487904834938 7
15.463903417907204 7
15.47331893097947 5
15.482734444051735 5
15.492149957124001 5
15.501565470196267 8
15.510980983268533 7
15.5203964963408 4
15.529812009413066 11
15.53922752248533 7
15.548643035557596 6
15.558058548629862 8
15.567474061702129 8
15.576889574774395 7
15.586305087846661 10
15.595720600918927 9
15.605136113991191 8
15.614551627063458 10
15.623967140135724 9
15.63338265320799 5
15.642798166280256 10
15.652213679352522 9
15.661629192424787 8
15.671044705497053 7
15.68046021856932 8
15.689875731641585 4
15.699291244713852 5
15.708706757786118 8
15.718122270858384 11
15.72753778393065 9
15.736953297002914 7
15.74636881007518 7
15.755784323147447 11
15.765199836219713 11
15.77461534929198 10
15.784030862364245 8
15.79344637543651 12
15.802861888508776 9
15.812277401581042 16
15.821692914653308 13
15.831108427725574 12
15.84052394079784 11
15.849939453870107 6
15.859354966942373 8
15.868770480014637 11
15.878185993086904 8
15.88760150615917 8
15.897017019231436 12
15.906432532303702 9
15.915848045375968 15
15.925263558448233 8
15.934679071520499 10
15.944094584592765 11
15.953510097665031 7
15.962925610737297 4
15.972341123809564 10
15.98175663688183 9
15.991172149954096 15
16.000587663026362 6
16.01000317609863 5
16.01941868917089 13
16.02883420224316 5
16.038249715315423 9
16.04766522838769 13
16.057080741459956 11
16.066496254532222 11
16.075911767604488 11
16.085327280676754 11
16.09474279374902 8
16.104158306821287 9
16.113573819893553 13
16.12298933296582 15
16.132404846038085 12
16.14182035911035 15
16.151235872182617 7
16.16065138525488 7
16.170066898327146 13
16.179482411399412 8
16.18889792447168 6
16.198313437543945 20
16.20772895061621 14
16.217144463688477 10
16.226559976760743 13
16.23597548983301 8
16.245391002905276 7
16.254806515977542 8
16.264222029049808 13
16.273637542122074 11
16.283053055194337 9
16.292468568266607 7
16.30188408133887 11
16.311299594411135 14
16.3207151074834 11
16.330130620555668 7
16.339546133627934 10
16.3489616467002 14
16.358377159772466 13
16.367792672844732 11
16.377208185917 15
16.386623698989265 17
16.39603921206153 12
16.405454725133797 11
16.414870238206063 19
16.424285751278326 11
16.433701264350592 20
16.44311677742286 14
16.452532290495125 13
16.46194780356739 12
16.471363316639657 16
16.480778829711923 11
16.49019434278419 9
16.499609855856455 13
16.50902536892872 9
16.518440882000988 14
16.527856395073254 11
16.53727190814552 17
16.546687421217783 12
16.55610293429005 15
16.565518447362315 16
16.57493396043458 11
16.584349473506848 10
16.593764986579114 14
16.60318049965138 13
16.612596012723646 13
16.622011525795912 8
16.63142703886818 17
16.640842551940445 17
16.65025806501271 13
16.659673578084977 16
16.66908909115724 21
16.67850460422951 9
16.687920117301772 10
16.697335630374038 14
16.706751143446304 14
16.71616665651857 16
16.725582169590837 14
16.734997682663103 12
16.74441319573537 20
16.753828708807635 11
16.7632442218799 13
16.772659734952168 10
16.782075248024434 22
16.7914907610967 14
16.800906274168966 15
16.81032178724123 15
16.819737300313495 15
16.82915281338576 17
16.838568326458027 17
16.847983839530293 17
16.85739935260256 14
16.866814865674826 22
16.876230378747092 19
16.885645891819358 17
16.895061404891624 23
16.90447691796389 12
16.913892431036157 15
16.923307944108423 15
16.932723457180686 15
16.942138970252955 16
16.951554483325218 18
16.960969996397484 20
16.97038550946975 21
16.979801022542016 17
16.989216535614283 17
16.99863204868655 18
17.008047561758815 22
17.01746307483108 10
17.026878587903347 18
17.036294100975613 11
17.04570961404788 12
17.055125127120146 19
17.064540640192412 17
17.073956153264675 19
17.08337166633694 9
17.092787179409207 19
17.102202692481473 20
17.11161820555374 14
17.121033718626006 16
17.13044923169827 25
17.139864744770538 16
17.149280257842804 20
17.15869577091507 13
17.168111283987336 13
17.177526797059603 12
17.18694231013187 11
17.19635782320413 22
17.205773336276398 15
17.215188849348664 12
17.22460436242093 18
17.234019875493196 22
17.243435388565462 13
17.25285090163773 18
17.262266414709995 16
17.27168192778226 16
17.281097440854527 21
17.290512953926793 23
17.29992846699906 15
17.309343980071326 22
17.318759493143588 8
17.328175006215858 12
17.33759051928812 15
17.347006032360387 8
17.356421545432653 9
17.36583705850492 12
17.375252571577185 13
17.38466808464945 8
17.394083597721718 17
17.403499110793984 10
17.41291462386625 7
17.422330136938516 9
17.431745650010782 13
17.44116116308305 18
17.450576676155315 6
17.459992189227577 12
17.469407702299844 12
17.47882321537211 8
17.488238728444376 9
17.497654241516642 9
17.50706975458891 9
17.516485267661174 11
17.52590078073344 11
17.535316293805707 6
17.544731806877973 13
17.55414731995024 10
17.563562833022505 10
17.57297834609477 10
17.582393859167034 8
17.591809372239304 8
17.601224885311566 11
17.610640398383833 12
17.6200559114561 6
17.629471424528365 11
17.63888693760063 9
17.648302450672897 5
17.657717963745164 6
17.66713347681743 7
17.676548989889696 7
17.685964502961962 4
17.69538001603423 5
17.704795529106494 7
17.71421104217876 4
17.723626555251023 4
17.73304206832329 6
17.742457581395556 4
17.751873094467822 8
17.761288607540088 4
17.770704120612354 3
17.78011963368462 4
17.789535146756887 3
17.798950659829153 5
17.80836617290142 4
17.817781685973685 2
17.82719719904595 8
17.836612712118217 2
17.84602822519048 6
17.85544373826275 3
17.864859251335012 2
17.87427476440728 1
17.883690277479545 1
17.89310579055181 3
17.902521303624077 2
17.911936816696343 3
17.92135232976861 3
17.930767842840876 1
17.940183355913142 3
17.949598868985408 0
17.959014382057674 0
17.96842989512994 1
17.977845408202207 1
17.98726092127447 4
17.996676434346735 2
18.006091947419 2
18.015507460491268 0
18.024922973563534 3
18.0343384866358 2
18.043753999708066 2
18.053169512780332 5
18.0625850258526 1
18.072000538924865 4
18.08141605199713 1
18.090831565069397 0
18.100247078141663 0
18.109662591213926 0
18.119078104286196 1
18.12849361735846 0
18.137909130430725 1
18.14732464350299 2
18.156740156575257 3
18.166155669647523 1
18.17557118271979 2
18.184986695792055 1
18.19440220886432 0
18.203817721936588 1
18.213233235008854 2
18.22264874808112 0
18.232064261153383 1
18.241479774225652 2
18.250895287297915 0
18.26031080037018 0
18.269726313442447 0
18.279141826514714 0
18.28855733958698 1
18.297972852659246 1
18.307388365731512 1
18.31680387880378 1
18.326219391876045 0
18.33563490494831 4
18.345050418020577 1
18.35446593109284 1
18.36388144416511 0
18.373296957237372 0
18.38271247030964 0
18.392127983381904 0
18.40154349645417 0
18.410959009526437 1
18.420374522598703 0
18.42979003567097 0
18.439205548743235 0
18.4486210618155 0
18.458036574887768 0
18.467452087960034 0
18.4768676010323 0
18.486283114104566 0
18.49569862717683 0
18.5051141402491 0
18.51452965332136 1
18.523945166393627 0
18.533360679465893 0
18.54277619253816 0
18.552191705610426 1
18.561607218682692 0
18.571022731754958 1
18.580438244827224 2
18.58985375789949 0
18.599269270971757 0
18.608684784044023 0
18.618100297116285 0
18.627515810188555 0
18.636931323260818 0
18.646346836333084 0
18.65576234940535 0
18.665177862477616 0
18.674593375549883 0
18.68400888862215 0
18.693424401694415 0
18.70283991476668 1
