0 16.45661243404284
1 16.203988779558006
2 15.70232678765546
3 16.243576161287802
4 16.25129314022714
5 16.68554532612796
6 16.295771836367337
7 16.3006302618952
8 17.120619742533044
9 17.08295348823701
10 17.214354583170888
11 16.957426758161347
12 17.1648804095709
13 15.692324323217276
14 15.934698411278388
15 15.567749281507071
16 15.671784952600483
17 14.626002971800062
18 15.968763901339495
19 14.905966240498172
20 15.524989404793136
21 15.1019207685775
22 16.063378740774194
23 15.035572964338453
24 15.844393970499985
25 15.57604940399613
26 15.467092898302615
27 15.387538163210406
28 15.06222893527584
29 15.68136250084011
30 15.61435729805419
31 15.725936453270243
32 15.580738159731169
33 14.858265040550798
34 14.683503645154175
35 15.51409478820579
36 15.124083459098136
37 15.603576013683252
38 15.24880480483041
39 15.796040539632623
40 15.782311335808771
41 15.932254594866853
42 15.633119848129466
43 16.225816770871287
44 15.955174976307916
45 15.739818305261098
46 15.96822771347066
47 15.707648060328513
48 15.500658907009914
49 16.209899843059592
50 16.25709113821929
51 15.979961195171649
52 16.130589092559745
53 16.02074027006926
54 16.10569170612904
55 16.653736270995736
56 16.49164214913378
57 16.660817883053955
58 15.098923957647926
59 15.471498083224187
60 15.971194623746085
61 16.027523465832743
62 15.677259591506253
63 15.93705834177364
64 16.01705456093854
65 15.740160563376548
66 16.426282357603977
67 16.001676661757635
68 16.557204785475037
69 16.395337241455604
70 15.86719789083192
71 16.49146066028737
72 15.830378504484282
73 16.61867072871064
74 15.614900972217201
75 16.661948366580187
76 16.20919721007802
77 15.327532247624786
78 16.22126954053157
79 16.173319318670274
80 17.034478946856186
81 15.728017626539767
82 16.056511425868443
83 15.91573229626692
84 15.081083475025913
85 14.601272220384415
86 15.483036354857834
87 16.351187775934555
88 15.680907573360745
89 16.037718125442908
90 16.2357051522255
91 15.73849953301057
92 16.477793477019645
93 15.97627313128314
94 16.47290940595218
95 16.369911558960585
96 16.19437170196063
97 15.850974977095401
98 15.26963768806736
99 15.80078458290616
100 16.010112369247395
101 15.865203509660102
102 16.18190938257198
103 16.53683584745695
104 16.21261788121085
105 15.729303260884084
106 16.004946892166544
107 15.807694854520287
108 15.318695591968245
109 16.72775462989644
110 15.78165271054327
111 15.898617604438828
112 15.984832906280458
113 15.305270061519836
114 16.208329128738892
115 15.755855914686844
116 16.02309956893558
117 16.515317115121594
118 15.706169794224836
119 16.54357202999779
120 16.179400537183447
121 16.321268650095174
122 16.340157233046398
123 15.970527795417928
124 15.42280919472043
125 15.76278033713809
126 15.780662717952199
127 16.184254438372832
128 16.247445678182242
129 16.06564092553076
130 16.044114251356948
131 16.513842082232536
132 16.734614187805487
133 16.939098985305737
134 16.420225355530963
135 17.335461535886086
136 17.57044738830406
137 17.23947858616101
138 16.654540081244956
139 16.38211238410233
140 15.852173124817005
141 16.56849510837744
142 17.78060397412987
143 17.53916404409321
144 16.669742201825997
145 16.813198053708962
146 16.222291901439778
147 17.49884447526895
148 17.848560764780718
149 18.244964622086126
150 18.012989975374655
151 18.32876412667175
152 17.103052772285967
153 16.2445850798634
154 16.477203231394697
155 17.015119660514234
156 16.800032770533083
157 16.06345805351924
158 15.994091570955495
159 16.08837294113948
160 15.319118309110761
161 15.568568976505663
162 16.061363710566074
163 16.050842296726117
164 16.366025809849283
165 16.16314177777887
166 16.688750575498094
167 16.28048350111239
168 17.29687407842989
169 17.737228055355843
170 16.45934123153112
171 17.350220584742633
172 17.401981574955467
173 17.271792744596663
174 17.177389857187162
175 17.408672145486573
176 17.3638234754411
177 16.567003025840073
178 16.701922090840014
179 17.02588374314427
180 17.14309370134689
181 16.15057450761972
182 16.220678425294118
183 16.16632823517015
184 16.361519891992433
185 17.23568272247131
186 16.588178779496076
187 16.159192506549218
188 16.267370190661882
189 16.866493651954965
190 15.744518842988004
191 16.490401604864715
192 16.248467058215997
193 16.10965197006795
194 16.14325175879788
195 16.51006872762876
196 16.826825745074373
197 16.886979154815922
198 16.396626037387716
199 16.01779229124995
200 16.044602895467424
201 16.200772030226485
202 16.201005319574186
203 17.004610663738056
204 16.971719530575516
205 16.870952731875164
206 16.563250823576134
207 16.555027093732413
208 16.86276878715009
209 16.331755752120614
210 15.972896177078724
211 16.997970648420335
212 16.770779111687855
213 16.292848978506118
214 15.814154162403945
215 16.64382521156386
216 15.308545236564532
217 15.60063546440035
218 15.872827088332976
219 15.3810928058071
220 17.078572389557472
221 15.43424323042941
222 16.128512763581586
223 16.68003300519549
224 16.549973737841
225 16.59064838638294
226 15.570772753515897
227 15.300204330352411
228 14.894952646232024
229 16.04942096124912
230 16.55480493467564
231 15.14444877331909
232 16.775993135093003
233 17.43312203709307
234 17.30088295981814
235 15.874903162593075
236 15.9892273793621
237 17.269070316943544
238 17.0105883188388
239 16.98166838079433
240 16.97342677234376
241 18.98655024790083
242 17.27655398370151
243 17.391799055262954
244 16.73580972702851
245 16.895348222085975
246 16.447216970930032
247 16.546894181576814
248 16.307737440216428
249 17.09828336525246
250 17.484953132430835
251 16.771787065072903
252 17.25766334955239
253 16.894261234981737
254 16.500031187710455
255 16.991402596506777
256 16.997108170257672
257 16.46527376587717
258 15.785042149472641
259 16.517097606031182
260 16.224081194638863
261 15.982411361385568
262 16.00803855545711
263 15.676353908926153
264 15.362920682386232
265 15.547686916843894
266 15.527599281992506
267 15.581114743522107
268 15.004830192074559
269 15.09022202198865
270 14.790302676886581
271 15.56331192007944
272 15.71370145631838
273 15.769767237027251
274 15.10091497274302
275 14.683385706602516
276 15.539492540972034
277 14.547690832893126
278 14.361914949549023
279 14.713171197097076
280 14.67571444032095
281 15.153939429530958
282 15.114546796933674
283 15.674351351627372
284 15.082279526621218
285 14.7484361126735
286 14.99752786361537
287 15.330447975679945
288 15.621169578047729
289 15.335353854034889
290 15.920704606823909
291 14.672255379439216
292 14.27131961389755
293 14.996940172403052
294 14.321494360618244
295 14.72646033889875
296 15.341629681409989
297 14.44762003213122
298 15.05143625992083
299 15.576157010435931
300 14.725986441053456
301 15.839486883125613
302 14.574015454332933
303 13.54453156823625
304 13.4672431503057
305 13.49484565865069
306 14.359965824564688
307 13.669978290140289
308 14.32510040095458
309 14.958076258077217
310 14.823452850329849
311 14.124588630704608
312 15.065703929552772
313 14.424805032774206
314 15.193334745413228
315 14.782335421424309
316 15.25715504674708
317 15.280294316894924
318 15.536510802409156
319 15.578299786710133
320 15.147317656325157
321 15.668508492399742
322 15.857019462407324
323 15.337742315479556
324 15.048490501455765
325 14.789710794161367
326 14.759852626215947
327 14.061702575392166
328 15.379812785510696
329 15.328825998120776
330 15.002890406827625
331 15.642456636984
332 14.841236486423536
333 15.035653619184698
334 15.94048807938577
335 15.350349128636548
336 14.680587643493022
337 15.259074413055787
338 15.400034130324402
339 14.451564271626907
340 14.357427019336246
341 14.129681119692856
342 14.34514063328049
343 14.785139384277418
344 14.754857509851199
345 15.076362050938409
346 14.996457799087562
347 14.281998082345813
348 15.138168237397117
349 14.818342502764239
350 14.826218178185478
351 14.761684612368922
352 14.453782868392818
353 14.421146725010553
354 15.832082701226113
355 14.932439501380893
356 14.225165479868483
357 14.871545937588708
358 15.33528660319587
359 15.503085451464958
360 15.549979727207106
361 14.924752550134155
362 15.446746184946333
363 14.664773813907898
364 14.868309757861864
365 14.395701575897956
366 15.244058575669051
367 15.113919476713702
368 15.754793260013592
369 15.56562797702625
370 15.384438676603988
371 15.894190590611418
372 15.073868897729993
373 15.90160377571206
374 15.762568876509482
375 16.066765925961363
376 15.135564187333065
377 15.062482548731872
378 15.429252759247005
379 14.51645746784931
380 14.589388449811644
381 14.33292016719849
382 15.251202552709474
383 15.467043251517579
384 15.749851365874832
385 15.61866148524286
386 15.563399230192037
387 15.525496389488888
388 14.831834601812117
389 14.937924141494337
390 15.370483780677516
391 15.097204841129537
392 14.99062495578729
393 14.336533964473125
394 14.8483154709427
395 15.519273918593427
396 15.516240714265447
397 15.03465351782961
398 14.986340783675404
399 14.891460712545296
400 15.987865184910437
401 16.034682686145043
402 16.670094660646164
403 16.482695975926035
404 16.861753828705183
405 16.614561732618565
406 17.423902130548417
407 18.638697938680135
408 16.873677799373233
409 17.23116280430454
410 16.17451909358787
411 16.55975563680755
412 17.373554827445147
413 16.62592075632061
414 16.96916238525887
415 17.202988960999388
416 17.496859639855607
417 16.644977255695082
418 16.67829529760271
419 16.891062001815147
420 16.429214913625916
421 16.62368529537111
422 14.348892623049696
423 17.202653312549653
424 15.882937316237133
425 16.676267296411737
426 16.171866171642474
427 16.967615841693267
428 15.830372032269514
429 15.937802354298585
430 16.645407015658982
431 16.45962929415381
432 17.189084144909547
433 16.54394968733205
434 15.95527504563484
435 16.9187417573148
436 16.196510794898796
437 16.807328074703015
438 15.164230249274548
439 16.51743289823671
440 16.23755342605879
441 16.38925228322428
442 16.562334882060505
443 16.260274540377008
444 16.339289118599734
445 15.981995811628947
446 16.389885075434375
447 17.02254191641092
448 16.531715199258397
449 16.72364817172261
450 16.871135559280567
451 16.162460156618256
452 16.815425760919492
453 17.70581533611841
454 17.071008067251398
455 17.484503276107855
456 17.078400334847608
457 17.239036206686436
458 16.936128519587477
459 17.642393660722718
460 16.902233215678105
461 17.143013576916694
462 17.101214882209877
463 16.799855037302788
464 17.51274547302984
465 16.882403948175767
466 16.58148600995245
467 17.163730541995154
468 16.953455170505762
469 17.075270230744522
470 17.48995802894255
471 17.152939478003738
472 18.017998670175082
473 17.603897518307747
474 17.504443266367893
475 17.751983073145375
476 17.409152331059335
477 17.300902550598522
478 18.17346620773695
479 17.998867162220783
480 17.900906893057858
481 17.837026707439822
482 17.952101436439904
483 17.454837795789196
484 18.00989210477389
485 17.968174781177183
486 18.176754880367263
487 17.276541556934173
488 17.372487681445918
489 17.642561251402316
490 17.431710665516157
491 18.527371943732092
492 18.122619491804986
493 17.524809501855405
494 17.553618066416416
495 17.544509037623325
496 17.67996874093002
497 18.04914680025904
498 16.699654809664118
499 17.55723691142428
500 17.92565887767685
501 17.397711075393964
502 17.98597272175584
503 17.26142445483435
504 16.41283847134386
505 17.13633022201912
506 16.92309102502779
507 16.461131085163853
508 17.28934883568671
509 17.03642233358726
510 16.587599953765253
511 16.738959859042172
512 17.38689974430679
513 17.215087714065586
514 17.35903341189753
515 16.895877963170197
516 17.039289267586245
517 17.001225167056933
518 17.208477033978014
519 17.40494825452595
520 16.766988497890928
521 16.86285532145061
522 16.725169070575436
523 17.02358192481999
524 17.194556157272647
525 17.39826250717227
526 17.689451263454202
527 17.177359457151812
528 17.474818020627776
529 16.878393111603664
530 16.46182533698429
531 17.48189873030135
532 16.72094877163716
533 16.942766159749954
534 16.892553383062243
535 16.341501155786357
536 16.830243305345963
537 16.452785318182332
538 17.07611770103524
539 17.547826649100905
540 17.06276124782461
541 17.69819290621921
542 17.693959972616668
543 17.301650714893967
544 17.048968159451178
545 17.271648480683773
546 16.564472348186072
547 17.248050562345284
548 17.17296977331673
549 17.264494566744602
550 16.755964840785715
551 15.838639877594291
552 16.534664433953857
553 16.79077792542382
554 17.459571502807265
555 15.657399939815562
556 15.797901890584912
557 17.144751730915736
558 16.90549728893728
559 16.433827897148454
560 16.00997520998055
561 16.486727212157078
562 16.55820110276485
563 16.97492625686706
564 16.050685577825856
565 15.632378316780215
566 14.257676089525315
567 15.637840169806417
568 15.099645052062558
569 15.968587573208653
570 16.145528077243537
571 16.271083493851002
572 15.323011451368199
573 14.968401774190609
574 15.09137379034197
575 15.049827953448384
576 14.333549991214314
577 15.317341991025767
578 15.431782862639585
579 14.915363728891258
580 15.491034094237383
581 15.955663158113483
582 15.002149563713163
583 15.03650353579877
584 15.532184015511717
585 15.354730614370665
586 14.980012466290745
587 16.003183088589083
588 15.828982844985877
589 15.814785406867548
590 15.98613528520286
591 15.803671746052188
592 15.319267801075299
593 15.840459778411526
594 15.396124871523888
595 15.37214460361377
596 15.952692056904691
597 16.012090462982805
598 15.328402771982033
599 16.36812327648464
600 15.706288638326855
601 16.29366930926618
602 16.151127218815887
603 15.995679886307077
604 15.873298576460174
605 16.525713443875357
606 16.313601754221406
607 16.303895688581164
608 16.441614560231194
609 16.170240056299356
610 15.162113761665337
611 15.806111079755793
612 16.27962507841851
613 16.35934822795843
614 16.187280156023498
615 15.419517146217673
616 15.539615167336944
617 15.699254817886011
618 15.640553927948675
619 15.927293757228894
620 15.753300233162566
621 15.709794353741207
622 15.355175746093932
623 15.747059516121707
624 15.409092420005685
625 16.16046739919611
626 17.394800688214936
627 15.956865334425327
628 16.52092948373138
629 16.83206823235843
630 16.85879589279829
631 16.502902226463675
632 16.801863288319918
633 17.055252282614525
634 17.10695140072161
635 17.244987371452876
636 17.248605569526198
637 17.121239096468365
638 16.96514681007484
639 17.381236915072115
640 17.162028148600584
641 16.73528617416552
642 16.833017127690876
643 16.93894091452851
644 16.844560434436175
645 17.19740315894266
646 16.480837543494058
647 16.398890867873714
648 16.405369828713003
649 16.560601988429728
650 16.22818793591671
651 16.240542416787548
652 16.410122174928492
653 15.995780003777105
654 16.633040295911446
655 16.404596036223484
656 15.98174209968747
657 16.887794439095305
658 16.712444702709316
659 16.93654444295454
660 15.897573386522733
661 16.9444590446799
662 17.595697200468752
663 17.942369798516413
664 17.13164651490533
665 16.919625068307322
666 17.159701433217215
667 17.500368647406226
668 18.22257212924062
669 17.444197434356923
670 17.1101684424596
671 16.778656462474423
672 18.009376482788273
673 17.271865736737762
674 17.12190966390928
675 18.269899738949825
676 18.130409342661945
677 17.93463960977009
678 17.543433952244904
679 17.94017398102446
680 17.65755950804036
681 17.193055686866565
682 17.485525648057195
683 17.021404688885575
684 16.928300452727377
685 17.138766804321786
686 15.970905208804803
687 16.395118628618608
688 18.058635867001016
689 15.966898383530166
690 15.642341603450317
691 15.32686919025729
692 15.101329824585603
693 16.106682016130428
694 15.905810283962214
695 15.589486807278988
696 15.9603043589526
697 15.609424015055758
698 16.0795976616875
699 17.284663924056865
700 16.47903248957257
701 14.98047280830244
702 16.26772009015949
703 16.95547919782982
704 17.030189514372065
705 16.814943537675948
706 16.61882049475377
707 17.29289917674974
708 16.142009363475893
709 15.896809682369751
710 16.61150034480043
711 16.86635349831025
712 16.41857208581599
713 16.630036683487138
714 16.897283430034424
715 16.27015674479967
716 16.765865166443767
717 16.57964673805573
718 17.311265577595186
719 17.600773090322424
720 16.769030489722724
721 17.144654387670666
722 16.97265014801125
723 17.142465618425085
724 17.030648559586112
725 17.13687959666746
726 18.24639779304077
727 17.550595076783875
728 16.987668149008407
729 17.277754377742223
730 16.525576720989537
731 17.52685248238736
732 16.985772792036936
733 17.354661632237416
734 17.338434693612133
735 17.212024562958803
736 17.27861691648862
737 16.862679923296465
738 17.019449041731004
739 17.255181769991605
740 16.686954367950538
741 17.569088211032067
742 16.36228669416346
743 17.241935432189972
744 17.44876848324637
745 16.77314234909285
746 17.19793997799691
747 17.390619360231415
748 17.61625371432352
749 17.948741858159043
750 17.39427968519586
751 17.25639035040943
752 17.035112995722038
753 16.801066324792405
754 17.202922188776984
755 17.079839490165973
756 17.376941442435687
757 17.355403145083905
758 17.524914712510643
759 17.848699571673016
760 18.16087232368084
761 16.643703586629254
762 16.950046883991305
763 17.5050205760175
764 17.188422909788528
765 17.448540102242465
766 16.578237544822812
767 17.103922800734995
768 18.83158882125979
769 17.869321853440777
770 17.455607089541058
771 17.982348356511025
772 17.231134169834863
773 18.02932298853119
774 17.118639887007607
775 18.47368660587836
776 18.299087796651452
777 17.54147524838102
778 17.70625147231422
779 18.7165297609681
780 17.41502584841714
781 17.642277234019677
782 17.700886151743276
783 17.650014822383326
784 17.396132381134873
785 17.9877056640909
786 16.866662899380888
787 17.84879289586689
788 16.60898722807462
789 17.114937495659284
790 16.480924501967117
791 16.802199014584566
792 16.648099761116384
793 17.23213309473877
794 17.402578422963927
795 17.15660458217326
796 16.788376062069574
797 16.70490207229866
798 17.766499337318226
799 18.404270800003452
800 17.71542307917695
801 18.376788419776716
802 17.506930882912517
803 18.22334086133548
804 18.2049416951189
805 18.090638609077043
806 18.939479830736122
807 18.03027059938364
808 18.823972005140515
809 18.03196619793889
810 17.983980103526925
811 17.369947858830283
812 17.333398468675796
813 18.097714449819065
814 18.069106617800497
815 18.599657372925062
816 18.40239390602386
817 17.7808502034378
818 17.66545164261564
819 17.7648880234712
820 17.380615071113397
821 18.466564756071858
822 17.965952600224703
823 17.670149805451217
824 17.338099576593653
825 16.72966582267496
826 16.77667897005243
827 16.81374298922562
828 16.142293298210042
829 17.48881056503208
830 16.501311312244013
831 16.484241175354107
832 16.77944200370618
833 18.269898173212557
834 17.469279143020287
835 17.844772828524988
836 16.82897765471784
837 17.517611262404536
838 17.967094530888353
839 18.301327097236353
840 18.36865225955442
841 18.094815731539192
842 17.417511708733123
843 18.32613747466637
844 18.330269580546815
845 18.07143855881254
846 18.370124889041303
847 18.03597234084327
848 17.978753782748726
849 18.13058728230179
850 18.258880793288018
851 18.167025410361177
852 17.734086459609134
853 17.907323007633742
854 17.285060361785153
855 17.97763352666977
856 17.243793585144306
857 17.395775702519316
858 17.7716172633638
859 18.371997082284174
860 16.91111118256955
861 17.26992071361615
862 16.71699891723403
863 17.1136679052716
864 16.91917950937841
865 16.855766506240773
866 17.25840484404613
867 16.577632244520377
868 16.300716618988854
869 16.415788275959187
870 16.47713517584179
871 17.342268349033997
872 17.38239304215709
873 17.89127862492891
874 16.581025164427867
875 16.8822322448391
876 17.276878219454765
877 16.838399528439062
878 16.974214098815672
879 16.694178722433836
880 16.979102278852874
881 16.34383210483324
882 17.35686294673195
883 17.42495527365974
884 16.902825444522364
885 17.472971305528105
886 17.185172785771012
887 17.0801931423373
888 16.945853953238252
889 16.559267134650035
890 17.46227281203376
891 17.390218429413714
892 17.491766431868744
893 17.205746237879662
894 18.27987873310096
895 17.334396598104817
896 17.71109450703924
897 17.839243904125222
898 17.077877938907058
899 17.320079029277185
900 18.241875079985874
901 17.315188584223808
902 16.94394208250001
903 16.755876692688876
904 17.35519465906705
905 17.264857634398137
906 16.972408963283243
907 17.480104648839326
908 16.449251453431245
909 17.166402443274038
910 16.84329991487999
911 17.008965868598594
912 17.387743423810832
913 17.3425756450791
914 17.134378029195346
915 17.24723503135765
916 16.708676893447457
917 17.322734865806744
918 16.863914691563714
919 16.98046247010475
920 17.043783492531947
921 16.81615033566661
922 17.304678731984904
923 16.950839850630647
924 17.01467830029564
925 17.159866130745876
926 16.21239129958163
927 17.007571791999503
928 16.803280597237826
929 17.879243248538543
930 16.98768521930388
931 17.355958696953763
932 16.96871020437378
933 17.315445232417645
934 17.136278985401372
935 16.74829762661777
936 15.592210713248495
937 16.407741461795972
938 16.66087899902765
939 16.884803222423653
940 17.171292152881282
941 16.916203937640514
942 17.338346620027803
943 17.172508530849505
944 17.154537413765016
945 17.034267831224877
946 16.4886482415161
947 17.49628682475047
948 17.506045564801294
949 17.16067800208702
950 17.27604475366242
951 17.66650043209516
952 17.757118834961002
953 17.95934865527774
954 17.717160650213437
955 17.496644127853905
956 17.415191733889962
957 17.651286801971153
958 17.52125633495831
959 17.70112242533731
960 16.96872941852411
961 16.769672447706615
962 17.10682277300919
963 17.62206192000103
964 17.321807713845846
965 17.79972052463514
966 17.149496853363036
967 17.515211389913052
968 17.00777583325083
969 17.195652065011117
970 17.381485987860287
971 16.959654726798494
972 16.842059407684154
973 17.054333428847308
974 17.412674682202702
975 17.7161425005744
976 17.322891375805455
977 17.145799783201902
978 17.422786754643802
979 17.114896542847866
980 17.104680705885535
981 17.117053020381356
982 17.14289917794327
983 16.954309356147505
984 17.145956578241353
985 16.634661742549905
986 17.3992855503735
987 17.390762155052826
988 16.975734491641248
989 16.893682426558364
990 17.187530059965145
991 16.885173904373108
992 16.682644090377902
993 16.21874674138523
994 16.243984243168587
995 17.102729527081333
996 16.89329253754207
997 16.62086306105832
998 17.257215089577905
999 17.280133910401553
1000 16.714967310890074
1001 16.350941097422936
1002 16.837060929386183
1003 17.035447472822334
1004 15.845580841456723
1005 16.936696916026822
1006 16.53927414007206
1007 15.581407266235033
1008 15.713326726205777
1009 15.075458448812471
1010 15.463001394680761
1011 15.61122037877675
1012 16.676653923887336
1013 16.34250793724357
1014 15.06691236194593
1015 16.25546108361034
1016 16.957288903704644
1017 16.838896753489625
1018 15.580573516168812
1019 14.789593350902436
1020 15.299188096695756
1021 15.5134687886606
1022 15.418371283399171
1023 16.280130529573146
1024 16.87218985950485
1025 16.079730863523462
1026 15.553999158758671
1027 17.389901190789125
1028 17.034058165479703
1029 16.58560650357068
1030 17.19376734528049
1031 16.606949845758063
1032 16.63819568014111
1033 15.494400970510753
1034 15.464789140920146
1035 15.812719769066888
1036 15.195590818942183
1037 15.344727243301826
1038 16.337840699793247
1039 16.216898047300123
1040 16.177702598547704
1041 16.64232578305384
1042 16.862887685787914
1043 16.74877012325887
1044 16.500329434677347
1045 15.468257149364032
1046 15.74125665570947
1047 16.214882504593458
1048 17.10065831337737
1049 16.641505856526724
1050 16.116582379422237
1051 17.66320342621241
1052 17.091397610213328
1053 17.422748532087994
1054 16.84998380511806
1055 16.838939939395566
1056 16.861610102293486
1057 16.61727403251105
1058 15.562487272897334
1059 17.262140819583458
1060 17.507748872957773
1061 16.535959669391065
1062 15.507857333538027
1063 16.44134613334162
1064 16.470755217165888
1065 16.38435043375157
1066 16.390027732993683
1067 15.802402570655332
1068 16.58020681279583
1069 16.815676113026893
1070 15.940538129162682
1071 15.811238234712816
1072 16.33088941180363
1073 16.325755226786743
1074 16.74996762938677
1075 16.66532957543057
1076 15.898951663883723
1077 14.962351956336711
1078 15.48354720270926
1079 15.66167437790173
1080 15.998584770753409
1081 15.792013929292837
1082 15.668076160491324
1083 15.44326865573982
1084 16.274911343885357
1085 16.60818642395624
1086 16.149158886832748
1087 16.643071409627794
1088 15.862024570031927
1089 17.125202819594218
1090 15.757907463977963
1091 16.821715002376408
1092 16.425655806339545
1093 16.323280326831092
1094 16.681045262824643
1095 17.013494947715518
1096 16.994275768555706
1097 16.421555196607983
1098 17.16822175267054
1099 16.54370500595097
1100 17.225654612117225
1101 16.16370167235096
1102 17.539489721828332
1103 16.58924668351549
1104 16.868378962757312
1105 16.89742565876662
1106 16.66674050198859
1107 16.44175406779861
1108 16.17692646993082
1109 16.535417586391176
1110 15.427431494494996
1111 16.201215671554923
1112 16.237834099903555
1113 16.92117950265691
1114 15.95134058270498
1115 16.687575369582646
1116 16.30130424773577
1117 16.824980454713756
1118 16.76754375156747
1119 16.19559944173981
1120 16.89002872004704
1121 16.789748591700054
1122 16.39124828267593
1123 16.957177040125696
1124 16.60930562276677
1125 16.781147656104427
1126 16.855168499633947
1127 17.21144409526707
1128 16.88865198974844
1129 17.332446950252653
1130 17.135548176811128
1131 17.20724315961804
1132 16.86391236525048
1133 17.01268557124446
1134 16.821836464704305
1135 17.23741148924018
1136 17.36299375972366
1137 16.87929678663354
1138 16.367458360568147
1139 16.825708199747186
1140 16.62555816064553
1141 17.228781230712368
1142 17.412910690673968
1143 17.540361210323734
1144 16.620013166491184
1145 16.938493138395945
1146 16.423958367581065
1147 17.168170141550405
1148 16.70805956262557
1149 16.92294885305887
1150 16.47816756360229
1151 16.388577809425357
1152 16.358117236359238
1153 16.506739101833602
1154 16.570417756583236
1155 16.89520591840902
1156 17.063845871524514
1157 16.89449895665581
1158 16.93281915396774
1159 16.092171317245302
1160 16.640427062023882
1161 16.812397856061832
1162 16.947573004644354
1163 16.656274278645572
1164 16.623581854323223
1165 17.19156005377749
1166 16.60357168206514
1167 16.63991156909231
1168 16.98294456115263
1169 16.942891420596172
1170 15.823749941617752
1171 16.869464460307146
1172 16.710963095404207
1173 17.023002915879623
1174 17.063093921000156
1175 16.91040602279067
1176 16.68548946651307
1177 16.491668037378087
1178 16.99921075922938
1179 16.48104674501649
1180 16.717231954284763
1181 16.79105016249464
1182 17.418120106153356
1183 16.92232099729628
1184 16.8524791899402
1185 16.65341311983655
1186 17.088287367510286
1187 17.594718904704614
1188 17.057000289078132
1189 17.206047092300096
1190 16.992344422357654
1191 16.84251397144432
1192 16.364500382231547
1193 16.253101108970835
1194 17.29268096398614
1195 17.010765795201102
1196 16.771235103481644
1197 16.940202058453956
1198 16.384840179030597
1199 16.568481309049144
1200 15.509804516949378
1201 16.34996310741194
1202 15.764496746721383
1203 15.835686600545305
1204 16.082966413279824
1205 15.727823637928486
1206 15.657359718634966
1207 15.216944357333098
1208 14.939053563393935
1209 14.999386697005596
1210 14.889497855128017
1211 14.87258102490557
1212 14.81642951167025
1213 15.134775523202816
1214 14.816952916247653
1215 14.943309023469839
1216 15.106789867824437
1217 15.152680486972598
1218 14.61056341320127
1219 15.235162351871974
1220 15.469732177865115
1221 15.674564425396168
1222 15.806881040216195
1223 15.668078631403791
1224 16.19110887620763
1225 15.942799638336513
1226 16.054057912985247
1227 16.303837839597172
1228 16.584867792741157
1229 16.63642792252092
1230 16.686359738186958
1231 17.109814630781894
1232 16.865194488144603
1233 16.752708602165125
1234 16.824877191850128
1235 16.70112435095698
1236 16.99180168087561
1237 16.716521798869934
1238 16.927521098848697
1239 16.431439344245476
1240 17.034089171387517
1241 15.792056871624188
1242 16.441698878240462
1243 16.731422221962532
1244 16.59506665035947
1245 17.11890536381336
1246 16.735071255958157
1247 16.129871335406563
1248 16.35694551484943
1249 16.40458259154149
1250 16.995232626348937
1251 16.024938635768837
1252 16.534871291817904
1253 16.20720330632761
1254 16.78303296522968
1255 17.186614453387655
1256 16.17241520450479
1257 16.49753982418189
1258 16.463510573246595
1259 17.017880080097807
1260 16.322332981207936
1261 16.271938878068156
1262 17.024478663153634
1263 16.508692077841363
1264 15.45751472867486
1265 16.742575842656684
1266 16.547108363993
1267 15.688247604408357
1268 16.27607823126728
1269 16.207764453516074
1270 16.24201710561463
1271 16.125895367030747
1272 17.0370651374915
1273 16.619526745794694
1274 16.627472252011916
1275 17.169514960459562
1276 16.818842552356443
1277 16.879958743657582
1278 16.486967412543333
1279 16.443276862148863
1280 16.46507530514512
1281 16.87131476168509
1282 16.826286474989402
1283 16.809840595448318
1284 17.559245686053536
1285 17.144516819403595
1286 17.334629450257445
1287 16.416951158830766
1288 16.89100841868947
1289 16.570260114430663
1290 17.37743386858441
1291 16.77299138713663
1292 16.928405519655616
1293 17.024109596244543
1294 16.656144298405778
1295 17.358212000008116
1296 16.825872057934053
1297 17.102801526635666
1298 16.30252468046738
1299 16.604944770580957
1300 16.521700896087815
1301 16.09919863294442
1302 16.800442286550943
1303 17.10401030611536
1304 17.01405783953115
1305 16.83737059753771
1306 17.179507238823227
1307 16.945159305909733
1308 17.230772567160834
1309 17.016223398346792
1310 16.812822289766014
1311 17.48270019918258
1312 16.583534808970537
1313 16.28687509256983
1314 16.609115130644106
1315 16.581044764142526
1316 16.844222010857017
1317 16.97885727094738
1318 16.557446389244053
1319 16.648013828815067
1320 17.051261404627393
1321 16.64148692281139
1322 16.375140700329695
1323 17.367331003906138
1324 16.754243282786305
1325 17.346613237057486
1326 17.168630696387808
1327 17.323990754423992
1328 16.747063740502057
1329 16.896869110191464
1330 16.923558861642427
1331 16.76433708177256
1332 16.625102167332432
1333 16.61412254665348
1334 17.0077968877333
1335 16.76250355029967
1336 17.00629080692964
1337 17.07589454164392
1338 17.055757712424622
1339 16.97416157795313
1340 17.2103387677163
1341 16.867094658598152
1342 16.776386532388372
1343 17.517921769009686
1344 17.266957919980932
1345 16.629130912703037
1346 16.858264182931205
1347 16.999666334686818
1348 16.46852780380313
1349 16.644263665184567
1350 16.574550720566446
1351 16.807424082747545
1352 16.967297783850885
1353 16.37634894211876
1354 16.1481486344848
1355 17.161207749431043
1356 16.63038017473769
1357 16.518053115357013
1358 16.874939421638853
1359 16.624865220499974
1360 16.945605810732715
1361 16.658846758910535
1362 16.644634592121548
1363 16.73807896590877
1364 17.228763347177946
1365 16.91139939639611
1366 17.227384424867076
1367 16.90081350921703
1368 16.503400644537884
1369 16.936525788649508
1370 17.256888697538148
1371 16.845089686509688
1372 17.459016731237497
1373 17.16333212370708
1374 17.11038979474594
1375 17.171510737003018
1376 17.619589347030356
1377 16.84407025524186
1378 16.69025128181772
1379 17.294559012055036
1380 17.158664855939207
1381 17.135431166985928
1382 17.084042169986322
1383 17.83191514103827
1384 17.188702180946894
1385 16.805267186551944
1386 16.838714288637174
1387 17.3437269365888
1388 17.381495565613108
1389 17.36742977668815
1390 17.284145121211022
1391 16.665183321848453
1392 16.75950408490803
1393 16.500708409583005
1394 17.06004253690395
1395 16.723003201592544
1396 16.567226435002993
1397 17.589993603573596
1398 17.114862926573654
1399 16.571126187752697
1400 17.432544523469527
1401 16.988343973087144
1402 16.69343288763021
1403 17.206698094738375
1404 16.30980511470792
1405 15.92518806496663
1406 16.750081519935023
1407 16.384346344339537
1408 16.36708344899383
1409 16.65373965685837
1410 16.833414659525854
1411 16.56085531676763
1412 16.620990051893884
1413 16.011837042818787
1414 16.07102338051777
1415 15.933199701559106
1416 16.37514001756013
1417 16.162627784019502
1418 16.214649848706177
1419 16.595396261486883
1420 16.3193551887172
1421 16.248370502129635
1422 16.198370220781623
1423 16.384163338893206
1424 16.060565711977787
1425 16.18496078013488
1426 15.785672225647302
1427 16.637874796167264
1428 16.953455555247473
1429 16.510994119000923
1430 15.717055889656761
1431 16.63937414736071
1432 16.024442404944505
1433 17.153759699277412
1434 16.373660887965244
1435 15.87178165818374
1436 15.744248773649634
1437 16.523191049447075
1438 16.58669748712384
1439 15.795867480021812
1440 16.533189753594844
1441 16.772820815307128
1442 16.91825966587121
1443 16.850067533404843
1444 17.01623439762412
1445 16.32780210011423
1446 16.916263916966003
1447 17.058487338903948
1448 17.415005468168314
1449 16.881195407311942
1450 16.717918733564574
1451 16.76401694767906
1452 16.968820419836767
1453 16.35171163324384
1454 16.89330975048065
1455 16.5857993048854
1456 16.632081004397886
1457 16.719994892615148
1458 16.95239840112697
1459 16.932938047167
1460 16.833924057612617
1461 16.036106207398845
1462 16.593325865940315
1463 16.767086273233936
1464 16.47029878121144
1465 16.745072099169313
1466 16.89871864797115
1467 16.88730039220381
1468 17.158659667169353
1469 16.717719702736172
1470 16.407275892286076
1471 17.121890428315634
1472 16.771796152726488
1473 16.982421529775507
1474 16.762945387462292
1475 17.31043164621408
1476 16.861222481118215
1477 16.8810050541618
1478 16.95220702489145
1479 17.090987401755832
1480 16.47242479113221
1481 16.63058289791267
1482 16.212855920755114
1483 16.976376278040888
1484 16.422533550863992
1485 17.044297901689983
1486 17.25049853104924
1487 16.71493023017663
1488 16.35270868701284
1489 17.243852206393726
1490 17.36528968467837
1491 17.172929120950407
1492 17.247855994459638
1493 17.33832049504677
1494 17.556859205328607
1495 16.86104259735436
1496 16.912769580879193
1497 16.659844307736094
1498 16.938285731454872
1499 16.749350468332796
1500 16.83923307872162
1501 16.371511130398694
1502 16.954389329228217
1503 16.68425803528267
1504 16.657506689575094
1505 16.392894112915354
1506 16.85154228439894
1507 16.72324999416208
1508 16.81171215507213
1509 16.561859374482577
1510 16.024293823459523
1511 16.693810900952883
1512 16.464501239581452
1513 16.25431721320326
1514 17.278013022199747
1515 16.79940436392436
1516 16.63389454056111
1517 16.890035144537787
1518 17.16746424654228
1519 17.288698310294045
1520 17.10451328786686
1521 16.418777153227968
1522 16.86024945768712
1523 16.59447189523595
1524 17.28069339663729
1525 16.274054558190564
1526 16.809630618769923
1527 17.016987014128627
1528 17.185408830729926
1529 16.622879656443835
1530 17.31820271206127
1531 17.11941515589855
1532 16.738147997185326
1533 16.99891468704783
1534 16.94580244361464
1535 16.87445183075713
1536 17.40667610015115
1537 17.157330903466253
1538 16.338917088229184
1539 16.879602304729058
1540 16.155105027003508
1541 16.646642978724966
1542 17.11411749642776
1543 17.25183472168686
1544 16.63452527951041
1545 17.321512931117713
1546 17.330412389649812
1547 18.052151399978477
1548 17.372734990987176
1549 17.730055717678752
1550 17.07909582966569
1551 16.9942827480322
1552 17.39168055934715
1553 17.019629381769672
1554 16.81575520002832
1555 17.230534957057525
1556 16.60585322723718
1557 16.412407440234922
1558 17.214045251610283
1559 16.623622625222364
1560 16.844557524614377
1561 16.34243585553848
1562 16.701881767477822
1563 16.29093433789247
1564 16.687222611544925
1565 16.501647079615463
1566 17.03330025000236
1567 16.65345022022496
1568 16.755057512239635
1569 16.743059796721745
1570 16.60591479864862
1571 17.490370437119225
1572 17.796105182701883
1573 17.260796225665032
1574 16.988953400143078
1575 17.972478124539204
1576 17.560232761950026
1577 17.22770811008755
1578 17.16875394670747
1579 17.627753746577316
1580 17.436154045623784
1581 16.377502488435297
1582 17.50659955962974
1583 17.48741237411252
1584 17.268153961473878
1585 17.27871577920708
1586 17.336898809068394
1587 17.916740149011833
1588 17.49052591951649
1589 17.64415844445535
1590 16.794093076857717
1591 17.369845693569523
1592 17.096183473865693
1593 17.13849847836167
1594 17.299426366740263
1595 17.577764369997638
1596 17.448177297081102
1597 17.52062810872415
1598 17.47943103439156
1599 17.215730370587426
1600 17.011781835855746
1601 17.967569176605387
1602 16.997858332145658
1603 16.98672345464198
1604 16.770039056743734
1605 16.888345754187167
1606 16.94434246334167
1607 17.501387761428578
1608 17.28421594693936
1609 17.133595381707508
1610 17.749998896119063
1611 16.650318929282655
1612 16.71030300442252
1613 16.771795324087332
1614 16.566110597463645
1615 17.559595572019596
1616 17.34627221735554
1617 16.847575945512204
1618 16.701784880924023
1619 16.416718415149518
1620 17.048007681460327
1621 17.073067641553983
1622 17.65343139050048
1623 16.642588342697824
1624 16.553073756430383
1625 16.71283122302722
1626 17.477077615856064
1627 16.822896061385453
1628 16.927893398863564
1629 17.206355343091275
1630 16.903149738368093
1631 17.42664853568662
1632 17.259188862569594
1633 17.407656572052947
1634 16.96208375057564
1635 17.236734861991753
1636 17.351255606197803
1637 17.181861670563734
1638 16.819861931111078
1639 16.15218918432325
1640 17.529435265404686
1641 17.520031638748264
1642 17.195783932322403
1643 16.56109874315109
1644 17.333387987336003
1645 17.8304516122773
1646 16.795897446989162
1647 17.079365915261903
1648 17.28146096465832
1649 16.929879188230284
1650 17.117429065503423
1651 16.85726121263618
1652 17.151533652822422
1653 17.017849317097994
1654 16.561539943434507
1655 16.9587147949347
1656 16.937195131511682
1657 17.187606792475496
1658 17.350968221057727
1659 17.12830478293378
1660 16.99761382912552
1661 16.46169944599667
1662 16.991021588630858
1663 17.405207448022118
1664 17.115152149266564
1665 17.612354091804825
1666 17.404872772510497
1667 16.716203943569006
1668 17.04072484107444
1669 16.756376846178693
1670 17.082908073856164
1671 17.219593432941924
1672 17.344979909975155
1673 17.220159047189693
1674 16.867118093063166
1675 17.140753989569827
1676 16.390861109847794
1677 17.044287040954256
1678 16.604936677211953
1679 16.76318547491453
1680 17.05744431543658
1681 16.818310001705303
1682 16.877878643403886
1683 16.97114007213861
1684 17.199126986477204
1685 16.791959177699468
1686 16.720522858636716
1687 16.930280010551076
1688 17.098887292581534
1689 16.584358974547797
1690 16.838109285641377
1691 16.55131118513605
1692 16.672287344303058
1693 17.214641512378332
1694 16.579997290363103
1695 17.261675065434364
1696 16.842410429460593
1697 16.888415193639787
1698 16.971408884707934
1699 17.550635493658767
1700 16.950830427225384
1701 17.62146147877301
1702 16.970676577012213
1703 16.778549745828567
1704 16.792800061470928
1705 16.659208332635547
1706 16.90753384581547
1707 17.520236198220378
1708 16.968047604256306
1709 16.708973385108294
1710 17.2917864075172
1711 16.742807484882505
1712 16.833669101643146
1713 17.185867415196586
1714 16.80734626428864
1715 17.532445989658033
1716 17.255144891238917
1717 17.189145924797465
1718 17.276764498287296
1719 16.78013701792303
1720 16.83789990049369
1721 16.91840940170035
1722 17.036842523972414
1723 17.22215930922294
1724 16.84899709688222
1725 16.75922771627654
1726 17.028147406527754
1727 16.316936252116005
1728 17.115666422891746
1729 16.85133353700591
1730 17.268077529120752
1731 16.667627941821614
1732 17.12892476722432
1733 16.739180416610914
1734 17.00954287629754
1735 17.28291877167609
1736 17.06302414148519
1737 16.8454547985213
1738 17.02660347453833
1739 16.56469950815473
1740 16.793307125464842
1741 16.760953784716275
1742 16.841645560398263
1743 16.791175263102307
1744 17.41486025916177
1745 17.206574088273157
1746 17.259454446218978
1747 17.15012175297331
1748 16.598074638244192
1749 16.586079835758404
1750 16.56423613878225
1751 16.855229913615503
1752 17.00074151661361
1753 16.656754877025065
1754 16.322684414051306
1755 16.933088418587367
1756 16.821190732613733
1757 16.759529026909913
1758 16.509209263882486
1759 16.749681942454327
1760 16.78077973173265
1761 16.77357998577668
1762 17.1083495145148
1763 16.885293523704846
1764 16.761295097002396
1765 16.97098034937579
1766 16.670900652517535
1767 17.027417952072977
1768 16.28400231394207
1769 16.691156141830604
1770 16.912445810151752
1771 16.810068835780655
1772 17.057486214462614
1773 17.290199188509867
1774 16.764202900665854
1775 17.169939622231883
1776 16.478403678077257
1777 17.11583567458446
1778 16.587397003350272
1779 17.07315911727914
1780 16.838000351074427
1781 16.999588876585218
1782 16.884053385604886
1783 16.952211840205095
1784 16.540464297538715
1785 17.002985524620968
1786 17.157374751553643
1787 16.854871294076425
1788 17.100501018154837
1789 16.75846822911867
1790 17.04550402969008
1791 16.731795708476188
1792 16.56744189379798
1793 17.07838320962759
1794 16.727423255143368
1795 16.383310623528295
1796 16.875513099645957
1797 16.537140965027685
1798 16.68291032688234
1799 16.74291493331517
1800 16.925072302767223
1801 17.10230793851552
1802 16.631925423190072
1803 17.03580198800269
1804 17.056909826374685
1805 16.833203177430637
1806 17.33602062569528
1807 17.630226252455987
1808 17.125582428532237
1809 16.96145483785628
1810 17.332129611328295
1811 17.398922081955345
1812 16.70948495004724
1813 17.141246608538285
1814 17.030193003346604
1815 17.70687518167049
1816 16.95054147145472
1817 16.893733119860357
1818 17.27645246016643
1819 17.14615321131479
1820 16.99534195845068
1821 17.283004776238798
1822 17.118176285499434
1823 17.513717759342786
1824 17.445507786884207
1825 16.9718144939604
1826 17.116645893025897
1827 17.0747818903659
1828 17.621460270929237
1829 16.812721907409717
1830 16.94013392066421
1831 17.136276267020286
1832 17.07045509797427
1833 16.654321916896006
1834 16.98605675848804
1835 17.104391551029074
1836 17.194557025588782
1837 16.995417527651284
1838 17.346821487630464
1839 16.863724393421343
1840 17.10296652188147
1841 16.729181449610728
1842 16.730899209032554
1843 16.728125626919653
1844 16.735249006973362
1845 16.915728668043613
1846 16.632365766292327
1847 16.471067761578546
1848 16.844272030778754
1849 16.945955090661304
1850 16.698507892728554
1851 16.85130196614209
1852 16.80739629586913
1853 16.670361675927964
1854 16.49914083190185
1855 17.067969280983966
1856 17.165841217145672
1857 16.875019696324937
1858 16.783650740941187
1859 16.697511562776995
1860 16.69575267100593
1861 16.794375037238744
1862 16.999502995772033
1863 16.628949026981388
1864 16.82523972937458
1865 16.796894867965968
1866 16.86678550754062
1867 16.4950605038378
1868 17.016932733967206
1869 16.704708061081753
1870 17.03981583679597
1871 17.136947649044053
1872 16.788772727892972
1873 16.56668378049561
1874 16.655980490066415
1875 16.558412341923773
1876 16.620478056380612
1877 17.103777392437575
1878 16.61172976359853
1879 16.560795792731707
1880 16.61236870515821
1881 16.797827999068
1882 16.85442635472273
1883 16.705687010945965
1884 17.22172046749898
1885 16.893430166249704
1886 16.491519311684733
1887 17.194249499598143
1888 16.735849571296608
1889 16.27813394109717
1890 16.836844648390557
1891 16.867419422213853
1892 16.669301851347374
1893 16.890237305074496
1894 16.87852860945796
1895 16.997585427567717
1896 16.40913167355662
1897 17.02629613560431
1898 16.71322016554311
1899 17.089751347514273
1900 16.61921489413476
1901 16.67047261643499
1902 16.7097226633427
1903 16.74529437815717
1904 16.610496774481746
1905 17.06615567049491
1906 16.963714880938365
1907 16.876915365777784
1908 16.778826310436337
1909 16.845016623486572
1910 16.559013592088426
1911 17.13382530596866
1912 16.860768891508403
1913 16.902713505432835
1914 17.01210278413144
1915 16.805214288318112
1916 17.25920743866709
1917 16.833312445377004
1918 16.81222233997311
1919 17.15941635723887
1920 16.786458049300116
1921 16.98388575103912
1922 16.917474778277874
1923 17.10967236633968
1924 17.113014088665945
1925 16.706892752097467
1926 17.175184413547623
1927 17.410008833249833
1928 16.784972576980092
1929 16.521257267796937
1930 17.18823236014629
1931 16.755286510681024
1932 16.95815461537813
1933 17.061843400954775
1934 17.173123913205377
1935 16.759857840902416
1936 16.6154412807037
1937 16.532085566751448
1938 16.951574128809142
1939 16.791256138080268
1940 17.00057915954538
1941 17.59229298266858
1942 16.53879299530838
1943 16.60818433275248
1944 16.83317304156556
1945 17.000942711197833
1946 16.554282023160507
1947 17.234849160009517
1948 17.002599272756893
1949 17.419761243212672
1950 16.914336854149628
1951 17.090357469969504
1952 16.6752853078471
1953 17.039270420253093
1954 16.804633837580077
1955 17.316334726108035
1956 16.97037245974852
1957 17.00585881280354
1958 16.75532483200902
1959 16.669980263733496
1960 17.742702400586964
1961 16.812226063381132
1962 16.639469877913992
1963 17.000715845564866
1964 17.363565544369397
1965 17.453624090780036
1966 17.548269925027228
1967 17.23176073322652
1968 16.768700904799722
1969 17.232706302289362
1970 16.952640029526105
1971 17.15544933374386
1972 16.97641186652954
1973 17.8626045041512
1974 16.90478363820885
1975 16.908422995392897
1976 16.503842139505863
1977 17.08467705084202
1978 16.862948069475596
1979 16.707637288897725
1980 16.979318060709307
1981 16.383644540107646
1982 17.062839340121393
1983 16.313598613897206
1984 17.301691488794063
1985 16.495492755892773
1986 16.37195695865744
1987 16.6923079533221
1988 17.246093681184334
1989 17.505614931231143
1990 17.33501291321734
1991 17.368890205735386
1992 17.03954269236666
1993 16.737889843986945
1994 17.248808169183192
1995 17.005880092062124
1996 17.118187628223488
1997 16.772243629135648
1998 17.22944597963671
1999 17.937164030970674
2000 16.967078894404374
2001 17.238232612751972
2002 17.207950928520876
2003 18.180652631300752
2004 17.464274751958374
2005 17.510640611088743
2006 17.363510256572958
2007 17.541474992953
2008 18.482239140158025
2009 17.21257301393345
2010 17.730709884929347
2011 17.422198334377192
2012 18.339844347309946
2013 17.705073054520106
2014 17.08182926153845
2015 16.1784076927347
2016 17.23892940281172
2017 17.293566712344795
2018 16.860268145310297
2019 17.262737816966172
2020 17.31679727551855
2021 16.600803446203674
2022 17.183027900793103
2023 17.94804606643765
2024 17.917512249088
2025 17.875469490549516
2026 17.71529849660095
2027 17.764724868374
2028 17.753968606603234
2029 17.058685978043464
2030 17.813408598844134
2031 18.179914109858178
2032 17.1799482463667
2033 16.993430067306154
2034 17.9134752639204
2035 17.62378268519547
2036 17.74376384408642
2037 18.345607297929394
2038 17.560387235257565
2039 17.605643038807525
2040 17.76559924574313
2041 16.91153430292226
2042 17.04549640383679
2043 17.56326616160942
2044 17.00339053054428
2045 17.140094035184784
2046 17.54928248261708
2047 17.40972520014621
2048 17.87317549676703
2049 17.250377201204664
2050 17.97545271669263
2051 17.21993761284554
2052 17.044320337227436
2053 17.25077282581214
2054 17.498964517401355
2055 17.24972591382046
2056 17.40279479631622
2057 17.60957329254854
2058 17.16759687037833
2059 17.044002550670008
2060 17.33401539813871
2061 17.65249203669808
2062 16.83525188873683
2063 17.122549484582052
2064 17.423541937190414
2065 17.404711823876905
2066 17.236996273422314
2067 17.351720802742243
2068 17.927962143699794
2069 18.0403678651029
2070 17.3928459141457
2071 17.08754335080016
2072 18.221747614324503
2073 17.81259964189109
2074 17.86052355748287
2075 18.22933404555835
2076 17.33910222563835
2077 17.617231397343108
2078 17.44185726825424
2079 17.90797129766216
2080 17.3228895560268
2081 17.42007255639481
2082 17.662970093363317
2083 17.806524408172532
2084 17.405017742702217
2085 16.81630733390774
2086 17.023558757294673
2087 16.45788262535079
2088 17.4906013287984
2089 17.076789269863053
2090 17.480543144404173
2091 17.3320903564727
2092 17.47116683493424
2093 17.41250401449439
2094 17.900705978620046
2095 17.950740289865752
2096 18.367539138215744
2097 17.398887591785126
2098 18.292371643567186
2099 17.787613487348363
2100 17.344919143258835
2101 17.447992760383762
2102 17.45827192582194
2103 17.403823232644097
2104 17.733843555783878
2105 17.544964791947663
2106 17.246137435372017
2107 17.41166459936026
2108 17.028944648094505
2109 17.176893772319094
2110 16.932997460808785
2111 17.175401811966232
2112 17.077036207820154
2113 18.01084270850542
2114 18.088493139899438
2115 17.45843425827834
2116 17.77609596754928
2117 17.32600663621415
2118 17.564476909560263
2119 17.985104389880583
2120 18.00771705492888
2121 17.758831354197902
2122 17.81729145151595
2123 17.72032071162101
2124 17.604296072144667
2125 18.06459184418884
2126 17.716262237481057
2127 17.732044975876253
2128 18.369124277036544
2129 18.568619271964085
2130 18.29437306694263
2131 17.863790704549412
2132 17.46462596490258
2133 17.960593476271292
2134 17.44189673716467
2135 17.58503379982413
2136 17.58346861643688
2137 17.78655252240662
2138 17.871173387450426
2139 18.039815704488735
2140 17.8595125053293
2141 17.097927947505962
2142 17.269045753872003
2143 17.484459898770794
2144 17.965411596369336
2145 17.416410293733012
2146 17.669118646032757
2147 17.66265189549399
2148 17.333812293798605
2149 17.65737316941273
2150 17.70588607594074
2151 17.201818909823704
2152 17.741147557433973
2153 17.466795246380006
2154 17.471228158958237
2155 17.115684449232397
2156 16.78081625677108
2157 17.306427110371956
2158 17.004740010434883
2159 17.174155693647638
2160 17.11130246468148
2161 17.418433580943237
2162 17.039862051494577
2163 17.216263761248275
2164 17.712287923981574
2165 17.528946514457136
2166 17.93958978678326
2167 17.537669397531623
2168 17.774099821768175
2169 18.034091639539195
2170 17.72471235945338
2171 17.840602082331323
2172 17.640443191498814
2173 17.927771110053065
2174 17.28587875336355
2175 17.426912832118244
2176 17.855764014879497
2177 18.512546782941836
2178 17.70633938822219
2179 18.268809223925867
2180 17.057922498280778
2181 17.863376298980484
2182 18.25339283250778
2183 18.016258420025515
2184 17.940016246413435
2185 17.518922329678453
2186 17.18447524352418
2187 17.73110055031396
2188 17.675262307125283
2189 17.199208540807415
2190 17.962344425363714
2191 17.789946020286678
2192 17.134785526979883
2193 17.201263236436876
2194 17.840632954608317
2195 17.733689542535274
2196 18.064613406521275
2197 17.472737246947197
2198 18.170975148495206
2199 17.557699644369997
2200 16.998010482760233
2201 17.42763515786932
2202 18.0001559083963
2203 17.755359550700728
2204 17.59371435806372
2205 18.173352474696266
2206 18.230609112296932
2207 18.26795567810015
2208 17.81304455075357
2209 18.37479432978472
2210 17.990963245772498
2211 17.58970921095036
2212 17.594381406587132
2213 17.34570420842395
2214 17.181944878366615
2215 17.463179010733576
2216 16.832805129558785
2217 17.763271357113613
2218 17.972681056389707
2219 16.988491474361165
2220 17.245516211191465
2221 17.79860711580768
2222 17.61257342929529
2223 17.037483872941937
2224 17.14697348970786
2225 17.056888156411993
2226 17.459976807146322
2227 17.13489473633899
2228 16.949378242463343
2229 17.725192263697064
2230 17.284329248307206
2231 17.585668375958008
2232 17.462248541527313
2233 17.665350873383023
2234 17.65872512957896
2235 17.39644991445906
2236 17.251657850020937
2237 17.82317887117323
2238 17.27550339540907
2239 17.744087233600272
2240 17.026379583284136
2241 17.24381484589347
2242 17.43185990476171
2243 17.217508116944177
2244 16.81004759521218
2245 17.401889933743913
2246 17.14403982727302
2247 17.372374572078858
2248 17.462878379668172
2249 17.446276331953975
2250 17.41427052642764
2251 18.01835367570119
2252 17.471507999392248
2253 17.63475288672245
2254 17.564257997394268
2255 18.095655268833468
2256 17.4980881711653
2257 17.279308241338363
2258 17.27258201234159
2259 17.559067101806882
2260 18.003469461319522
2261 17.459117811137673
2262 16.896478309793345
2263 17.564758866810482
2264 17.522032650743224
2265 17.89583473609273
2266 17.625571234496647
2267 16.851229240961523
2268 17.657956336226256
2269 16.71611874030294
2270 17.75679225904753
2271 18.223324858777108
2272 17.249624077572044
2273 17.87218000248475
2274 17.61771144528331
2275 18.25325779154595
2276 17.83805591493257
2277 17.463149115854424
2278 16.783204175654763
2279 17.03934411713915
2280 16.747971739527596
2281 16.71635789059348
2282 17.640634520457915
2283 17.518176455298278
2284 16.7755624888361
2285 16.85673091162715
2286 17.00404312769745
2287 18.00258412587919
2288 17.31081330476013
2289 17.47846365249736
2290 17.81979421848714
2291 17.97483234551008
2292 17.83761601560842
2293 17.5123669354779
2294 17.881942500451487
2295 17.80466903823451
2296 17.87393847660563
2297 17.708898361039253
2298 17.91823436690956
2299 17.4247117445329
2300 18.13227753921367
2301 18.36139712500922
2302 18.182099049789624
2303 18.067804211659105
2304 17.55071289517032
2305 18.579348809604088
2306 18.158016734032625
2307 17.455278843455684
2308 17.666324917860226
2309 17.95195941406044
2310 17.917793020856646
2311 17.599146215473162
2312 17.431434485278654
2313 17.330358035296666
2314 17.786735821662884
2315 17.294716854031144
2316 17.566695262151857
2317 17.098316290024172
2318 17.44959275986413
2319 17.342550648044664
2320 18.255841711993416
2321 18.0378015433985
2322 18.353318121788902
2323 18.3271850881823
2324 17.88697592937957
2325 18.54527895160448
2326 18.264062559108268
2327 18.02437075099077
2328 18.285694182111225
2329 18.13083415562613
2330 17.723736959889823
2331 17.563940359572154
2332 18.52637129798272
2333 17.747970781956393
2334 18.285828077138866
2335 17.887812300060364
2336 17.99025628252876
2337 17.28317293160545
2338 17.46807443465502
2339 17.726015554858883
2340 18.068676477045152
2341 17.59540099264995
2342 18.452950908933165
2343 18.232579771
2344 16.999298303844043
2345 17.565223788327987
2346 16.925137156779513
2347 17.506393912691998
2348 17.757208975759895
2349 17.89690138097291
2350 17.76990586265542
2351 17.489527588022884
2352 18.001851913426265
2353 17.501174635482947
2354 18.26372666239954
2355 18.620483793441597
2356 17.97668832561489
2357 17.97859196465115
2358 18.05210592340731
2359 17.864078942738498
2360 18.232121572471552
2361 17.194196398531965
2362 17.92951022214769
2363 17.626876068401504
2364 17.355050565371567
2365 17.34584395697315
2366 17.934088365174524
2367 17.777376499359576
2368 17.51049030894926
2369 17.548456193566455
2370 17.57363340166264
2371 17.66456719172527
2372 17.338589337348182
2373 17.41252215888629
2374 17.1585656642961
2375 17.71160744293568
2376 17.147818910383396
2377 17.721119877821806
2378 17.675048529892784
2379 17.782118100103453
2380 17.197204824863437
2381 18.140087494835186
2382 18.104857187763297
2383 18.27607023813047
2384 17.913732339584474
2385 17.82901284297504
2386 18.58046513686063
2387 18.140663592968238
2388 17.72214377614917
2389 17.201503677118033
2390 17.997774433633083
2391 17.39992813346456
2392 16.925039912800038
2393 17.8924167367647
2394 17.60953036509226
2395 17.986119012667668
2396 17.997458830273388
2397 17.935272830463155
2398 17.17401800251817
2399 17.255729879397613
2400 17.665214007101746
2401 17.599277048372375
2402 17.58310816060611
2403 17.696730123418963
2404 17.08478360198699
2405 17.80114417666893
2406 17.47014267954939
2407 17.696489437403706
2408 18.026698169286455
2409 16.86260659453097
2410 17.071319777279506
2411 17.65388964865313
2412 17.097403447140834
2413 17.684884437553684
2414 17.681447991961296
2415 18.42641300078697
2416 17.465182598116204
2417 17.95230801838905
2418 17.632775525343067
2419 17.129365387411408
2420 18.030768583261263
2421 17.76628642462543
2422 17.980427397364252
2423 17.98351340307288
2424 17.13318058961548
2425 16.93904848552102
2426 17.54299885281433
2427 16.356529160927202
2428 17.93784518439897
2429 17.0060309340016
2430 17.455507370150652
2431 17.63622648256622
2432 17.717484960294644
2433 17.570245445563195
2434 17.548674874487958
2435 17.491209167733896
2436 17.368715509220856
2437 17.825174056705002
2438 17.608878084275958
2439 17.559556280242322
2440 17.220476803014098
2441 17.773562921909946
2442 17.72169304720919
2443 17.43147517163257
2444 17.693262918575883
2445 18.131116443525162
2446 17.75216000620965
2447 17.93492717263668
2448 17.734786183007948
2449 17.963229990820235
2450 16.761969397950978
2451 17.116588263279223
2452 17.351900535744303
2453 17.53420096932737
2454 17.666181345135122
2455 17.549383658765233
2456 18.075191618251868
2457 18.07099175398549
2458 17.884829859122984
2459 17.134305483901763
2460 17.60236177957523
2461 18.133869283587934
2462 17.832812041642164
2463 17.249233488554285
2464 17.763272038046892
2465 17.57288738521343
2466 17.37536877605877
2467 17.644746779878126
2468 17.731762704272782
2469 17.89214105063037
2470 17.88062078382392
2471 17.589833691734338
2472 17.45228165055738
2473 17.72854925701442
2474 17.745868210157894
2475 17.736189196249054
2476 17.819269667435556
2477 17.701351378845022
2478 17.594661146411635
2479 17.751123691782816
2480 18.012402604296437
2481 17.800655096530463
2482 18.088618004805827
2483 18.43526135657751
2484 18.166369962966083
2485 18.47699985322296
2486 18.202646569243903
2487 18.044584095909787
2488 17.650836582445113
2489 17.752931597274635
2490 17.34479672296072
2491 18.050448501088695
2492 17.465247276935926
2493 16.44711190174152
2494 16.99491306856584
2495 16.969392936910353
2496 17.6425499388666
2497 17.258542615625014
2498 17.697864249913874
2499 17.659108229880182
2500 17.754627049109818
2501 18.18933375190118
2502 18.18521166759062
2503 17.765229149647773
2504 17.34994049662007
2505 17.46876457999387
2506 17.62242986797795
2507 16.66877108741273
2508 17.368694121610183
2509 17.701058149747695
2510 17.4659292309814
2511 16.70762368037232
2512 17.31003285125224
2513 18.158029397377565
2514 17.54399841149523
2515 17.420055008995742
2516 17.33375953457749
2517 17.57684465449284
2518 17.475987227667044
2519 17.516472937858158
2520 17.939385571582232
2521 17.863245045584236
2522 17.53513877167591
2523 17.644881752881364
2524 17.827855865099128
2525 17.852902513026315
2526 17.138135863579233
2527 18.2094315930387
2528 17.878973517212174
2529 18.408182626397988
2530 17.94349958257233
2531 17.329841751507857
2532 17.901983834171393
2533 17.162150021095
2534 17.562473334580723
2535 17.333435346181105
2536 17.000830976191796
2537 17.4277880736589
2538 16.79140898292804
2539 17.62904356960539
2540 17.573456332583
2541 18.03334885415465
2542 17.574586785035628
2543 18.100420783133607
2544 17.66962614714425
2545 17.55319656083499
2546 17.440915899371298
2547 17.259417073623013
2548 17.12298338954873
2549 17.249742775579417
2550 17.210313334180004
2551 17.11502516169195
2552 17.10560819776355
2553 17.04202211442888
2554 17.310935435956328
2555 17.70034877493057
2556 17.445646148566656
2557 17.46755405268012
2558 17.53111326212411
2559 17.063956385260074
2560 16.791438178369045
2561 16.743710342087248
2562 16.485917430008655
2563 16.73610353463196
2564 17.553659883883835
2565 16.92556933147165
2566 17.448891499788193
2567 17.326609376812428
2568 17.60815542113437
2569 16.466570018280617
2570 16.83155974960733
2571 16.615883202481605
2572 17.287866091474527
2573 17.23660051391051
2574 16.711733529190088
2575 17.56513500063673
2576 17.456127452785797
2577 16.6298027427355
2578 16.975275851256242
2579 17.534900845229316
2580 17.73377650932091
2581 16.85286279316037
2582 17.494178414388635
2583 16.859106451729946
2584 16.464486208406807
2585 16.940431820109186
2586 17.489352630187664
2587 17.238276895048248
2588 17.299844830933644
2589 17.988229607514842
2590 17.355845921318693
2591 17.701484485272513
2592 17.757018469139098
2593 18.76340977857868
2594 17.934628503936015
2595 17.350239960872326
2596 17.576314267179555
2597 17.85215057536121
2598 17.764067634503423
2599 17.676892838732375
2600 17.569518963086942
2601 17.55799138531812
2602 17.98198662691331
2603 17.4890378531054
2604 17.5637996921438
2605 17.266505538225413
2606 17.081443720828787
2607 17.15725663206937
2608 17.457315087158253
2609 17.275800651283166
2610 17.4888829126267
2611 16.654957155110292
2612 16.787239195662334
2613 17.431822911943318
2614 17.17045599732975
2615 18.16508556782813
2616 17.47936613920483
2617 17.409499973122042
2618 17.753100541060725
2619 17.372769814020817
2620 17.682490426427144
2621 17.167206182836914
2622 17.54241236406327
2623 17.057626806032324
2624 17.501727040232016
2625 17.552074462349378
2626 17.89208653296885
2627 17.518834606845974
2628 18.242657467931593
2629 17.677369527342197
2630 17.58711282922466
2631 17.949875966686133
2632 18.03587495735893
2633 17.795060891284336
2634 17.671900383595542
2635 17.27268879941943
2636 17.934369062010997
2637 18.226732430026015
2638 17.534340032799655
2639 17.60811189116189
2640 17.670361957587627
2641 17.148625140149235
2642 17.98931798364096
2643 17.992923254525287
2644 17.358496092004813
2645 17.696464448140382
2646 18.0101638789419
2647 17.415076751336507
2648 17.431004608451993
2649 16.583607181713994
2650 17.183254632971092
2651 18.099540795164042
2652 17.164090351269103
2653 17.84596853502032
2654 17.897850742746552
2655 17.405444178654232
2656 18.272920271877812
2657 17.983394568791578
2658 17.517428658187555
2659 18.218550512583754
2660 17.589314457227005
2661 17.404245694275662
2662 17.08751250907945
2663 17.115521080115947
2664 17.252457771424808
2665 17.376723046584452
2666 16.498378060188692
2667 16.995397912536923
2668 17.82651781972547
2669 16.809193020330444
2670 17.77135804745104
2671 17.334223620783632
2672 16.654316731839675
2673 16.918455984890013
2674 17.186335463530416
2675 17.403798641405388
2676 16.881917474985652
2677 17.58107729447278
2678 17.55232829620932
2679 17.672676506003526
2680 16.887195323160373
2681 16.978167051915825
2682 16.732592640641027
2683 17.365291826384453
2684 17.561757529948956
2685 17.798594896315215
2686 18.220138160516058
2687 17.58903184543755
2688 17.02656005611686
2689 17.924065305065522
2690 17.100750058019734
2691 18.354396479490124
2692 17.73383830119947
2693 17.34128907959163
2694 17.980012593699847
2695 17.051307978908838
2696 17.177496482619016
2697 17.98713711146369
2698 17.202320396037
2699 17.94218786547051
2700 17.395549283648784
2701 17.243602242310967
2702 17.425480751328934
2703 17.592725763549808
2704 17.383528781688142
2705 17.56115714367231
2706 17.054246340398358
2707 17.199761078947112
2708 16.71761012676306
2709 16.71426115558076
2710 16.391323044578346
2711 16.731993850938853
2712 17.35291794874455
2713 17.09472412544758
2714 16.896506894281952
2715 16.905582577694556
2716 17.317628090835882
2717 17.494799484332926
2718 17.718586122279802
2719 17.328565062115327
2720 17.599903680129554
2721 17.19809657869739
2722 17.10368334274058
2723 17.218133990273177
2724 16.976093548622227
2725 17.37267003698819
2726 17.05709809609111
2727 17.37779660772792
2728 17.569100378432648
2729 16.854856393170852
2730 16.98174316869459
2731 17.311696947747524
2732 17.34035177806682
2733 16.927820999706963
2734 16.94646370180587
2735 17.251531993161137
2736 17.470224276791093
2737 16.647672101326588
2738 16.833528503725297
2739 17.290898792730115
2740 16.850146239580674
2741 16.96960028802131
2742 17.292226572759258
2743 16.652653527316367
2744 17.194191883371165
2745 17.462737688154096
2746 17.408149119218095
2747 16.993680636500578
2748 17.774797877859235
2749 17.737251598693717
2750 17.006401833358957
2751 16.984814304750458
2752 16.912932520269443
2753 17.815818829466025
2754 18.20017156135651
2755 17.319850322237805
2756 17.39874780572506
2757 17.40687444021992
2758 17.811714238210385
2759 17.776286789240018
2760 17.26404524527718
2761 17.609528856011654
2762 17.26461034725657
2763 17.284742316415937
2764 17.51458884127516
2765 16.577063846078232
2766 17.361506495942418
2767 16.708470727503755
2768 15.704940959903594
2769 16.04896877565105
2770 17.234885621283865
2771 16.970613589826694
2772 17.641228599180728
2773 16.558495509638295
2774 17.455991526350864
2775 17.70221037257214
2776 16.870257896550516
2777 17.35149698505523
2778 16.756697581587638
2779 17.110640418549007
2780 16.878854969382136
2781 17.189142701195642
2782 17.31029309235995
2783 17.769123651202616
2784 16.963631746749087
2785 16.834759940227816
2786 16.770297156509645
2787 16.577866543018814
2788 17.781276819741233
2789 16.827163791812698
2790 17.302606603943833
2791 16.26092407207144
2792 16.921040297731313
2793 17.05294821637192
2794 17.912673713875442
2795 17.311830999618675
2796 16.953858813679833
2797 17.041852507584103
2798 17.020738591878377
2799 17.49082660600504
2800 17.73909494775602
2801 17.691396030310557
2802 17.60591860790963
2803 18.197076258596837
2804 16.843375241137256
2805 17.548778345435426
2806 17.82299152599285
2807 18.134258009391765
2808 17.66436048387976
2809 17.004581183535016
2810 17.04282276327797
2811 17.163650295209234
2812 17.66811680627592
2813 17.568802982056905
2814 17.743982584802733
2815 17.691391847487218
2816 17.78370814657336
2817 17.701325673974466
2818 18.077594016345476
2819 17.69562960712006
2820 17.442272086094533
2821 17.155583054509645
2822 17.98979473409805
2823 17.775922675034316
2824 17.73507299516263
2825 17.276797032822653
2826 17.394411491300392
2827 17.742403060052734
2828 17.846942070897406
2829 16.995256291828483
2830 17.667040666869543
2831 17.97863547599909
2832 17.987217845426883
2833 17.634041859702936
2834 17.95490909250591
2835 18.3050904038589
2836 17.26656485429042
2837 17.258087124652437
2838 17.12917966390219
2839 17.863294946033722
2840 17.381205372142126
2841 17.059764547140837
2842 18.056385050337827
2843 17.544301027171418
2844 17.553257957170242
2845 18.048336180515577
2846 18.177791763816625
2847 18.015380237897862
2848 18.593497699257956
2849 17.641025271926804
2850 17.900425650602905
2851 17.65976320693453
2852 17.887696494518384
2853 18.81173864976665
2854 18.094645277170937
2855 18.27668965388805
2856 17.635325675586994
2857 16.503474466473193
2858 17.256176484842925
2859 17.353474896193653
2860 17.198682368168587
2861 17.10934063923161
2862 17.641009250604696
2863 17.569170272633894
2864 17.70745779554506
2865 16.860915196583722
2866 17.66638968560943
2867 17.402582077989756
2868 17.98777332954933
2869 17.861527609609514
2870 17.693382465322376
2871 18.074226521340776
2872 18.49774674693028
2873 18.284466683780348
2874 17.731257223641308
2875 17.95786536620955
2876 17.845381974130063
2877 17.717778715968358
2878 17.662552851024394
2879 17.77254230289077
2880 16.931986462218358
2881 17.265747644691224
2882 17.31252266839764
2883 17.453142870597496
2884 17.421312283456523
2885 17.794152296777543
2886 17.54316891284939
2887 17.871461239232232
2888 17.99693229200209
2889 18.085930773426135
2890 18.23952488432263
2891 17.835139780819947
2892 18.09724182247153
2893 18.135575867977632
2894 17.884431309115197
2895 17.71309684504017
2896 17.840974560298054
2897 17.847209453442517
2898 17.691129737536748
2899 18.3015704307495
2900 17.25819460869913
2901 16.88473101695531
2902 17.471963193370733
2903 17.339383638152018
2904 17.869135086857945
2905 18.19644881610235
2906 18.310409745046424
2907 17.696331068162614
2908 18.190019467408437
2909 18.008125669287086
2910 18.035325234323764
2911 18.08589139637418
2912 18.50855882070543
2913 17.98152473628067
2914 18.54566651892685
2915 18.438652708668677
2916 17.902016015604
2917 18.054850754166797
2918 17.102880977789578
2919 17.72779416710589
2920 17.88315380446163
2921 18.056386143881387
2922 18.53612988165427
2923 18.501842346392092
2924 18.02362232059977
2925 18.468852052899763
2926 18.94405941301902
2927 18.097863285900896
2928 18.57465803245532
2929 18.086175794039782
2930 18.538721455444964
2931 18.162826871681766
2932 18.359491452131817
2933 17.334966439737393
2934 17.856385027415953
2935 17.982538412716234
2936 17.449456891318963
2937 18.035072666822035
2938 17.437328746019055
2939 17.761750822205716
2940 17.083456566420494
2941 17.72538849072408
2942 17.484522890147773
2943 17.86933171139374
2944 17.231070806456092
2945 17.96707362538787
2946 18.056855039612948
2947 17.618224941132446
2948 17.837149282199192
2949 17.02722198043196
2950 17.509174021088608
2951 17.745333493069662
2952 17.644279882573432
2953 18.098926441034
2954 18.001990152137477
2955 17.773598188868366
2956 17.59220154975562
2957 17.66511170909278
2958 17.2170323755251
2959 16.86759898745325
2960 17.268570873646627
2961 18.053580962539375
2962 18.11422841636866
2963 17.73092903440016
2964 17.730953654836156
2965 18.092436082792744
2966 17.754926358853726
2967 17.45904360927819
2968 17.90183921128274
2969 17.909103296773207
2970 17.29256736890347
2971 17.374233525928783
2972 17.27772161706026
2973 17.240717555850576
2974 17.577184114306153
2975 17.4023186641201
2976 17.42231194319842
2977 18.075540880692085
2978 17.268489427793906
2979 17.76578996676177
2980 17.292463994694284
2981 17.020245638471007
2982 17.258994675753794
2983 17.201692256478196
2984 16.457205826638504
2985 17.579946092035048
2986 17.073106961508785
2987 17.12662365858802
2988 17.294879312994503
2989 17.475682429151075
2990 17.329573455841537
2991 17.657411101618255
2992 17.267649174168227
2993 17.47952564144526
2994 16.65167781049943
2995 16.53956189597428
2996 16.783298582505754
2997 16.866737649712793
2998 17.55265880507446
2999 17.59200390592413
3000 17.23674866139993
3001 17.867862701975138
3002 16.82063217014854
3003 17.418313343260525
3004 17.549019473388515
3005 17.04495413968849
3006 17.796470034269174
3007 17.751792612953658
3008 17.347082154652135
3009 17.534776641028298
3010 18.367763933514592
3011 16.978710317083838
3012 17.01216572857211
3013 17.769088639579195
3014 17.271131677340385
3015 17.661357840763493
3016 17.330689810909252
3017 17.434963543234474
3018 17.818234857742954
3019 17.81796230858563
3020 16.93061000174964
3021 16.789423077521494
3022 17.21444071919805
3023 17.480473913704376
3024 16.72262820139272
3025 16.808380844400205
3026 17.421571972331012
3027 17.528409501745273
3028 17.074498410146173
3029 16.960795161262496
3030 17.48255007849617
3031 17.530442430676725
3032 17.76644558434495
3033 17.841580631306556
3034 17.587896020880933
3035 17.770980846454638
3036 18.032857998656528
3037 18.083756565855413
3038 17.967658026038716
3039 18.414509553655286
3040 18.281569376952238
3041 18.29987646694643
3042 17.683631131140277
3043 17.816027048804866
3044 16.898203584381548
3045 17.66442965759306
3046 16.8211746136872
3047 16.432189445773695
3048 16.998783251266126
3049 16.827807469415323
3050 17.270699267371356
3051 17.39550867766796
3052 18.117412016056484
3053 17.63386461207581
3054 17.87285569880153
3055 17.367306074546633
3056 17.928184740767335
3057 17.723530462423604
3058 18.14079346453873
3059 17.722897742181974
3060 17.642926401249234
3061 17.939239899142972
3062 17.23037715365425
3063 17.643221883646255
3064 17.280657631527212
3065 17.874094999246
3066 17.36408866317722
3067 18.061740133107076
3068 17.796349897357974
3069 17.40638269578504
3070 18.041282045429327
3071 18.386405827932467
3072 18.052859126386366
3073 17.744135675436254
3074 17.931326481799605
3075 17.99309266335918
3076 18.152837387022124
3077 17.954918482401812
3078 18.051019025181645
3079 18.340654932418325
3080 17.909210911798972
3081 18.084610674580166
3082 18.08930007993994
3083 17.65679635694707
3084 17.52227888726537
3085 17.903664261755754
3086 17.040215608641542
3087 17.84893134133214
3088 18.458502842374518
3089 18.70223654404512
3090 18.16243347946588
3091 17.6626629070391
3092 18.016209899882256
3093 17.609190770840236
3094 17.973185388302795
3095 17.119696427152498
3096 17.732904244875858
3097 17.915333612731164
3098 18.104881044825454
3099 17.848272110558668
3100 17.95636669345881
3101 18.180762966972754
3102 18.03494329839333
3103 17.872407995603258
3104 16.50781071412804
3105 16.493151563270438
3106 16.99539793715987
3107 16.907684861266507
3108 16.3700109589392
3109 15.939598469638478
3110 15.228378558938966
3111 16.716878563471834
3112 16.22277821935404
3113 17.371273263156144
3114 16.706281008848624
3115 17.74936360967282
3116 17.26108146425283
3117 17.992870516853493
3118 17.070910983934038
3119 16.742114916687395
3120 17.624423237074584
3121 16.510247701814173
3122 17.169407920662128
3123 16.88971043345275
3124 17.051193783867195
3125 16.53173683609587
3126 17.47154186400817
3127 17.877230427676942
3128 16.62784008291403
3129 17.325653660078736
3130 17.220360853644042
3131 16.995566276897474
3132 17.096285121179537
3133 16.750284377796934
3134 17.347143000348858
3135 17.144478531110963
3136 16.69618427461471
3137 16.87639922429518
3138 17.07423621089665
3139 16.913608324203352
3140 16.634579663035932
3141 16.980122685855115
3142 17.2791649083531
3143 17.11891837826191
3144 17.17949841029293
3145 16.805963093743237
3146 16.835415876490405
3147 16.17470413156156
3148 16.62289754604993
3149 15.878105639677615
3150 16.243128818053087
3151 17.058545083891985
3152 16.860921750965982
3153 17.517528994133972
3154 17.08922537361201
3155 16.341635480905563
3156 16.74283530476073
3157 16.962411568545367
3158 16.92102762052728
3159 16.11350428094024
3160 16.667969322429215
3161 16.91313391083812
3162 17.487163024037386
3163 16.27653463730435
3164 16.347719308121654
3165 16.59561573164495
3166 16.634859864140633
3167 16.522349860272403
3168 17.22066954841045
3169 16.640837955572824
3170 16.801733152498063
3171 17.013965135353235
3172 16.89081017097596
3173 16.58840698672521
3174 15.842766354922361
3175 16.204868521594296
3176 16.995511972358937
3177 16.45501237164197
3178 16.963497126177607
3179 16.6567695873409
3180 16.261058428507393
3181 16.959930057274388
3182 16.592183325518697
3183 17.61321275666876
3184 17.626432964088952
3185 18.315667310263255
3186 16.875454741141546
3187 16.81197912421028
3188 16.933832848149695
3189 16.942476852556972
3190 17.134335553418612
3191 17.39689688442069
3192 16.42510592378033
3193 16.439134691556255
3194 16.859754316260872
3195 16.84483560191558
3196 16.588162597095078
3197 16.388978450672802
3198 17.513965526254346
3199 16.267619655391748
3200 16.48548379579797
3201 16.736468093133887
3202 16.391737780662154
3203 16.203732466893054
3204 16.657371711994458
3205 16.54178991126297
3206 16.107535151570048
3207 16.34159957331099
3208 16.521861296602957
3209 15.555020842259786
3210 15.848232361283376
3211 15.715498929451623
3212 16.26900228305814
3213 16.30367384123356
3214 16.871069322761322
3215 16.384119558951166
3216 16.766715531544378
3217 16.762622742836417
3218 17.38047006019666
3219 17.060924602306965
3220 17.002148051830375
3221 16.620108577589196
3222 17.235737690610407
3223 16.91151615248106
3224 17.017051450030394
3225 16.81140836282305
3226 15.86680512759714
3227 16.723614179247985
3228 16.835252039058982
3229 16.026130619709505
3230 16.544292413611416
3231 16.741595190323782
3232 17.293152238106604
3233 16.3998490938567
3234 16.17714941025235
3235 16.521699832779525
3236 16.51935369023478
3237 16.933314464703887
3238 16.54223384224641
3239 16.511730918490617
