0 8.910644608201771
1 8.961930931888107
2 8.535842153319594
3 8.530452001243129
4 9.11776228115812
5 8.709228300918502
6 8.248280714638357
7 8.592168706042392
8 8.620585412564255
9 8.72174135312581
10 7.981146825157469
11 8.088017616045873
12 8.65326105883149
13 8.897938806492975
14 9.404297481727577
15 9.018236776809802
16 8.340236077112158
17 8.471131443370895
18 8.230535263872117
19 7.007813093908118
20 7.5014277458940555
21 8.077178522034908
22 7.862802938683358
23 7.9936837245447
24 7.570368160201892
25 7.962701765937279
26 7.701564306920758
27 8.522437102515989
28 7.439468376212638
29 7.6328777503838685
30 7.976901915979175
31 7.426922194994119
32 8.061810191893183
33 7.3956755074517675
34 7.979380600814871
35 8.593487980249218
36 8.150111811407854
37 8.55381958919287
38 6.612968599005553
39 7.873514949370034
40 7.777836492659563
41 7.856497933849605
42 8.103627888085946
43 7.804557640463844
44 7.794073214159696
45 7.971283768732201
46 7.258073509807795
47 7.813086893484745
48 7.514514144901855
49 8.06888137436659
50 7.483089428224837
51 7.585255758982659
52 7.560077197841777
53 7.506318025131189
54 7.812191978123569
55 7.869253265431582
56 8.297700389009714
57 8.067171647858663
58 7.453190378380561
59 7.941298568525467
60 7.685116398588076
61 7.39139716698619
62 7.2282368021806045
63 8.039841911795646
64 7.111919620424911
65 7.767166069362129
66 8.101788926418632
67 7.546550577488915
68 7.386635796800192
69 8.36344130678021
70 7.239309159711747
71 7.38891426524948
72 7.447935609274231
73 7.880625286938951
74 7.552445747027134
75 7.450734344050631
76 7.719166075217526
77 7.824278236894843
78 8.125541136642347
79 7.834072438016514
80 7.139469813324293
81 7.164561890318054
82 7.6653650849224775
83 7.382333943396719
84 7.132059288001793
85 7.28127053285609
86 6.9433714726627445
87 7.52848580351898
88 7.66558791594027
89 7.582056421491421
90 7.598573801516164
91 7.380909376960758
92 7.567727525570574
93 7.375431451540673
94 7.609478369537799
95 7.235870843386534
96 8.44689428074173
97 7.406317371196539
98 7.741538647482094
99 8.019105700397347
100 7.515631735134512
101 7.442954039716647
102 8.088342995715744
103 7.840395939392801
104 7.469184911289997
105 7.160246435203606
106 7.908377269705976
107 7.353877316425769
108 7.512355064833483
109 7.91646258612242
110 7.900691725365968
111 7.91548592247821
112 7.751443446689739
113 7.852901090319485
114 7.767475876293862
115 7.221251451296421
116 7.785881747151017
117 8.296324727784079
118 7.148322884894946
119 7.304092302382474
120 7.090529033262981
121 6.8006543943503255
122 7.5628212376537975
123 7.361738522408413
124 7.029461426460926
125 7.516064331498488
126 7.377153545644894
127 7.170207098960298
128 7.773443741480837
129 7.017058620840748
130 7.509113701006047
131 7.155001807076432
132 7.421335745289064
133 7.041953480657482
134 7.866754691100534
135 7.750690484177927
136 8.263443997491034
137 7.120309643662684
138 6.672552943033993
139 6.740488535687752
140 7.301312856487542
141 7.1547034907212685
142 7.649950777712269
143 7.423933099968041
144 7.924379469316842
145 8.153026357841277
146 7.007615015664671
147 7.507076669066236
148 8.208951714861232
149 7.830054767620794
150 7.843993882965557
151 8.218652731842642
152 8.110614855661396
153 7.470144880652365
154 7.140869891261849
155 7.864488378137627
156 7.893277923888636
157 7.551074487189636
158 6.64278404795535
159 7.564718357672522
160 7.4951551415487385
161 6.8364948175826585
162 6.864509456342338
163 7.1814991112324575
164 7.261281244357146
165 7.540540086130522
166 7.120907110322188
167 6.864581066652684
168 7.849655387469404
169 7.264130319471067
170 7.492249272249054
171 7.947991634871169
172 7.624107788377679
173 8.054231333553851
174 6.930949840088405
175 7.229783354519647
176 7.681012464729902
177 7.094281506996738
178 7.594102082041453
179 7.526282787666176
180 7.1145078994311195
181 7.206023546936475
182 7.164152345125018
183 6.690695311249296
184 7.292447866533804
185 7.467690922973033
186 7.369492145242448
187 6.9910338291530225
188 6.917871456723694
189 7.529749357096253
190 6.761715240782623
191 7.4162689869517395
192 6.649925435316946
193 6.876495206082107
194 7.652542292414155
195 7.30137682925115
196 6.487814324410969
197 6.853105779418961
198 7.5065164549857215
199 7.112133494498416
200 7.72563502263785
201 7.125407094840378
202 8.118828672005959
203 7.74570816990435
204 7.555587611782275
205 7.447961750424362
206 7.276780660465033
207 7.26883373016627
208 6.980209949951785
209 7.624598528300562
210 7.82289796991748
211 6.978069346908004
212 7.309184506175538
213 7.008262737580545
214 6.540783029117732
215 7.331523745725936
216 6.806480300841391
217 7.444458344890271
218 7.695583539099642
219 8.190655173587945
220 8.072833767558556
221 8.534635760908381
222 8.258399227450479
223 8.703456513304143
224 7.965792963992446
225 8.491501400375515
226 8.280763235595856
227 8.373815521187158
228 8.256379765054648
229 7.715250829564324
230 8.04913614758761
231 8.35989811074765
232 8.710061488689973
233 7.88832826296918
234 8.154860246788713
235 7.398326465904301
236 8.25060970193587
237 7.791568753352002
238 8.255975428702031
239 8.026614235092557
240 8.066803399060586
241 7.743694824971645
242 7.936787347998895
243 8.088965448035806
244 7.494013321076541
245 7.9849234129663085
246 7.812198612465434
247 7.634818696044956
248 7.587320843113268
249 7.619554401104377
250 7.81185791993117
251 8.56249432728534
252 7.704866106418593
253 7.879332608888524
254 6.997042917706574
255 7.702760893902416
256 8.033751080580132
257 8.194465887541597
258 8.162468025128664
259 7.650100001825471
260 7.44388232650992
261 6.973633704398659
262 7.4465880626229035
263 7.065124090967771
264 6.761939745125017
265 7.2413331825955
266 6.650517679175088
267 6.951643993341379
268 7.75575832044247
269 7.6727922812836304
270 8.154332712979944
271 8.068548589301145
272 8.133424162763715
273 7.878421335582842
274 7.988271300783811
275 7.865283525896288
276 8.185264202372393
277 7.683127070456433
278 7.812131063835299
279 8.411219024077672
280 8.254593035659097
281 8.418831306980648
282 8.168433439420554
283 7.900544734381317
284 6.867572879398833
285 8.425892993254207
286 8.569353350468988
287 8.878819701180685
288 7.964879993296542
289 8.77540301738894
290 8.396074684987097
291 8.429237551236222
292 8.382711328727396
293 8.742088825067285
294 8.007481256023024
295 8.733663446795804
296 8.448673695081974
297 9.071440501510338
298 8.850093480766274
299 9.1046819561833
300 8.761221083706642
301 9.170563621950093
302 8.904081227297702
303 9.144083941377438
304 9.549305565545454
305 8.568046781440021
306 8.969775215712446
307 9.166339788767727
308 8.879737392362301
309 8.711757091850453
310 8.965460215443857
311 8.141306651136654
312 9.061598419221454
313 10.002748034133369
314 9.242572155615193
315 9.584582913467006
316 8.895160564527842
317 9.509817705010441
318 9.190413660827389
319 8.19197389419362
320 9.228206932720454
321 9.608854573573673
322 8.57053167962064
323 9.531121324841843
324 9.035817115973245
325 8.971339146261013
326 8.812952642388815
327 9.633983027774045
328 8.905085472724297
329 9.30402650532104
330 8.814963692838825
331 8.411179417222437
332 9.28550168539805
333 9.630910992729204
334 9.059007204719679
335 8.995814975966358
336 9.482693692078977
337 8.824140349027939
338 9.98801952955025
339 9.53624482228786
340 9.3764630172681
341 9.637802823485815
342 8.32578880785124
343 9.58514010242165
344 8.791173905176947
345 9.359684811622312
346 8.608307880610703
347 9.134015558646094
348 8.674369014906588
349 9.736135494032183
350 8.024394195498392
351 9.279388772130961
352 9.202711955247398
353 10.137355269922768
354 9.47910662075412
355 9.783931568031432
356 8.985306641034821
357 8.352443421948712
358 8.674367030639845
359 9.266009448266395
360 9.151248447729298
361 8.139686414482275
362 8.874748029288696
363 8.670419895450781
364 8.9055339320411
365 9.472266930911255
366 8.985587779396349
367 9.613512342721267
368 8.700583812731496
369 9.423835036444448
370 9.472361308516232
371 9.981617089288806
372 9.036144740624465
373 9.667947289336059
374 9.821392674811776
375 9.535598908057663
376 9.580896042782454
377 9.798654641903587
378 9.906002418113273
379 9.655664488812313
380 9.537381082699419
381 9.57789704355785
382 9.303518946376283
383 9.227872412866622
384 8.946501293342529
385 7.645324084636365
386 7.357067997699199
387 8.070148949512557
388 6.8629953490503555
389 7.325451480566898
390 7.551189270823295
391 7.8330408412120045
392 7.7844488973033705
393 7.4778918909945045
394 8.271242514072677
395 7.745966642777767
396 7.556666991840682
397 7.358546488889539
398 7.667331988298061
399 7.648223629113794
400 7.500908384796625
401 8.249942343574286
402 7.744025478195529
403 8.405656990933913
404 7.990761721825864
405 7.509427115631228
406 7.534972986629611
407 8.139630144485235
408 6.910863471313934
409 7.785375474241069
410 8.296059082428153
411 7.940735725112157
412 7.456781266415815
413 8.065385486881663
414 8.496121392844385
415 8.671913614711407
416 7.408292191514299
417 6.961009772084759
418 7.798200373347114
419 8.45056376267876
420 8.731802279682892
421 8.299843189683079
422 7.252992360344754
423 7.935459253449641
424 7.78921664435525
425 8.346586791986963
426 8.22551553216048
427 7.2993398779628675
428 7.879704570920901
429 7.144073248414189
430 7.1803149794998005
431 7.678096556403659
432 7.8801326132032665
433 7.872993576434444
434 7.809163848838798
435 8.22956639648699
436 7.227861739638839
437 8.133484812192863
438 7.823909142476357
439 7.492061978217474
440 7.433841396170181
441 8.161982964714847
442 7.715893013946486
443 7.46031451826573
444 7.478292477698423
445 7.264176877353452
446 7.535514879498488
447 7.24742343702067
448 7.625657716938269
449 8.175830012795055
450 7.992325192740128
451 7.621586504570309
452 7.9093978388613655
453 8.16375896499942
454 7.572924908391111
455 7.605908751576046
456 8.146318212086907
457 8.066042670039705
458 7.821919632103128
459 8.091849817365132
460 7.979521040270731
461 7.6993451963043364
462 8.214375488641608
463 7.5343792216991226
464 8.523576611242065
465 7.551137536099272
466 7.882237124128637
467 7.895126281623655
468 7.995848560294464
469 7.569117344267632
470 7.90534251382914
471 7.747904673506933
472 8.020440611393182
473 8.462807814946789
474 7.776423993010861
475 7.976011104095435
476 7.8420543158464575
477 7.714175792707004
478 7.87530053812032
479 7.5436528570517565
480 7.679882475558291
481 8.030805173876942
482 8.082132832472071
483 7.799561973097485
484 7.633552013171663
485 8.356398777248415
486 7.831392957174428
487 7.260978930279402
488 7.336274578669425
489 8.059307989873206
490 8.34729135989918
491 8.088267601812733
492 8.008892192593867
493 7.846799427717108
494 7.353661501813939
495 7.64486642279003
496 8.297421559136884
497 7.883946794642797
498 7.296475857358624
499 8.324812048208628
500 7.477088847076064
501 7.851912650793882
502 7.6461500599332926
503 6.938311503409975
504 7.116038813176169
505 7.1991763187934446
506 7.396202426361602
507 7.569267929876042
508 7.202577158526084
509 7.389282053005929
510 6.801410462358125
511 7.451553646759876
512 7.330928288743913
513 7.030606321896626
514 7.094766692881647
515 7.176420772043387
516 6.907909654535645
517 7.256945567600162
518 7.398875316720882
519 7.5131470787705625
520 7.422779059910216
521 7.5014873091329735
522 7.663416452878956
523 6.989342766381302
524 7.185348448020348
525 7.884479857405758
526 7.213980608823579
527 6.957291756033365
528 7.022225342547939
529 7.944007200632676
530 7.4660039703336265
531 7.807098358435139
532 7.177614796630613
533 7.119279438074111
534 7.815466395070296
535 7.226703376333489
536 7.53240736984955
537 7.661341633002978
538 7.648725406702277
539 7.798776381298062
540 7.796134766521327
541 7.865778368772988
542 7.491216675366836
543 8.017602306163175
544 7.148609008546007
545 7.817632077157573
546 7.928747169591804
547 7.570566203570224
548 8.059473779195248
549 7.858091249103289
550 7.915373723294456
551 8.13363342020929
552 8.16655013789076
553 8.411724354272545
554 7.791390381051058
555 7.518548784425611
556 8.276649752242983
557 7.6066953483584445
558 7.689746452674102
559 8.256762590344175
560 6.787841320165651
561 6.903579367746051
562 7.8900278376981925
563 7.515299110549664
564 7.5972140314346275
565 7.790548694754763
566 6.878520501618255
567 7.419055498321643
568 7.643970254314802
569 7.795906074042947
570 7.833451242597901
571 7.350663808025135
572 7.562741311270277
573 7.16016639016315
574 7.837814221062401
575 6.918002622187479
576 7.190679119427344
577 7.5340797003512945
578 7.514978935389288
579 7.401706070565229
580 7.801695602232235
581 7.748880074759697
582 7.894881548444553
583 7.514165891087125
584 6.629547109062516
585 7.433209831353821
586 7.7772034939732295
587 8.229898682963908
588 7.540398756064425
589 7.912528371002053
590 8.070151843769642
591 7.419032145108771
592 7.683084458423965
593 7.633491295702083
594 7.312550702619179
595 6.95000718559552
596 7.844188377772118
597 7.441857846986533
598 7.476148292829046
599 7.912673274898733
600 7.199150633839445
601 7.049280962844575
602 8.040446599501205
603 7.482350012969031
604 7.192259093355704
605 7.838237981407871
606 7.3612633388172375
607 7.298353059381203
608 8.041644721081083
609 7.277477353505937
610 7.646380739999189
611 7.5747907876353855
612 7.891293633083582
613 7.815436434936006
614 7.428785855859998
615 8.032407478816298
616 7.749021996679877
617 7.80576550995684
618 7.862470073758792
619 7.48721119997452
620 7.6972093794931125
621 7.849534668291341
622 7.787805680826691
623 7.592613784529632
624 7.8139878847214925
625 7.972998952804708
626 7.41390064580528
627 7.6080221032689455
628 8.233899928407165
629 8.079544516882697
630 7.376197074773161
631 7.7995820063171575
632 8.237408323551692
633 7.519505474925824
634 7.9559583674304335
635 7.6099025262402336
636 8.150102441711205
637 7.652068674462372
638 8.208281231010286
639 7.871870652836035
640 7.979570343879585
641 7.557088442989211
642 7.733124111123868
643 7.851086407522013
644 7.709836832205867
645 8.079204739088386
646 7.909516023435683
647 7.819959068653419
648 8.399602360653079
649 7.142958755646886
650 7.731126622655898
651 8.203527152162666
652 7.837221325239165
653 7.729971090930395
654 6.910367731736538
655 7.456627149007566
656 6.6888586414402
657 7.800233601298176
658 7.8343861638126695
659 7.523022816059075
660 7.878078914680919
661 7.918724440164814
662 7.663225225512745
663 7.7428473497582315
664 7.261881114800183
665 7.775939954649465
666 7.203713264053499
667 8.119135042924343
668 8.009666288613005
669 7.767585478373455
670 7.395695833841945
671 7.788209088162377
672 8.349393785240567
673 7.395853573049652
674 8.304040511602594
675 7.367392881098442
676 7.520105955066063
677 7.84102951846854
678 7.71174561350081
679 7.987571533076574
680 7.704471297242942
681 7.8971452943151395
682 7.542597976078805
683 7.701917442738377
684 7.944018354719123
685 7.833477623682267
686 7.699891806013607
687 7.44689418513194
688 7.248970877563772
689 7.839301403446578
690 7.054698652562772
691 7.725328487061638
692 7.1217002410963905
693 7.210593655118047
694 7.413284243657647
695 7.3398057561637895
696 7.961910289079547
697 7.224367255638349
698 7.3665692029013154
699 7.5594665509497245
700 7.989064282182414
701 7.6487295354644935
702 7.142335886369302
703 7.666124848147484
704 7.943811460240626
705 7.610776006864228
706 7.680254069249791
707 7.38834597237747
708 7.337051487403396
709 7.823174674683123
710 8.375586150582762
711 7.874323524193658
712 8.557072275304643
713 8.26627686374101
714 8.045833152509932
715 7.8113171061907085
716 7.997330070862723
717 7.94944857705211
718 8.096312446362765
719 8.266222112948096
720 8.570293799450393
721 8.067997924053776
722 7.603244089178121
723 7.423751879683407
724 7.401711848592808
725 8.511062177409206
726 8.370199728703735
727 8.038646865498377
728 8.784374135009317
729 8.155399474566265
730 8.461253233458425
731 7.691566110766069
732 8.015922360548922
733 6.989375029498164
734 7.370737572870684
735 7.954050760677229
736 7.681143450109319
737 7.676532249596935
738 7.509585208675823
739 8.165700318445733
740 7.3452027068491805
741 7.488168274091934
742 7.480038607649257
743 7.680796904337649
744 7.594396801383314
745 7.703261635146348
746 7.364692442828413
747 7.709551923528099
748 8.142712411254285
749 8.393035691963737
750 7.675561468960195
751 7.964342535694095
752 7.6127621546159725
753 7.449574787741256
754 7.673575083091198
755 7.540631002495198
756 8.570101537097448
757 8.118844520323986
758 7.678328327309065
759 8.64942630506464
760 8.232257229398535
761 8.095630000832795
762 7.734802588420074
763 8.06714666259066
764 7.122063698627362
765 7.66712244520843
766 7.688772761328116
767 8.6132738163348
768 7.994226661226179
769 8.132671261391827
770 7.734310296072079
771 8.098737151386711
772 8.140743657619868
773 8.845508849894054
774 7.331256104486209
775 8.228288652631386
776 7.781005173044672
777 7.732844048181205
778 7.037309768148982
779 7.413942051087739
780 6.918011607185778
781 7.405445411502762
782 6.965142809353901
783 7.638216565507643
784 7.565300873789565
785 7.624086052858662
786 7.557204017950644
787 7.644328589978138
788 8.205151277438874
789 7.8263331740795214
790 8.002228062248655
791 7.867713774502057
792 7.3630209683314565
793 7.933428433243571
794 7.590792752176508
795 7.738476957843694
796 6.533300196728522
797 7.325276238983304
798 8.031237981869529
799 7.724390288710865
800 6.404373682741229
801 7.042958480266973
802 7.5717941001110045
803 7.3105364142862905
804 7.730088086438985
805 7.845557658359387
806 7.519265044621033
807 7.491987695374221
808 7.0798516398054225
809 6.995316775344091
810 8.239896913370705
811 7.75538024719918
812 8.024471302051811
813 7.663091882061444
814 8.063242246776417
815 8.683188318321834
816 7.930177336075596
817 7.629035440544023
818 7.863528643795929
819 8.535403270759275
820 7.6667596891683605
821 7.965556235846041
822 8.321330127516125
823 7.979900992648573
824 7.758155700126049
825 8.394357504384471
826 7.860261967278046
827 7.8895760970745865
828 8.365173127211445
829 8.261835305132447
830 7.538326934741596
831 7.6039834964105655
832 8.159293842406404
833 8.49480750217751
834 7.710820004084082
835 8.41528139981368
836 7.840140126240932
837 7.939043663505442
838 8.201700011598021
839 8.541758285840588
840 8.54679278181961
841 8.12905442480671
842 7.989740795990895
843 7.559322244506986
844 7.928174888179489
845 7.930694561473305
846 7.696846224986524
847 7.912037388541504
848 7.459822020749216
849 7.979771239371703
850 7.714475611991286
851 7.291063427431353
852 7.4478390246244
853 8.02655783967391
854 7.471090894076808
855 7.657779767581363
856 7.920215743169885
857 8.211382288238335
858 7.743898814829302
859 7.69985526765046
860 7.471504459726516
861 7.632366386348144
862 7.728882209380148
863 7.711449252597696
864 7.792640203952246
865 8.000198066681476
866 7.213872950120364
867 7.666774817386434
868 7.872638460902736
869 7.124912878575442
870 6.53391232681744
871 8.112464188409177
872 7.898748065759001
873 8.231469633001455
874 8.082780501361798
875 7.085685455129397
876 8.198731581549225
877 7.395457190924871
878 7.655692294201068
879 7.878090870236993
880 8.229236842641743
881 7.956108857037548
882 7.997374415018416
883 8.33985951485703
884 7.981797626895588
885 8.512684270100971
886 8.369657688587704
887 7.464969920523787
888 8.051995136860153
889 7.8586482986706105
890 8.217489433553933
891 8.109627785397148
892 7.788775441297353
893 7.75029182945633
894 8.137683104124871
895 7.927090874048438
896 8.440347254386863
897 7.5142077030220245
898 7.599547867144605
899 8.099055537554241
900 8.251982720092919
901 7.6053876666889
902 7.962624195360276
903 7.907832146723897
904 7.64454553840445
905 8.19472063335073
906 7.993037434626486
907 8.034053447783329
908 7.9202667841248875
909 7.6195554402916565
910 7.385238950800186
911 7.2776561993751026
912 7.535472314595877
913 7.703780606597076
914 7.689952165043833
915 8.14477641425087
916 8.101637975852327
917 7.933825566733113
918 7.760624836460108
919 8.042537277066922
920 7.667080884870648
921 7.671544153682424
922 7.518338495752123
923 7.839742957253914
924 7.596930553404869
925 7.093507016384555
926 7.108227809372465
927 7.678934792867434
928 7.838636091874009
929 8.096785545685599
930 7.6588948945725335
931 8.241110381458421
932 7.813595939420806
933 8.210356655320517
934 7.442518573079531
935 7.395823653323358
936 7.8062397629587785
937 7.469112975214438
938 7.69830995706776
939 7.7015250364696515
940 7.836487277272982
941 7.771033283680906
942 7.387050526310367
943 7.729585983658248
944 7.4416711828829
945 7.841320803044824
946 7.613651130116114
947 7.9110595780714945
948 7.327019094941877
949 7.9057667951275
950 8.202483590532971
951 7.654660249233237
952 7.878093245826019
953 7.6595447828440335
954 7.5928180459128
955 7.763313929650055
956 7.6959759225119555
957 8.039945588537432
958 8.169473363861595
959 8.073293069388885
960 7.92074897574948
961 8.002035175136381
962 7.992374832133466
963 7.964928374067482
964 7.777962740311856
965 8.140322321327679
966 8.535986837451562
967 8.187927607493414
968 8.430707698217473
969 7.416082008907276
970 8.064194065812236
971 8.298622957995935
972 8.048446383437524
973 8.33617299790033
974 8.691941266935965
975 8.447986411475725
976 8.008275416553596
977 7.984696445586264
978 7.812672648802993
979 7.957486295085072
980 8.386873242570484
981 8.073263529410717
982 8.144614142370951
983 8.358474796593773
984 7.750080690888767
985 7.956673134993613
986 8.034622653411155
987 7.745245391777996
988 8.595737341382641
989 7.294077123562373
990 8.506243023736264
991 7.989230876618094
992 7.668016529985414
993 7.836033907270981
994 7.681138833791335
995 8.496101259473262
996 8.208048081799184
997 7.6819196314443285
998 8.521680836443162
999 7.663979038594789
1000 7.949835974855069
1001 7.914476034083007
1002 8.241874007352493
1003 7.6453790012307214
1004 7.5855752298062935
1005 8.088346572535311
1006 8.288600338417728
1007 9.079708346633337
1008 8.597253255583878
1009 9.104685359939593
1010 8.586214187831361
1011 8.581173674528799
1012 8.462493752616986
1013 8.709811819621175
1014 8.878407192218644
1015 8.705080816956455
1016 8.843126288437679
1017 8.78956201224599
1018 8.733184943575102
1019 9.063268669982973
1020 8.172295379257625
1021 8.142242643811812
1022 8.045567312179237
1023 7.298076685666596
1024 7.863740242959431
1025 8.001687260849407
1026 8.033005722214343
1027 7.847215402277155
1028 8.543697967149056
1029 8.466029603779793
1030 8.667879701732069
1031 8.461340513714207
1032 8.121770382882797
1033 7.863033024312981
1034 7.630002382617106
1035 8.20128234522999
1036 7.802868850925774
1037 8.042663546380693
1038 7.394418256904093
1039 8.096716767555774
1040 7.6261560689392045
1041 8.154007637961238
1042 7.33514171725476
1043 8.041351847630706
1044 7.414557088767052
1045 8.175476562806438
1046 7.33416494037086
1047 7.536409676027594
1048 8.29117391863529
1049 7.730843914270702
1050 8.928510439510775
1051 8.458708174451097
1052 9.00796173344185
1053 8.812814591521406
1054 8.995300838154943
1055 7.970482245052769
1056 8.418021529619999
1057 8.0769486139574
1058 7.8391480471382495
1059 8.760317591783279
1060 8.4972205958552
1061 8.450007078493618
1062 8.472825824689895
1063 8.826360344628005
1064 8.070893849617761
1065 8.345400071760626
1066 8.155122676416076
1067 7.654856759426289
1068 7.749249647247298
1069 8.475177368914716
1070 8.029969268712993
1071 8.235123003294957
1072 8.427476605736008
1073 8.048677668056277
1074 8.417916483373947
1075 8.264930773368516
1076 7.572937568434338
1077 8.006687457894635
1078 8.066687744345836
1079 7.922798159792564
1080 7.824760772417881
1081 7.85783930628426
1082 8.091850297178166
1083 7.573837602382451
1084 8.590036382745428
1085 8.18407111808942
1086 8.059505266734494
1087 7.842147255348441
1088 8.032133055688004
1089 8.18842862325404
1090 8.218422211977979
1091 8.582344237926442
1092 8.121544466651132
1093 8.978429956716374
1094 8.338355422850968
1095 9.17853700330637
1096 8.177119588871737
1097 8.342320821263609
1098 8.534751963954907
1099 8.892945449268389
1100 8.364846208367261
1101 7.64638452202869
1102 8.208632591889684
1103 8.130316713614482
1104 7.999713680472512
1105 8.562517412353268
1106 7.922357351616998
1107 8.875633977987881
1108 7.979092464405918
1109 8.444912929839786
1110 7.627416309995646
1111 8.177695305529182
1112 8.402121060426682
1113 7.7664826835379355
1114 7.64227695773324
1115 7.930888101519082
1116 8.12362232110731
1117 8.127371281978583
1118 8.048319197083066
1119 7.344092318345867
1120 7.965494588069914
1121 7.865987973778405
1122 7.902937229345497
1123 7.81329421839234
1124 8.027124127290051
1125 7.517942396359022
1126 8.392722221421426
1127 7.988805538447561
1128 8.008438324860867
1129 8.343120683169992
1130 7.577660565076792
1131 8.057875745571863
1132 7.942436888373378
1133 7.788581909471575
1134 7.991244513806952
1135 7.681579518188943
1136 8.963827431149893
1137 8.274920573965728
1138 7.905356291588802
1139 7.622277337219433
1140 7.564012515579403
1141 7.638727363734226
1142 8.035533599022484
1143 7.614062213303838
1144 7.4808467085672525
1145 7.730404863956489
1146 7.986677548487611
1147 7.49009361254548
1148 7.499400027467409
1149 8.629065884902085
1150 7.873613799757547
1151 7.785855703505644
1152 7.404240231070297
1153 7.911287302949553
1154 8.230730746443095
1155 7.343449124032361
1156 7.720998805369744
1157 7.524085235398066
1158 8.20298424926264
1159 7.3449263278319945
1160 7.688965571254898
1161 7.4678442052006115
1162 7.9037594385605825
1163 7.746227045640955
1164 8.531708957446009
1165 7.913231396250001
1166 8.043248500503525
1167 7.493926673020366
1168 7.623053328540378
1169 7.972629313828896
1170 7.774554895739032
1171 8.147123975745023
1172 7.846547243599599
1173 7.35351690265381
1174 7.790531333037327
1175 7.82968558600632
1176 7.864254012705811
1177 8.074651185510929
1178 8.238125165852363
1179 7.526213980486189
1180 8.12816526764105
1181 8.391887657314467
1182 8.305798415486526
1183 8.677547332828308
1184 8.25992993020488
1185 7.943728462716346
1186 7.387350884863925
1187 8.19433869475466
1188 7.700217504814159
1189 8.342227129459934
1190 7.651300841636003
1191 7.73291641007115
1192 8.330655214961883
1193 8.119628471281294
1194 8.250609356230836
1195 7.758863703388086
1196 7.8189196328797665
1197 7.5770325707774
1198 7.813475580076028
1199 7.533450733055947
1200 8.293558969173624
1201 8.43128632877395
1202 7.622226300416689
1203 7.959103931294909
1204 7.988434447396396
1205 7.485255662444249
1206 7.682779973789505
1207 7.695593883986008
1208 7.931719043331013
1209 7.831727837937479
1210 8.553861779092992
1211 7.801142726268894
1212 8.356897117331869
1213 8.310103599892946
1214 7.952849386824277
1215 8.221691659797518
1216 7.920695253975984
1217 8.033271638785424
1218 7.917109246159214
1219 7.740352893336597
1220 8.423102091166506
1221 7.8820739490013185
1222 7.9075353602695575
1223 8.245767663063955
1224 7.51257094936083
1225 8.198310904059081
1226 8.277882062535948
1227 8.51760598188156
1228 7.680872342408211
1229 8.845591418954882
1230 8.124193523790991
1231 8.10214601455346
1232 8.336791524031163
1233 8.204745143966882
1234 8.600088813746664
1235 8.7245607872665
1236 7.912840192951565
1237 8.30163579871603
1238 7.775365303789404
1239 8.077542083645735
1240 8.31392505920829
1241 7.66447083630665
1242 8.060094926664288
1243 7.82027017984013
1244 8.15985033339189
1245 8.169223392394372
1246 8.057043570355644
1247 8.040975076179688
1248 8.544828508254682
1249 8.96078376958384
1250 8.140120917356432
1251 7.943113076835933
1252 8.263316300640245
1253 7.998201431643046
1254 7.993568823775018
1255 7.840312040614728
1256 7.6973304816737835
1257 7.368494136126251
1258 8.111525653507636
1259 8.106177448722738
1260 8.541376382043254
1261 8.071796001205067
1262 8.40344595766857
1263 8.645698020174573
1264 8.285732607420684
1265 8.339200330146955
1266 8.363227755756252
1267 8.711333530439891
1268 8.292483346301438
1269 7.789409243831545
1270 8.122163968304793
1271 8.111561805726964
1272 8.111242130500003
1273 8.2371639558793
1274 7.792002450542421
1275 8.273436272469267
1276 8.159383833550432
1277 8.363863782007215
1278 7.975065665691667
1279 8.410479283796995
1280 8.614771512269598
1281 8.42346854894956
1282 8.284052593195023
1283 7.958969490746848
1284 7.825469278756452
1285 7.990481856367528
1286 8.05691156479054
1287 7.801490892383932
1288 6.849480558893371
1289 7.558433188184841
1290 8.823405835129897
1291 8.556651221906305
1292 8.118348992331352
1293 8.051971731410205
1294 7.908747964860563
1295 7.950618347956006
1296 7.636659803894584
1297 7.929539604807293
1298 8.079928850398712
1299 7.524083179531027
1300 7.678309040961997
1301 8.238461818752631
1302 7.895704804221522
1303 8.467880643447257
1304 8.313156510540885
1305 8.314554964743174
1306 8.671620290727272
1307 8.744071246630336
1308 7.4653845398678405
1309 7.754682099063512
1310 7.780103925813071
1311 8.222089831180606
1312 7.839401224151965
1313 7.894191977532707
1314 7.395098163076247
1315 8.1793758775712
1316 7.783054319727865
1317 8.317185245856672
1318 8.033817008820705
1319 8.689559708317251
1320 7.110335176760532
1321 8.536788863710255
1322 7.78099599835456
1323 7.9569086471029316
1324 8.225953032036541
1325 8.474052740885648
1326 8.048157153245485
1327 7.933988133119815
1328 8.029471445255782
1329 7.7862829140712595
1330 7.929507615231517
1331 7.7446393369905175
1332 7.411383206044156
1333 7.829459641299323
1334 8.529502026354448
1335 8.35942547417579
1336 8.14671381610414
1337 7.930613302932204
1338 8.081951517916155
1339 7.853681505379882
1340 8.298204322403386
1341 7.862565780945898
1342 7.996086673132999
1343 8.145815544018294
1344 8.142470792769476
1345 8.49586344082997
1346 8.052243546061998
1347 8.79185286618897
1348 8.240208306767563
1349 8.030379999966648
1350 8.124220151514487
1351 7.865321753554067
1352 8.280867898759569
1353 7.644977608722132
1354 7.714567512684485
1355 8.103917157271166
1356 8.615882495974233
1357 8.353317972453091
1358 7.945818343793612
1359 7.819034473116531
1360 7.963445373014646
1361 7.4404027704658215
1362 8.413051353088017
1363 8.661269118490203
1364 7.803023429101966
1365 7.3126489933802485
1366 7.99008994960547
1367 8.09387328807045
1368 8.525867721279038
1369 9.019049221559564
1370 8.359092825766407
1371 7.557810607970658
1372 7.928306692139189
1373 8.071963595787992
1374 8.046192688220897
1375 8.112791823907786
1376 8.116388679638362
1377 7.831142799346271
1378 7.934991288273145
1379 8.32570903360104
1380 7.739399770945042
1381 8.192320769655868
1382 8.058820174532869
1383 8.600041197200978
1384 8.268382101831047
1385 8.482294931568493
1386 8.114248290321756
1387 8.784640846188516
1388 8.745382577808357
1389 7.89683517505338
1390 8.404725638213955
1391 8.674535848018165
1392 8.480015070198668
1393 8.803109830003077
1394 8.242050753343632
1395 8.751724911513902
1396 9.046004759763417
1397 7.887013197059494
1398 8.732464511718458
1399 9.194649159721235
1400 8.068845572444578
1401 8.562398081221712
1402 8.304267210679491
1403 8.566300829587561
1404 8.948197218074098
1405 7.974531563325973
1406 7.915414895392519
1407 7.904385673169295
1408 8.417179088780058
1409 8.200919140410962
1410 8.31509466824017
1411 7.5646539212128205
1412 8.227572329025064
1413 8.817916252138106
1414 8.422248075205847
1415 8.098164176990089
1416 8.42949129199085
1417 8.925068253921719
1418 8.87057881127206
1419 8.925415747915308
1420 9.95527822831763
1421 8.247990022905569
1422 8.476748468389227
1423 8.240203329308349
1424 9.006201367282479
1425 8.790003569799573
1426 8.794554923328269
1427 7.986829881345685
1428 7.909914810566793
1429 8.440219496549291
1430 7.96336277629475
1431 8.443582805853321
1432 8.37068492395316
1433 8.330630001311132
1434 8.42202795002534
1435 7.518751391795628
1436 8.62171411437158
1437 7.30502549285935
1438 7.5788650717862085
1439 7.376678665551826
1440 7.2828326973729025
1441 7.293656430418708
1442 7.8669123638183995
1443 8.216361925088144
1444 8.131554808949337
1445 7.986923757280113
1446 8.095408668006801
1447 8.037855169670271
1448 8.394508069076085
1449 7.458034148453996
1450 7.850121961671156
1451 7.828649949489528
1452 8.570546443526014
1453 8.456465067546617
1454 8.15502884700584
1455 8.473398240230608
1456 9.432646198708387
1457 8.747133520284283
1458 8.360428770800523
1459 9.096507069788387
1460 8.001862254639382
1461 8.128079130911276
1462 7.912132268109865
1463 8.201496175333931
1464 7.247404083381682
1465 7.810080296700992
1466 8.224457256994093
1467 8.274095351544483
1468 7.535690611038338
1469 8.512273908265886
1470 7.874459426754068
1471 8.132272518548367
1472 8.15230802437928
1473 8.160407846052815
1474 8.254986927477717
1475 7.866483133472414
1476 7.802191263238513
1477 8.132124856689657
1478 7.619121896189647
1479 7.912577436974463
1480 8.380152959936769
1481 8.22593635380488
1482 8.113656420702585
1483 8.622308826069057
1484 8.757994381116626
1485 8.359984979984299
1486 8.178026998117904
1487 8.358056185990527
1488 8.644669309181655
1489 8.671743056666331
1490 8.01938205081828
1491 8.73572899487073
1492 7.7860201430892335
1493 8.470415183738773
1494 8.681471442192612
1495 8.147057934642415
1496 8.971676787440511
1497 8.01085174976099
1498 8.023312601028003
1499 7.753625560525915
1500 7.806058468674647
1501 8.006753559743448
1502 7.894333947611381
1503 7.865987406422789
1504 7.760743441419629
1505 8.251028222003217
1506 8.316210336340124
1507 8.147175264113931
1508 8.113075744863453
1509 8.120673974184003
1510 8.629094195813684
1511 8.127217642782059
1512 8.329125779639096
1513 8.684418851039137
1514 7.6332413433973105
1515 8.686365396287652
1516 8.54399055336781
1517 8.352867003022954
1518 8.593451339457566
1519 8.401948382543983
1520 8.130028160242603
1521 8.344049985487706
1522 8.397329035380869
1523 8.36130512869045
1524 8.217556364519012
1525 8.057333050674984
1526 7.42349450282762
1527 7.800493386325544
1528 7.787361081242465
1529 8.035220588000797
1530 7.63591406246465
1531 7.380967491983816
1532 7.870782138262758
1533 7.26587805813867
1534 7.64841547307114
1535 7.74468956202085
1536 7.960330463017095
1537 7.682491813941605
1538 7.747628155494973
1539 6.7529855509048025
1540 7.367284609760645
1541 7.388371653708484
1542 7.7646580316878095
1543 7.682531029118923
1544 7.820064259409103
1545 7.8514952854235185
1546 8.628442113547102
1547 7.9792841891805155
1548 8.096573791638527
1549 7.996094055723861
1550 8.276759777387761
1551 8.296402647174741
1552 8.308109709710308
1553 8.203706314953257
1554 8.539076782282683
1555 8.46072447047963
1556 8.454754625920785
1557 8.49668084272428
1558 8.52345654181631
1559 8.329646292467757
1560 8.378236932577456
1561 8.163866777149055
1562 8.374695068535845
1563 8.14301665751972
1564 8.7223322399797
1565 8.198611623552182
1566 8.093907873230279
1567 8.795186394059652
1568 7.940373191889836
1569 8.430761405113659
1570 8.393413345833837
1571 8.421614880032138
1572 8.408862895555409
1573 8.698863882797582
1574 8.344203805189016
1575 8.621029762642452
1576 8.51750316792491
1577 8.514514826976077
1578 8.164728891009778
1579 8.343899284447403
1580 8.164646404399187
1581 8.483558396949073
1582 8.302945150413292
1583 8.496292252588098
1584 8.926877677250104
1585 8.835729202036742
1586 8.273844150702086
1587 8.13568848155777
1588 8.001155521505959
1589 8.176206264786801
1590 8.708368336792562
1591 8.573348973697009
1592 8.081868812548077
1593 8.052153289121454
1594 8.194405337740637
1595 8.23389007748501
1596 8.299286134197667
1597 8.183944729737963
1598 8.371951646012848
1599 8.594783405896214
1600 8.663094428326744
1601 8.54813038963318
1602 8.011910203881875
1603 8.312313549421267
1604 8.637877521951982
1605 8.839439848053226
1606 8.494797173301226
1607 8.57641381867737
1608 8.034418187320576
1609 8.191541728835853
1610 8.846974722375972
1611 7.980515322804812
1612 8.44262189252975
1613 8.514349773443053
1614 8.5629896113515
1615 8.097362116948569
1616 7.952207886477354
1617 7.8719885530520655
1618 8.216013905428607
1619 8.443029847161608
1620 8.401962594858528
1621 8.81296718411492
1622 8.13354712917568
1623 8.78199422702634
1624 8.297973887264725
1625 8.951473562261667
1626 8.77853712480641
1627 8.498355220817853
1628 8.306365190518076
1629 8.313128693890825
1630 8.338473002634808
1631 8.519124483030327
1632 8.350582996989006
1633 8.74021101333492
1634 8.532582875529858
1635 9.09572533588838
1636 8.483229112958592
1637 8.271849092957254
1638 7.30863291008125
1639 7.9122379912383805
1640 7.979426114411324
1641 7.861393123811373
1642 7.756790169289056
1643 7.857418108905851
1644 8.352756582696871
1645 7.911032444560045
1646 7.693589731548431
1647 7.645170105486145
1648 7.686062107745136
1649 8.088696715444147
1650 7.561472880451945
1651 7.5562498630140125
1652 7.980161830046115
1653 7.769310043169472
1654 7.927491470104554
1655 7.800944073525117
1656 7.7565160096524615
1657 7.782487173834059
1658 7.872971432329384
1659 7.600318775268387
1660 7.428244702537919
1661 8.011364826652056
1662 7.977996002473458
1663 7.434831483022562
1664 7.748379671505581
1665 8.030843792301306
1666 7.509922095480982
1667 7.162949681712907
1668 8.351998714664006
1669 7.5930920354479605
1670 7.835107194975526
1671 7.587307822903631
1672 7.335542512695805
1673 7.721345935545311
1674 7.6326066212554196
1675 7.3069933447474265
1676 7.645491513980757
1677 7.2644207345660075
1678 7.271682354087751
1679 8.175214455336125
1680 7.783747601810125
1681 7.396279659933132
1682 7.391001696140369
1683 7.765703213419521
1684 7.465853308686193
1685 7.9473589337072745
1686 7.916067247786522
1687 7.629039099327604
1688 8.452847459037708
1689 7.786611597198824
1690 8.034335974502673
1691 8.338143302013673
1692 8.03853475801501
1693 7.651475730988511
1694 8.109757296966063
1695 7.918136388283619
1696 8.059018320878094
1697 7.706115861100602
1698 7.948475058617832
1699 7.563926019754872
1700 7.877571573626922
1701 7.716133265293854
1702 7.607093641428201
1703 7.781280779225673
1704 7.8417018796969025
1705 7.940513206129645
1706 8.081077027167533
1707 7.905054588160234
1708 7.561668552918652
1709 7.722558232823591
1710 7.713505454077746
1711 7.818754682681096
1712 8.182256682106845
1713 7.7762677864547465
1714 8.239730438067875
1715 8.504056029217553
1716 7.909002709910598
1717 8.12250080043316
1718 8.121994137456538
1719 8.311940730432381
1720 7.84318327649882
1721 7.986067384635461
1722 7.6072895487765235
1723 7.748733857661539
1724 7.904719466727722
1725 7.3074045500954625
1726 7.311649607561708
1727 7.402460994361768
1728 7.530232138942483
1729 7.695445001702105
1730 7.617739378017258
1731 7.652278803313075
1732 7.2346757886453945
1733 7.540406516670156
1734 7.728484112835099
1735 7.8883886965374295
1736 7.502542688507378
1737 7.682585019396377
1738 7.626890364554082
1739 7.701020282705606
1740 7.653005635314296
1741 7.728436479135056
1742 7.896905734062831
1743 8.117715258486427
1744 7.576665441571289
1745 7.817599985077914
1746 7.884734291764715
1747 7.858370570809608
1748 7.414436518509391
1749 7.613384873208379
1750 7.612672361659324
1751 7.41952866440356
1752 7.801545066838455
1753 7.5030518735034155
1754 7.5916822963719195
1755 7.928765383628622
1756 8.286685836807482
1757 7.688844648984758
1758 7.6722808844744685
1759 7.4502016252168355
1760 7.746342178417331
1761 7.445789789804803
1762 7.497609604741963
1763 7.67254052066258
1764 7.734459535048897
1765 7.593901363244393
1766 7.749134637991217
1767 7.567916244035968
1768 7.43499064903708
1769 8.02626522551101
1770 7.4449659878982795
1771 7.640332646059207
1772 7.67638622001549
1773 7.928136429836793
1774 8.039478370023053
1775 7.649318126353155
1776 7.42171250481598
1777 7.7071525401645
1778 7.66586475759472
1779 7.590530394533199
1780 7.759340000060383
1781 7.644253490999326
1782 7.806695070171579
1783 7.362272905055451
1784 7.620624455330131
1785 7.560155542376131
1786 7.643953232099702
1787 7.459500359333152
1788 7.769371586675651
1789 7.806182256481922
1790 7.65769356744078
1791 7.4836908968509
1792 7.920207223671825
1793 7.922461098130885
1794 7.708615914571148
1795 8.172622198177423
1796 8.115663696016892
1797 7.816787911421882
1798 7.8063534904831515
1799 8.058859636520312
1800 7.489882611749819
1801 8.25377072063876
1802 7.893329487760624
1803 7.627466641215812
1804 7.9517990178044355
1805 8.100897444512716
1806 7.7048041202733595
1807 7.484197919745197
1808 7.949384365539831
1809 8.395714391071218
1810 7.6185424709365295
1811 7.545565727494579
1812 7.5558188014432845
1813 8.234939118244359
1814 7.558293842271955
1815 7.844907691037911
1816 7.9912881508632685
1817 7.795830464887998
1818 7.604289492177392
1819 7.999244962330598
1820 8.092752039098833
1821 7.477469999481551
1822 8.098928759724918
1823 7.7604211688016385
1824 7.525645917438149
1825 7.877729464293542
1826 7.9175734011144
1827 7.901165601103662
1828 7.847688772292503
1829 7.453883820673396
1830 7.603809949486542
1831 7.827494582460663
1832 7.612911371897734
1833 7.911713984802593
1834 7.504348432995848
1835 7.77289238860556
1836 7.886640342067787
1837 7.6899728866735275
1838 7.927918705075694
1839 8.094780901380787
1840 7.834836645890079
1841 8.004931502156309
1842 7.889319278223812
1843 7.867518248455022
1844 7.7772602025796855
1845 7.6662393544107195
1846 7.553104877840916
1847 7.610828146623205
1848 7.988517159674273
1849 8.144033340830198
1850 7.823369045092437
1851 7.63506507656932
1852 7.719976322670297
1853 7.988942575498661
1854 7.969630526003083
1855 7.732530314807673
1856 7.556646041195421
1857 7.774927164050719
1858 7.959887077991845
1859 8.20471341528435
1860 8.143809819598838
1861 8.243330969975277
1862 7.5126923628540405
1863 7.839855498316892
1864 7.421390013637286
1865 8.350814929418112
1866 8.130498370794184
1867 7.671153030861863
1868 7.704967063440993
1869 7.801393461666485
1870 7.683562843274497
1871 7.98880039535097
1872 7.6949986406948065
1873 8.17317211194827
1874 8.147171110659652
1875 8.020805332819725
1876 7.52731731646328
1877 7.699942458117639
1878 7.954399914239387
1879 8.325909540856632
1880 8.097370020581625
1881 7.743035331160967
1882 8.048838146816605
1883 7.6311033397098225
1884 7.603475036756578
1885 7.65256930218425
1886 7.892197876077298
1887 7.7677147537785975
1888 7.4731522046270085
1889 7.68199692200015
1890 7.294899408341296
1891 8.038576817008941
1892 7.371168399680062
1893 7.474340461253058
1894 7.8463501239132105
1895 7.4318759222615745
1896 7.4831691293926434
1897 7.575828113072411
1898 7.687593432498886
1899 7.7964929338735045
1900 7.662420787731771
1901 7.877784113089489
1902 7.746445742696456
1903 7.65332039705873
1904 7.9422853146665515
1905 7.772660228973605
1906 7.571354322025498
1907 7.723828983041537
1908 7.922317699920219
1909 7.8239631226697925
1910 8.065126215409391
1911 7.575460674005142
1912 7.806051840060545
1913 8.03235321047912
1914 8.023554439979057
1915 7.74585876395177
1916 7.798642014278142
1917 8.277929855752094
1918 8.025953511130982
1919 7.881469011007911
1920 7.872702713718872
1921 7.739052261532264
1922 7.737728457058912
1923 8.071508377432489
1924 7.693414442169247
1925 7.968923914420423
1926 8.012509721456972
1927 7.890482179947363
1928 7.615116113473558
1929 7.77593406507314
1930 8.164282767995452
1931 7.6638498034011056
1932 7.808104061033466
1933 7.689676304893202
1934 7.940903632132465
1935 8.02351873673997
1936 7.629222213108576
1937 7.700001417730189
1938 7.850980530940588
1939 7.892966451508782
1940 7.730314426912794
1941 7.4662014413134585
1942 8.05115417947872
1943 8.413473347044949
1944 8.040124255807271
1945 7.7307060871918045
1946 7.7449170556610785
1947 8.35284001594225
1948 7.786017615352601
1949 7.971833765581276
1950 8.192801874525047
1951 7.816468018011531
1952 8.219461713772656
1953 8.642555504024816
1954 8.286399499401178
1955 7.684035496147206
1956 7.82248990385111
1957 7.684234890794274
1958 7.957129297064439
1959 8.059932808503158
1960 8.039069218794017
1961 8.280814663605888
1962 8.01299726324096
1963 7.850786022512343
1964 8.153250439179741
1965 7.736176795498784
1966 7.865947760764747
1967 7.859169608528496
1968 7.651018936460218
1969 7.884678606470556
1970 7.850326060747347
1971 8.23415855716327
1972 8.534455684898372
1973 8.246603694429373
1974 7.620504637870755
1975 8.375897230637845
1976 7.565671639498541
1977 7.854574380965013
1978 7.978513633106863
1979 8.105169245205639
1980 7.754002768596435
1981 8.436240154631365
1982 8.128090200154666
1983 7.786941944763673
1984 7.78330239899593
1985 7.830142975838493
1986 8.002666372527097
1987 7.875786761228569
1988 7.957417983972641
1989 7.9286065863738395
1990 7.854291523346413
1991 7.683396800427742
1992 7.9325249653863095
1993 8.000928599505094
1994 7.891892031602227
1995 8.051085135640104
1996 8.351141029613771
1997 7.921581997142514
1998 8.274342584834454
1999 7.762396277598571
2000 8.205609017732726
2001 7.797924616702867
2002 8.305069262554316
2003 7.445526426132181
2004 8.676960452118772
2005 8.21583409545369
2006 8.058543462642332
2007 8.030290153142412
2008 8.161892952466177
2009 8.17229843658549
2010 7.798853247860918
2011 7.502981836957557
2012 8.111084008777373
2013 7.952990040785414
2014 7.810859060563879
2015 8.000812737930934
2016 7.86883780966789
2017 7.320008989715648
2018 7.784330377562539
2019 7.507859680301838
2020 7.832570001167547
2021 8.430015136934232
2022 7.759418780161349
2023 7.866770505743146
2024 7.522244323076567
2025 7.765942687970454
2026 7.963829092755262
2027 7.623096765929754
2028 7.510921080544593
2029 7.627915004902304
2030 7.500680396667091
2031 8.076843103814252
2032 8.184797285392511
2033 7.726490400576503
2034 7.8851781483272605
2035 7.550157871004596
2036 7.749600350854118
2037 7.300271151097482
2038 7.935071514984871
2039 7.595130488029866
2040 7.747991268718437
2041 7.441957774167264
2042 7.980265117090333
2043 7.666694065430126
2044 7.92986855928282
2045 7.6977574429309215
2046 7.382754339518998
2047 7.543788255866845
2048 7.841604944760073
2049 8.538868247400291
2050 8.084686642668611
2051 7.886528982250669
2052 8.412159679575698
2053 7.595305142730302
2054 7.56434393480056
2055 8.300329669599764
2056 7.78848931263775
2057 8.147019992196984
2058 8.275158732434015
2059 7.803984448553997
2060 8.598010477549074
2061 8.560958934390218
2062 7.795409561106851
2063 7.6364196637108135
2064 7.956221541783192
2065 7.46876754520556
2066 7.988292559613392
2067 7.883431147988561
2068 7.776146435104082
2069 8.110182073653302
2070 7.574315773653071
2071 7.948323614016425
2072 7.969112194332574
2073 7.808257593450315
2074 8.119514064793094
2075 7.549050302830855
2076 8.055221830229339
2077 8.232421274106068
2078 7.696953732070135
2079 7.805953115582427
2080 8.022637592026369
2081 7.4886638241425185
2082 7.545767923562244
2083 8.085189095733487
2084 8.090803830962821
2085 8.124069236024457
2086 7.776706347432915
2087 7.927021132133372
2088 7.821222901549433
2089 8.105226550802529
2090 7.854107916154881
2091 7.922716230127153
2092 7.77720261705033
2093 8.348022040745313
2094 8.395871959349918
2095 7.955653771603788
2096 8.30641846329026
2097 7.685982140749339
2098 7.819016356770507
2099 7.991125335788051
2100 7.7980892565063655
2101 7.510715096074779
2102 7.582639306297314
2103 7.853980467527787
2104 7.865768015271059
2105 7.912063996403642
2106 8.453531039898646
2107 8.124643750373787
2108 8.097065785043547
2109 7.906854462351517
2110 7.7094653213198505
2111 7.7581375857979955
2112 7.5949959593133185
2113 7.903145401777699
2114 8.106041914365967
2115 8.033837308346879
2116 7.990603264590141
2117 7.984175122060349
2118 7.570626455367533
2119 7.789673719520006
2120 7.862762722603455
2121 7.910930686501637
2122 7.855108758132571
2123 8.161138438795707
2124 8.240083723674621
2125 7.901309454400611
2126 7.4984349630376785
2127 7.914104724091186
2128 8.452885676851137
2129 7.955781685900967
2130 8.038996161520927
2131 7.616126106221345
2132 7.5453217037511005
2133 7.761215775673493
2134 8.085227445599857
2135 7.666080943386951
2136 7.824459243973057
2137 7.783962904309397
2138 8.016596417955494
2139 7.40042542245766
2140 7.703590218953606
2141 7.764379237763143
2142 7.518020103154762
2143 7.640238889955659
2144 7.658765369693664
2145 7.832035652197765
2146 7.857544942799904
2147 7.402790401984748
2148 7.639607566511513
2149 7.804462097968249
2150 8.031540482253083
2151 7.950812492397433
2152 7.74996765569025
2153 7.818888431797361
2154 7.723304033777746
2155 7.347107001475208
2156 7.574796362487294
2157 7.695449450618813
2158 7.662112213068633
2159 8.067487769187874
2160 8.041546995192427
2161 7.908871677010052
2162 7.760211716980613
2163 7.768148387925126
2164 8.031436853286573
2165 7.594864825882161
2166 7.7987912621674065
2167 8.105974831980081
2168 7.709748257607099
2169 8.060700517816077
2170 7.51233859947325
2171 7.982110836781328
2172 8.172185058954017
2173 7.446573909270542
2174 7.691184867944703
2175 7.753979896434543
2176 8.075966269186893
2177 7.930613514195496
2178 7.473925119474438
2179 7.477941532406741
2180 7.485800356342676
2181 8.172077605973765
2182 8.043658170458366
2183 7.9802369320666635
2184 7.8870433011817855
2185 8.11641689299811
2186 7.688168443956342
2187 7.9538827275173425
2188 7.4922858691780485
2189 7.884977508574547
2190 8.021018719138716
2191 7.8466279011154425
2192 7.6633094512694155
2193 7.76749895422175
2194 7.380228986313638
2195 7.960442628207854
2196 7.33766191310115
2197 8.338541899092265
2198 7.863859884399952
2199 7.750466419288216
2200 7.815562444722268
2201 7.7344294105713995
2202 8.195771393043755
2203 7.631713421472671
2204 7.534680945474886
2205 7.41900845814702
2206 7.792926680174526
2207 7.475265228525896
2208 7.656457473223811
2209 7.626913056909196
2210 7.685926717799622
2211 7.839717126927076
2212 8.152012967517651
2213 8.371377543182232
2214 8.129850750010075
2215 7.747530471881218
2216 7.7700875734957275
2217 8.023945497594335
2218 7.978321910998624
2219 8.12877062466757
2220 7.826083936755575
2221 7.8789345785454294
2222 7.867593216826707
2223 8.112851881996415
2224 7.304531368138495
2225 7.428149443695682
2226 7.6444384273631885
2227 7.69945448564618
2228 7.547865510057917
2229 7.4012130685138136
2230 7.574561056407811
2231 7.85308110087394
2232 7.663674042522991
2233 8.038059733230646
2234 7.828557418560512
2235 7.7397082678041835
2236 7.488568811191136
2237 7.406388956591606
2238 7.622941644306887
2239 7.3437571641456865
2240 7.571822273361396
2241 8.135646588400295
2242 7.357867778859192
2243 7.6894196780335315
2244 7.728966719298499
2245 7.593329825772307
2246 8.248641235794103
2247 8.038504307954756
2248 8.382216404110517
2249 8.75114446009413
2250 8.351065371931446
2251 8.055336363309225
2252 8.053765077405517
2253 7.808884920820898
2254 8.302467728789527
2255 8.088003616622522
2256 7.793681872745895
2257 7.891957316056049
2258 8.737551750521225
2259 8.652357551408803
2260 8.198240559574382
2261 8.329551510075
2262 8.398139173600192
2263 7.956809702296891
2264 8.729891507969562
2265 9.087053349688633
2266 7.6614481237308745
2267 7.844537065532734
2268 8.43872041854213
2269 8.339261376341476
2270 8.46581289356565
2271 7.7788127974271415
2272 7.722803543267247
2273 7.949119929642705
2274 7.8374658252803835
2275 7.694553050661089
2276 7.904703115757083
2277 8.143586151597624
2278 7.563167061935998
2279 7.617474540834384
2280 7.5008801087123365
2281 8.293114822169953
2282 8.354141747729381
2283 7.430890411467771
2284 7.892555051527846
2285 7.894786916430276
2286 7.99432137576576
2287 8.926024598963942
2288 9.201044885518657
2289 8.12439238744152
2290 7.997312271032811
2291 7.564909378157917
2292 8.516277347000104
2293 8.447954210576901
2294 8.946747079859659
2295 8.386680307957944
2296 7.72759014152812
2297 7.966609693500423
2298 9.042250111395703
2299 8.623073023204553
2300 8.536120377929864
2301 8.872753838885547
2302 8.6811200294842
2303 8.121528311499313
2304 7.838116393270324
2305 8.602655478167689
2306 8.579336223695249
2307 8.418564246052107
2308 7.948307168266489
2309 8.393476957589034
2310 7.871881602850799
2311 7.818256193886787
2312 7.5003003516251345
2313 7.63718516006822
2314 7.00245919913713
2315 7.457373531356104
2316 7.576663777614949
2317 7.49634821048563
2318 7.015712526027298
2319 7.269458696454153
2320 7.407375766471727
2321 7.656608198631461
2322 7.899813388866041
2323 8.185960861951587
2324 8.491401523225683
2325 8.72482190478286
2326 7.865082141299116
2327 8.050690728987945
2328 8.067239839008248
2329 8.363227133688582
2330 7.896200210716128
2331 7.702549441084005
2332 8.025919390025335
2333 7.801622728246374
2334 8.109948200071521
2335 7.955608564306651
2336 8.33435999273963
2337 8.362018529487884
2338 7.802300235648686
2339 7.857462121731654
2340 8.471131954843663
2341 7.989542142088362
2342 7.968102427972864
2343 7.6239442482535935
2344 8.49799955732725
2345 7.998626701090425
2346 8.59906175362222
2347 8.331120560075451
2348 8.316663085829424
2349 7.785354673323385
2350 7.810329267176343
2351 8.390607600536523
2352 8.149148216695236
2353 8.128581848635077
2354 7.635068583441495
2355 7.657518329265698
2356 8.448123053433813
2357 8.293415038503081
2358 7.9914584823014465
2359 8.22909514699743
2360 7.796405333460482
2361 7.608155753160866
2362 8.115388916308085
2363 7.873792489576412
2364 7.811515546925288
2365 8.30994593177959
2366 7.534344147826422
2367 7.953393917576918
2368 8.202993375907123
2369 8.053745370146002
2370 8.81007170966734
2371 7.718869210145449
2372 7.66633268161948
2373 8.008605587495946
2374 8.04170924758041
2375 8.005135133050066
2376 8.066761798200638
2377 7.745133648497398
2378 7.565203006079796
2379 8.117139240389138
2380 8.087028032272345
2381 8.076408002249693
2382 7.722000209239053
2383 7.878688914660764
2384 8.00318217087674
2385 7.793281216132005
2386 7.894598265936494
2387 7.806614138954236
2388 8.243076788534625
2389 7.88023752065344
2390 7.397618147123821
2391 7.8982807836655615
2392 8.205161688688783
2393 7.569429743132751
2394 7.967735326220946
2395 7.747070876370307
2396 7.793678092908613
2397 8.242198094621033
2398 8.159369455745276
2399 7.860948717612966
2400 8.47451849152399
2401 8.56583449680904
2402 8.5395897078748
2403 8.155411417857332
2404 7.846444321382455
2405 7.6752573010954475
2406 7.760783328772352
2407 8.078844136338466
2408 7.822229812512707
2409 7.678802101818438
2410 7.53330300954523
2411 7.434196030584592
2412 8.097311961951485
2413 8.750941352677463
2414 8.756930691925772
2415 7.89740177991955
2416 8.048733509915762
2417 8.27090574438059
2418 8.14723793544084
2419 7.8706516653445915
2420 7.549458036109512
2421 7.64871272712207
2422 8.06081535607836
2423 7.333026936314886
2424 8.474763245465235
2425 7.955308840735236
2426 7.721915251113157
2427 7.96641211111618
2428 7.724300836541422
2429 7.9961529355282615
2430 7.564956934998588
2431 7.634654329901517
2432 7.507896637301845
2433 7.859996107427369
2434 7.947875106182638
2435 8.224948723127499
2436 8.0557701728242
2437 8.165647918984462
2438 7.855214644326313
2439 7.6226826561128
2440 7.911679348795687
2441 7.502648023750694
2442 8.083471734198003
2443 7.3076964789575625
2444 8.171420086454393
2445 7.600202658917822
2446 7.803797147209219
2447 8.030804220999181
2448 7.591507040203882
2449 7.930892757520438
2450 7.49503348916153
2451 7.614249262604704
2452 8.257728503385383
2453 7.959794227800714
2454 8.25493650916587
2455 7.582954061240472
2456 7.47092828234471
2457 7.635205750655853
2458 7.80772231636276
2459 8.592736990290822
2460 7.980228895912803
2461 7.629074205640123
2462 7.7185020281655525
2463 8.175972217792832
2464 7.446530033594918
2465 7.830444397523406
2466 7.254697577569365
2467 6.560760860455127
2468 7.443835315433822
2469 7.10812786320127
2470 8.09377274957806
2471 8.240911103088955
2472 8.283835904540576
2473 8.198298957150296
2474 7.384240074274779
2475 7.243621327383645
2476 8.012982221106197
2477 8.669130640524891
2478 8.059647692134325
2479 8.103648598112366
2480 7.720103142102777
2481 8.292852703728515
2482 7.935079933454324
2483 8.34681717557
2484 7.807252864892452
2485 8.137550452865563
2486 8.009740667562712
2487 8.78277207999896
2488 8.414032500407984
2489 7.751558397074256
2490 8.232536265568697
2491 8.558523212475853
2492 7.839469012175634
2493 7.897442958891589
2494 7.19366069099752
2495 8.114418470193055
2496 7.786257116024924
2497 8.155602045854558
2498 7.542300581590123
2499 8.017820357082133
2500 8.393856567387106
2501 8.425832545697954
2502 7.700580352394492
2503 7.744129168445374
2504 8.164542021394597
2505 7.690852128174003
2506 7.2330600389523845
2507 8.550706632169312
2508 8.3900203994174
2509 6.868994588089494
2510 7.817035999085983
2511 8.111821040816398
2512 7.368835738023949
2513 7.8812023703592295
2514 7.914220780104459
2515 7.817814013571289
2516 8.120806489304295
2517 7.977100828869392
2518 7.601204120188394
2519 7.8074399404366455
2520 7.888376356680335
2521 7.782501678006267
2522 7.66789544974659
2523 8.663329264573422
2524 8.266670083910439
2525 8.220622339606102
2526 7.6700890746081924
2527 7.851890089668373
2528 7.504511443716126
2529 7.944037549454432
2530 7.772074144394699
2531 7.928775101236069
2532 7.4164829198622835
2533 7.8244812118867095
2534 7.701102229290068
2535 7.7339182788184075
2536 7.724615154037617
2537 7.762295815183158
2538 7.986180250620054
2539 7.960176368293021
2540 7.692205502028688
2541 7.421300070642658
2542 7.916476390913988
2543 8.126770947686119
2544 7.760646990140239
2545 7.749709099178919
2546 7.865253376039459
2547 7.702019622810884
2548 7.590985933192938
2549 7.632339530397576
2550 7.581463948895219
2551 7.729333294493455
2552 7.495283773327921
2553 7.784085699370948
2554 8.042538753103916
2555 7.801874905207331
2556 7.501304874642661
2557 7.916197496117543
2558 8.313851143544637
2559 8.065107749943266
2560 7.9261813819053435
2561 7.717814254698401
2562 7.6805397930099355
2563 7.9940887328149595
2564 7.718258757560374
2565 8.212111491812054
2566 7.637748330726639
2567 7.865407688637402
2568 7.409556681403543
2569 7.432690214337356
2570 8.043021048290534
2571 7.740649581665451
2572 7.850340737080293
2573 7.805113699770424
2574 8.03287840163255
2575 7.739220444507032
2576 7.724598856121216
2577 7.6385909644788645
2578 7.749904488150558
2579 7.64095992737184
2580 7.580277424458064
2581 7.705975812241957
2582 7.551534906508338
2583 7.3530435699233765
2584 7.3620243149696725
2585 7.931906457657463
2586 7.870346936337034
2587 7.324517734169337
2588 8.030651969468822
2589 7.7640124781624875
2590 8.396561916812761
2591 8.09234950106873
2592 8.175923812916915
2593 7.9638077831828795
2594 8.010784905983419
2595 7.654488762124328
2596 7.1459730256626885
2597 8.011405116198306
2598 7.620253782334166
2599 8.839869481122301
2600 7.873556339241197
2601 7.862133091203452
2602 7.303475306254479
2603 7.869594595583791
2604 7.628311833539887
2605 7.7454335204317335
2606 7.31777938812251
2607 7.626133798684717
2608 7.799896372845596
2609 7.5119687060702915
2610 7.993661655760644
2611 7.651337476643915
2612 7.326692722876006
2613 7.648317144204379
2614 8.123365687663426
2615 7.85205539585986
2616 7.705566602963313
2617 8.39275549886318
2618 7.682711118179881
2619 8.44891044609987
2620 8.213215705279442
2621 8.013418599143815
2622 7.503817877931792
2623 8.2767627225649
2624 7.955563319310563
2625 8.415573844087886
2626 7.850284553388908
2627 8.625149005088044
2628 7.564110830918416
2629 8.230398481651577
2630 7.905208136811777
2631 8.13490778020603
2632 7.698783969906321
2633 7.780736219625403
2634 7.949988644712374
2635 8.0931574566316
2636 7.7112700639494145
2637 7.637304916967457
2638 8.004420495037559
2639 7.662273816628565
2640 8.07491261966475
2641 7.88277745087167
2642 7.965158463693659
2643 7.755168550189713
2644 7.850477917231974
2645 7.920914087792609
2646 7.5220505536485325
2647 7.549089389283326
2648 7.645016381557209
2649 7.583617849350269
2650 7.337887060851439
2651 7.454649527292957
2652 7.4632078980239225
2653 7.89110350231749
2654 8.506771022356595
2655 7.6875640511526715
2656 7.891837731187814
2657 7.708417257582911
2658 7.96219776505551
2659 7.826799211240078
2660 8.205466114554996
2661 7.735495221807115
2662 7.666629341667233
2663 7.863422685228448
2664 7.47886999645952
2665 8.093167704028392
2666 8.330846131893567
2667 7.886122029397337
2668 8.120565570512893
2669 7.629808848937915
2670 7.6113401636731295
2671 8.200987545632188
2672 7.8586088770056195
2673 8.13126852001614
2674 7.388279994931235
2675 7.288195480519747
2676 8.152459179555825
2677 7.711861082876138
2678 8.248288284445525
2679 7.6131949226324505
2680 7.96329554363271
2681 7.450141223736365
2682 7.949560158677158
2683 7.606716304271162
2684 7.899082597478307
2685 7.689678002623562
2686 7.435012968434085
2687 7.04125073731514
2688 7.375848457496628
2689 7.2629242923267805
2690 7.4983874214915325
2691 7.085639381377311
2692 7.182049195577148
2693 7.150603967483705
2694 7.731705705737946
2695 7.2850552517816665
2696 7.078651783530991
2697 7.264377753169035
2698 7.458588914204932
2699 7.544506060032589
2700 7.807909198869261
2701 7.545564489636626
2702 7.555144736495826
2703 7.217254202127036
2704 7.859032151067938
2705 7.179225155696259
2706 7.11135801537027
2707 7.25893157985194
2708 7.284503653324754
2709 7.806564885932853
2710 7.538124296480426
2711 8.329384545952342
2712 7.863757507858159
2713 7.698311203021925
2714 8.09852246184538
2715 7.174394400542722
2716 8.038160370457128
2717 8.088605725077217
2718 7.773533229107779
2719 8.051790974494072
2720 8.057179475685736
2721 7.4842323241292315
2722 7.875306265446011
2723 7.69728405807069
2724 8.39055869300657
2725 7.393746170522075
2726 7.586655689081252
2727 7.660624458794038
2728 8.172441168917429
2729 7.984143440562021
2730 8.028330146274381
2731 7.847941530801894
2732 8.322277558306542
2733 8.323394804867652
2734 7.670422974585259
2735 7.411479913129268
2736 7.703401929987397
2737 7.931192945627925
2738 7.715168661203597
2739 8.32197451857256
2740 7.610031918689389
2741 7.917444345056725
2742 7.8614268754146135
2743 8.297780838214441
2744 7.885860145702718
2745 8.008854331651497
2746 7.936569075754518
2747 7.683987082208948
2748 7.628893514326265
2749 7.2628664031172905
2750 7.2813745128335325
2751 7.795241423585974
2752 7.502818659753269
2753 7.515564242475304
2754 7.240125588505911
2755 7.726061137696938
2756 7.29049839639656
2757 7.5966579559458784
2758 7.830518481650716
2759 7.664204943769605
2760 7.350983193937016
2761 7.778343869507308
2762 7.456826948757594
2763 7.809244443909386
2764 7.476212100187824
2765 8.127643968775766
2766 7.827078527649002
2767 7.411949278974927
2768 7.571259462635864
2769 7.044507902259524
2770 8.03743787235666
2771 7.567266031796744
2772 7.434499004071664
2773 7.996187197822633
2774 7.645608801111783
2775 8.087558380399514
2776 7.728792848944104
2777 7.605199868924535
2778 7.796622306334755
2779 7.630086691691893
2780 7.831932372829676
2781 7.716328483887594
2782 8.015827233960724
2783 7.530210712759078
2784 7.555557306440453
2785 7.924754394748998
2786 7.369409191162222
2787 7.6456462212712895
2788 7.511178137961383
2789 7.461066191245745
2790 8.317626286304243
2791 8.174803903329025
2792 7.730997013362547
2793 7.9506024900673875
2794 8.086527066288324
2795 8.131392538662784
2796 8.435705375790455
2797 8.480972161109161
2798 7.633926195264374
2799 8.289042512294644
2800 7.512095990696566
2801 8.333475758319963
2802 7.891088003056661
2803 7.096516906354249
2804 7.739171912156107
2805 7.7501970670703395
2806 8.053376381573752
2807 7.8009868145492085
2808 7.178588828097386
2809 6.772041190981008
2810 7.679650517465098
2811 8.644353073889867
2812 7.894495593781951
2813 7.723112501040853
2814 8.405844428822101
2815 7.796129484348275
2816 8.009939886741991
2817 7.867192712800837
2818 7.93071889232673
2819 8.071499820629713
2820 7.809831129517522
2821 7.907536265455314
2822 7.786650898246736
2823 8.140887499991857
2824 8.101281528270599
2825 8.338904498859009
2826 8.10690617556014
2827 8.326280593022465
2828 8.810528643930066
2829 7.699121890824239
2830 8.550492501655947
2831 7.69515832288824
2832 8.592985010907215
2833 9.127027689418052
2834 9.049465443720397
2835 8.505819732257212
2836 8.322392981735828
2837 7.832233085844776
2838 8.49174179647675
2839 7.676618469644181
2840 7.706100680928142
2841 7.789856349189724
2842 7.646195969741158
2843 7.984359811571718
2844 8.331548334901608
2845 7.814461802596879
2846 8.002999748352261
2847 7.899795024872691
2848 7.771144513374778
2849 8.245476447593667
2850 8.023403474703485
2851 8.589951106833112
2852 7.8043987747514745
2853 8.202215595991454
2854 8.70117117165539
2855 9.30552427064835
2856 8.458997457476782
2857 7.518339852420625
2858 7.81862407935721
2859 7.786614732964308
2860 7.733065672993861
2861 8.392661144568654
2862 8.165865879401004
2863 8.649245624790119
2864 8.488070042015982
2865 8.632695514927715
2866 7.714213992634052
2867 8.397310488905784
2868 8.406224434226047
2869 7.982256666982892
2870 8.108977913397375
2871 7.757305670120525
2872 7.925233878655576
2873 8.024961897573542
2874 7.965142094042659
2875 7.975512242745688
2876 8.389308126531416
2877 8.009095026899114
2878 7.884649245967521
2879 7.302555979657507
2880 7.781906483718201
2881 8.464470546459836
2882 8.060699408642337
2883 8.084612569242813
2884 7.776236507238089
2885 7.427185609271397
2886 7.997311991957231
2887 7.364173653242748
2888 8.025930592305729
2889 8.305858455749405
2890 8.002019305316141
2891 8.297881096894843
2892 9.283198116428727
2893 9.020985773846109
2894 8.232420866480334
2895 8.794557105788508
2896 7.983884370806101
2897 9.055119725131403
2898 8.873542455566009
2899 7.923054493821883
2900 7.862139728972085
2901 8.5316561688926
2902 7.79955544633114
2903 8.192400617361534
2904 7.673493202753944
2905 8.073644491843844
2906 8.388757948135442
2907 8.001909018834828
2908 8.131037595251744
2909 8.192003833246478
2910 7.681040125285488
2911 8.041064387422264
2912 7.910385456951694
2913 8.462964767768984
2914 8.399795904924522
2915 9.46091806439553
2916 8.444740773184503
2917 7.917598522869667
2918 8.052378320786055
2919 8.52844822747398
2920 8.029272714374635
2921 8.127294801616346
2922 8.341797190688037
2923 8.58637460551026
2924 8.361229650125784
2925 8.795044097691758
2926 8.31439630267113
2927 8.185201510517178
2928 7.679268335822494
2929 7.731971411381087
2930 7.733741689068693
2931 7.644201838460576
2932 8.376296170875534
2933 8.008134758282276
2934 8.2688195734194
2935 7.773742389269524
2936 7.942736716217317
2937 7.777209084737609
2938 7.839100034231454
2939 7.901623106764294
2940 7.837669349883393
2941 8.039968019395628
2942 8.672821417523727
2943 8.173076368571513
2944 8.292460759162559
2945 8.29377445870989
2946 8.541315314896886
2947 9.143797285754426
2948 9.201409658750086
2949 8.38517589521532
2950 7.694020370504195
2951 7.957207484358405
2952 7.951041987246926
2953 7.791531829779801
2954 8.029664810430198
2955 8.475694213566744
2956 7.994025702321726
2957 8.475151643552582
2958 8.338368327842904
2959 8.381015299431569
2960 8.595922433308692
2961 8.430776608120595
2962 8.692125933871509
2963 8.63311816709468
2964 7.695558142800508
2965 9.498928747562092
2966 9.113827475107739
2967 9.60712869948331
2968 8.982846856488948
2969 8.474613659779267
2970 8.689078664628967
2971 7.950896029944048
2972 7.318871509240438
2973 8.666964537297723
2974 9.07267210650441
2975 8.937108190030726
2976 9.527878128625774
2977 8.567552430300596
2978 8.143153981841897
2979 9.034376956453226
2980 8.193942691311287
2981 8.337737384047639
2982 8.696779872904873
2983 9.697874982641023
2984 7.953853812536816
2985 8.370090268058947
2986 9.580028366868133
2987 9.330095611379493
2988 8.634810798432213
2989 9.39532198259622
2990 8.835213289736929
2991 8.86493206101316
2992 9.314610183961825
2993 9.215825340655423
2994 9.07226047362927
2995 9.13492913417952
2996 8.905766095418455
2997 9.667185313933542
2998 9.08437624731271
2999 8.628597055607658
3000 8.906674548655483
3001 8.931206663620877
3002 8.970457196806697
3003 8.27356409477337
3004 9.683059221152671
3005 9.793961271789989
3006 9.473216691466936
3007 9.951019114840571
3008 10.045286915167116
3009 9.862852475169989
3010 9.033675035939568
3011 9.529311844440826
3012 9.232775295239385
3013 9.11710018488117
3014 9.438210535685574
3015 9.039104308711162
3016 8.788003274414336
3017 8.792686501616378
3018 9.108137363155633
3019 8.339150882628077
3020 9.692137702664235
3021 8.854217165433967
3022 9.74471151671371
3023 9.839822309217695
3024 9.46282908454137
3025 9.865320450671197
3026 9.669738991388863
3027 9.584177240116556
3028 10.185154363508191
3029 9.970358347431175
3030 9.441223036008921
3031 10.020129400071841
3032 9.432520943488505
3033 9.185713022947155
3034 8.950221598626165
3035 9.19134560160047
3036 9.781685982578649
3037 9.57504064734126
3038 8.713529311785564
3039 7.86863096075575
3040 7.645957390861033
3041 8.673172546184055
3042 8.594236421936055
3043 8.170121093216641
3044 9.305199173924064
3045 9.231766828106414
3046 9.528579557138515
3047 9.432820437735334
3048 8.160359496586235
3049 8.834343847063037
3050 9.768021579296397
3051 8.970218856446834
3052 8.604843498934452
3053 8.348545495598104
3054 8.554881538358138
3055 8.409611055465055
3056 8.851087117618782
3057 8.407583255166388
3058 8.39795376457162
3059 8.397296679236536
3060 7.974052625224717
3061 7.493069281603897
3062 7.767617704511963
3063 8.125026658973846
3064 8.30678174583455
3065 8.00124653567261
3066 7.947456886259429
3067 9.051822218752388
3068 8.137004960100995
3069 7.638293180178891
3070 7.860141546017321
3071 7.696467820922347
3072 7.1415245333737705
3073 6.391374749149316
3074 7.18230334956817
3075 7.603240706303498
3076 7.5702876647542805
3077 8.176772293841122
3078 8.001938355474453
3079 7.4975828529081685
3080 7.782026907114195
3081 7.924831485764725
3082 7.942425612580666
3083 8.317534115876304
3084 8.036708954692507
3085 7.951847630791357
3086 8.549339524705234
3087 7.94519393301527
3088 8.711757012425089
3089 8.35867906928451
3090 8.705476567983583
3091 7.7192773363502925
3092 8.781653503920838
3093 8.722250265680051
3094 8.290736092756603
3095 7.963546796311993
3096 7.411953872020667
3097 7.358757731451076
3098 7.735722617816867
3099 7.448250912581455
3100 8.178226990119335
3101 7.835971076402687
3102 7.582544650227471
3103 7.029955327771915
3104 8.00271832008242
3105 7.999449843998322
3106 8.485485752257606
3107 7.898260245463663
3108 8.717131699094063
3109 7.559151017287928
3110 8.799032222413791
3111 7.4399582609805925
3112 6.67574035423102
3113 7.801905002928949
3114 7.855594256471171
3115 7.474179484930633
3116 7.298778874452762
3117 7.839014054956266
3118 7.658622018135631
3119 7.841457915997195
3120 8.51693101872927
3121 8.057029224170853
3122 7.901503076453451
3123 7.464855079061694
3124 7.819089565246083
3125 8.070763487457553
3126 8.449197730540245
3127 8.009304750028608
3128 7.629034120022211
3129 7.803136945564931
3130 7.581889121390721
3131 7.616001967783629
3132 7.696657737645944
3133 7.163072209079541
3134 8.135450550060892
3135 8.04977986725415
3136 8.14193114260905
3137 8.319278412244005
3138 7.7103699105753885
3139 7.634159447974782
3140 7.407200638512823
3141 7.246344842358015
3142 7.700634142444239
3143 7.147444030696877
3144 7.196342083066062
3145 7.554037130172189
3146 6.739845375342464
3147 8.20348629566529
3148 8.074159256947244
3149 8.007361609884379
3150 8.22502778348507
3151 8.681712054749232
3152 8.272718570302128
3153 8.761914925387634
3154 8.059434468685069
3155 7.465706034482286
3156 7.802054673062373
3157 7.688811037031625
3158 8.04940352311588
3159 7.823492902240958
3160 7.3488244944227805
3161 7.898872115236406
3162 7.798488371311668
3163 7.463413488980241
3164 7.92789620122385
3165 7.982081945317714
3166 8.47074461105783
3167 8.174403046171317
3168 8.287367057853539
3169 7.86267351968043
3170 8.249152176739525
3171 8.091515834667197
3172 7.335923642167106
3173 8.321292990803702
3174 7.9465198651443485
3175 8.047418508675646
3176 8.217669962609929
3177 8.228195513165803
3178 8.260912810105083
3179 7.493596349399949
3180 7.361012808262611
3181 7.583417219678593
3182 7.766135708397649
3183 8.001101098325867
3184 7.504445591132588
3185 7.362194362856177
3186 7.783497802448645
3187 8.135241123081036
3188 9.198787268798965
3189 8.772064329684179
3190 7.8762443308452985
3191 7.729784573189555
3192 7.926559419138805
3193 7.920671087583743
3194 8.366607135037334
3195 7.805544013368969
3196 7.995628824287257
3197 7.999240011701354
3198 8.456809828969954
3199 8.138371866386272
3200 9.234659308160742
3201 8.195939232771634
3202 8.312641776062659
3203 8.273398088561503
3204 8.480775195595506
3205 7.823630456935397
3206 8.80409876720582
3207 8.473469852499937
3208 8.38455851536186
3209 7.756130884573107
3210 8.355709232271625
3211 8.056341602541043
3212 8.11979051394325
3213 8.403756658183497
3214 7.941791949231625
3215 7.965313700033332
3216 8.161232922790791
3217 7.78625370473066
3218 8.282343696638259
3219 6.876246111640033
3220 7.783737455535565
3221 7.5221356063196705
3222 8.560761864622458
3223 8.345576352727605
3224 8.048990900899199
3225 8.361022475641652
3226 7.294946270376806
3227 8.227983893745373
3228 8.201328354619152
3229 8.126994706238804
3230 8.480850824691363
3231 8.67161739468322
3232 8.599272494770915
3233 8.376082475441578
3234 9.07740573790503
3235 8.8372302531594
3236 9.142044733137858
3237 8.708540803875715
3238 9.097341487754726
3239 8.977108409556466
