0 7.099291317807279
1 6.855774054566549
2 7.093998567381837
3 6.994469018184797
4 7.2688679223547235
5 6.8947816177467995
6 6.608031333899395
7 7.201204474986321
8 7.647256637853621
9 7.863062726092657
10 8.199676554044606
11 7.328729922433837
12 7.070786746106472
13 6.061799997045774
14 6.104920895163847
15 5.892391926892993
16 6.089730929541862
17 5.92248516870301
18 6.919117550036223
19 7.227978298224475
20 7.4943505081285675
21 7.171280894125052
22 7.435174466527798
23 7.128798555567948
24 8.051158758724297
25 7.4212829873764985
26 7.809535194869411
27 7.396450452147904
28 7.657992337813699
29 7.450534179505067
30 7.321030083620856
31 7.886564895718555
32 7.5363641877879495
33 7.638992386108672
34 6.969249293148788
35 7.595769563834868
36 7.571399593386761
37 7.596850323163239
38 8.361123061980637
39 7.331011496081384
40 7.002683995687222
41 7.152003722026272
42 6.9749384284363405
43 6.99999832171936
44 6.8337104357878635
45 6.713929839306808
46 7.110779942728798
47 6.924611155094088
48 7.095507131289593
49 6.879951827065403
50 7.195035148961935
51 6.813099212352976
52 7.278273966278502
53 7.08326429041698
54 6.9337842183607155
55 6.795167555516327
56 7.083016196808374
57 7.133322063817792
58 7.096280725313347
59 6.9116471881681365
60 7.3246333450874905
61 6.914057071466172
62 7.18176323692016
63 7.109439548862009
64 7.138736093493864
65 6.844090146469955
66 7.0508415205645365
67 6.857295548814007
68 6.899258370139082
69 6.926627480021653
70 7.145546878185783
71 6.869667442564555
72 6.902651888257897
73 7.2160432592016015
74 7.146340876839539
75 7.343832961916998
76 7.096227562695608
77 6.834028578305576
78 7.1515157848173265
79 7.079715603276572
80 7.202217731043734
81 7.315959157171108
82 6.984781360821094
83 7.118630494264366
84 7.195002924377252
85 7.105624858434921
86 7.337851256947183
87 7.234009348810652
88 7.087059990367884
89 7.141617418207333
90 6.853050313346906
91 7.045216179729723
92 6.738936456214647
93 7.15536608109968
94 7.0242077568535946
95 7.180367741015115
96 6.844868469423038
97 7.31301781012218
98 7.033975322528675
99 6.905639274864317
100 6.925073660110175
101 6.858057808063707
102 6.984051755769042
103 7.145715632820775
104 7.014552047485793
105 7.026865027854971
106 7.107268939784875
107 7.104461220476842
108 7.071419879744981
109 7.384041972432216
110 7.099143618543308
111 7.00760075708389
112 6.941594157175943
113 6.903558629751964
114 7.123553414086806
115 6.909604145703037
116 6.605626992740539
117 7.034325723348658
118 7.098414884934863
119 6.939510837021543
120 7.111690211942814
121 7.2879287454383235
122 7.132885266340864
123 6.844054126625031
124 7.2224842358133925
125 7.254996573083299
126 7.177045882041578
127 7.137826108542916
128 6.891843328422724
129 7.070469041945138
130 7.094628687527978
131 7.394109018465775
132 6.91812322182183
133 7.226704710719427
134 6.821893416358881
135 7.062958079110674
136 7.11895585770121
137 7.088958186400816
138 6.900996053072431
139 7.101391390744936
140 6.8381888117089344
141 7.259310742987727
142 7.3905611955986465
143 7.136030075294466
144 7.118545391600428
145 7.107957341237305
146 7.336217149418058
147 7.714892378779524
148 7.625985601519178
149 7.493829392850093
150 7.233548531483164
151 7.500931349249432
152 7.568901284130792
153 7.586682653917301
154 7.222019398184265
155 7.437027982275438
156 7.454028794829779
157 7.362311249340715
158 7.350809201103803
159 7.749293199654246
160 7.230094429233872
161 7.248362560055937
162 7.507427940513014
163 7.5584525957538
164 7.344481371332163
165 7.542823246021485
166 7.628486080669662
167 7.583056107565192
168 7.576764210014961
169 7.5062930363060705
170 7.567647414440285
171 7.5486677130982685
172 7.504665083297372
173 8.127582358093736
174 7.39531426004623
175 7.466015120658632
176 7.726341550103482
177 7.470629139956593
178 7.473938328862211
179 7.619308141124746
180 7.611116156006275
181 7.626726894471217
182 7.509138067129438
183 7.420497997878468
184 7.624274686385454
185 7.483808386069352
186 7.408693616604867
187 7.5252586041951615
188 7.300794094758755
189 7.517773613233133
190 7.671050438408689
191 7.440297590865334
192 7.3974780427614295
193 7.363207920141673
194 7.194605216169106
195 7.192052780167869
196 7.545273521760023
197 7.588485014318289
198 7.220908735816874
199 7.498978248723179
200 7.372479083243931
201 7.493983787689948
202 7.273364811829756
203 7.620973331079015
204 7.553818615857286
205 7.5405436628710225
206 7.635712465928885
207 7.363968787450038
208 7.294358572771705
209 7.073013977617718
210 7.074773081048041
211 7.848305729363634
212 7.365119082610237
213 7.890013232032377
214 7.258601194906006
215 7.543755751744958
216 7.2593794029360765
217 7.16626145107594
218 6.766452722445914
219 6.726197506146053
220 7.310677669766612
221 7.021378396638187
222 7.032929285975774
223 7.164010317613385
224 7.156175745345444
225 7.331737405448782
226 7.040585182502395
227 7.051513562873854
228 7.1816768958070885
229 7.241676407287132
230 7.048463995851007
231 6.6356567127003085
232 6.873815227895505
233 7.278709079411729
234 6.977169463605387
235 7.126592906579783
236 6.990560466121971
237 6.971001601629908
238 7.220203160605637
239 7.132538680323667
240 7.007336569925471
241 7.0322306483918835
242 7.219783525269747
243 7.2075602608348595
244 7.040902611452648
245 7.333564828192416
246 7.221421598927552
247 7.310716915356456
248 7.115179136211966
249 7.236898848081216
250 7.8379148614918766
251 7.080671129688859
252 7.793528097234978
253 7.368289006752964
254 7.139198061025552
255 7.212367995237704
256 7.490842944633522
257 7.336587640485092
258 7.396887680571873
259 7.016130744766186
260 7.167860744303414
261 7.206991501589331
262 7.048673054253461
263 7.178622915217886
264 6.96241909066541
265 6.938762078329142
266 6.922977792012181
267 6.9185938834071194
268 6.848621570025731
269 7.056776623543959
270 6.8239356800731015
271 6.979102583802747
272 7.1220980583715745
273 6.893122378965214
274 6.748887743557426
275 6.796638524565946
276 6.7891736560263505
277 6.841499993984031
278 6.924525299059638
279 6.709592553214029
280 6.817648619333058
281 6.968952562295424
282 7.035795908641331
283 6.643522376064274
284 6.770044499247084
285 6.46755200269734
286 6.6510969432886995
287 6.891752553975777
288 6.766848186875328
289 7.026273548968292
290 6.993467353334369
291 6.9835736134625
292 6.927142664778725
293 6.756562230828686
294 6.938665324349608
295 6.985091215303338
296 6.8373938871248265
297 6.997421521230076
298 6.874233893691606
299 7.043192019021469
300 6.757066705409308
301 7.052869143472704
302 6.974174063295888
303 6.804336529806926
304 6.403447798913455
305 6.519655070366027
306 6.426118924088691
307 6.285128541499702
308 6.204625763051053
309 6.329910270887064
310 6.2081165966484795
311 6.148709318490116
312 6.77634207301754
313 6.849750831116602
314 6.820428716705929
315 6.964708780322069
316 6.7031067647687355
317 7.214423817913514
318 7.241121012997629
319 6.891401302269033
320 7.338170260542878
321 7.505657559507761
322 7.077907326004389
323 7.362518846290218
324 6.727020137236943
325 6.823495161056756
326 6.912957485027293
327 6.581407181912481
328 7.0372154582438196
329 6.8531388005727605
330 6.532511900472744
331 6.957655690200982
332 6.856236402392744
333 6.883659985546217
334 7.0770241585387135
335 6.747505555518471
336 6.455112580652572
337 6.957014420559769
338 6.796156083946069
339 6.669377194154911
340 6.628324907900513
341 6.4475377061066865
342 6.702141910582495
343 6.790701207148502
344 6.727530749333275
345 6.774805942679717
346 6.49846619601765
347 6.514900003865817
348 6.979526379821763
349 6.6187422523443376
350 6.666766754532773
351 6.2252490416384445
352 6.438530138464202
353 6.502394631713868
354 7.03545764871613
355 6.482018270133102
356 6.779637877136454
357 6.307296891646264
358 7.0270933293460685
359 7.105833981535824
360 6.838114817974445
361 6.916113114671844
362 6.750375673592903
363 6.595392788188333
364 6.759854066882037
365 6.831080747015591
366 7.078169542976052
367 6.456372196348139
368 6.730643453879519
369 6.793079111653615
370 7.222871084002801
371 6.479133393888967
372 6.585618212632042
373 6.832951760887289
374 6.9171093320859
375 6.530964520272723
376 6.37167759548416
377 6.331576341458714
378 6.854075638101795
379 6.9296960772616725
380 6.747977032296549
381 7.052153498240819
382 7.019226027847546
383 6.900649982859078
384 6.910588873083345
385 6.906994271384778
386 7.187089212671142
387 7.119139928553879
388 7.156057596011762
389 7.051942580623919
390 6.990021702960835
391 7.079919064554553
392 6.9644719490384945
393 7.25027714356588
394 6.916009084833968
395 7.098566084513903
396 7.034362066577476
397 7.0936595118591965
398 6.9487374498164325
399 6.925981085768211
400 7.103324119636689
401 7.168826251180858
402 7.183992985118571
403 7.040442012375597
404 7.199792328747007
405 7.4801841053639215
406 7.283378811743597
407 9.110207358242805
408 7.487727432346105
409 7.34200136155688
410 7.322693627269608
411 6.863534924606367
412 7.279895073467672
413 7.445310451807602
414 7.086740365101162
415 7.284330470059595
416 7.4521874587695
417 7.672550822651157
418 6.587364755765737
419 6.4828603139794705
420 6.489454723284345
421 6.856137317985596
422 6.953407465234991
423 7.046935438700133
424 6.998790546861905
425 7.058972388718667
426 7.316913256488091
427 7.3119566811313605
428 7.114612903428257
429 7.266626424126741
430 7.106328082850142
431 6.93037184768144
432 7.478120007787905
433 7.082019329860317
434 6.69045020037557
435 6.7174090055687605
436 6.9992491799192225
437 7.403992085360356
438 6.4773037570432725
439 6.806161652551628
440 7.343599836826469
441 7.450600636393216
442 7.438934093517674
443 7.47663300464508
444 7.438674846239744
445 7.746856843642271
446 7.190053425627253
447 7.157885303084883
448 7.0890420832400105
449 7.36746487916131
450 7.251366359084913
451 7.256165134400869
452 6.926436870769094
453 7.378008639176282
454 7.296796194149549
455 7.216182317090666
456 7.152363369899333
457 7.1280196357976875
458 7.310353856830392
459 7.265014878133206
460 6.996672063745864
461 7.279090230946961
462 7.357383061701248
463 7.186484277066007
464 7.154007668065899
465 6.887321057344693
466 7.272475291860253
467 6.850620506123028
468 6.975016324141951
469 7.233741303038078
470 7.189166348913283
471 7.487197295118629
472 7.073881378526818
473 7.096050618744471
474 7.018827917493092
475 6.970187582013671
476 7.036961863167326
477 7.112546126802724
478 7.283498621272804
479 7.141140623836308
480 7.203571482976912
481 7.137194622125198
482 7.040338413070798
483 7.085919143682722
484 7.513787025098017
485 7.02937207977931
486 7.635282969722942
487 7.244702924549377
488 7.165701126322882
489 7.1930083753510345
490 7.380085553226951
491 7.26513654964976
492 7.1020937406155955
493 7.2683982222582655
494 7.230234584181019
495 7.074506288252031
496 6.99371518202884
497 6.857832110569662
498 7.326185208886608
499 7.181067851794803
500 7.56324132277794
501 7.185670742916318
502 7.126072378820292
503 7.687916130380923
504 7.331642738607365
505 7.5135713345322594
506 7.273445185462892
507 7.107846641266268
508 7.531808089888862
509 7.385421997233472
510 7.276344556044008
511 7.234410055674217
512 7.4420697275106935
513 7.451726798313612
514 7.417945218953662
515 7.06391203358935
516 7.428674354520991
517 6.91709596974453
518 7.520054123248121
519 7.324402634677638
520 6.893935396746024
521 7.10478781296144
522 7.382588990369242
523 7.458773464197721
524 7.469151133823097
525 7.3031744685683595
526 7.377775794619735
527 7.645166323020523
528 7.630291773588
529 6.902806586713028
530 6.917274401201021
531 7.014731483444066
532 6.946612757439545
533 7.098428444046759
534 6.824581119110441
535 7.017471772557911
536 7.022767337094354
537 7.0511835138977235
538 6.9637004514285925
539 6.798403738837482
540 6.93997434039819
541 7.144057217608863
542 6.979714731760592
543 6.945813439991214
544 6.876746876084088
545 6.876630253983279
546 6.4943325369111005
547 6.887952903173922
548 6.869149361909731
549 6.660363876446906
550 6.741963213416865
551 6.710545413091849
552 6.707671362317224
553 6.952336544188685
554 7.098240840199982
555 6.797917160764702
556 6.515058099084698
557 7.080124888636656
558 6.738259147822079
559 6.647285855482077
560 7.264755530773726
561 6.949430851592993
562 6.753764231488336
563 6.699617571983292
564 6.82612770532966
565 6.0238977596931225
566 6.491618386100396
567 6.7423440493055615
568 5.9888198458694415
569 6.511101057609669
570 6.557137032649646
571 6.603855072470349
572 6.277820166457205
573 6.313375200823264
574 6.118976509981092
575 6.624163063737903
576 6.103335670730913
577 6.486906731652886
578 6.5652610006956715
579 6.360328336425403
580 6.037429358340287
581 6.122953579210147
582 6.554053589673465
583 6.097581931187546
584 6.642608873525616
585 6.171752502838876
586 6.324066470883327
587 6.15621007994486
588 6.391260450981089
589 6.216032482173035
590 6.5892823789586386
591 6.613292583888141
592 6.370937092497833
593 6.782803901973792
594 6.686571253773619
595 6.7295508845627365
596 6.946318667254758
597 7.014013821335719
598 6.975783399840971
599 7.319514337573852
600 7.0344954578125725
601 6.843885766330139
602 6.969648981243108
603 6.504836098288367
604 7.11592428247209
605 7.264519258152031
606 7.094127395531559
607 7.089696888763235
608 6.892511945089351
609 6.9429477400912125
610 6.579787704496425
611 6.507786816351824
612 7.022864513141085
613 7.135887144791147
614 6.491091912723801
615 6.446129899061013
616 6.438501051578408
617 6.5295255852470895
618 6.60946318357656
619 6.5111158794871615
620 6.574423492732353
621 6.58553808662182
622 6.289255267095841
623 6.350225767514321
624 6.3188348059656425
625 6.720604580238016
626 7.012152768270639
627 6.668778870336598
628 7.095621680353956
629 7.095750616040494
630 7.035610769603217
631 7.198466913881787
632 7.1187672518083716
633 7.503827308166439
634 7.394462495494332
635 7.320802159998867
636 7.455026840303373
637 7.466774140923844
638 7.140084321337806
639 6.849136499101965
640 7.210609979792077
641 7.4279279242311365
642 7.068031598595307
643 7.270135864562636
644 7.172881460422945
645 7.2275103199109365
646 6.3638768325018145
647 6.851355969824127
648 7.068570994595785
649 7.334765772366368
650 7.243324574820975
651 7.269048907044235
652 7.045921188928449
653 7.192833263923848
654 7.026118498388438
655 6.814876015798501
656 7.4580098777300226
657 6.954001692573578
658 6.81903386457213
659 7.645229395646595
660 7.329634599047258
661 7.490993337137432
662 7.499279076355125
663 7.737178389639717
664 7.194324748400351
665 7.355063817103525
666 7.220699335081924
667 7.436377320014304
668 7.780253844950903
669 7.173662379888296
670 7.005602490947739
671 7.083800705569376
672 7.677692769864381
673 6.668955554315087
674 6.71417755263176
675 7.491140688685749
676 7.342892308014535
677 7.047573366901307
678 7.150205818067214
679 7.168357538992025
680 7.02608432583558
681 6.826660470230867
682 6.93193149628572
683 7.100374885529812
684 6.7660197160132585
685 6.666891738101343
686 6.528809330938966
687 6.51997324802354
688 7.144826570330175
689 6.973459120183879
690 7.024142505679161
691 6.306379163204175
692 6.832163196707355
693 6.700351965207586
694 6.668822455248432
695 6.448670116795065
696 6.509035662804848
697 6.731754833978498
698 6.77045507087065
699 6.655094833237075
700 6.615238984788592
701 6.559500426233269
702 6.70181692807108
703 6.780139407110282
704 7.121096897412375
705 6.894963484452296
706 6.996757884107763
707 7.115596044380587
708 7.053947939693635
709 6.810918440545552
710 6.577824698726617
711 6.876652024298075
712 6.655944812361333
713 6.970161031619268
714 7.130975586895243
715 6.521302165183512
716 6.756592334564333
717 6.654719339167802
718 7.001746172516167
719 6.917293015102298
720 6.750120091874176
721 7.083255296057175
722 6.7907799908128545
723 7.220496422191125
724 7.324141854687204
725 6.91659629425515
726 7.116685093156202
727 7.026447533522925
728 6.859794885496091
729 6.973269725082301
730 6.823317087466671
731 7.1501185462331724
732 7.331445937119408
733 7.414619066625175
734 6.904315280554919
735 7.388952332404804
736 7.225284085173767
737 7.642398179087546
738 7.577368431021511
739 7.0661841979462325
740 6.762104953138085
741 7.489915210293848
742 6.746787323634114
743 7.11124028004978
744 7.37093911057398
745 7.319006585592022
746 6.986007024596947
747 7.3816285575873675
748 7.306542116864493
749 7.272357176011482
750 7.630475361621427
751 7.331272116958134
752 7.51903428742297
753 7.574411953670332
754 7.5041743562781535
755 7.142544559980164
756 7.81373913510263
757 7.556437622407277
758 7.101213419041535
759 7.414141827096903
760 7.232300077697885
761 6.721715606465009
762 7.0973163860998545
763 7.247497881196861
764 7.315056858944247
765 7.488650626315153
766 6.983120223387363
767 7.283221278040277
768 7.298879077658398
769 7.218060276313948
770 7.298427219730222
771 7.388714017631786
772 7.107559677461221
773 7.118557937077886
774 7.298764226592473
775 7.555940121711984
776 8.032321933663907
777 7.40612791958155
778 7.414531491631509
779 7.736715605779057
780 7.712958975805874
781 7.798329489363936
782 7.453823043336784
783 7.267119924642221
784 7.15362299126321
785 7.56925552466485
786 7.294473708641399
787 7.960575033922931
788 6.915403622123451
789 7.1266398608218005
790 7.147632965417568
791 7.243064271941515
792 7.371946379722486
793 7.197603782761111
794 7.460480713140581
795 6.870121901772766
796 7.253822532002105
797 6.942562772206322
798 7.537513107675321
799 7.8495241585888325
800 7.2795563611681535
801 7.9571999373039795
802 7.472238182485223
803 7.24086342806188
804 7.808311814167529
805 7.9273755665083
806 8.35506917690638
807 7.894588462718142
808 8.09245582948881
809 8.12846954728597
810 7.520779374075262
811 7.3440532812603125
812 7.576591115376658
813 7.567690250163466
814 7.486403928787421
815 7.731297958291808
816 7.869112206439422
817 7.796120939404984
818 7.469680775470936
819 7.6838581744541345
820 7.327469547452807
821 7.328850697251727
822 7.446149775443538
823 7.139860079452572
824 7.118481344497177
825 6.839273588883384
826 6.983003356433337
827 6.941015364476685
828 6.905624851865705
829 6.931766397943437
830 6.873306884413651
831 6.730939931878271
832 6.8804884336167325
833 7.64457628146441
834 7.500900268993375
835 8.11035595031416
836 6.976056634609286
837 7.279869128457573
838 7.349888778504808
839 7.588740231018541
840 7.5295604065193595
841 7.3437169453306685
842 7.624128294183136
843 7.985975056008499
844 8.202062988428231
845 8.380936242412746
846 8.425252333353184
847 8.178154154193656
848 8.50664708062222
849 7.7676165391379755
850 8.531176692625978
851 8.088676813285518
852 8.212889963294952
853 8.043464974886586
854 7.634889951487108
855 8.34523730237093
856 7.491198458231371
857 7.305614063345165
858 7.784497576003748
859 8.0400815107777
860 7.132750297354257
861 7.131874714071632
862 7.1342512804967875
863 6.748299968523614
864 6.903799558124793
865 7.02685322279565
866 7.347070841284662
867 7.283103914097604
868 7.639602228567242
869 7.372432844801142
870 7.757570851248773
871 7.445730514506514
872 7.952336350336185
873 7.558620040410125
874 7.600124709543852
875 7.774534651909883
876 7.685836072906897
877 7.277347042924923
878 7.599535234868484
879 7.368992839738357
880 7.325972046011046
881 7.579962568177478
882 7.292086189425928
883 7.215119036891991
884 7.237737277249991
885 7.466491886504824
886 6.873232662173087
887 7.459924367331779
888 7.425332119977743
889 6.644663634150073
890 7.093052702679194
891 7.245841082488891
892 7.473250896537731
893 7.3386699845490835
894 7.4379917404337395
895 7.184538352042107
896 7.112578313097622
897 7.387723565788471
898 6.99071064895852
899 7.0411899726627345
900 7.384300678033433
901 7.170414018345059
902 7.190317178599272
903 7.262847536111263
904 7.387712974082902
905 7.155603883040062
906 7.264940632079181
907 7.292640856590338
908 7.004885950752035
909 7.160286111397806
910 7.560561685751377
911 7.782587799775152
912 7.194101342217913
913 7.500526854080018
914 6.890161717262955
915 7.073554259410775
916 6.996070829955814
917 7.222696454255836
918 7.073713772328641
919 7.115241759936035
920 7.118507150826951
921 7.00489035944693
922 7.406215376861048
923 7.042188963001979
924 7.18621478998668
925 7.588517314871986
926 7.09638553431317
927 7.521455885249185
928 7.440498130324221
929 8.1199882516301
930 7.365962591622241
931 7.770535503083559
932 7.244774742014894
933 7.699768069383104
934 7.345879824434784
935 7.268733003032693
936 6.575134030691053
937 6.75428067894404
938 7.1468316921108315
939 6.998052786880629
940 7.039498530230481
941 6.823145565813396
942 7.323532816963844
943 7.372744814227784
944 7.239874454152483
945 6.8499121394803355
946 6.664605854443709
947 6.978444805372006
948 7.0115912102530515
949 6.782657429443947
950 7.140251459756265
951 7.672120492323794
952 7.318824462394551
953 7.335048369239671
954 7.123164088788167
955 7.066350480219577
956 7.085156132050506
957 7.180576342427896
958 7.2005473847094255
959 7.10146333382188
960 6.858518804321672
961 6.698512510014452
962 7.111113896369325
963 7.589338530388086
964 6.9419139972784345
965 7.095131388196103
966 6.8486595713712815
967 7.187077029827939
968 7.027647341015576
969 7.340767079152778
970 7.018296063319363
971 6.729726161695899
972 7.074270466348178
973 6.9863356029965855
974 7.053541685363844
975 6.965204415832686
976 7.109255207607451
977 6.841164112114978
978 7.279342070862236
979 7.195446103483243
980 6.698194507705566
981 7.187021334063554
982 7.161934015027495
983 7.068902350452843
984 6.989579923502453
985 7.170486389394199
986 7.188551455285297
987 6.898100374439513
988 6.904859734076274
989 7.278842314995671
990 6.926499474644796
991 6.981255304102467
992 7.184413413993609
993 6.920387667843173
994 6.914888958104228
995 7.228133587558183
996 6.8398931589829
997 6.676571370518632
998 6.9220347575475
999 6.978165549909285
1000 6.765964610740286
1001 6.633576171448215
1002 6.975895573035063
1003 6.702765520010975
1004 6.755609762136336
1005 6.639193753030764
1006 6.744300786754782
1007 6.937694240645152
1008 6.323962257786225
1009 6.224362529566423
1010 6.733689480617503
1011 6.740809608391378
1012 6.708585913779267
1013 7.209741375841331
1014 6.555351638277874
1015 6.936021008348793
1016 6.8390314549602795
1017 6.824787750554202
1018 7.009749638668373
1019 6.955690468776675
1020 6.423558007839953
1021 6.510984114236381
1022 6.324091587526336
1023 6.834341155489984
1024 6.621989184600149
1025 6.353787564694417
1026 6.721048510355116
1027 7.072714879014413
1028 6.864147070499552
1029 6.702765296946709
1030 7.160318602559282
1031 7.054635086961591
1032 6.606102788697409
1033 6.523419976661853
1034 6.760021758754401
1035 6.668103520442382
1036 6.0917626814261645
1037 6.579397184779733
1038 6.718671505803855
1039 6.68689140377061
1040 7.135025135203257
1041 7.121239514927584
1042 7.172644255261041
1043 7.12707736663225
1044 6.974849456385088
1045 6.323450675949631
1046 7.082703701424313
1047 6.883749745453003
1048 7.137548460224396
1049 7.060958880982863
1050 6.697667213277567
1051 7.216069083723005
1052 7.263386712508868
1053 7.274167254099543
1054 7.186753974557736
1055 7.176411719550486
1056 6.878800425902388
1057 6.872863193155819
1058 6.7915800427136395
1059 6.972660275229528
1060 7.173518214130456
1061 7.019369134755579
1062 6.34829330312302
1063 6.60135684000878
1064 6.426613148868891
1065 6.675708615739827
1066 6.684341314914594
1067 6.768849187439012
1068 6.7157709653716084
1069 6.825726554830291
1070 6.421127140838002
1071 6.279653370650384
1072 6.895065265209678
1073 7.033772658908219
1074 7.034346623213766
1075 6.756846147635109
1076 6.894183793482748
1077 6.560566023130548
1078 6.597546714004024
1079 6.802191033237292
1080 6.831669598261155
1081 6.854393459930543
1082 6.633832150392871
1083 6.706185132564194
1084 6.853123210267558
1085 7.429594353359451
1086 7.174066927522509
1087 7.028058444184665
1088 6.915711049628457
1089 6.996714741158728
1090 7.316554229985401
1091 7.438596327468966
1092 7.362135795764528
1093 7.251478669988838
1094 7.075139195652066
1095 7.37544929627452
1096 7.218703480358564
1097 6.901662220509117
1098 7.089506834673076
1099 6.989123030997196
1100 7.387375957784956
1101 7.079319860796202
1102 7.688854767357105
1103 7.3815908805464305
1104 7.134400622967638
1105 7.593158584573234
1106 7.283786722256975
1107 6.971880497586913
1108 7.259291384976228
1109 7.693242967421569
1110 6.265148502296669
1111 7.203703503407666
1112 7.0149553643073
1113 7.078322314353818
1114 7.091883191436749
1115 7.1776788779650715
1116 7.03973873411873
1117 7.019885346402968
1118 6.7298935041552115
1119 6.702101386673027
1120 7.211665435637367
1121 6.790754452415394
1122 7.410534416312816
1123 7.431697824833958
1124 7.067443692415884
1125 7.110821890603072
1126 7.5253743507819815
1127 7.267391573357108
1128 7.073550934040515
1129 7.463150860258308
1130 7.2267249289855
1131 7.314492111158756
1132 7.313235955293402
1133 7.112428463894935
1134 7.292171430734916
1135 7.220679051081215
1136 7.4070654203521125
1137 7.185622114117552
1138 7.176898665419896
1139 7.660986675093569
1140 7.646976439531483
1141 7.36215151474296
1142 7.175569341948563
1143 7.369687350811555
1144 7.475015332841457
1145 7.207667852797624
1146 6.95606438540764
1147 7.56217141923765
1148 7.384985861172491
1149 6.968671552496105
1150 7.2084500621800025
1151 6.999936298785695
1152 7.125799717437862
1153 7.131701101142414
1154 7.39351243907655
1155 7.702268369370583
1156 7.206441373433321
1157 7.369883946291604
1158 7.151040438050768
1159 7.154707072618598
1160 6.998871167845604
1161 7.4137993356197756
1162 6.876769587333418
1163 7.241025889877519
1164 7.191186135080086
1165 7.139555299592572
1166 7.153643840855596
1167 7.261932897050746
1168 7.377117220841571
1169 7.284936132909911
1170 7.215789765150937
1171 7.077405489548922
1172 7.265871504291206
1173 7.085457028088359
1174 7.227437089370786
1175 7.022036455885388
1176 6.875884360083458
1177 7.137773639450651
1178 7.008797367717845
1179 7.11966258529869
1180 7.142371270393619
1181 7.100766170942551
1182 7.516200287385584
1183 6.983448868555137
1184 7.320952784746593
1185 7.113696816750628
1186 7.076632518276302
1187 7.716326180884154
1188 7.107678212450162
1189 7.248838436839931
1190 7.199850766145782
1191 7.325130791695675
1192 6.9089852339119515
1193 7.162442022727953
1194 7.134515854243634
1195 7.404538050580013
1196 7.028332014008052
1197 7.082878801325273
1198 6.98063061304271
1199 7.008355760679695
1200 6.451440483438946
1201 6.690318023443812
1202 6.391335192794479
1203 6.588427960871145
1204 6.498370187668339
1205 6.532116553379754
1206 6.53093669498535
1207 6.225979063435635
1208 6.19141936911208
1209 6.046881972026956
1210 6.129154890467161
1211 5.889063353824691
1212 5.938975158775926
1213 5.900146453173323
1214 6.073677877374948
1215 6.106906170823734
1216 5.958440715283901
1217 5.9740320352205885
1218 5.785724939032478
1219 6.330210344030535
1220 6.2622436820425955
1221 6.379379644958413
1222 6.208582921489844
1223 6.502786711825593
1224 7.100687810835865
1225 6.917931794140691
1226 6.760869540817572
1227 6.817920095842926
1228 7.062091220111956
1229 6.70988461074888
1230 7.271962841201104
1231 7.197387499363024
1232 7.229655413915623
1233 7.25619576235358
1234 7.197560171114315
1235 7.272718280193241
1236 7.167361724326164
1237 7.0168178029010315
1238 7.142231183657404
1239 7.0143813439097045
1240 7.19638377530355
1241 6.836277678941685
1242 6.961561389613426
1243 7.208808008014895
1244 7.03665137441047
1245 7.247060969894611
1246 6.876719752859175
1247 6.930231153666353
1248 7.2007087404720345
1249 6.628356256841232
1250 7.405790353393841
1251 6.428474385232461
1252 6.980442305346702
1253 7.018232739607874
1254 6.92950327047517
1255 7.014488949242257
1256 6.937328205728324
1257 6.943092601457743
1258 6.955936214965155
1259 7.103932252359159
1260 6.775373160178955
1261 6.949495160767026
1262 6.924810156203838
1263 6.72876575700749
1264 6.772930818424498
1265 7.01887684869572
1266 6.746309221031994
1267 6.497982866666499
1268 6.668983006333408
1269 6.9349121053405325
1270 6.796481487164463
1271 6.6823313625096326
1272 7.025615190866518
1273 7.058408361857503
1274 6.737861775571457
1275 7.300996689841138
1276 6.988112390154638
1277 6.981195879443805
1278 6.923657153189241
1279 6.651615964244631
1280 7.258168755792404
1281 7.021286333618689
1282 6.820437822064173
1283 7.0010945624287615
1284 7.485329459646716
1285 7.299427684192722
1286 7.501767168521964
1287 7.035281154597697
1288 7.565034836432951
1289 6.973612435680318
1290 7.137240659378025
1291 7.058159009197403
1292 7.182710535275956
1293 7.23629277718271
1294 7.293311641478562
1295 7.269246854534521
1296 6.704932214139859
1297 7.074846064750299
1298 6.718854692976136
1299 7.1269694471608815
1300 6.618180160830468
1301 6.879149236729157
1302 6.98498395405168
1303 7.110310819004788
1304 7.038708071841231
1305 7.0498492392213254
1306 6.977152263709392
1307 6.943438208965522
1308 7.0084173603744135
1309 7.021267606209215
1310 6.907323757568452
1311 6.773002916821021
1312 6.587941847513823
1313 6.8685590465539965
1314 6.829294704858429
1315 6.433560246128037
1316 6.623978106973437
1317 6.439019954343533
1318 6.855667776503958
1319 6.698752628158038
1320 6.751145562639388
1321 6.9251212803009174
1322 6.7977671723293716
1323 7.090368353719171
1324 6.98177997128874
1325 7.016675580414794
1326 7.298841364167604
1327 7.345995803554976
1328 7.019052642860432
1329 7.158920025132765
1330 7.267042733392711
1331 7.128961610853148
1332 7.114744239903565
1333 7.219600679961375
1334 7.197153504557147
1335 7.16223542031532
1336 7.172608713589338
1337 7.329894356638312
1338 7.36434998841886
1339 7.141139321327874
1340 7.083858206902422
1341 7.132858036081891
1342 7.213291789799472
1343 7.293615544788657
1344 7.061422562370621
1345 7.397147397830626
1346 7.111649300695713
1347 7.171595819403137
1348 7.182377373552402
1349 7.061668516159611
1350 7.1120965553145465
1351 7.136658457194184
1352 7.34031949140767
1353 6.816965722282702
1354 6.435686934368821
1355 7.176381576114116
1356 7.255000195387825
1357 7.016990450374885
1358 7.159486138732742
1359 7.03290747028453
1360 7.111988165111086
1361 7.2889049654387605
1362 7.1129682844159
1363 7.323658050943151
1364 7.209703356937726
1365 7.5562413813796905
1366 7.359416034344312
1367 7.304017302419692
1368 7.393824968142277
1369 7.296504339570123
1370 7.127047051700174
1371 7.335081739727268
1372 7.199436448667776
1373 7.202175354907785
1374 7.2467693002988565
1375 7.758110403307088
1376 7.181068703121118
1377 7.670261219011678
1378 7.524307060065172
1379 7.708333886610162
1380 7.062309289886718
1381 7.917181975896921
1382 7.733922557780059
1383 7.447981587096777
1384 7.302355172554226
1385 7.4704139976862525
1386 7.151762403909754
1387 7.372836150749069
1388 7.193732834545819
1389 7.221744483822658
1390 7.198464199080746
1391 7.171213257552129
1392 7.234431972640629
1393 6.842589760671402
1394 7.076164025711305
1395 7.2863385082626735
1396 7.0338066955978364
1397 6.994441842150523
1398 7.160625475251118
1399 6.968456515860148
1400 7.022704633831829
1401 7.2097326973647755
1402 7.14470704704342
1403 7.08985899943609
1404 6.9629324997194
1405 6.791980467314711
1406 7.057063507056082
1407 6.845392112599027
1408 7.000205949012799
1409 7.093079163628286
1410 7.052831105768479
1411 7.089857223844207
1412 6.643766864220106
1413 6.9430328086570645
1414 6.864535786316518
1415 6.429092250985284
1416 6.676847987877841
1417 6.561038618263635
1418 6.6456377141748595
1419 6.3908889230921
1420 6.93799607688133
1421 6.63172700451924
1422 6.496087029071042
1423 6.559639313672456
1424 6.542128526096841
1425 6.438390833485955
1426 6.664208200791219
1427 6.544537830537607
1428 6.602596485869834
1429 7.112296565882977
1430 6.517261531016858
1431 6.841552132856312
1432 6.886330613951962
1433 7.152480564269087
1434 6.6434697836743455
1435 6.8349952289416445
1436 6.555734952063763
1437 6.795462534954206
1438 6.705430118321994
1439 6.802864137752597
1440 6.993758048911539
1441 7.069939994668424
1442 7.308522763905979
1443 7.093754184205956
1444 7.230831700425155
1445 6.803209861176516
1446 7.165008979360306
1447 7.032985750658166
1448 7.183039969706277
1449 7.2801917494595125
1450 7.07687684637781
1451 7.063602725744534
1452 7.144628879235143
1453 6.776724378330166
1454 7.050327576842649
1455 6.797692378797732
1456 6.834420883934918
1457 6.959555987158516
1458 6.803846009649378
1459 7.046329690732435
1460 6.998281130538573
1461 6.834876398970103
1462 6.784490975316446
1463 6.823033947273192
1464 6.575178833281271
1465 6.893134114461696
1466 6.8233965793721225
1467 6.9477327914511235
1468 7.194200619697179
1469 7.107885816449258
1470 6.6498633522905894
1471 7.098179996997499
1472 6.870716465536728
1473 6.555147255739736
1474 6.8994045565798325
1475 6.869374386282097
1476 6.862614738680446
1477 7.053929461334166
1478 6.882081814448441
1479 7.002961611580701
1480 6.65798132501074
1481 6.748524168681617
1482 6.67742504720536
1483 6.765288426180065
1484 6.874005937038025
1485 6.972271600839047
1486 6.867286853036114
1487 6.682204630760747
1488 6.620611534928178
1489 7.233791635151247
1490 7.181582074245034
1491 7.247988255566945
1492 7.196957833741542
1493 7.16862627389542
1494 7.481552963406267
1495 7.24938733236336
1496 6.8311926187862015
1497 7.131826211512866
1498 7.22992183035069
1499 7.100868595648431
1500 6.896202762140627
1501 6.815385855438402
1502 6.992002225562496
1503 6.709947537183133
1504 6.8354933788068815
1505 6.908091702874611
1506 6.898264680233788
1507 6.977363023400577
1508 6.910460570857525
1509 7.134887560380941
1510 6.676191943373073
1511 6.874191212418133
1512 6.933703167761215
1513 6.701651859535621
1514 6.650104736875059
1515 6.898494147337769
1516 6.8149325194242705
1517 7.042282275507793
1518 7.306711027172803
1519 7.121090543667922
1520 7.019439087409276
1521 6.705822265111517
1522 6.791111508224475
1523 6.840348163406625
1524 7.065037226663242
1525 6.7269163859837855
1526 6.906037360922103
1527 7.268119978166952
1528 7.275188195459677
1529 7.113741102036551
1530 7.334737192498489
1531 7.142165858298017
1532 7.247926144501663
1533 7.214175544910496
1534 7.14929842843112
1535 7.038472893893787
1536 7.2035103940468534
1537 6.908015900483376
1538 6.944386559112399
1539 7.45884004342321
1540 7.023879973235184
1541 7.410060370897025
1542 7.037447787739639
1543 7.434842116992497
1544 7.2322916163528115
1545 7.0692343429553475
1546 7.0083878185083455
1547 7.153697315214517
1548 7.1625241259758425
1549 7.21757936191646
1550 7.13003811890347
1551 7.130075788772344
1552 7.289857423343442
1553 7.187841226085306
1554 7.008810417762942
1555 7.453530539041476
1556 7.107726292295496
1557 7.284691293726554
1558 7.149184648832186
1559 7.139760088039847
1560 7.3386664042336305
1561 6.926103522743754
1562 6.957776717649856
1563 7.224703732082025
1564 6.922400394402015
1565 7.027381661138881
1566 6.96779640344427
1567 6.807226714514676
1568 6.921342819369414
1569 7.185022902152213
1570 7.034498382278972
1571 6.896295802977256
1572 7.672371500781542
1573 7.015167716442027
1574 7.047156517633772
1575 7.258770899640743
1576 7.456335795906321
1577 7.081441622666146
1578 6.95843039299283
1579 7.240461833906813
1580 7.235675360090197
1581 6.683233623489164
1582 7.148397662899973
1583 7.462272620599838
1584 6.947983826223815
1585 6.893354579964136
1586 7.159039465695862
1587 6.960799626749663
1588 7.162744183308239
1589 7.42980068049353
1590 6.929459302273307
1591 7.175704219173951
1592 6.7231588779334075
1593 7.24042094249334
1594 7.099218927120897
1595 7.310442260012588
1596 7.303722099746302
1597 7.788090278707099
1598 7.102737936945178
1599 7.410653946084747
1600 7.346059281631665
1601 6.981774057244343
1602 6.9153400422775935
1603 6.670050867537925
1604 7.093055318553245
1605 7.014674293438077
1606 7.307641717026836
1607 6.978336628807178
1608 7.115943330918944
1609 6.974448970122188
1610 7.545457887633227
1611 7.061745885741601
1612 7.206965715249706
1613 7.143146829972673
1614 6.712089965048902
1615 7.080325948715707
1616 6.913424986214685
1617 6.8877424218566485
1618 6.89540523893512
1619 6.91542124988192
1620 6.825008685708024
1621 6.728070103367876
1622 6.923779641131453
1623 6.657221919571933
1624 6.558319182803562
1625 7.10838960729905
1626 7.284897794865048
1627 7.121471538050981
1628 7.144765815416014
1629 7.211590224687406
1630 7.096202395654403
1631 7.104008254619887
1632 7.0831489879860845
1633 7.391823027174963
1634 6.826830962155118
1635 6.852528584863837
1636 7.1776169007942165
1637 6.9719372885283635
1638 6.764796619051782
1639 7.057947024643317
1640 7.139370357314385
1641 7.15184939765655
1642 7.139536703353779
1643 7.190058018650964
1644 7.330260926090264
1645 7.034125898515904
1646 7.102632441083815
1647 7.053142570295201
1648 7.212079367438522
1649 7.2495176212180965
1650 6.9867002527462425
1651 7.096650967003943
1652 7.220498995864569
1653 7.137291933296669
1654 7.147627991388128
1655 7.266837916485629
1656 6.881986141310675
1657 7.121884329230265
1658 6.995800883499535
1659 6.636287869479093
1660 6.949264901218969
1661 7.146527324109569
1662 6.660374594254865
1663 7.022148320835941
1664 6.874450476178516
1665 7.025603218913052
1666 7.263499205022369
1667 7.480628944304109
1668 7.190593374974789
1669 6.958207315192017
1670 7.115358153317857
1671 7.427747283282276
1672 7.425129403793863
1673 7.376188615563575
1674 7.167294938753393
1675 7.253107845503674
1676 7.078671171614651
1677 7.299555793096775
1678 7.071067228712006
1679 7.185713891622597
1680 7.148714958095772
1681 7.145692111037583
1682 6.780145792026937
1683 7.180021707851933
1684 7.296397357711876
1685 7.076921235801572
1686 7.107453774812216
1687 6.943545353961329
1688 7.04260852695939
1689 6.980491766863078
1690 7.078862564823007
1691 7.228602554182028
1692 7.066853685562987
1693 7.0897311723286975
1694 7.103167211562139
1695 7.1489202643489715
1696 6.996763316186189
1697 6.788790989248545
1698 6.636398217760328
1699 6.739668506458357
1700 7.1801221706474685
1701 7.154734064335279
1702 7.258245087223108
1703 7.056621338252918
1704 7.205988899275329
1705 7.055997869597982
1706 7.271238186763389
1707 7.145225240398718
1708 7.105732377542616
1709 6.909980378163709
1710 7.028188978101722
1711 6.984749227474347
1712 7.144120141862082
1713 7.131102625584744
1714 7.282299708607809
1715 7.3416564321132665
1716 7.259744696935627
1717 7.307315450557459
1718 7.205221646398259
1719 7.284929813432203
1720 7.193844417589904
1721 7.3023108007250785
1722 7.1309732471336735
1723 7.2584232953332055
1724 7.271142441691063
1725 7.548670402269772
1726 7.461779358362629
1727 7.096964614226311
1728 7.198918205374462
1729 7.079452357272423
1730 7.104584133197244
1731 7.135847855037378
1732 7.09709527315969
1733 7.232449652265424
1734 7.076243678646085
1735 7.13114891049781
1736 7.207774780690185
1737 7.199371035475478
1738 7.337318784869528
1739 7.226408319367032
1740 7.276348604123351
1741 7.1670509239193825
1742 7.103566346064954
1743 7.035503506565898
1744 7.131296086876381
1745 7.512561884675557
1746 7.199255354658936
1747 7.247851523571547
1748 7.0028604410860416
1749 7.073285034588659
1750 7.1595939166394835
1751 7.1412347509560945
1752 7.133826082368683
1753 6.9690331540292165
1754 6.975859329206394
1755 7.067324197022964
1756 6.975069620385673
1757 7.030129146555676
1758 6.949632403020976
1759 7.050475253415298
1760 7.100036352450699
1761 7.094048955774495
1762 7.10846539758814
1763 7.168925175261755
1764 7.051526997201495
1765 6.858272466781854
1766 7.037997255250722
1767 7.217531493005628
1768 7.001006870450783
1769 7.116852932226924
1770 6.676407873621865
1771 6.772708560197437
1772 7.14101314787933
1773 7.201816195277057
1774 7.076602590530428
1775 7.1478036921591315
1776 7.1333850907813465
1777 7.022421685606744
1778 7.143901203134924
1779 7.209136095833793
1780 6.934931566101613
1781 6.917279882466131
1782 7.0838760542861126
1783 7.166399349716843
1784 6.9386213900495655
1785 7.316599151762203
1786 7.0591385990184925
1787 7.055547830283647
1788 7.1431561639873955
1789 7.086070975043119
1790 7.114897264548306
1791 7.1575654057585245
1792 6.9918539035895675
1793 7.3336423385594
1794 6.954911817785388
1795 6.928555539528157
1796 7.0375530938356885
1797 7.044670252232102
1798 6.958027395002372
1799 6.981630035292076
1800 7.043564377555909
1801 7.159539169525189
1802 7.058259944352795
1803 7.1657679956415
1804 7.165295462536337
1805 6.857285004109817
1806 7.099765722561646
1807 7.356114038544409
1808 7.07524095097372
1809 7.158606572707922
1810 7.268963394376272
1811 7.368775194059872
1812 7.141855055376631
1813 7.124138518591006
1814 7.184604727712706
1815 7.186910426570434
1816 7.291582462316094
1817 7.0095990809356845
1818 6.990552074864706
1819 7.1603065581711824
1820 7.004884286734077
1821 7.225628416224002
1822 7.261853643713379
1823 7.226056383404911
1824 7.084852698377698
1825 7.173899996009815
1826 7.065104721439477
1827 7.170608361322518
1828 7.062387418631883
1829 6.919662506530507
1830 6.982972795250259
1831 7.08124967762553
1832 7.2082621063028105
1833 6.881745306185386
1834 7.112326355591224
1835 6.975456430568002
1836 7.055090519107944
1837 7.27531835952805
1838 7.119262834143358
1839 7.191795238598724
1840 7.216616444302862
1841 7.010016819591552
1842 7.131256777397503
1843 7.219003141732354
1844 7.1423753665915894
1845 7.253400471949432
1846 7.208772565064145
1847 7.015547549245257
1848 7.111404396796648
1849 7.038998246628209
1850 7.209738640102264
1851 7.092089093429989
1852 7.156168438816876
1853 7.080502948201031
1854 7.1149656553677305
1855 7.154666339028987
1856 7.155711255311848
1857 7.095415058784698
1858 7.269269204408175
1859 7.201303355991193
1860 7.047709492557432
1861 7.060940988790631
1862 7.035994995026339
1863 6.964648123820772
1864 7.104602107778716
1865 7.145655081992268
1866 7.1083907410087805
1867 7.094159742832661
1868 7.04577863598064
1869 7.2510158782137175
1870 6.932892032856779
1871 7.210742275268087
1872 6.896507371956223
1873 7.056822160298168
1874 7.10059067762682
1875 7.147132324942063
1876 7.069709994803405
1877 7.247336490036593
1878 7.218321995663965
1879 7.094551151232116
1880 6.971647271836938
1881 7.082635483747275
1882 7.164296170808678
1883 6.978295955159518
1884 7.080791962130963
1885 7.138639304369965
1886 7.087081144838455
1887 7.227702985343418
1888 7.109161316022648
1889 7.006145285256945
1890 7.069647557301804
1891 7.0802546815767995
1892 6.97935904762621
1893 7.189133418173156
1894 7.072154133287971
1895 7.089571020663543
1896 7.0390856501092
1897 7.148355187519667
1898 7.0901592559899
1899 7.122311553840011
1900 7.122907069291672
1901 7.061557810394561
1902 7.153411594932863
1903 7.277245083730081
1904 6.834932366348229
1905 7.222579125276914
1906 7.133632420549753
1907 7.114275020684283
1908 7.206701313677587
1909 7.099556561942038
1910 7.112457682789656
1911 7.015863669062132
1912 7.169393799751407
1913 7.1115648896666
1914 7.332338075542648
1915 7.021701798418796
1916 7.237375461480742
1917 7.192799730149927
1918 7.066711964875308
1919 7.171908343610126
1920 6.969882055017536
1921 7.3394713231814945
1922 7.122021622063254
1923 7.331163192685709
1924 7.170516315803537
1925 7.151269788616983
1926 7.2727742091518905
1927 7.406736686585704
1928 7.230368255069772
1929 7.025930834682279
1930 7.255673791040166
1931 7.236229655752582
1932 7.00853158876635
1933 7.220347493310601
1934 7.023379850142374
1935 7.1775926830911985
1936 6.8963032801895725
1937 7.023674798556409
1938 7.348118653077941
1939 7.06044501406816
1940 7.234838283585698
1941 7.377499146125155
1942 7.082121213017677
1943 7.362865848383621
1944 7.21781466011818
1945 7.115051314739266
1946 7.2632567082099
1947 7.507526072843852
1948 6.977887662124386
1949 7.282926762487517
1950 7.179468983696342
1951 7.0831448002980295
1952 7.509129264377877
1953 7.2096298472708025
1954 7.024955802522712
1955 7.423443894532426
1956 6.900310593975281
1957 6.824783493824313
1958 6.794770299907731
1959 7.065768222686285
1960 7.234933048277352
1961 6.934302205218189
1962 7.232811851983792
1963 6.961188241711179
1964 7.1600944536581475
1965 6.807062222508752
1966 6.660475344395924
1967 6.836715086242376
1968 6.738568269600886
1969 6.79562434908962
1970 6.699354176913723
1971 6.984455116277526
1972 6.501137552777787
1973 6.981972277188603
1974 6.875941516891144
1975 7.097930667279499
1976 6.898407353134188
1977 6.981184531051278
1978 6.85097221312793
1979 7.05006275832506
1980 7.052294879246421
1981 6.843368813304158
1982 6.951493190598023
1983 6.860132999886076
1984 7.0630770527607
1985 6.428296230664359
1986 7.010959387369558
1987 6.924028836183029
1988 6.813291975225148
1989 6.95513229451388
1990 7.065329231241508
1991 6.910645165840657
1992 7.1890234173364735
1993 7.238158768856543
1994 7.207933702882403
1995 7.22979857930518
1996 7.292428616491942
1997 7.326228301174112
1998 6.977542621738225
1999 7.308985812834644
2000 6.8631270989337825
2001 7.039119689711376
2002 6.958015609124327
2003 7.206126963105601
2004 7.406489761889958
2005 7.132692642738475
2006 6.9644156924932155
2007 6.9968673191728845
2008 6.989163527531089
2009 7.295604295638924
2010 7.053224210627142
2011 7.010529237499004
2012 7.300513035718136
2013 7.544104266728931
2014 7.238897916683217
2015 7.13339197300763
2016 7.645661496068677
2017 6.65669714308888
2018 6.835570660600004
2019 6.841622950473303
2020 7.118835383875238
2021 7.056226460146492
2022 6.852138467094955
2023 7.341631498859834
2024 7.216623595503842
2025 7.31090422570681
2026 7.374582978748844
2027 7.085879612523294
2028 6.911302451397792
2029 7.081196912069987
2030 7.070110442839219
2031 7.012315325048408
2032 6.6974270244009615
2033 6.886635110788313
2034 7.3032729659877
2035 7.2521033021604175
2036 6.857303193931239
2037 7.248494229983321
2038 6.8127306424400835
2039 6.919092764933497
2040 6.772593908799618
2041 6.775365104825579
2042 6.752978333393058
2043 6.80701641142749
2044 6.985656809612521
2045 6.521249814568058
2046 6.578738555578471
2047 6.650236361629137
2048 6.32740217366318
2049 7.034593659760326
2050 7.037512775628367
2051 6.562998430963944
2052 6.391653080906051
2053 6.865000704232934
2054 6.826955112575903
2055 6.711644711476606
2056 6.968751806824551
2057 7.116549876094666
2058 6.812788918445606
2059 6.6719700875269226
2060 6.97723719655251
2061 7.105124897232704
2062 6.617594774466737
2063 6.726437639412239
2064 7.194924152534247
2065 7.120013455853609
2066 6.697749768437586
2067 7.101908402698841
2068 7.45932986460768
2069 7.334603772062233
2070 7.086044989710085
2071 6.7716934861189495
2072 7.216423088679158
2073 7.02148044075919
2074 7.434448359546346
2075 7.447603397824638
2076 6.879174883904355
2077 7.258736714023264
2078 6.792466504634794
2079 7.173650445115168
2080 6.993054288199141
2081 6.741680215405808
2082 6.866873068644911
2083 7.018476432985696
2084 7.044723399042817
2085 7.024069386030858
2086 7.083393527217985
2087 6.954704840454694
2088 7.204757552038502
2089 6.848517996775858
2090 7.223338010904584
2091 7.154321370744515
2092 6.912765666134133
2093 6.9801528205023295
2094 7.353720491912196
2095 7.1695957104760035
2096 7.22616430082123
2097 6.892786847622753
2098 7.221247452246183
2099 7.267515717375479
2100 7.194536229665511
2101 7.3022567272450125
2102 7.083688302880434
2103 6.821109341142159
2104 7.133027695663047
2105 7.310211397654925
2106 7.0755219622756185
2107 7.330979905632203
2108 7.242451668381074
2109 7.306232633388712
2110 6.937030935805531
2111 7.101815477787302
2112 7.2524738476120545
2113 7.333205734523938
2114 7.324809258305606
2115 6.814848938273083
2116 7.470365660242317
2117 7.1565468368432565
2118 7.097417753188006
2119 7.344787138731688
2120 7.105023427767505
2121 7.574157016869761
2122 7.20636966866573
2123 7.024295678130455
2124 7.247848224488301
2125 7.302825009326084
2126 6.857885752090033
2127 7.241936801991352
2128 7.422880899761337
2129 7.374877803463638
2130 7.364064671331452
2131 7.377983207509947
2132 6.778433045666722
2133 7.277513955976412
2134 7.127504242784745
2135 6.886139365769762
2136 6.7992629467321875
2137 7.189544737336299
2138 7.100738071564925
2139 7.17648367025182
2140 7.185378366416537
2141 6.634299268737021
2142 6.936467407688562
2143 7.0370730589683586
2144 7.343394128238499
2145 6.869612726127534
2146 6.82908640944059
2147 6.87763371382549
2148 7.093819233923868
2149 6.95648205279807
2150 7.109824565915946
2151 6.878011527600747
2152 7.138269690242472
2153 7.140292130001271
2154 7.247438364734232
2155 6.808045911847346
2156 6.847241406642463
2157 7.196184296663684
2158 6.858351654623515
2159 6.996311149732437
2160 7.126664077619711
2161 6.910062870505453
2162 6.839876131877427
2163 7.15014553377077
2164 7.207695867789818
2165 7.264328045562079
2166 7.467477836399556
2167 7.315886250493994
2168 7.364583880461649
2169 7.280190799393765
2170 7.3406905853788675
2171 6.872035990487605
2172 7.0245274837390275
2173 7.454336461963551
2174 7.809687580460266
2175 7.2081009677498455
2176 7.05592682425188
2177 7.136541713086942
2178 7.317638137191613
2179 7.213309775805773
2180 6.8523850917503655
2181 7.000894120994212
2182 7.263553673308695
2183 7.083478946680036
2184 7.18747299780436
2185 7.111497433117046
2186 7.019361003696954
2187 7.3662186218710275
2188 7.248527753891884
2189 7.170357592251812
2190 7.278683093547601
2191 7.051290232380488
2192 6.793688377292576
2193 7.134838025353104
2194 7.3183749727015295
2195 7.059886971744492
2196 7.102883019411
2197 6.832378323248555
2198 7.290404963709511
2199 6.9966559332118
2200 7.377192682198597
2201 7.0219160195773105
2202 7.108312810498475
2203 7.046791396344302
2204 6.95790693239335
2205 7.609171437410738
2206 7.098783598576574
2207 7.245205651019409
2208 7.239362485796584
2209 6.952500240362333
2210 7.145409950253485
2211 7.059776982715166
2212 7.0699461102521655
2213 7.029717343507262
2214 6.86559787691471
2215 6.977862267434936
2216 6.6096499995489975
2217 7.26042383563401
2218 7.26718711737488
2219 6.93909039446224
2220 7.413740652842948
2221 7.286546967276994
2222 7.581847628460023
2223 7.30055817351231
2224 6.920249054028439
2225 7.024348072428241
2226 7.071063842705482
2227 6.708411229248014
2228 6.976320747784333
2229 7.112409997775318
2230 7.501339428345882
2231 7.19358235397316
2232 7.21821985733546
2233 7.080386339248753
2234 7.4453709624957645
2235 7.216000519787286
2236 7.284480071471808
2237 7.181140811331168
2238 7.188205724021017
2239 7.337679443553479
2240 6.899877462704772
2241 7.257263164942078
2242 7.427009628644458
2243 7.057034292521773
2244 6.91077399858466
2245 7.055736666113458
2246 6.877988918122999
2247 7.082497033888236
2248 6.983861722708511
2249 7.221243662155085
2250 6.948146494342351
2251 7.2990773643615245
2252 7.308103608020399
2253 6.930861028816228
2254 7.23813111880273
2255 7.435881008983414
2256 7.252179220409463
2257 7.388388116960249
2258 7.1840258144361515
2259 7.513390750223842
2260 7.329414623481362
2261 7.102785991069328
2262 7.01414852769781
2263 7.073946962931568
2264 7.123475415747989
2265 7.127550562181814
2266 6.946728907453038
2267 6.8035936625332125
2268 7.191045929757565
2269 6.5507804253649
2270 6.983491696903453
2271 7.7610119845055126
2272 6.918193765159048
2273 7.243811406647501
2274 7.4141617675986895
2275 7.1561186510253245
2276 7.343032777376177
2277 6.871688148834383
2278 6.932653620896614
2279 6.975093077921224
2280 6.66938452785036
2281 6.77485812632956
2282 7.166520224415174
2283 7.503283639914393
2284 7.032544579911021
2285 6.778291455758132
2286 6.699444946277675
2287 7.333375354832258
2288 7.065911004018635
2289 7.158101984876348
2290 7.0336452889595
2291 6.952722818131169
2292 7.159862183170295
2293 7.033688483717647
2294 7.229239241024882
2295 7.133730288709314
2296 7.002172312174766
2297 6.9403054671982
2298 6.984121516114354
2299 6.797159805250481
2300 7.358681230169783
2301 7.37676677632346
2302 7.158254945213588
2303 6.994537228615993
2304 7.489496659348757
2305 7.164265504519488
2306 7.152116636803791
2307 7.215705170839443
2308 6.873219966864725
2309 6.941682871459283
2310 6.860042563372323
2311 6.977256474639873
2312 7.109724547208298
2313 7.057558465975357
2314 7.073986194312497
2315 6.582122522719413
2316 6.7521940135658
2317 6.60247004410852
2318 6.267533508593721
2319 6.80190140846196
2320 7.3118738068844
2321 7.04815023988698
2322 6.829739694847936
2323 7.069422572170318
2324 6.999687934459622
2325 7.405149231365878
2326 6.8262378225245675
2327 7.079822194032452
2328 6.925474300298102
2329 7.264564914783964
2330 7.235678076470525
2331 6.981283802409272
2332 7.205226200301006
2333 7.049116228858634
2334 7.211389742885989
2335 6.9172288472873795
2336 6.75132873765904
2337 6.976698294339117
2338 7.0569357098789816
2339 6.944987719932848
2340 6.917965913424344
2341 7.105532613023274
2342 7.206553525509052
2343 7.357175880125212
2344 6.632742859193864
2345 6.99275504762317
2346 6.807692897445378
2347 6.92915698313084
2348 6.984411825283265
2349 7.076970925196453
2350 6.923562124492289
2351 6.627517795213754
2352 7.001810134495477
2353 7.256747828436827
2354 7.162537163746857
2355 7.40467348422844
2356 7.098594456578956
2357 6.997031729805916
2358 6.935288181507935
2359 6.9866122464839515
2360 7.229861054578115
2361 7.273650560253697
2362 7.291589158969012
2363 7.161690241339315
2364 6.80211792379179
2365 7.056383825826954
2366 7.109988941615572
2367 7.286578153825641
2368 7.02370541454991
2369 7.217202140791179
2370 7.290568268583539
2371 7.255252918194399
2372 7.6424083427245835
2373 7.337054178564337
2374 7.1000725761477375
2375 7.341189656136513
2376 7.149774304379803
2377 7.693775699809283
2378 7.259387557376083
2379 7.354483168970796
2380 7.183891421799883
2381 7.255370583795371
2382 7.211479653251701
2383 7.210449372597651
2384 7.4943434543984795
2385 7.141281645724189
2386 7.123679805949578
2387 7.180316920024282
2388 6.830766354476754
2389 7.242361644559461
2390 7.176713621879809
2391 7.028995380672432
2392 6.929265106401955
2393 7.397487361915303
2394 7.064919076080582
2395 6.923036552929717
2396 7.131699399710078
2397 7.051715842584968
2398 7.039643229022444
2399 6.708599604077803
2400 6.803466655197932
2401 7.254353605535394
2402 7.372105226941916
2403 7.0544256532608465
2404 6.867739778050499
2405 7.263465416055304
2406 7.110709684488306
2407 6.887956169046236
2408 7.402610049006345
2409 7.221266496971401
2410 6.977040896154296
2411 7.492314715082972
2412 6.607553642956808
2413 7.06986559682688
2414 6.904421341891821
2415 7.126113796679962
2416 7.155956274965303
2417 7.117966273852162
2418 7.082738589205359
2419 7.062039288538616
2420 7.556266370514209
2421 6.751332898720901
2422 6.98010216560704
2423 7.334466455177906
2424 6.784795750619336
2425 7.0198852162506595
2426 6.8487911736048295
2427 6.880852847780277
2428 6.853239543392678
2429 6.840179791584051
2430 7.434069111874519
2431 7.185513991432129
2432 7.098817807689209
2433 7.060871501345982
2434 7.032766252332595
2435 7.3098721706901495
2436 7.030789165077085
2437 7.018814527673412
2438 7.09620194427329
2439 7.083522592799735
2440 6.923291076482637
2441 7.292128517649876
2442 6.710608780962748
2443 7.040269033411466
2444 7.024096157153929
2445 7.445031587520619
2446 7.039906779830718
2447 7.244577015778007
2448 7.29266433616225
2449 6.960620598271719
2450 7.062693526221747
2451 7.415058625831779
2452 6.95293205124287
2453 7.210345201593869
2454 7.025817716577906
2455 7.4538608241886495
2456 7.111285155586737
2457 7.035172828259699
2458 7.657985886478799
2459 6.868372758965638
2460 7.26849272496535
2461 7.168493509658567
2462 7.0766715506132485
2463 6.901637002335992
2464 6.8135467397605884
2465 6.79942483913376
2466 7.268603230706626
2467 7.204000501374858
2468 6.991032611660362
2469 7.6996288154343855
2470 7.121619430471846
2471 7.192462568392108
2472 7.116197714821068
2473 6.92935070082778
2474 7.605925804807082
2475 7.719160753177696
2476 7.3514358089948875
2477 7.1051437464375224
2478 7.078590528739221
2479 7.310029585311321
2480 7.494282962297385
2481 7.679859428986461
2482 7.542954480070299
2483 7.817420288832899
2484 7.821282674770688
2485 7.6243766929961305
2486 7.129277851001819
2487 7.335836208226043
2488 7.236328882818773
2489 7.321478316173476
2490 7.137914737991958
2491 7.1309971881600775
2492 7.023467262814344
2493 6.813098589032295
2494 6.9298966183554604
2495 7.552389204289029
2496 7.370648822677107
2497 7.290367499795791
2498 7.276167629554303
2499 7.097936893321877
2500 6.940579240246149
2501 7.2105471374776045
2502 7.25629602387692
2503 7.405037826636738
2504 7.2731168578891605
2505 7.238610180288981
2506 7.78770966070891
2507 6.820936396829114
2508 6.995580943328144
2509 6.9162990155735535
2510 7.273984214592609
2511 6.7533834304753215
2512 7.378963608334083
2513 7.398045639937315
2514 7.114509275644256
2515 6.861584799462446
2516 6.808001280027609
2517 6.860670412274943
2518 7.313027003597833
2519 6.975399536598026
2520 7.063459769636208
2521 7.309365303075872
2522 6.675753260461557
2523 6.933068986513566
2524 6.878078811198468
2525 7.460480681299589
2526 6.849071884041222
2527 7.628335321166415
2528 6.8650380309955175
2529 7.443384610054643
2530 7.509327096251756
2531 7.137920926355801
2532 7.3369022494350435
2533 7.2431097771518775
2534 7.089833241118894
2535 7.003384671418456
2536 7.033368704168577
2537 6.887411583890494
2538 6.7711611764179365
2539 8.734108955971793
2540 8.517752700063022
2541 8.351138365707948
2542 7.823342971805344
2543 8.947892907560325
2544 8.753484570950123
2545 8.707466248856297
2546 8.12842790648381
2547 8.769265454179026
2548 8.053675537413032
2549 8.329106544629205
2550 8.377264318905565
2551 7.178880585904065
2552 7.5139732198713425
2553 7.460165141653085
2554 7.196851544332033
2555 8.78659217539131
2556 8.447899577414157
2557 7.9736249885961366
2558 8.0681670349641
2559 8.731680006971953
2560 8.688437519145115
2561 8.632028525039578
2562 8.81177726299492
2563 10.760597499443582
2564 10.504796507059654
2565 9.328761591982792
2566 10.07074990757502
2567 9.679409224841512
2568 10.17462916195055
2569 9.550842243351036
2570 9.98805582326746
2571 8.78525708645058
2572 10.72801319437501
2573 9.439393368048563
2574 9.149373233914565
2575 10.22537708533184
2576 9.756956351869437
2577 10.227631400765224
2578 8.864827435966085
2579 11.036367130112
2580 10.013859933756752
2581 9.41563856294351
2582 9.920336868772859
2583 10.066700186619432
2584 10.060799460553802
2585 9.514829425304852
2586 10.457876052380078
2587 10.857715521750952
2588 10.96203508884113
2589 11.01571275169066
2590 9.637580936765996
2591 10.479387425777272
2592 11.361170572827003
2593 11.07811227310556
2594 10.747772642584337
2595 9.959964139591454
2596 10.0963249075633
2597 10.29773470153297
2598 10.852504880895529
2599 10.736267358245467
2600 10.366891744050795
2601 10.314411471970326
2602 11.110617962595569
2603 10.195924045714282
2604 10.166635966590599
2605 10.075224023358127
2606 9.183439014137411
2607 8.935406910302394
2608 9.784142956270424
2609 10.241163516034005
2610 9.555165482786311
2611 9.428637229967148
2612 9.191190350386588
2613 10.012013847478404
2614 9.752371136401946
2615 10.367355028229541
2616 10.118579225264513
2617 9.758836842644047
2618 10.36587574284245
2619 9.779252590499079
2620 10.008135975993376
2621 10.020601312968548
2622 9.8173051228406
2623 10.382045761385413
2624 10.808024126924964
2625 10.341016414001807
2626 10.444279147229098
2627 9.954949062356267
2628 11.066126204727267
2629 10.216650824768971
2630 11.259512912138614
2631 11.160833728381604
2632 10.909115421133786
2633 9.928633017332844
2634 10.763588714207515
2635 10.219760573931609
2636 10.97003496014856
2637 11.017744672043959
2638 10.963772694398651
2639 10.978169924841673
2640 9.908682895149278
2641 9.352850849974661
2642 10.348687651873371
2643 10.511639734472084
2644 10.254169334255343
2645 10.268027041889368
2646 10.356035128962942
2647 10.01550428422361
2648 10.692878686904162
2649 9.171841829055609
2650 10.19473305742494
2651 10.461008361693576
2652 10.80115548495515
2653 10.775993557125826
2654 9.60226939374065
2655 10.570394092124326
2656 10.720693925812487
2657 10.674860581842411
2658 10.479278596566227
2659 10.2065029313479
2660 10.458808038531515
2661 10.839396671167759
2662 9.971036469964444
2663 9.138714645055613
2664 9.50169462436701
2665 9.917945808456158
2666 10.05101555858038
2667 9.593429832291761
2668 10.530206004773362
2669 9.177277753721887
2670 10.095684304531419
2671 9.333462372717948
2672 9.259722643450226
2673 9.392310993684134
2674 10.11472402736997
2675 10.708589700201486
2676 9.60347412942297
2677 10.844594186925374
2678 10.515557245691475
2679 10.272946327933928
2680 10.509753660963609
2681 9.653791776534751
2682 9.712951560093543
2683 10.963636546365404
2684 10.37928836486581
2685 11.181163456969847
2686 10.699362891291637
2687 11.36308197344442
2688 9.915641797516788
2689 11.888346771435215
2690 11.631849805470512
2691 10.955679515269937
2692 10.6227593651882
2693 10.358018415566807
2694 10.995492998630729
2695 10.436605935760042
2696 11.066706070957808
2697 12.200951934396299
2698 11.988128106327121
2699 13.260195589673925
2700 11.770137386931205
2701 8.912610059893954
2702 9.240436239454114
2703 9.310036936231807
2704 8.728367853419092
2705 9.83324642986249
2706 9.153046124836052
2707 8.612831947273095
2708 8.512928670129773
2709 8.020139909328748
2710 8.54615697189475
2711 8.726321718622597
2712 8.435996978794599
2713 8.567848725136598
2714 8.531908310250566
2715 8.571840711786427
2716 9.033191229617698
2717 9.531107710211218
2718 9.01149662169745
2719 8.871482088712769
2720 9.359903353708948
2721 9.292871183442827
2722 9.783674544781602
2723 9.036022561478399
2724 8.470208908000293
2725 9.228205688965813
2726 8.737221284521823
2727 9.34580930758054
2728 8.894822247370033
2729 8.527758598471562
2730 9.29079790464991
2731 9.399475022485412
2732 8.730785456825211
2733 8.211438212700676
2734 7.86886591648567
2735 8.137240985998925
2736 8.164020329600007
2737 8.501899635723175
2738 8.491513648832655
2739 8.622903802288583
2740 8.704745823528528
2741 8.95544551351264
2742 8.671706950991862
2743 8.44777471548044
2744 8.585397582507973
2745 8.475287090803864
2746 8.263681851823268
2747 8.904081567977576
2748 9.328445415961076
2749 9.682910787334002
2750 8.664196559546104
2751 8.425368140391964
2752 8.954031682013225
2753 9.72122249719866
2754 10.02033258324996
2755 9.212396604028212
2756 8.903275139470347
2757 8.908128368388276
2758 8.616434929406857
2759 8.920349749747954
2760 9.110458429169386
2761 9.442920985633865
2762 9.426938740525213
2763 8.600664113559583
2764 9.73367688686599
2765 8.478392767090885
2766 8.953472349985663
2767 9.281054190014096
2768 8.194758078395047
2769 8.046025371019406
2770 9.428558202616609
2771 8.700767405816396
2772 9.116114803634009
2773 8.04026749141276
2774 9.00609135063789
2775 8.702924918699571
2776 8.345737748062009
2777 9.414949875544979
2778 8.347200573841947
2779 8.710161390787961
2780 8.425851309601361
2781 8.864240369576276
2782 9.286397126359175
2783 9.935623537324586
2784 8.595061370222185
2785 8.303557398164447
2786 8.348846986704247
2787 7.7407208913754255
2788 8.408912284025496
2789 7.918041578647079
2790 8.615908023716475
2791 7.913141380287981
2792 7.865147346342144
2793 8.462307395425002
2794 8.430259599223382
2795 8.864279815593468
2796 8.243262570704621
2797 8.845486383638406
2798 8.532588463046526
2799 8.468344498603932
2800 9.473036427429417
2801 9.000551304945807
2802 8.816052060933822
2803 9.535755459407468
2804 8.631818255099626
2805 8.491360357975283
2806 8.632127579266042
2807 8.80833088918911
2808 8.811469424192495
2809 6.423841410857787
2810 6.803858208726097
2811 6.911797192421376
2812 6.933437264475832
2813 6.886443051896426
2814 6.836076748669164
2815 7.110289578440505
2816 7.1250965987787165
2817 7.02896808882532
2818 7.206666388332648
2819 7.101024616239607
2820 6.768382300708529
2821 6.697366026977626
2822 7.013386123469892
2823 7.383183325047375
2824 6.848102113002764
2825 6.880200749384862
2826 7.024684419146574
2827 7.009852065439853
2828 7.282688618774545
2829 7.0149005613658355
2830 7.049638688437239
2831 7.575681836926902
2832 7.033179887017121
2833 7.237935854322221
2834 7.051421792302674
2835 7.413793861703093
2836 7.074666554788105
2837 7.226869088916603
2838 7.767492899974334
2839 7.184814531230649
2840 7.113607165544106
2841 7.24369378799502
2842 7.490378076978431
2843 7.341247923351133
2844 7.3359633577451
2845 7.430403479073423
2846 7.54154294540956
2847 7.157829413391093
2848 7.3745509553304975
2849 7.703491569364467
2850 6.905217834387878
2851 7.34439522874799
2852 7.190947863323685
2853 7.825588229468403
2854 7.427743647349763
2855 8.147705081118582
2856 7.444775306624989
2857 6.955980989645334
2858 7.169962666271089
2859 7.086138225029882
2860 7.039486486428745
2861 7.486168818855934
2862 7.267595556242127
2863 7.381853138981545
2864 7.34045568559519
2865 7.319017571873732
2866 7.473988313719443
2867 6.961169254876245
2868 7.4583876090902805
2869 7.0224560747954525
2870 7.346586246129349
2871 7.238340765093654
2872 7.571719855426752
2873 7.184835741713175
2874 7.427615885656788
2875 7.339647809405273
2876 7.479793276338437
2877 7.475819774685149
2878 8.093594373750513
2879 7.734010714080753
2880 7.600632316014617
2881 7.34675171161996
2882 7.081365633086705
2883 7.147039481809581
2884 7.514520804619656
2885 7.083421155425515
2886 7.420533920418082
2887 7.567397160603993
2888 7.319032128066441
2889 7.759126944585762
2890 7.252512024026244
2891 7.0020834667920155
2892 7.476598998254791
2893 7.204773336400753
2894 7.135003756589448
2895 7.641148752619882
2896 7.479272057743385
2897 7.494349392504521
2898 7.1733856318450195
2899 7.229310886511952
2900 7.212868778824844
2901 7.270826058897627
2902 7.37925985928185
2903 6.695805000768218
2904 7.14211955625858
2905 7.332741152282891
2906 7.373903926929935
2907 7.7252035895518745
2908 7.759006355950739
2909 7.435396207414834
2910 7.629453081790608
2911 7.57809928488832
2912 7.600468512560559
2913 7.668345668461496
2914 7.2624883658335
2915 7.306664175474883
2916 7.421010792811393
2917 7.1879625109273295
2918 7.164595255489556
2919 7.5922527950021035
2920 7.327582401329293
2921 7.136244302255331
2922 7.44532204820731
2923 7.428460238381916
2924 7.169022931003262
2925 7.582017988696736
2926 7.46853911615417
2927 7.212999862914282
2928 7.334290278576483
2929 7.227609765005275
2930 7.101183876845196
2931 6.969952764883029
2932 7.132300685537509
2933 6.716008280712818
2934 7.200612212526007
2935 7.009841803238369
2936 7.050467787986445
2937 7.459284287826257
2938 6.769306267881599
2939 6.99043678488315
2940 6.919955457575963
2941 7.004604684942235
2942 6.98429323433963
2943 7.093100664208237
2944 6.72027898602602
2945 7.265350078930462
2946 7.338254938267064
2947 6.8427153828593115
2948 7.332264462145338
2949 7.156087817457935
2950 7.15511153756396
2951 7.113967051807948
2952 7.20810032717901
2953 6.982858594710217
2954 7.110752454234551
2955 6.893368614805108
2956 7.333029421959936
2957 7.357357508408252
2958 6.964063610832885
2959 6.857432925124426
2960 6.819673123028594
2961 7.252660704591832
2962 7.567300108273747
2963 7.031251742320385
2964 7.023633186279392
2965 7.632283260614292
2966 7.307715061132233
2967 7.172592101473139
2968 7.0048369454261
2969 7.391721211038611
2970 7.455894798635143
2971 7.045738837580775
2972 7.126230333094612
2973 7.172703565712254
2974 7.481692994471794
2975 7.050104747029122
2976 7.115000239481475
2977 7.177623873488985
2978 6.671050115549439
2979 7.308944560600673
2980 6.682456999470207
2981 7.1833669842226495
2982 7.002028745206334
2983 6.985265599679534
2984 6.732455901798003
2985 7.025996339004635
2986 6.658980572913878
2987 7.640519620826053
2988 7.61837768764274
2989 7.025687749618491
2990 7.092479269503678
2991 7.892680643408929
2992 7.192178218343358
2993 7.632947735785312
2994 6.582769156400029
2995 7.033335341309982
2996 6.920831678144763
2997 7.071106334193337
2998 7.494865582921191
2999 7.12234206591358
3000 7.642581018253589
3001 7.442568006166172
3002 7.04376046963944
3003 7.226633137527313
3004 7.497156751185553
3005 7.247022653693238
3006 7.746916451106871
3007 7.680407553518762
3008 7.7656916464396595
3009 6.936134785722295
3010 7.354555167552035
3011 6.82903009269214
3012 6.883244173839021
3013 7.347904308380696
3014 6.372164124691702
3015 7.187826898776738
3016 7.007432526962614
3017 7.027782751640952
3018 7.389990819186199
3019 7.011598024194249
3020 7.250031623744747
3021 7.066113178928579
3022 6.90023564772104
3023 6.993891522269397
3024 6.871986415975216
3025 6.94782864069615
3026 6.794889903035995
3027 7.642597978602066
3028 7.423173478850137
3029 7.270376199066443
3030 7.616785746565687
3031 7.492610861160863
3032 7.192293444776017
3033 7.0733230258501365
3034 7.376621727130312
3035 7.225405839230489
3036 7.148820044134983
3037 7.242458793809152
3038 7.137367565368093
3039 7.452698432301337
3040 7.52063314921724
3041 7.459596769826737
3042 7.224468698132717
3043 7.532629479088634
3044 6.745582248561414
3045 7.286983942073141
3046 6.669892004580272
3047 7.032323441204507
3048 6.799998650458041
3049 6.8294330655178825
3050 7.244106801915444
3051 7.486405229262487
3052 7.302801097495195
3053 7.481431408626362
3054 7.539989388519911
3055 7.510196354565346
3056 7.668569885026874
3057 7.299519250921328
3058 7.826544874637483
3059 7.425873640005536
3060 7.701014564041846
3061 7.7332786389588195
3062 7.445152170070761
3063 7.613592064078435
3064 7.792883412721139
3065 7.921553329606852
3066 8.227494032765804
3067 7.119541063135466
3068 7.396843498891429
3069 7.235282063614246
3070 7.409664880471915
3071 8.573268598938371
3072 7.620055078160527
3073 7.788078393039601
3074 7.645173705776301
3075 7.6985000672718575
3076 7.82750885022187
3077 7.896666934823795
3078 7.822119809568195
3079 7.856088624655988
3080 8.257903527806421
3081 8.051584193603963
3082 7.826556979101506
3083 7.729449886555475
3084 7.418832894140642
3085 7.716734538782077
3086 7.538776666790542
3087 8.701234614706728
3088 8.053642390577606
3089 7.584978472717338
3090 8.374130071972095
3091 7.974807188314703
3092 7.8370056920939914
3093 7.472342015918025
3094 7.053800497959692
3095 7.980806184113616
3096 7.692235725108826
3097 7.797352054678008
3098 8.52482900474245
3099 8.317782237424856
3100 7.209872805099294
3101 7.922570337300349
3102 8.49937155575542
3103 7.858326855888021
3104 7.419939579910339
3105 7.810132319863281
3106 7.09544247710266
3107 7.022241154458746
3108 7.609583601157585
3109 6.84121442839454
3110 6.944280967818721
3111 7.003399083378745
3112 7.136015942406686
3113 7.447987117762529
3114 7.277595746305588
3115 7.454340860658428
3116 7.668567630757638
3117 7.588815070001616
3118 7.475365592256841
3119 7.11837106001715
3120 7.097593265425566
3121 6.845028849816723
3122 7.245656231940221
3123 7.288585476631229
3124 7.188699697863096
3125 7.311513412028148
3126 7.099163529902604
3127 7.135402296509183
3128 7.332504806630009
3129 7.218786824770079
3130 7.587619136238816
3131 6.773456359321675
3132 7.136855747002495
3133 7.310978662949303
3134 7.215397700788286
3135 7.037526415852358
3136 7.024831964334049
3137 6.8141800076824905
3138 6.844841128819073
3139 7.2829918761901435
3140 7.197536624470362
3141 7.2223501880305925
3142 7.730698466231978
3143 7.663363000482527
3144 7.530842922007277
3145 7.539095738787192
3146 7.719374601423736
3147 7.0806946260826775
3148 7.1394334822025005
3149 7.353337693013909
3150 7.1017733879382146
3151 6.9099398959747695
3152 7.1119092408502524
3153 7.202364890047681
3154 7.220520670501146
3155 7.630456855810423
3156 6.7683778642315415
3157 6.804243344726712
3158 6.996325725855489
3159 7.156257484201457
3160 7.241588247462567
3161 7.571025989486603
3162 7.451153726662289
3163 7.148531868621537
3164 7.128104460318611
3165 7.3888929981059785
3166 6.930516887427638
3167 7.587872507823685
3168 7.240903179924085
3169 7.1296723308211885
3170 6.949663855260703
3171 7.243587627582805
3172 7.39586936165988
3173 7.222637433563469
3174 6.926182105960547
3175 6.795293306790685
3176 7.2618357520894445
3177 7.323788628104889
3178 6.929877657632984
3179 6.873276127294726
3180 6.967530809480083
3181 7.130193885176834
3182 6.832577610616361
3183 7.403601445240921
3184 7.79492717094967
3185 7.2752902102341315
3186 7.163834183292853
3187 6.966285151562497
3188 7.301815387292987
3189 7.821935859898234
3190 7.356553448200637
3191 7.237641836857172
3192 7.170793637484425
3193 6.968763831909866
3194 7.399996894374291
3195 6.859442031544311
3196 6.893992535699452
3197 6.983875425035105
3198 7.1745559752701675
3199 7.335054800482318
3200 7.445339892044418
3201 6.611021533020781
3202 7.396634979786456
3203 7.111851857368705
3204 7.078076924773463
3205 6.860523412289797
3206 6.6901232744821995
3207 6.943235474952301
3208 6.89895036445515
3209 6.9337289307615855
3210 6.733131731764951
3211 6.893932755094325
3212 7.040101337859588
3213 6.799233125337612
3214 7.207487602970936
3215 6.634358926550428
3216 7.111697558243371
3217 6.993790182756084
3218 7.450924781171251
3219 7.009521234069378
3220 7.2059581564923425
3221 6.852957402731979
3222 6.878309624466844
3223 6.685298714831679
3224 7.092288583325686
3225 6.812984329001525
3226 6.739841277274245
3227 6.749285549123348
3228 6.674443258352121
3229 6.81556691662792
3230 7.016953451029603
3231 7.167467628430789
3232 7.479064500175931
3233 7.271046202543949
3234 6.820534622403698
3235 7.024677067973948
3236 7.015908149166281
3237 7.543380909868465
3238 6.917989249572177
3239 6.731750792400955
