0 10.053247086668891
1 10.720001618345016
2 10.807413683186718
3 10.233192891869304
4 10.702718582544918
5 10.13640918487864
6 10.934902879663845
7 10.503029272336077
8 10.420884317768184
9 10.921375953637769
10 10.884049869822087
11 10.323005645535666
12 10.155574834692686
13 10.593015191970089
14 10.399673191341252
15 10.368957449393124
16 9.773802451087017
17 10.463592938763606
18 10.27674831441739
19 10.084813134720434
20 10.567906136917891
21 10.710215659003197
22 11.196130430210381
23 10.783807073214637
24 10.56495932769671
25 10.739727541422662
26 10.420305894359892
27 10.447123105810102
28 11.036871814413935
29 11.443112830259913
30 11.557236171334269
31 10.701041967989719
32 10.449936665467884
33 10.594785035073587
34 10.83792966047993
35 11.10839751666977
36 10.685747200087336
37 10.825955978799849
38 10.653605651489956
39 10.533779433889318
40 11.215326539110087
41 10.447206942979612
42 11.131736786888666
43 10.5965645698559
44 10.796477499996259
45 11.156141921406396
46 10.971756990818005
47 10.602779741893219
48 10.694924165840453
49 10.596382687941569
50 11.039529849129782
51 10.44043434540389
52 10.614090514892695
53 10.857241115376318
54 10.827325199769666
55 11.083915396280121
56 10.68114621695279
57 11.045550993249332
58 10.45686962827014
59 10.918648341697505
60 10.802437589201327
61 10.8377477725411
62 10.90226734056992
63 11.07308860999051
64 10.637718102807812
65 10.380377000719774
66 10.975976998477709
67 10.760360667181871
68 11.352121719817987
69 11.435582565312648
70 11.22546954198589
71 11.504541952099435
72 11.391427010869135
73 10.423531252573774
74 10.568217975219024
75 10.082845426496945
76 10.500513110930958
77 10.831551680070467
78 10.52443970614769
79 10.924652413909113
80 11.091299027985176
81 11.253350028040593
82 11.270856329572528
83 10.406812496384614
84 10.717404039921668
85 10.963773606959588
86 10.865755791073354
87 10.791327469805406
88 10.901518165101042
89 10.361211321633025
90 11.236749126017447
91 10.846457109803813
92 11.243992990375588
93 11.170013091042604
94 11.115843535578074
95 11.282565205046655
96 11.237349287281857
97 10.867225541802076
98 11.199751473962177
99 11.788939136465833
100 11.347187351211957
101 11.755392280988923
102 11.724330708537074
103 11.3161808016323
104 10.533406576345685
105 11.641765790874146
106 10.921331601559064
107 10.962620441745505
108 11.163032849002027
109 11.556720021303498
110 11.354072537967703
111 11.246132723585246
112 11.219488419727329
113 11.61503474963766
114 11.322680536356884
115 11.679186375505992
116 11.01277632768672
117 10.713624884517431
118 11.038183818204812
119 11.037499717100516
120 11.328447926014341
121 11.435889815199387
122 11.195688989364815
123 11.210030277463597
124 11.4266063676666
125 11.39613528882191
126 11.291098822315877
127 11.256844446901546
128 10.539485962612185
129 10.382006816364795
130 10.237880659874874
131 10.660976053786598
132 10.58600271555935
133 10.69715545517526
134 10.538761728296466
135 10.379594578910654
136 11.116350170907952
137 11.087332463696558
138 10.665471836635147
139 10.939957943181438
140 10.92829652140466
141 11.100211742180324
142 11.537271582633574
143 11.41732195719175
144 10.808061429278945
145 10.698539940046812
146 11.226560431770752
147 10.873863267277144
148 11.097183710716301
149 10.854358977763507
150 10.584422334883808
151 10.952327016662355
152 10.796499012134078
153 11.295542029356536
154 11.2462607593256
155 11.318914856328746
156 11.50965590938301
157 11.255111369641424
158 11.306065282216721
159 10.98763326128498
160 11.317479043922823
161 10.929155919838987
162 10.503685031821526
163 10.98922049600977
164 11.121973890618326
165 10.778233215284343
166 10.642728236386532
167 10.839743484128238
168 11.446287996223761
169 11.628865544239028
170 10.933551561963586
171 11.116581322016268
172 11.145155523400888
173 11.468829173319726
174 11.866253631596601
175 11.712336169269369
176 11.153380731590374
177 11.045278726658378
178 10.64113050485892
179 10.661587669135688
180 10.93032212800928
181 10.806826632465443
182 10.810817720407325
183 10.77555481590348
184 11.280915937609853
185 10.273442752845837
186 10.297469352661745
187 10.673950380005882
188 10.771349075169155
189 10.757612048391021
190 10.973505969928262
191 10.951872364703187
192 10.89077212980965
193 10.677402154272974
194 10.736613201635704
195 10.789535058803327
196 10.588476011266694
197 11.03316997395272
198 10.573070748036724
199 10.574955171586893
200 11.26799075302859
201 10.90073980657406
202 10.902777795389811
203 10.531334497068523
204 11.027460017971022
205 11.08766290479413
206 10.727001691703768
207 11.013378423301297
208 11.038125877992586
209 10.668066496235255
210 10.376397580206836
211 10.666316226396725
212 11.282437363475868
213 11.127543602348842
214 11.302384983071047
215 11.552333119447994
216 10.775640464745567
217 10.726434075820718
218 10.823414794217818
219 11.482000459042327
220 11.125653959776853
221 11.150864809115914
222 11.030560175924245
223 10.478887599365635
224 10.732666263732881
225 11.350725013324983
226 10.943403334577386
227 11.6784156781934
228 11.335144674078784
229 10.928822716403246
230 11.112317182214852
231 11.055526488313507
232 11.115588526982982
233 10.711372051169207
234 10.856103603272938
235 10.721356437827696
236 10.549799094570542
237 10.378299502720548
238 10.571160757531146
239 10.90024255558804
240 10.738128150122366
241 10.649179177881205
242 10.467702095047137
243 10.612633484048473
244 10.358816137251027
245 10.051773276049966
246 10.98301432549925
247 10.69941480179367
248 10.377484270907502
249 10.642670171589334
250 10.617796283621443
251 11.250479708308813
252 10.659889416249372
253 10.273648006241558
254 10.782560550587439
255 10.795668900364214
256 10.61681933591767
257 11.029585440259345
258 10.829898356855555
259 10.984714159513144
260 11.08158137710007
261 11.203539618523855
262 10.331820954188181
263 11.144082188997052
264 11.045493481043144
265 11.047290915334507
266 11.392737490683476
267 11.362410458892134
268 11.366627686665012
269 11.120689993553894
270 11.002430987143303
271 10.733310884477719
272 11.108807476572874
273 10.59108316429952
274 10.815139251153765
275 10.340382208865899
276 11.035295362119417
277 10.42539929496333
278 10.861664547423263
279 11.307998092904322
280 10.791948368650194
281 11.019981159711373
282 11.486496607437514
283 11.328089763818841
284 11.089198456873298
285 11.363365232299627
286 11.212794755916041
287 11.78735795292337
288 11.602354729599563
289 10.970548225644114
290 11.002736840540502
291 10.59320659853003
292 10.64767669107019
293 11.417276498516774
294 11.31708838552277
295 11.370953086575414
296 11.025641614108427
297 11.145042152752806
298 10.69155884394537
299 11.234563580323291
300 11.27231835544367
301 11.729131193756642
302 10.893806360532144
303 11.074457263803758
304 11.097576972262813
305 11.426015673524017
306 10.937132720066911
307 11.047637715841319
308 11.649672857690232
309 11.16553026248064
310 11.769007352959218
311 11.471576456657564
312 11.651860040035492
313 10.881101739830692
314 10.808089037659757
315 11.44274941521854
316 11.288961727637934
317 10.860792867193469
318 10.969406532632293
319 11.119536277402513
320 11.686932166558776
321 12.061872347825723
322 11.750973582862763
323 11.736966251408585
324 12.012003105101511
325 11.991217320445443
326 12.038603130572147
327 12.643774839490561
328 12.916360920443358
329 12.689043142012567
330 12.77164242051444
331 13.00911305963542
332 12.273336595808567
333 12.304081994059846
334 12.802682186197499
335 12.905271668388128
336 12.593228972467266
337 13.079270210130025
338 12.93671443170119
339 12.669573342331056
340 12.980770689400284
341 12.283243306427117
342 12.238477471775553
343 12.68799310305973
344 12.802944319416378
345 12.621761723263656
346 12.312144445178635
347 12.717056608064329
348 12.417723249569333
349 12.681386354475375
350 12.207957823368135
351 12.434216186423809
352 12.521835385679244
353 12.640828444472787
354 12.776870220716953
355 12.596342626283326
356 12.919185714617782
357 12.428029193103141
358 12.919758298827162
359 12.604835411150232
360 13.164910211265804
361 12.352409952481764
362 12.730506223383674
363 12.217322257881255
364 12.154671371934041
365 11.711559552503802
366 12.408707990317374
367 12.503712578355971
368 12.992884533728029
369 12.758255015831212
370 12.317351245657274
371 12.482042092027324
372 12.095843823771077
373 13.396150780135281
374 11.994898486827946
375 12.730555402147145
376 12.416741913520825
377 12.649378733421733
378 12.557785598488719
379 12.280340387818999
380 12.192928328267634
381 12.507570596655693
382 12.684636301199632
383 12.303842717924692
384 11.954544768118202
385 12.15738323990916
386 12.659616841554323
387 11.892905732163522
388 12.314918657458636
389 12.020941775402353
390 11.942508898869841
391 11.52496390903597
392 11.953175236450042
393 12.48454927227098
394 12.576826130311295
395 12.516939989325172
396 12.77868394305043
397 12.805415867892053
398 12.461930216631178
399 12.609676338238852
400 12.131692490206435
401 12.808906104103015
402 12.319354186091845
403 12.35350723501923
404 12.702721872928736
405 12.566735067571983
406 12.615570538412895
407 12.498275561573667
408 13.055337745519848
409 13.098845239184651
410 12.785777558815786
411 12.485893051510894
412 12.695564536487124
413 12.642638073065033
414 12.432674194129335
415 12.96762418580487
416 12.901337681572759
417 12.90281112283494
418 12.713789453700413
419 12.061012656726323
420 11.994351783947051
421 12.277352794601189
422 12.326969512379387
423 12.630921813134647
424 12.649148093649888
425 12.258454450738961
426 12.51777553239505
427 12.18662058081524
428 12.972807139684157
429 12.977901637244745
430 12.57957706383347
431 12.292703928774042
432 12.98323806479312
433 12.742081323397365
434 12.73294987935424
435 12.615201937864507
436 12.707643051504762
437 12.732597845537821
438 12.960446319932496
439 12.680417416852713
440 12.358438327504322
441 12.74707965552996
442 12.267571068842381
443 12.641459409161262
444 12.598896394550769
445 13.094086124403553
446 12.698634985958543
447 12.277397838064228
448 12.345677293040831
449 12.226688289092003
450 12.4897065637217
451 12.177524630966678
452 12.671528510999774
453 12.675977449371086
454 13.049609866554468
455 12.929571372923267
456 12.813235184393914
457 13.230007665107319
458 12.865620036739307
459 13.03665767172837
460 12.884114105915897
461 12.650863522200074
462 12.655035257257905
463 13.058611513919649
464 12.655729928134036
465 12.534773533586163
466 12.117019060123289
467 12.16083104358253
468 12.175179341083032
469 11.864190136018811
470 11.983548926278928
471 12.432907481073936
472 12.661299276037168
473 12.57133069656775
474 12.435583068553202
475 12.617554288030233
476 13.492979231151121
477 12.995523617110003
478 12.23089183832415
479 12.288879039534564
480 12.191084681951473
481 12.728904052357253
482 12.611088116931056
483 12.451116024365149
484 12.306447539418567
485 12.232065834613788
486 12.31586137985389
487 12.229777572320158
488 12.27520057534385
489 11.516778035798511
490 12.336625167257742
491 11.98303699751964
492 12.205366510197967
493 12.284669151444731
494 12.455811053207832
495 12.423063145798984
496 12.389071989119072
497 12.98196648951124
498 12.45991011443746
499 12.602492496422393
500 13.059220132652474
501 12.494616640782413
502 12.105393432291516
503 12.858004977555689
504 12.63831528764621
505 12.968266504291483
506 11.987540282714342
507 12.089372488633959
508 12.056830454783647
509 12.561875327453825
510 12.262138709638634
511 12.56095336528448
512 12.417604788363318
513 12.44495446648661
514 12.394804849140634
515 12.200581407481325
516 12.013265048530492
517 11.90088122471865
518 12.820495137595683
519 12.070253971032741
520 12.981566340302027
521 12.962456279781836
522 12.723398575871283
523 12.505921442027494
524 11.906568370890817
525 11.870142512298663
526 12.465673680058329
527 12.454592786456642
528 12.913116563532505
529 12.76748459283068
530 12.06399888938063
531 11.962795903168768
532 12.308561274417887
533 12.683567350825193
534 12.529017321238454
535 12.30049886256739
536 12.55328439118928
537 12.569013057293361
538 12.764857206697652
539 12.404585582951677
540 12.896502397713519
541 12.653512418575442
542 12.633542274069697
543 12.756836169579909
544 12.532456727464085
545 12.451959682479881
546 12.26973555092774
547 12.242530052163415
548 12.355794933829404
549 12.505346169125211
550 12.028275970961444
551 12.432727507428577
552 12.127898318337545
553 12.068589533239518
554 11.997257773520754
555 12.445316383813598
556 13.039655374326992
557 12.445206232711524
558 12.22226971737778
559 12.464557601606362
560 12.611888210280242
561 12.07951549099123
562 11.60310739461453
563 12.824287912669693
564 13.073272859457646
565 12.332200341361181
566 11.420102087019021
567 12.102761709852663
568 11.574268191650564
569 11.348884376397557
570 11.429875368801653
571 11.873428766752415
572 11.439010648521199
573 11.669321194585457
574 12.011208235672672
575 12.386133468767111
576 11.377079166050736
577 11.796713790090358
578 11.75816992492397
579 11.894637490124726
580 11.71111426428909
581 11.692912510090244
582 11.69995441810898
583 10.891281598334858
584 10.521329839368939
585 10.178333114549593
586 10.864337460722895
587 10.442320808012878
588 10.416597165355284
589 10.669011781846757
590 11.01722818264641
591 10.240792658419126
592 11.142558917099514
593 11.390776724957211
594 11.386156396395522
595 11.332002618067243
596 11.421515094666685
597 11.679696924323588
598 11.438540301479536
599 11.246511273814987
600 11.475779634842487
601 11.235085286323507
602 11.711402977110618
603 11.539140765357406
604 11.24627210764073
605 11.574807574052354
606 10.52940923185406
607 10.965581924777716
608 10.936520530786723
609 10.90150508965764
610 10.811393644258871
611 11.10833502293036
612 10.143426972773879
613 10.517941978466935
614 10.84899772148889
615 10.875379816968053
616 10.64960107400918
617 11.20288331756254
618 11.051947363514776
619 10.701379771786735
620 10.839029127484292
621 10.445695895080554
622 10.83216394653865
623 11.075405208147396
624 11.287536239979877
625 10.700820370395112
626 10.768225471665419
627 11.173205733377749
628 10.639776837287322
629 11.019763417108946
630 11.158943645460985
631 10.936599779047008
632 10.932491315270672
633 11.238931503763622
634 11.152799136949154
635 10.862875972789636
636 10.64156051233225
637 10.886556223730828
638 11.259173945447298
639 10.728624538931603
640 11.415624868766017
641 11.320369077872133
642 11.042139861280788
643 11.261795461568612
644 10.64817760555115
645 10.70784706818029
646 10.83634861499576
647 11.410654377635678
648 10.84669330048671
649 11.011877593036727
650 11.46274057765649
651 11.913594607283459
652 11.43923904019251
653 11.179548389622742
654 11.354595076248236
655 11.541223943417185
656 11.57073170531732
657 11.754823403935703
658 11.429852320960638
659 11.353005288113678
660 11.204894244619583
661 10.723271548397479
662 10.988506878734531
663 11.797039386715516
664 11.847360435367337
665 11.802766593872972
666 11.739973374174047
667 11.463926797295295
668 11.707252681047645
669 11.329013552422307
670 11.541740059993451
671 11.320403585042124
672 11.189239561136928
673 11.305245682585236
674 11.170646409003234
675 11.935856213530853
676 11.323500157151072
677 11.858934886086676
678 12.009340745341522
679 11.20977381160619
680 11.800734201242328
681 11.157606553604795
682 11.469053833515595
683 11.55471888980948
684 11.596352209987597
685 12.227261132975396
686 12.47665949853262
687 11.90802878284856
688 11.8767107112494
689 11.988814776507176
690 11.903147587918099
691 11.907949436456223
692 11.944402168791306
693 11.872395944359456
694 11.899676130158173
695 12.037154486151545
696 11.677994799659523
697 11.878775930909859
698 11.596337541213462
699 11.782160841352027
700 10.911965343826255
701 10.707613829142755
702 10.766477434418528
703 11.30766607281198
704 10.366585144771467
705 11.367088004929451
706 10.833606218673836
707 11.384669399125857
708 10.80202055970449
709 11.124637190793853
710 11.34287100942102
711 10.789266330395849
712 11.430855524944114
713 11.425682466389107
714 11.213029469293794
715 10.836347709207589
716 11.46340008244186
717 11.330729498428251
718 12.280032671388415
719 11.684399948563973
720 12.066387103436428
721 11.512399368888657
722 10.853605001589067
723 11.808805602921987
724 11.29966772000244
725 11.214599320020666
726 10.90919619328824
727 10.407714994619493
728 10.915362857747802
729 11.082085379785388
730 10.937793782851948
731 11.518332671070116
732 11.53178878182936
733 11.015635122960663
734 11.118129900772098
735 11.94870033367252
736 11.662648168823011
737 11.466082070940312
738 11.114523501521479
739 11.195863366870084
740 11.176118104258439
741 11.54781408206965
742 10.769488596952938
743 11.51632936958861
744 11.36704315149535
745 10.876782725530292
746 11.149222398836493
747 10.909940418881598
748 11.426853641620736
749 11.928292394776118
750 11.293049994438276
751 11.395603745901091
752 11.825123541810589
753 11.544635714254236
754 11.652868063685345
755 11.221090389334494
756 10.850286092971416
757 11.16447755860691
758 10.886350714519832
759 11.621373129174932
760 11.105102280851472
761 11.036404308943485
762 11.498410869019462
763 10.960213493126112
764 11.374630251992823
765 10.539111370638029
766 10.62734051929325
767 11.358253619652144
768 11.798954941940917
769 11.568692643228754
770 11.102562701488287
771 12.022914499068005
772 12.248300066297045
773 11.271646689090453
774 11.403325690691474
775 10.635118817465909
776 10.7594813525639
777 11.15360801618271
778 11.996318099486833
779 11.084202761437128
780 11.528660531596126
781 11.540748153764323
782 10.615300435556659
783 10.89774969831032
784 10.870488159983577
785 10.57261916604689
786 11.044375834259052
787 10.812807829431813
788 11.512355010807012
789 11.16256675838845
790 10.998313160675357
791 11.696154773907784
792 11.263314506682045
793 11.184881161366459
794 11.669747759634513
795 11.697391753194808
796 12.047965479894216
797 11.70981963790866
798 10.708771657597895
799 11.145849532848338
800 10.552500692055844
801 10.458141649781897
802 11.458819732764471
803 11.5706974161897
804 11.012933468570285
805 10.985862881492329
806 11.07830466835953
807 11.563856078144704
808 11.14790763061905
809 10.89239966353671
810 11.518307114655626
811 10.999737565663082
812 11.656173870475746
813 11.480241639277693
814 11.140357152330255
815 10.998027244851754
816 11.310324801788719
817 11.68633410543402
818 11.427060690833978
819 10.801729388826507
820 11.291137136083773
821 10.63898081683166
822 10.776300462427244
823 10.932314491886364
824 11.29566861332398
825 10.822481733568605
826 10.923415919430559
827 11.352239326325913
828 10.786698699266598
829 10.693433889412372
830 10.768907888631047
831 10.200881687011272
832 10.257996089435743
833 10.188924543084594
834 9.84287015062747
835 10.756535869397823
836 10.902965890492428
837 10.759252438628094
838 10.395748238361586
839 10.721310888816083
840 11.156481571529417
841 11.295546753225995
842 11.002601228824336
843 10.493866072339475
844 10.683477654504756
845 10.78654324495191
846 10.709382493241288
847 10.042089977989276
848 10.911547117416685
849 10.674853880539594
850 11.022113233608167
851 10.217861794327
852 10.790223474931038
853 10.767090742551003
854 10.637075046985252
855 11.06074639770046
856 10.528008275354772
857 10.901322500965163
858 10.57454029891022
859 10.999439615995103
860 11.341373802653434
861 11.435922872978223
862 10.592208328511234
863 10.93156261158883
864 10.898850490592375
865 10.812132670658567
866 10.963737011685637
867 11.512665593821815
868 10.888505808622915
869 11.733706662239113
870 11.770635287610547
871 11.845495402392462
872 11.932277105605674
873 12.111839846162562
874 11.805070671077768
875 11.764368196790032
876 11.47695482422797
877 11.679266309446032
878 11.392461540279188
879 11.401443928773455
880 11.503655164783682
881 11.173706312138572
882 11.130420128455148
883 11.826927565867717
884 11.47309498202053
885 11.0788263491628
886 11.678607228364895
887 11.32902759145397
888 11.4139548250582
889 11.922342301843283
890 11.705941905516838
891 12.004272758272819
892 11.600425559816127
893 11.391924095327603
894 11.527092128933832
895 11.85079425650532
896 11.54456212225973
897 11.545992161761705
898 11.509146491516242
899 11.898466715225684
900 11.581366501089395
901 11.826863670610846
902 11.904291166367484
903 12.065094061697803
904 12.090234594965446
905 11.594354891314257
906 11.230221118285659
907 11.65707865489328
908 11.76634960470036
909 11.834690178138782
910 11.942267095905207
911 10.82098937174498
912 11.083126791115843
913 11.297282958616297
914 10.88201864188717
915 11.430306315765526
916 11.340582839691479
917 11.976004176167255
918 11.458420636012765
919 11.609049216838176
920 11.469893164254547
921 11.756974935994872
922 11.4184930264529
923 11.006984318187424
924 11.678337683324536
925 11.444045296306115
926 11.457566089188834
927 11.658226989027328
928 11.672122361478841
929 11.74658806417917
930 11.790159232721097
931 11.392445282034599
932 11.313403997706391
933 11.484381244190043
934 11.084541731443382
935 11.575656461766147
936 11.598343239081387
937 11.436965953171295
938 11.404058594356698
939 11.613721530776068
940 11.543904212616107
941 11.3515638201151
942 12.231225745801718
943 11.850455053419484
944 12.451290533908587
945 11.979275137788498
946 11.538816974776662
947 11.823898284572637
948 11.872958689348694
949 12.268219709767791
950 12.008817068758873
951 11.958250987739417
952 11.926036850550467
953 11.745524841730079
954 11.952179574850241
955 11.373856858735284
956 11.777995703635675
957 11.996044378195744
958 11.873614797227864
959 12.083611071776849
960 11.805209277054281
961 12.303121018619207
962 12.14148792813713
963 12.008699199533389
964 12.021823918256311
965 12.25157083634906
966 11.734379327320253
967 11.069454499275936
968 11.95614809915602
969 11.414123539700048
970 12.119140832005051
971 11.796874142088434
972 11.54379145800178
973 11.582512644187085
974 11.740016974913727
975 11.288397571002065
976 11.588651950262104
977 11.748393450707296
978 11.772163769199661
979 11.819163595296407
980 12.146603110771993
981 11.778351685351382
982 12.085079878154326
983 11.925001422892576
984 11.965073914894253
985 12.295539654088103
986 11.755956799509214
987 11.964330441967764
988 11.943069147013185
989 12.357157316728957
990 12.085018983730476
991 11.973599795876856
992 11.8673326999212
993 12.073333182984554
994 12.120780278237739
995 12.345607742353693
996 12.197837002673964
997 12.101705601776818
998 12.237724451475316
999 12.567069334513484
1000 12.157234553299377
1001 12.238252593282153
1002 12.019927727723793
1003 12.258292802337136
1004 12.050770488250128
1005 12.151664599398027
1006 12.370598781192664
1007 11.800083044699337
1008 11.935304539471034
1009 12.241873612041035
1010 11.574941517852078
1011 11.669115309636567
1012 11.469363636194975
1013 12.02593181124743
1014 12.013596181928554
1015 11.296383940558744
1016 11.808686560880698
1017 11.270832109980512
1018 11.3357379523206
1019 10.847149098492155
1020 11.391617252724718
1021 11.034389125992414
1022 10.896575040849639
1023 11.502921617821057
1024 10.82128589777907
1025 11.215827817094146
1026 11.156511927648765
1027 11.783220014543936
1028 11.79233927824589
1029 12.000554661292888
1030 11.963052699373614
1031 11.402211988966803
1032 11.496751669418241
1033 12.022483743757169
1034 10.974838707495538
1035 11.838497699192377
1036 11.079264216702395
1037 11.171206575719369
1038 11.665807911539867
1039 11.814044408236272
1040 12.065705399884411
1041 11.521268860651714
1042 11.938965820410777
1043 12.171913061133587
1044 11.944792987826393
1045 11.966585059751539
1046 11.226524388091239
1047 11.702296703972058
1048 11.642372829603818
1049 11.856439541372051
1050 11.550679387401596
1051 11.987142073304273
1052 11.754228018389139
1053 11.800721109945215
1054 11.78573162389577
1055 12.173080870385471
1056 11.586597054176286
1057 12.09146243323836
1058 12.022051928252786
1059 11.66929355359754
1060 11.934063995147024
1061 12.26172041535511
1062 11.874413860801905
1063 12.352248499495076
1064 11.886133561376404
1065 11.420637979586944
1066 11.886888185212046
1067 12.150834678674734
1068 11.545086961437288
1069 12.164905830026182
1070 12.099274988679435
1071 12.04527980916165
1072 11.653594215510932
1073 11.446674541700435
1074 11.416570546075041
1075 11.853887354222886
1076 11.708168765673085
1077 12.051098023696476
1078 12.027949806507277
1079 12.258948985273689
1080 11.662959299446644
1081 12.072037862540645
1082 11.449967757172688
1083 11.678718321755737
1084 12.311467437518045
1085 11.752942727973023
1086 12.128770742442397
1087 11.787822403415472
1088 11.245546383776936
1089 11.362033643202329
1090 11.963707824374447
1091 11.724983543060127
1092 11.907757419035091
1093 12.262990239866502
1094 11.58279387750813
1095 11.839856593547866
1096 11.15664596065391
1097 11.511551251943416
1098 11.779984755714805
1099 11.568623039251786
1100 11.433409990199229
1101 11.796520135888606
1102 12.13427914549253
1103 11.469012312869971
1104 11.565289567919997
1105 11.761971067933572
1106 11.317173296763237
1107 11.230168862150371
1108 11.762649857378142
1109 12.063993531980504
1110 12.204586901971323
1111 12.41176987239519
1112 11.88950042706105
1113 11.589911335921295
1114 12.126228951564473
1115 11.926493557830016
1116 11.82712910522523
1117 11.44556842906038
1118 11.468696916079963
1119 11.61284547545073
1120 12.225168195726951
1121 11.895158077579149
1122 11.666608360939891
1123 11.99665325084198
1124 12.380591218869199
1125 12.140499563555585
1126 12.095031211768129
1127 12.428716975809818
1128 12.705373619728142
1129 12.844429475652483
1130 11.819317894800777
1131 11.951078247676541
1132 11.820454728247258
1133 12.373020234595952
1134 11.866681020977897
1135 12.323516506287408
1136 12.706978795084657
1137 12.3415727690997
1138 12.302476428768944
1139 12.472090885779217
1140 12.567867397365328
1141 12.474196944378884
1142 12.52384860459095
1143 12.815573837266069
1144 12.523920025112503
1145 13.030396525393208
1146 12.31282272509958
1147 12.507024186929437
1148 12.723254926191617
1149 12.616749004931584
1150 12.508880226126298
1151 12.437395215943603
1152 12.286268125502655
1153 11.867885602140918
1154 11.73771986066788
1155 12.185785031966503
1156 12.130469087099032
1157 12.493733677862195
1158 12.357036081489243
1159 12.798493803257617
1160 13.111377598846442
1161 12.705292446045032
1162 12.46733783750967
1163 12.744310096250864
1164 12.526751634835403
1165 12.432020021603329
1166 12.77626602457318
1167 12.732072856965988
1168 12.728804314889333
1169 12.93091207201237
1170 12.28335579035485
1171 12.192632365101211
1172 11.960103603945948
1173 12.031397956491135
1174 11.892507481455201
1175 12.070641745275015
1176 11.961973968234474
1177 11.910130732364115
1178 11.960882628268473
1179 12.219013460743968
1180 12.559789985528596
1181 12.618140891350993
1182 11.616409476400321
1183 12.020476337695978
1184 12.42325903045138
1185 12.106197515597355
1186 12.208306467343457
1187 12.044986897896607
1188 12.151103291255088
1189 11.859506567694531
1190 11.731161308773217
1191 12.118847221132928
1192 12.037189047329688
1193 11.832274901714708
1194 11.965480163686175
1195 12.61302701439568
1196 11.950136541632178
1197 12.144972110423163
1198 12.152333140574001
1199 12.146936221648817
1200 12.27397622487057
1201 12.349327588698058
1202 12.066938757226428
1203 12.12743883164036
1204 12.028141453211841
1205 12.502915116448998
1206 12.359711622712345
1207 12.110063285432494
1208 11.80736436794974
1209 12.57639997213105
1210 12.390721399151436
1211 12.124482138492404
1212 12.079837730907771
1213 12.205518776547448
1214 12.654447365182907
1215 12.64384583709792
1216 12.347486405839717
1217 12.630245568885218
1218 12.710996737370454
1219 12.333643475136109
1220 12.385246741838984
1221 12.513060625091674
1222 12.697733364636186
1223 12.473885030508539
1224 12.58615335764981
1225 12.644097998541428
1226 12.36015088859394
1227 12.286219652834987
1228 12.351166435114685
1229 12.26598403271181
1230 12.353507399861668
1231 12.462546187933935
1232 12.126851494178664
1233 12.652709807520994
1234 12.342941189070684
1235 12.361775169899829
1236 12.064247940693582
1237 12.162760444693754
1238 12.226792213458856
1239 12.084746220516616
1240 11.510612800778121
1241 11.447041731077666
1242 11.685032085784918
1243 12.169405105568146
1244 12.051010753485405
1245 11.666663667223366
1246 11.931425067116068
1247 12.11560652483887
1248 11.780138826102732
1249 11.792392176353635
1250 12.280785133138373
1251 12.063390540927298
1252 11.698326156280697
1253 12.020203919902519
1254 12.119550710211508
1255 12.464172818029892
1256 12.048113125468943
1257 12.235316975279074
1258 12.537608496432545
1259 12.583386304505503
1260 12.382792221285303
1261 12.544735244448768
1262 12.357252782806514
1263 12.630016314802056
1264 12.837981982772105
1265 12.742497107208937
1266 13.289539971033673
1267 12.31718035437176
1268 12.663512080445145
1269 12.591964546853434
1270 12.853957885321938
1271 12.866336555973858
1272 13.281787220671996
1273 13.482326498856155
1274 13.05714199650819
1275 13.135769238859298
1276 13.056695968880923
1277 13.178508181305737
1278 12.60938293713489
1279 13.082247967198857
1280 12.858159002445399
1281 13.186963605980342
1282 12.802436230805933
1283 13.357278264017488
1284 12.248980070978245
1285 12.470172318770926
1286 12.35061069293989
1287 12.852768190036723
1288 12.752280136800199
1289 12.330143229302543
1290 12.004514193185926
1291 11.701705013675182
1292 12.203301017570315
1293 11.850456831057414
1294 11.60094131887592
1295 11.394276946751873
1296 11.596626209252582
1297 11.585445952596443
1298 11.9168226442157
1299 11.605012648136226
1300 12.182676485013586
1301 11.701002646460099
1302 11.30755509336333
1303 11.155580334701213
1304 11.625361142911201
1305 12.438778370438092
1306 12.50679477737853
1307 11.886854081605268
1308 11.781350868209458
1309 11.884598071833596
1310 11.53798946998623
1311 11.858256993719731
1312 11.615278456951453
1313 11.900685053570536
1314 11.703144787290157
1315 11.66216279642213
1316 11.71040733873961
1317 11.857396792616749
1318 11.96550337746203
1319 11.70856705205953
1320 11.773999887943274
1321 12.305388172897251
1322 11.70777247260221
1323 11.888862152112834
1324 11.973088087474052
1325 11.451905544244473
1326 11.748063213017062
1327 11.673920928296726
1328 12.321118315392063
1329 12.485400850447508
1330 11.984214988630042
1331 12.309677332275701
1332 12.075226979359497
1333 12.640260642542994
1334 12.300932146002891
1335 11.875737856631291
1336 12.07242142563312
1337 12.36787781221104
1338 12.089973366675812
1339 12.533992421272025
1340 12.091303501187165
1341 12.46302449535431
1342 12.86620098330586
1343 12.853852216681522
1344 12.918584357442878
1345 12.288008247501505
1346 12.280554873555388
1347 12.708873281453812
1348 12.161284143796177
1349 11.574516848378257
1350 12.030418827207114
1351 11.680836955884946
1352 11.832859479952342
1353 11.650459661056049
1354 11.844702176276064
1355 11.98400042405999
1356 12.185395284535499
1357 12.581267511757783
1358 11.96441091762936
1359 12.01618813284692
1360 12.04412984241021
1361 12.093118432931929
1362 12.452250733556411
1363 11.617758106207686
1364 11.807452427378369
1365 12.07141116890776
1366 11.777686657209571
1367 12.341334506820887
1368 12.012503107061521
1369 12.256768786599803
1370 11.625371388616939
1371 12.026158174418619
1372 11.862932556111556
1373 12.072962298680238
1374 12.062495972906266
1375 12.707417373790863
1376 12.163740662628737
1377 12.081813287517797
1378 11.983751888410232
1379 12.257631867355547
1380 11.983647661581369
1381 12.497547821655468
1382 12.089739503850609
1383 12.02185381373
1384 11.998716373786268
1385 11.103517982882435
1386 11.766104465971734
1387 11.496068294794382
1388 11.082030755862661
1389 11.407894420607576
1390 11.5186045966748
1391 11.530132249848135
1392 11.105794228828051
1393 11.287199715628576
1394 11.502992989012704
1395 11.210675962188471
1396 10.99052750772472
1397 11.132693521900844
1398 11.443930424726672
1399 11.058786932496401
1400 11.337614737704282
1401 11.532916137811394
1402 10.816841923195053
1403 10.900660483519621
1404 11.329645886172372
1405 10.839303756252486
1406 11.740013174800406
1407 11.649182869981637
1408 11.742379317612276
1409 10.906204167282931
1410 11.352833918180902
1411 11.522648634292592
1412 11.615306512159437
1413 11.64016883143961
1414 11.452611428340305
1415 11.761281895919831
1416 11.371722827859763
1417 11.375056029167258
1418 10.919754498794852
1419 11.306734321993648
1420 11.584718503695827
1421 11.086113273055132
1422 11.622299281089928
1423 11.54695728996717
1424 11.40496908939007
1425 11.267145042949524
1426 11.678105228055992
1427 11.75056300706731
1428 11.072407974608572
1429 11.63893680957955
1430 11.597058650155804
1431 11.40969446993959
1432 11.287254477019454
1433 11.518793021308472
1434 11.875501513890127
1435 12.112457757217829
1436 12.02224066301473
1437 11.742934553067919
1438 12.168339342671011
1439 12.05022926154145
1440 11.960432930592482
1441 11.787954734016035
1442 12.233710813117138
1443 12.633728616984278
1444 11.723825624024274
1445 11.768370948950167
1446 11.844110870991297
1447 11.58867011427523
1448 11.727868563746064
1449 12.07167521358066
1450 11.721952180709042
1451 11.592111057327518
1452 11.025536119260394
1453 10.939784248036084
1454 10.790466030782348
1455 10.77504877795582
1456 11.650409814781433
1457 11.505285495334187
1458 11.223327309373783
1459 11.28784916812191
1460 11.33121836322101
1461 11.480523653784044
1462 11.602556607033469
1463 10.99715612636939
1464 10.964814012288102
1465 10.280489069466725
1466 10.964600910325162
1467 10.648560109685949
1468 10.452594661135109
1469 11.273131992855182
1470 11.313683274041157
1471 11.016948343416521
1472 10.61341082317095
1473 10.956049502253666
1474 11.385935380554761
1475 10.840256995533709
1476 10.95053877512947
1477 10.894848595697537
1478 10.9412334388625
1479 11.15947681036152
1480 11.003834005017694
1481 10.586883784130974
1482 10.728060407011126
1483 10.875590159194523
1484 11.057165333412861
1485 10.80521096839335
1486 10.83442542905511
1487 11.266476820068924
1488 11.198250832954173
1489 11.214659289677831
1490 10.92051098326869
1491 11.004996469479593
1492 10.790418409283282
1493 11.0330187026837
1494 10.78567954200758
1495 11.251340228032896
1496 10.676745819766179
1497 10.88785309141678
1498 11.199888201530369
1499 10.760152875317097
1500 10.955535374357261
1501 10.53347460677113
1502 10.833021893548214
1503 10.881479429196341
1504 11.147353343969744
1505 10.284537925241228
1506 10.409737336720532
1507 10.301987143519936
1508 10.164786341494832
1509 10.71143971461567
1510 10.625065039722363
1511 10.388487472160767
1512 10.660178211907475
1513 10.479914705962612
1514 10.29223661783553
1515 10.287782269786524
1516 10.276404413351058
1517 10.51622049846617
1518 10.796891954618676
1519 10.439091947597287
1520 10.494700792306022
1521 10.974668489888838
1522 11.058022725631712
1523 10.727826506781398
1524 10.616902509709682
1525 10.340381976327604
1526 10.611118206523518
1527 11.027978540840149
1528 10.751598898176784
1529 10.796022608476203
1530 10.97757703611855
1531 11.625482249380434
1532 11.285257188438937
1533 11.720102979575163
1534 11.496832072977645
1535 11.417126225427952
1536 11.564420545701333
1537 11.477269098934114
1538 11.622563879779227
1539 11.685096488666204
1540 11.293448288454034
1541 11.710626690966356
1542 11.563158361153961
1543 11.387950029445703
1544 10.881551282182986
1545 11.36948543144366
1546 11.098523155962686
1547 11.635016482041078
1548 11.509276873702783
1549 12.227916548364844
1550 11.494546611565648
1551 11.191202475892357
1552 11.574406339875633
1553 12.403660674331187
1554 12.393529161528512
1555 11.794122337059935
1556 12.261063746352518
1557 12.300805612192788
1558 12.32720226247384
1559 12.484337518607372
1560 12.301398623253725
1561 12.257604239320065
1562 11.927479007553236
1563 11.959992336361635
1564 11.837106332570192
1565 12.057754957236948
1566 12.10322031820301
1567 12.01151483301149
1568 12.023844717764907
1569 12.47135612366517
1570 12.245920607491684
1571 12.914379112368598
1572 12.269726363331502
1573 11.767994393334464
1574 11.714981985228487
1575 12.110879584637123
1576 12.451487943886224
1577 11.666148346433726
1578 12.213983871506006
1579 12.11669415403806
1580 11.728511632655026
1581 11.961542303463778
1582 12.19093226515963
1583 12.198037561239355
1584 11.990135365536032
1585 12.296328420536415
1586 11.879455246269345
1587 11.913975577696641
1588 12.013200076529625
1589 12.02765682726254
1590 12.27078510838296
1591 12.329474802978584
1592 12.203345620436153
1593 11.91347592617997
1594 11.117906167867948
1595 11.11917015847845
1596 11.208959373747426
1597 11.62092662623118
1598 11.829820527897795
1599 10.917892537625953
1600 11.389357666835643
1601 11.08599373521876
1602 10.996189836068456
1603 11.382822252441676
1604 11.462510000456378
1605 11.131989849485475
1606 11.349691781559683
1607 11.079946506829115
1608 11.332270134693385
1609 11.011188321233165
1610 10.927513541127562
1611 11.44566479496531
1612 11.084910194570188
1613 11.177150155710878
1614 11.11682123095028
1615 11.004025332046337
1616 11.822235128173858
1617 11.109709032183313
1618 10.961663552597328
1619 11.047674405066777
1620 11.005056730389592
1621 11.156307140756475
1622 11.117910178889527
1623 11.387819515205061
1624 11.735344945582645
1625 11.01359746317573
1626 11.498535621946594
1627 11.451763185523536
1628 11.140715701454543
1629 11.33360589177182
1630 11.489497732962661
1631 11.680447110822351
1632 11.627935804412116
1633 11.730047601158097
1634 11.509395193398298
1635 11.19682031252529
1636 10.58584612904624
1637 11.664840906994264
1638 10.750142091572759
1639 11.137368206698367
1640 10.962134760976891
1641 11.59774444039127
1642 11.578232466063707
1643 11.71110739510118
1644 11.457617745569722
1645 10.814422519131842
1646 11.216540152670984
1647 11.209165752508703
1648 11.287642133100379
1649 10.77931876147138
1650 11.396666978491742
1651 11.621175144202878
1652 11.385240543462256
1653 11.13049319587988
1654 11.131916390459054
1655 11.12176376366231
1656 11.1543307524814
1657 11.42164026203044
1658 11.657656790243058
1659 11.509398256498208
1660 11.609110757904082
1661 11.436283017265502
1662 11.221920562941659
1663 10.981704457491853
1664 11.11225114557645
1665 11.121576708753256
1666 10.635783114823251
1667 11.154146609345714
1668 10.782523937758365
1669 10.549246557480412
1670 11.074644383989352
1671 11.170678272748425
1672 11.156356022820253
1673 11.032134595506774
1674 10.983284600966565
1675 11.182808228854187
1676 10.514334053295904
1677 10.571940282087828
1678 11.04021865015553
1679 11.18331930439607
1680 10.942644634936935
1681 11.085367165301976
1682 10.643560527014843
1683 11.1791180245598
1684 10.880647096858226
1685 11.14319134732009
1686 11.186362076881329
1687 11.21192212651224
1688 11.027458619080576
1689 11.20717822794188
1690 10.438335846469531
1691 11.225559993515379
1692 10.566905450067814
1693 11.491427969728932
1694 11.313310659488446
1695 11.010923569796304
1696 10.742765680413076
1697 11.08532656077377
1698 11.344407062861903
1699 11.386574485891062
1700 11.173445186099874
1701 10.89990753095125
1702 10.857814641814477
1703 10.754151201743694
1704 10.928577537603466
1705 10.74752846771519
1706 11.111613455765985
1707 11.012701274517463
1708 11.01175395851799
1709 10.561830816802212
1710 11.068327204761086
1711 11.035989331286073
1712 11.069290302901809
1713 11.200485309549101
1714 10.763493755911083
1715 10.9769311052478
1716 11.047984184804992
1717 11.002599890869423
1718 11.531259723912857
1719 11.043918406818444
1720 11.2247484369606
1721 10.522667368012682
1722 11.339802754723266
1723 11.243538407363031
1724 11.012767103614639
1725 11.278448703245509
1726 11.118942766638163
1727 11.12250149155254
1728 11.038318736221598
1729 11.218392853552373
1730 11.461666533500235
1731 11.235308096036974
1732 11.254818907298274
1733 11.227636548499841
1734 11.123991904274941
1735 11.18283706563748
1736 11.104311091797388
1737 11.023066376507627
1738 10.807648715265136
1739 10.884922555062529
1740 10.77012958837747
1741 11.39962421458181
1742 10.979225859854923
1743 11.180599762450479
1744 11.498235675516545
1745 11.571185019619563
1746 11.118727088409281
1747 11.17460007835157
1748 11.077393683174966
1749 11.057401135460934
1750 11.32991543900541
1751 11.0974469521179
1752 11.21055462019784
1753 11.342611795094081
1754 11.367087483352188
1755 11.068801513823248
1756 10.989261530808847
1757 11.212635122711145
1758 11.458215906938872
1759 11.047351107026868
1760 11.226334478434088
1761 11.13730472172389
1762 10.609875773156132
1763 11.034596806884874
1764 10.53823613052014
1765 11.081397647274438
1766 10.7537172020578
1767 11.354106227309407
1768 10.994415872225394
1769 10.669655324257775
1770 10.743734788031569
1771 10.43361490425173
1772 11.010660321327574
1773 11.205006992685494
1774 10.996970571773135
1775 10.52568550318431
1776 10.59590382931476
1777 10.47598543072954
1778 10.125507419475317
1779 10.52267021554755
1780 10.756455694610773
1781 10.853113987413355
1782 10.740495501568438
1783 10.292363976824372
1784 10.907804303230666
1785 10.80131082695254
1786 10.86827883291925
1787 10.6984058847079
1788 10.803254894495568
1789 10.90740051186108
1790 10.516769263403827
1791 10.568517450926125
1792 10.808621833214042
1793 10.773974553998999
1794 10.482712850402942
1795 10.684889472798526
1796 10.944205496268603
1797 11.103261354247833
1798 10.69466020862238
1799 10.614035356515496
1800 10.806624154057774
1801 10.36550885008016
1802 10.994896321101589
1803 10.493813678839
1804 10.807021102479672
1805 10.798625468959127
1806 11.42226559143002
1807 10.870866508369339
1808 10.832691356568233
1809 10.823437877504226
1810 11.119596016924316
1811 10.576661092757302
1812 11.14980021020042
1813 10.733425683575186
1814 10.701878862218623
1815 10.46106366806043
1816 10.94591461547117
1817 11.147734288117578
1818 11.191069780015852
1819 11.290657809235013
1820 11.42646590604919
1821 11.872261555504721
1822 11.323973315318161
1823 11.261493548376855
1824 11.484828040210246
1825 11.497303063527879
1826 11.473117942832546
1827 11.78026061446883
1828 11.729604816236082
1829 11.26281979198657
1830 11.62480471517647
1831 11.766337962577088
1832 11.755427475954479
1833 11.721079621087279
1834 11.79348664664298
1835 11.593249999465502
1836 11.543550139753796
1837 11.392050164941274
1838 11.918192238249734
1839 11.811307421229673
1840 11.825245293368226
1841 11.615126244144566
1842 11.37870453329193
1843 11.826138079125082
1844 12.045153007617984
1845 12.002454634457884
1846 12.098155081161263
1847 11.988171380581136
1848 12.235377199796838
1849 12.181699378078793
1850 12.255543940984259
1851 11.499897571447802
1852 11.6552853795504
1853 11.98495693925965
1854 11.909445994172122
1855 11.781523367203945
1856 11.779035988105544
1857 11.59967979592681
1858 11.70331673347376
1859 11.609332547950961
1860 11.399822250685395
1861 11.530458724419388
1862 11.359229049054942
1863 11.549688104976713
1864 11.667146959850005
1865 11.83720887486808
1866 11.350848094633506
1867 11.533491831422442
1868 11.301497830718594
1869 11.242800687383312
1870 11.197365288529868
1871 11.71244695870018
1872 11.461706046958948
1873 11.319917219899157
1874 11.170105280746755
1875 11.339782432614594
1876 10.243845167869997
1877 10.51197715281621
1878 10.62902832609769
1879 10.658775543894997
1880 11.115382845739473
1881 10.96654425637565
1882 11.098495264573724
1883 11.432193141368254
1884 11.388188713572212
1885 11.125645530484135
1886 11.071285075617872
1887 11.44492980501638
1888 11.232609430236941
1889 11.404437404357655
1890 11.29712806651271
1891 10.870636004929969
1892 10.558664739261308
1893 11.314570140896182
1894 10.83412123170302
1895 11.390593850639963
1896 10.620319368943353
1897 10.934801994071183
1898 10.863868923561283
1899 11.072927131536206
1900 11.088165521332485
1901 11.319794521317373
1902 11.100046521114784
1903 10.89722164951393
1904 10.995186891606739
1905 10.73464498849181
1906 10.500949933676017
1907 10.886931310553635
1908 11.182354885088277
1909 10.9847879431762
1910 10.662412461045127
1911 11.255898843098421
1912 11.05096670138346
1913 10.848124118868729
1914 10.75109508026396
1915 10.933115005012676
1916 10.671015190048106
1917 11.472221519245945
1918 11.440710299513478
1919 11.021788010599115
1920 11.511403790203945
1921 11.14305638007303
1922 11.04165914355563
1923 11.074147397199178
1924 10.706268447537036
1925 11.100825994684227
1926 10.37825549743077
1927 10.850557751092875
1928 11.497723152438576
1929 11.46272802770006
1930 11.77298683897752
1931 11.417568766376943
1932 11.606316046298256
1933 11.824849919108019
1934 11.029528441376389
1935 11.180196976398692
1936 11.42022665765862
1937 11.206065471360024
1938 10.80403625388086
1939 11.19889773489736
1940 10.629075966647877
1941 11.29806186745854
1942 11.182712155556699
1943 11.626369833600616
1944 11.962198059874497
1945 11.694616050815117
1946 12.251205723643784
1947 11.497748223554696
1948 11.578790609175508
1949 11.15959523536252
1950 11.48898755771632
1951 11.336009135439856
1952 12.025898640526043
1953 11.623032516931417
1954 11.592262196659702
1955 11.380403311021864
1956 11.707958914268543
1957 11.565201632352641
1958 11.787178142388719
1959 11.427471641823988
1960 11.250729270018665
1961 11.482299594406637
1962 11.360214068547984
1963 10.873819501845247
1964 10.724357585137795
1965 10.965254437323068
1966 11.696310913165675
1967 11.42446597932377
1968 11.350631057017493
1969 11.539204161660958
1970 11.524817150098507
1971 11.654270967962844
1972 11.509250008683317
1973 11.500082430544316
1974 11.79334241049904
1975 11.853079201840444
1976 11.161710417680634
1977 11.110851276683128
1978 11.353780210510221
1979 10.995356748301642
1980 10.740551590223292
1981 11.183810211643333
1982 11.018324783211877
1983 10.869921028330428
1984 11.217707322882614
1985 10.807631931943552
1986 11.076154947058068
1987 10.858374320455638
1988 11.575775083376858
1989 11.275444807885478
1990 11.340793153078526
1991 11.951183047644475
1992 11.179609614699185
1993 11.53319254106026
1994 11.562973769408206
1995 11.139716832729167
1996 11.68679928009341
1997 11.146039378674466
1998 10.580377126419753
1999 11.112888381557845
2000 10.763352710700206
2001 11.50777349272839
2002 11.044872213995665
2003 10.921292612090149
2004 11.57007162847902
2005 11.376289213560842
2006 11.076570806283398
2007 11.199146624428288
2008 11.506912020047158
2009 11.140100619690298
2010 11.77302490819701
2011 11.305934779460356
2012 11.07705236224986
2013 11.550373187115198
2014 11.492010792447752
2015 11.591986202580932
2016 11.08976184654994
2017 11.449123690038597
2018 11.621235144361469
2019 12.11375364274717
2020 11.816889158561908
2021 11.736128475998806
2022 11.622224375512914
2023 11.72396426499475
2024 11.455578125049207
2025 11.93330814309371
2026 11.643641850326988
2027 11.521932527156789
2028 11.6837950361882
2029 12.176630469160155
2030 11.4118499298221
2031 12.023477240271804
2032 11.459091179697916
2033 11.398468248654856
2034 11.21291890672478
2035 11.590114586846132
2036 11.463880575503108
2037 11.438943944491047
2038 11.761059098378496
2039 11.747440459359314
2040 11.753942867952142
2041 11.574684233742712
2042 11.844258010299768
2043 11.513561318475439
2044 11.381286239576397
2045 11.284306679125718
2046 11.505350349534247
2047 11.027040263054719
2048 11.641248461017074
2049 11.243225660420398
2050 11.377029363622444
2051 11.371964419740953
2052 11.339484464682158
2053 11.412394498086579
2054 11.926492083165924
2055 11.847014709512495
2056 11.51842944093998
2057 11.02296349698081
2058 11.072843256891264
2059 10.989682639062384
2060 11.273198283453524
2061 11.007706802934088
2062 11.648949149594914
2063 11.762522985959412
2064 11.657555224442135
2065 11.467553700505562
2066 11.434246624477392
2067 11.15959165774081
2068 11.893158517025249
2069 11.515184678103617
2070 11.97222770307058
2071 11.625069241988358
2072 11.259287998592551
2073 11.619599301589405
2074 11.055853509249122
2075 11.41232591039934
2076 11.194358834686808
2077 11.616265388588044
2078 10.816166139231731
2079 11.004044992678798
2080 10.780387268022379
2081 11.33161166215138
2082 11.444934509785226
2083 11.438133336301412
2084 11.565914458580332
2085 11.069161060956572
2086 11.115998224962723
2087 11.29988004620689
2088 11.207204063686385
2089 10.943941320391174
2090 11.14769523702843
2091 11.225278530834828
2092 11.224381634762572
2093 11.210582859900114
2094 11.096344522420987
2095 11.077130595736547
2096 11.304865835101605
2097 11.78877281241046
2098 11.712054808789542
2099 10.932146696277274
2100 11.099529225567435
2101 11.214710529732384
2102 11.085801654264213
2103 11.203639771204356
2104 11.150231287636624
2105 10.326337218768233
2106 11.03557742422925
2107 11.580840789163926
2108 10.886880178546214
2109 11.159887984911597
2110 11.205692771055165
2111 11.169602212742674
2112 10.75415685072196
2113 10.616260678632408
2114 11.057713474396621
2115 11.242497421705275
2116 11.052891385656878
2117 10.958490059562353
2118 11.188450214859472
2119 10.844211966152697
2120 10.949918167257627
2121 11.590891220879366
2122 11.064035531848004
2123 11.247604041165806
2124 10.876299350682283
2125 11.022441882983905
2126 10.980399294872518
2127 11.215066078662174
2128 11.010587944551222
2129 11.003161399503432
2130 11.118462505462228
2131 11.026734159325141
2132 11.48191862642477
2133 11.167843954850705
2134 10.831144933788996
2135 10.822861439839189
2136 10.995104978720327
2137 10.823666707126048
2138 10.640101716660752
2139 11.193103139748043
2140 11.094348334365716
2141 10.798542940466984
2142 11.454031172071085
2143 11.049364136862765
2144 10.783271246753921
2145 10.816228164331571
2146 11.073478159178944
2147 11.000131772851297
2148 11.048456113408651
2149 10.458745661807368
2150 10.551899125579718
2151 11.598272020380547
2152 11.303129681459858
2153 11.043899018631866
2154 11.145700882636216
2155 11.144911116303865
2156 11.003044947706003
2157 10.897330378691509
2158 10.949446683404023
2159 11.029653349880762
2160 11.484264180779522
2161 11.456217874306276
2162 11.452383510480994
2163 11.404150566008038
2164 11.31248111301342
2165 11.475356799582295
2166 11.569895717592836
2167 11.145647939985512
2168 11.279059006092194
2169 11.263599058476968
2170 11.013296660572829
2171 10.715089251560233
2172 10.595799182675732
2173 11.149726641606769
2174 11.276733848367623
2175 10.763762421840484
2176 11.103058858721193
2177 11.536764166031405
2178 10.772538300633363
2179 11.161646917054064
2180 10.808787548008384
2181 11.558284646842917
2182 11.213178908086082
2183 10.570055427879595
2184 10.762333664339344
2185 10.82095733409464
2186 11.388815605040168
2187 11.429900509089217
2188 11.420424605636143
2189 11.020422289777411
2190 11.339861174732063
2191 11.597291452002306
2192 10.866299157317542
2193 11.24248964752082
2194 11.237441704697694
2195 10.967709506483569
2196 10.468754241151489
2197 10.863960856016039
2198 11.111889939152087
2199 11.03739217308796
2200 10.976680638914026
2201 11.068103771660594
2202 10.861534039230005
2203 11.749537268784223
2204 10.984394349847207
2205 11.139849936335596
2206 11.058425259373827
2207 11.299815578406735
2208 11.07760421286547
2209 10.528825481727536
2210 10.904528844111038
2211 11.792408750518737
2212 11.57904162698563
2213 11.254285429940023
2214 11.853771511474951
2215 11.551298296289627
2216 11.463855346914965
2217 11.20527317052661
2218 10.832943208373548
2219 11.19042063755977
2220 11.228699280866746
2221 10.98436313978227
2222 10.922378235632689
2223 11.557597617240265
2224 11.249397954175176
2225 10.883284788222573
2226 10.953614512406812
2227 11.126609816389816
2228 10.989846578458142
2229 11.41113814833056
2230 11.174975760150655
2231 11.697132082281751
2232 11.021048272912907
2233 11.117895536589444
2234 11.119551513325167
2235 11.175463915335321
2236 10.926897474394126
2237 10.806604764163788
2238 11.257297029177016
2239 11.043376282318633
2240 11.032555364920574
2241 10.935927551729156
2242 10.77424505726984
2243 10.999506696947892
2244 10.777268641074278
2245 11.353292918020301
2246 11.588936850329585
2247 11.189728509053937
2248 11.358968289162236
2249 11.010304104012334
2250 11.100778427257701
2251 11.275312142125744
2252 11.585344650659176
2253 11.70235419516279
2254 11.497587571899082
2255 11.68250479397216
2256 11.357366663729747
2257 11.37522733170954
2258 11.215722543830205
2259 11.64998778685207
2260 11.027161429727379
2261 11.73040008282007
2262 12.137280328852203
2263 12.117805349427673
2264 11.877010306072085
2265 12.242576479228712
2266 12.023939266031507
2267 11.968191587451775
2268 12.22698241100996
2269 11.901073276878062
2270 12.072777080684354
2271 11.73042356984381
2272 12.062600672067447
2273 11.734784571729001
2274 11.948146795494377
2275 11.548674539149317
2276 12.47617415992845
2277 11.814904329828218
2278 12.262479807360043
2279 12.377708896651797
2280 12.379138287941256
2281 12.438905056201833
2282 12.28515517330133
2283 11.903024777409385
2284 11.509927958579773
2285 11.712896724913769
2286 11.345264701375442
2287 11.859035848158975
2288 12.045024111347438
2289 12.283923642374793
2290 11.928110442656097
2291 12.135314581056333
2292 11.486177537535267
2293 11.69055533209467
2294 12.326278632687083
2295 12.564682063048982
2296 11.895181167045564
2297 11.832333140983797
2298 12.271574391586924
2299 11.97366741168726
2300 12.112356773815474
2301 11.882183850739896
2302 11.937320275231498
2303 12.06595952399236
2304 12.160288200271838
2305 12.576192655991209
2306 12.597021963629315
2307 13.138067454905629
2308 11.825794804376502
2309 12.242302610652825
2310 11.914350800927226
2311 11.998428065031979
2312 12.11663376152453
2313 12.312312303363036
2314 12.101113503995046
2315 12.125138105711994
2316 12.560462734863327
2317 11.853947048251829
2318 12.34237968790032
2319 11.693828340935019
2320 11.837414374421657
2321 12.10960472736127
2322 11.964806298599042
2323 12.464189928355747
2324 11.98092170933171
2325 12.272025222986267
2326 12.507238441035907
2327 12.354511909430377
2328 12.536781347845233
2329 12.579893254575163
2330 12.659962462359212
2331 12.66509966365584
2332 13.077643983848159
2333 12.841544319761818
2334 13.082425948393968
2335 12.689675701961098
2336 12.515090077206091
2337 12.967995292440781
2338 12.70994329229461
2339 13.36320316967215
2340 13.508611544421068
2341 12.491086393501735
2342 13.041838508374095
2343 12.65020295764886
2344 12.005384611141684
2345 12.38819840457576
2346 12.098453387007803
2347 12.161399190990952
2348 11.983993102417605
2349 12.182041759661994
2350 12.429660197467271
2351 12.641744684381564
2352 12.260627011560981
2353 11.804462395958586
2354 11.73357277822021
2355 11.780131242575623
2356 12.368954794921645
2357 11.528812776877457
2358 12.02213163165506
2359 11.53214119194192
2360 11.605037599223298
2361 12.216150297057458
2362 12.034598437202526
2363 11.300026625886831
2364 11.24060093387604
2365 11.118416602742602
2366 11.549623926834785
2367 11.384128470742201
2368 11.869994398788428
2369 11.631811826379453
2370 11.547635484847742
2371 12.330283601586784
2372 12.963239692239627
2373 13.178308960379077
2374 12.751372674950451
2375 13.045907035689845
2376 13.05417185368965
2377 13.066369936014883
2378 12.807228645225022
2379 12.28491264268562
2380 12.415862319228864
2381 11.964520750067187
2382 11.603432269376919
2383 11.93672256155809
2384 12.125046551351122
2385 11.568041470301996
2386 12.12574052628664
2387 12.053597032646966
2388 12.551880682991317
2389 12.232674993824261
2390 12.347959784285276
2391 12.300852015661308
2392 12.1107864202467
2393 12.676437848805676
2394 12.232650577212258
2395 11.983176666060444
2396 12.146471825608007
2397 12.162466795025571
2398 12.0781981639293
2399 11.873864889523357
2400 12.29805192016197
2401 12.535503473835261
2402 12.344645760508664
2403 12.504707886629774
2404 12.149900184651205
2405 12.088306002840447
2406 12.358000670610922
2407 11.139055183048328
2408 11.674044841640105
2409 12.106847253837087
2410 12.215378295136714
2411 12.65812476649942
2412 12.593252776875113
2413 11.90996567631049
2414 12.052387272360596
2415 12.349067354848726
2416 12.532263817737856
2417 12.46718920027196
2418 12.42930687538019
2419 11.674029739788255
2420 12.192480280271745
2421 12.186017661768629
2422 12.00420921740213
2423 11.258615998358033
2424 11.741075352348965
2425 12.174914078448857
2426 12.239849381092013
2427 11.66016471452682
2428 12.02288408967219
2429 12.138271748853706
2430 12.495526291491103
2431 12.00556466610438
2432 12.412679766860263
2433 11.74734038219213
2434 11.217826352897209
2435 11.806047237423822
2436 12.018350897092375
2437 11.415704755331786
2438 11.75256003033822
2439 11.716403029510618
2440 11.750498959784176
2441 11.729552788752125
2442 11.457041586862278
2443 11.477417872520558
2444 11.775068704441706
2445 11.79195215146262
2446 11.596541862718448
2447 11.563088125400013
2448 12.056893172409893
2449 12.40977896009518
2450 11.215575346047387
2451 11.727774358415171
2452 12.512823088302389
2453 12.221962702569453
2454 11.471016891453973
2455 11.712824535980939
2456 12.149920557763036
2457 12.391899159888268
2458 11.962886027824428
2459 11.585385253576755
2460 12.097368494646226
2461 12.070771540356969
2462 11.94044504040626
2463 11.730013066704831
2464 11.710716441151222
2465 11.127721648825315
2466 11.527680910234555
2467 12.04025510196427
2468 11.630978722646695
2469 11.681385589195019
2470 11.41509645208453
2471 11.098343422043769
2472 11.633151355457825
2473 11.76081475365105
2474 11.58070425053501
2475 11.402741443522393
2476 11.973391236725435
2477 11.541328953093785
2478 11.380389434103215
2479 11.952863442248942
2480 11.341131465193667
2481 11.123869393543357
2482 11.428121610118797
2483 11.308937586335519
2484 11.633457660546043
2485 11.895376939096991
2486 12.13008159456053
2487 11.319232641648059
2488 11.385882926041251
2489 11.684235842711157
2490 11.267484208169332
2491 11.443829867286789
2492 11.220526018080895
2493 11.553173283653717
2494 10.9275667802084
2495 11.46536597725514
2496 11.224362703197192
2497 11.305245699148058
2498 11.38513210995645
2499 11.6384802255809
2500 11.2041813743391
2501 11.353658146971117
2502 11.52734153390052
2503 11.321218180557203
2504 11.037708136264122
2505 11.047982861683867
2506 11.359992523093087
2507 11.177368161078036
2508 10.852164228239483
2509 11.514901034617754
2510 11.06698421622709
2511 11.062293516737284
2512 11.385316854923618
2513 11.336562322986182
2514 11.064710758415575
2515 10.930596466255219
2516 11.397035522270903
2517 10.753061073205426
2518 11.32916522255116
2519 10.405830749944116
2520 11.053560972561687
2521 11.476670704892307
2522 11.681846471145189
2523 11.614003929136173
2524 11.442458940331958
2525 11.729401059485678
2526 11.486116755756335
2527 11.744432676779844
2528 11.503190060693864
2529 11.631864095307678
2530 11.600010373315213
2531 11.506656399450218
2532 11.403497233866302
2533 11.32118491411398
2534 11.79916643904783
2535 11.907318896842739
2536 11.333754118632053
2537 11.413577878671266
2538 11.815436511825428
2539 11.263795709326724
2540 11.316080184551227
2541 11.653104688190819
2542 11.249931392855137
2543 12.04617704523315
2544 11.575557072705116
2545 11.421039109773039
2546 11.577799400402203
2547 11.549219922998141
2548 11.92422607950995
2549 11.14799014749757
2550 11.335410521803723
2551 11.578297344208655
2552 11.951725255079003
2553 11.70049481687578
2554 11.504542437745295
2555 11.690557197725276
2556 11.634561193435527
2557 11.760523533983648
2558 11.356213124941918
2559 12.038201807425333
2560 11.797078715760493
2561 12.061690456296498
2562 11.561946471519606
2563 11.521936553238643
2564 12.30923257159728
2565 12.137714089980458
2566 12.202628914110791
2567 12.242893758123488
2568 11.912993907541543
2569 11.855832707415084
2570 11.998636867015943
2571 11.895485628714024
2572 11.810712506194669
2573 11.675417233096056
2574 12.328401798046418
2575 11.274422502365626
2576 11.73895726252805
2577 11.865736945718538
2578 11.757325428834195
2579 12.008321181703705
2580 12.268250589222674
2581 12.027535362646756
2582 11.967209105219359
2583 11.736049992710013
2584 12.271197763016529
2585 11.973132272415132
2586 11.88944515896861
2587 11.96827760044354
2588 11.332297460111242
2589 11.956248634866185
2590 12.43396551401898
2591 11.86665216772874
2592 12.146683062359017
2593 12.083948575226662
2594 11.591904816977454
2595 12.244314033159508
2596 11.968040286461829
2597 11.11817662635694
2598 11.796570325107194
2599 11.798843797243983
2600 11.389619466785556
2601 12.023153794152769
2602 11.257972892532113
2603 11.440734608944354
2604 11.853411757756513
2605 11.724111948092851
2606 11.56507524916861
2607 11.929039674351353
2608 12.095304026388094
2609 11.763190836172301
2610 11.905698266339385
2611 11.265138641610998
2612 11.636001564562505
2613 11.55408110463994
2614 11.204083581735372
2615 10.782008717935218
2616 11.536970745428196
2617 11.3943796509892
2618 11.726554820005683
2619 12.084382368637582
2620 11.729082738801761
2621 11.533457736033563
2622 11.706933391983387
2623 11.813618421057747
2624 11.649780046682686
2625 11.349251174760644
2626 11.818452338132255
2627 11.807994523656367
2628 11.450636057520134
2629 11.22670146766035
2630 10.857303800992508
2631 10.761452453323617
2632 11.420439368213094
2633 11.829951970425254
2634 11.391443497561042
2635 11.004365883131115
2636 11.343556399588367
2637 11.35151334820095
2638 11.122350194523866
2639 10.633190247817652
2640 10.87393888157403
2641 11.17481593980339
2642 10.928975190670656
2643 11.062590509042279
2644 11.020733248949545
2645 11.393812153981658
2646 11.459579854415285
2647 11.167519451809714
2648 11.632351303792133
2649 11.573044583510526
2650 11.748700621186789
2651 11.323904511062091
2652 11.665732977332476
2653 11.80656267135064
2654 11.687819172711349
2655 11.361962243325092
2656 12.056787641913726
2657 11.501259842966427
2658 11.385451278564139
2659 11.256331358421713
2660 11.507771383864844
2661 11.192601139323546
2662 12.257179443034216
2663 11.578305385316161
2664 11.72272212229554
2665 11.501536646650571
2666 11.153311260761798
2667 11.043685898927096
2668 11.495185165402779
2669 11.415732658456
2670 11.177519029202148
2671 11.106234887056358
2672 10.965305964285372
2673 11.431219537554854
2674 11.167714484121491
2675 10.986001866071366
2676 11.304182940092465
2677 10.36518421042217
2678 11.419533729488233
2679 10.947942817092343
2680 11.166856391051454
2681 11.438425201023714
2682 11.006145580681642
2683 11.04796824880045
2684 11.238795611581397
2685 11.386362213436607
2686 11.109095786753915
2687 11.33704483476452
2688 11.457534090931539
2689 11.499292134329133
2690 11.254229641547116
2691 10.993093541579015
2692 10.612202977288492
2693 10.80228473165601
2694 10.790172776586859
2695 10.894659036163999
2696 10.338729050494942
2697 11.223564199409623
2698 10.82002752228411
2699 10.93753827563862
2700 11.081441667306185
2701 10.955968958143144
2702 10.982923866615199
2703 11.08095798677965
2704 11.12205436686121
2705 11.058700104471338
2706 11.008038511205989
2707 10.397551830984664
2708 10.656700671879397
2709 10.574723103018606
2710 10.705985812134127
2711 11.00374887152835
2712 11.073367115595076
2713 10.855146750127926
2714 10.686015494894988
2715 10.623779686053027
2716 10.906818899130231
2717 11.119512776486317
2718 10.706767168007046
2719 10.749941332336617
2720 11.055178676088287
2721 10.799677925012078
2722 10.970916574858444
2723 10.65239465842226
2724 11.089524508127946
2725 11.666468889210332
2726 11.58280560159704
2727 11.078935586704267
2728 11.090125666781644
2729 11.314001717078245
2730 11.361321748849102
2731 10.85676811718451
2732 11.131716206184613
2733 10.734156746205002
2734 11.63266500621657
2735 11.349790404457101
2736 11.35779633745824
2737 11.449253416857697
2738 11.476819006841126
2739 10.727746509673304
2740 11.438479637626543
2741 10.63018145631808
2742 11.014514731820418
2743 10.598785348306647
2744 11.049132546728092
2745 11.641806730313764
2746 10.85729691879884
2747 10.745127269245392
2748 11.263803551903758
2749 10.711671888374227
2750 11.257319578680145
2751 10.675836442194434
2752 10.89358640250774
2753 10.747114556397838
2754 11.261494504356236
2755 11.083782230665808
2756 11.674037199339457
2757 11.530534273800333
2758 11.259145546684538
2759 11.890900238470522
2760 11.556349269367276
2761 11.799015774548518
2762 11.096776961882274
2763 12.08244825803908
2764 11.66421650519201
2765 12.098207987749829
2766 11.527784547984508
2767 11.702158529237273
2768 11.783604233513564
2769 11.859171247143305
2770 11.39507726001711
2771 11.796121928576348
2772 11.940968820280165
2773 12.343463697420878
2774 12.85988552197671
2775 12.285662844034569
2776 12.895987791900872
2777 11.91569798217339
2778 12.150245585734961
2779 11.42802584138277
2780 11.237580826916318
2781 11.466601078377458
2782 11.70561521623362
2783 11.985630496055077
2784 11.633435143133775
2785 11.927122982939363
2786 11.664500682063736
2787 11.789506550976183
2788 11.76361372955337
2789 12.162215503438222
2790 11.639262545040301
2791 11.432353236830853
2792 11.790790375365825
2793 11.91289414217824
2794 11.405546044641913
2795 12.37432087969785
2796 12.496892984273332
2797 11.35124790484391
2798 11.8281161468446
2799 11.679867236767107
2800 11.466767175569887
2801 11.951789825103068
2802 11.466502445099412
2803 11.64946650826265
2804 11.755112401233859
2805 11.580556962104534
2806 12.04885972359526
2807 11.87835381407462
2808 12.075064672837865
2809 12.086979938231575
2810 12.347488674713379
2811 11.801340090989964
2812 12.043398389291939
2813 12.132871253521694
2814 11.405070928927636
2815 12.108704676938496
2816 12.187615723069143
2817 12.377896897866838
2818 12.165140306693365
2819 12.041973171299466
2820 11.416944961448399
2821 11.151238452015232
2822 11.958949320158563
2823 11.972124787305939
2824 11.584441932980193
2825 11.796273410941886
2826 11.571973160974101
2827 11.692513867100043
2828 11.583445280216573
2829 11.905912454485419
2830 11.815665750634677
2831 11.789809063044423
2832 12.091574245271799
2833 12.068953174588199
2834 11.743076579646909
2835 11.729474297071866
2836 12.119759017888473
2837 11.426013199700797
2838 11.50490684931294
2839 12.336175455850919
2840 11.649637329802843
2841 11.593505181361202
2842 11.042880021896984
2843 11.672613304938663
2844 11.543272957950574
2845 11.873072530401428
2846 12.202997023135095
2847 12.426191463646532
2848 12.354848754620177
2849 12.5488510379917
2850 12.19893962638415
2851 12.288583274196627
2852 12.300432938247738
2853 11.878885451824981
2854 11.879637948057635
2855 12.204118919606621
2856 12.687927363217526
2857 12.371532308882284
2858 12.402128913517995
2859 12.066042126091414
2860 12.394173476671176
2861 12.208917542443483
2862 12.359972086804028
2863 12.187612582509288
2864 12.211605457486504
2865 11.998141807072793
2866 11.864885588868045
2867 11.863909326454358
2868 11.766939259525904
2869 11.59471805806749
2870 12.25188404362175
2871 12.106615249420358
2872 11.78201392650108
2873 11.726901407835363
2874 11.312635694695993
2875 11.576957518900361
2876 11.846461743393625
2877 11.785289917118824
2878 11.379077234159178
2879 11.406961371700222
2880 11.811095174485176
2881 11.405839622942635
2882 11.449804853524173
2883 11.592684328306673
2884 11.435964730577085
2885 11.865963320710902
2886 12.18788874242955
2887 11.68510297378384
2888 12.113201677189783
2889 12.38859883967265
2890 12.068441807392547
2891 12.329285301318283
2892 11.958790174077809
2893 11.865784462115323
2894 11.995864830871668
2895 11.840658349135735
2896 11.875734733022155
2897 11.701502593563477
2898 11.857436476120485
2899 12.032979117396652
2900 11.99799979883383
2901 11.98577799018029
2902 12.072898494625878
2903 11.28167662661455
2904 11.562773079223373
2905 11.64961323424517
2906 11.672182925637319
2907 11.404285305052248
2908 11.234122500186876
2909 10.979596616846633
2910 11.721235182133077
2911 12.095599968202173
2912 11.740257637157756
2913 11.232671937300818
2914 11.376832136960525
2915 11.73323547020798
2916 11.564419731659694
2917 11.365874204904165
2918 11.26771703947861
2919 11.99665261460254
2920 11.930102036907998
2921 11.79760694145728
2922 11.675583355880999
2923 11.819075152400275
2924 11.656699518370583
2925 11.973031397496422
2926 11.844063628779962
2927 11.631915388988526
2928 12.059229244845174
2929 11.488742020422437
2930 11.256880006132835
2931 11.90856925205063
2932 11.570168507751548
2933 12.285289188240839
2934 11.849970063688561
2935 12.10838225966179
2936 11.645251612141829
2937 11.900795340088116
2938 12.161619948964251
2939 11.931260520429024
2940 12.06405915960425
2941 12.039427467893649
2942 11.747278245267928
2943 11.396440594131027
2944 11.860982775648393
2945 11.804133264839757
2946 11.796422719893725
2947 12.532683071827396
2948 11.8897577910217
2949 11.509784725370736
2950 12.175866934997764
2951 11.229773452964098
2952 11.094936511308365
2953 11.14729381066495
2954 11.128799658333111
2955 11.224789406130169
2956 11.367055853178043
2957 11.594190393742194
2958 11.525274869323498
2959 10.820583285101629
2960 11.363055339691801
2961 11.551112688457591
2962 10.960203192846972
2963 10.948051770581916
2964 11.022412622136956
2965 11.129270426757932
2966 11.28414480507883
2967 11.355963737102648
2968 11.263931447423108
2969 10.93459033569881
2970 11.406846126874736
2971 10.803523504837436
2972 11.186750631708954
2973 10.905395308499855
2974 11.250650850989048
2975 11.417839776272118
2976 11.31773466936559
2977 10.781180736002351
2978 10.884286672932998
2979 10.942787302720106
2980 11.274795510471417
2981 11.049732144459725
2982 11.491957113732274
2983 11.46796933867032
2984 11.6163226357173
2985 11.381522851264513
2986 11.159637594445416
2987 11.419422377689498
2988 11.4507208859055
2989 10.99669371608264
2990 10.977650684433106
2991 11.965500569327311
2992 11.690249566422889
2993 11.671168297112652
2994 10.898951686619913
2995 11.303255619621506
2996 11.558782922387296
2997 11.235386424404807
2998 11.7156192465867
2999 11.583994799679607
3000 11.295959877862707
3001 11.557386268496463
3002 11.204372892490117
3003 11.549719055005871
3004 11.334261383965265
3005 11.639631479414126
3006 11.18602300559649
3007 11.418746837239956
3008 11.620054706272544
3009 11.42616958287043
3010 11.776508814700838
3011 11.629894316977788
3012 11.396283479121594
3013 11.679724956884524
3014 11.457824669756517
3015 10.77343124205824
3016 11.42620366339336
3017 11.392365890957533
3018 11.63683463205837
3019 11.592384830386546
3020 11.947657112847894
3021 11.398819385560774
3022 11.105826407321107
3023 11.707515499297287
3024 11.084559600774693
3025 10.853445497954759
3026 11.106561747226833
3027 11.202428046374258
3028 11.343721099927212
3029 11.761931692639495
3030 11.080679087378147
3031 11.19761030157759
3032 10.817293928283618
3033 11.01899877523701
3034 10.807675659715507
3035 11.055068345889675
3036 11.109713752106657
3037 10.756121435356526
3038 11.522984949820406
3039 11.648203883027184
3040 11.471214811196424
3041 11.385077182469256
3042 11.270316511819292
3043 11.514676701780857
3044 11.407201378557014
3045 11.283298429153344
3046 11.448652606156674
3047 11.66250732652779
3048 11.329172670506992
3049 11.159511964816945
3050 10.70866551416896
3051 11.39163835312351
3052 11.627462909147352
3053 12.00093981073571
3054 11.37505253249276
3055 12.082306655119774
3056 12.10033254662036
3057 11.62941863134365
3058 11.428755727758176
3059 11.831124983444106
3060 11.571108536655519
3061 11.251658939834044
3062 12.290354832968326
3063 12.0806893313057
3064 12.444181875107684
3065 12.71315923149346
3066 12.437182060155923
3067 12.152228401396506
3068 11.78458338915074
3069 11.909377981072598
3070 12.022726508438799
3071 11.647228960415383
3072 12.432694095709483
3073 11.620220843609854
3074 11.756781222205653
3075 11.368423953449987
3076 11.780160560272975
3077 11.617574287345052
3078 11.814866054093432
3079 11.896781988702333
3080 11.83232841075338
3081 11.507644527159353
3082 11.865335174380153
3083 12.170605714414675
3084 12.087889151286896
3085 12.44221260379223
3086 12.240595264493694
3087 11.60234302535906
3088 12.084399037315583
3089 12.057994389977905
3090 11.40857300813368
3091 11.56206467457651
3092 11.58999088242686
3093 12.61215835016246
3094 12.431145338688422
3095 11.768951687556706
3096 12.035169303622213
3097 11.739967580416728
3098 11.520875807694278
3099 12.175783273391085
3100 11.618405662113712
3101 12.012485591478075
3102 12.133863741498391
3103 11.5351737565154
3104 11.431140321425595
3105 11.366757913671334
3106 11.412719764191147
3107 11.424930204677935
3108 12.026649552462844
3109 12.972713248181645
3110 12.549828348379036
3111 13.264114179536927
3112 12.957877741623582
3113 12.833789977735503
3114 12.66889488233712
3115 12.842368452190971
3116 12.690077802990682
3117 12.609660516207587
3118 12.390980154730444
3119 12.441136362342089
3120 12.364853264545987
3121 12.554146327294704
3122 12.29874526976694
3123 12.342720501213721
3124 11.858793326306577
3125 11.490244254999595
3126 11.556245229523704
3127 11.52960469609507
3128 11.4004344348435
3129 11.714707497622735
3130 11.458000206972718
3131 10.913911062445816
3132 11.353714805075416
3133 11.361995461564085
3134 11.227206192656984
3135 11.390580127308029
3136 11.512132596855666
3137 11.598054225699208
3138 11.599466533880834
3139 11.307897697635179
3140 10.928744148787041
3141 11.214233216659657
3142 11.341058199179413
3143 11.670818739629052
3144 11.090152981985353
3145 10.829102487228152
3146 10.673360718744421
3147 11.142183812532393
3148 11.395694991076732
3149 11.677538459086213
3150 10.941043591613575
3151 11.156058663394896
3152 11.067438978250035
3153 10.903942321256775
3154 11.463032916358761
3155 10.854534890782338
3156 10.893091954648815
3157 10.8109727455185
3158 11.107877305489001
3159 11.353261518212072
3160 11.150853971932333
3161 10.991569852727107
3162 11.126004355561891
3163 10.78105213534401
3164 11.074320963652246
3165 10.996597754622353
3166 11.083642127575738
3167 10.758681016593338
3168 10.476302473213728
3169 10.379858817060825
3170 10.638967892821425
3171 11.027824440427837
3172 10.629969513037045
3173 10.55320466190338
3174 10.526766154704207
3175 10.425843246161373
3176 10.802190419328415
3177 10.763299125835507
3178 10.402190727298974
3179 10.480683370036871
3180 10.74769835403664
3181 10.483693035606242
3182 10.159336916208531
3183 11.061647492310152
3184 10.118526960329666
3185 10.765178405027847
3186 10.994894255484203
3187 10.663543166190268
3188 10.822758145236286
3189 10.861754925062536
3190 10.508389822802148
3191 10.546457862376476
3192 10.785415505328668
3193 10.528142585829837
3194 10.386529725346143
3195 10.357065587380184
3196 9.996486900161559
3197 10.559878102374402
3198 10.284193925290769
3199 10.329948127429278
3200 10.78072536094079
3201 10.531996792959047
3202 10.302883309001578
3203 10.200312319759039
3204 10.441097480304643
3205 10.519188106957142
3206 9.989848443498678
3207 10.462941133510549
3208 10.074621291218895
3209 10.484387534958154
3210 10.54565048387449
3211 9.928167575944425
3212 10.04921861470173
3213 9.95441295031396
3214 10.030157666116926
3215 10.21335694467091
3216 9.891648851482081
3217 10.003143768227355
3218 9.833698195972826
3219 9.84957235272396
3220 10.282140695594856
3221 10.152017793182235
3222 10.838103370957988
3223 10.395544483583087
3224 9.999362619725408
3225 9.964934468849467
3226 10.265533070582146
3227 10.582376169749713
3228 10.419369537475385
3229 9.969671801765964
3230 10.770566660749612
3231 10.148179351223089
3232 10.647219421609956
3233 10.427804629576503
3234 9.875825787245118
3235 9.959012160681121
3236 10.01523855677682
3237 10.296301414317078
3238 10.180962797636171
3239 9.879482980497292
