0 5.695138431494173
1 6.1369183388604585
2 5.927809500761055
3 5.849790228852145
4 5.8506524043862
5 5.978705214046495
6 5.738282914286513
7 5.721018995297109
8 5.3936775295313915
9 6.701561720839944
10 5.468842346797584
11 5.497856052396553
12 5.758470609402557
13 5.498991493819592
14 6.1565988726664616
15 5.910043534778751
16 6.097263692726118
17 5.805568960233484
18 5.466999531810094
19 5.654475948667368
20 5.535120474953195
21 5.680539933728279
22 5.3257384584584875
23 6.826624815202629
24 5.862181881989626
25 5.904760530911929
26 5.823150403524804
27 5.534225931077946
28 5.862748043614429
29 5.598596292529328
30 6.187751802938225
31 6.099616220979018
32 6.14100176571145
33 6.184950296303384
34 5.786327561108215
35 6.131061765210282
36 6.437112732464369
37 5.833812394106466
38 6.423106119056265
39 6.570589219725109
40 5.205296368278245
41 5.803953928153721
42 5.387437648186185
43 6.5181462800763805
44 6.002773209771646
45 6.536318229431467
46 6.356888583265575
47 7.840289165409058
48 7.046695084794371
49 6.701735104209577
50 5.914139448316509
51 6.046287599074205
52 6.0997666459733155
53 6.105468771507787
54 5.670588364576964
55 5.647865234758875
56 6.008058508281115
57 5.966486596355113
58 5.807527384351774
59 5.9469763062573975
60 5.642716358342849
61 5.9080226746027815
62 5.942404401805843
63 5.886346496083769
64 5.825046868096098
65 5.630464370778699
66 5.798060583659321
67 5.7759968351876685
68 5.646733308024273
69 5.838446870947044
70 5.917176912205399
71 5.631488399024485
72 6.198058228970565
73 5.717656569678818
74 5.964003875000471
75 6.118055176262867
76 5.350456020327782
77 5.756044909273689
78 5.8162924130979325
79 5.9955968746072035
80 5.793278193058367
81 6.005372490173725
82 5.8861045110085275
83 5.908733709290349
84 5.854862427819476
85 5.764102702293304
86 5.88007558440079
87 5.799431396191566
88 6.05361021112533
89 5.73397344887595
90 6.076589488910203
91 5.994150917625347
92 5.85521057447967
93 6.13471646586166
94 5.811903504822786
95 5.812894204390174
96 6.063819161524755
97 5.923444878143672
98 6.124854557436632
99 5.9636597839792405
100 5.788629902967039
101 6.0360617429186245
102 5.9682386502318545
103 6.183745325693857
104 6.038018770568989
105 5.886967940499632
106 5.650415190546453
107 5.975131363737838
108 5.710625883443132
109 5.888643345125425
110 6.42554110050568
111 5.671649501820487
112 5.932653889811433
113 5.754689622794057
114 5.903796949168116
115 5.540628907427934
116 5.614640705975657
117 5.771821747698276
118 5.797665815782061
119 5.76150593119832
120 6.111412992272167
121 6.035345145942413
122 5.8954576050179694
123 5.606041403915944
124 5.3350351642813605
125 5.949857098457859
126 5.819846513824689
127 5.935107322051415
128 5.810481444980174
129 5.7958921077283785
130 6.209338754286843
131 6.037123032739115
132 5.804976411841985
133 6.049173953249613
134 6.002826879307306
135 6.004153779123212
136 6.0973142091321915
137 6.0579945830328015
138 5.8808318703108124
139 5.738262829247083
140 5.6750394795420025
141 5.837880774441502
142 6.223060293948927
143 5.904034728939594
144 6.052384671022351
145 5.920640053547594
146 5.971103536099463
147 6.050072427725891
148 5.8903717371573885
149 5.6339323151799645
150 5.982435093812849
151 5.808134996073413
152 6.038031590466347
153 5.980543126264131
154 5.79092020303978
155 5.9109594401343015
156 6.057759134337164
157 5.833290570968648
158 6.010056150114115
159 5.8850769182026
160 5.78305291331241
161 5.976436451126965
162 5.968155903231433
163 5.601555961161553
164 5.882625478426059
165 5.879636877754933
166 6.091437063960579
167 5.809495856796703
168 5.977294427997087
169 5.831621986062808
170 5.741015610946718
171 5.917017848597877
172 5.7518309944140755
173 5.883816592820906
174 5.793748071120331
175 5.929986292324543
176 5.960137105710052
177 5.934282212915774
178 5.872615085742365
179 5.95017061703653
180 5.986506921757844
181 6.139259318244649
182 6.1075017507933165
183 6.065817116051692
184 6.1597285483147575
185 5.943458487674457
186 6.135663901829273
187 5.708917738051385
188 5.889608838946832
189 5.796945689984845
190 5.849844358726481
191 6.020547453341275
192 5.788356871403321
193 5.845825003757788
194 5.679707210109108
195 5.814048912589706
196 6.149690799093648
197 5.903429007324902
198 6.112043915371138
199 5.992097996829842
200 6.024660749719142
201 5.9985054398677295
202 6.059795400463277
203 5.828426391944621
204 5.8066324118525126
205 6.036272078425174
206 6.055200321507305
207 5.698113415137715
208 5.880097430577457
209 5.996085725962398
210 5.895018632756998
211 5.914299556388515
212 5.6331825304187015
213 5.713122509484776
214 5.92837607539073
215 5.903657251075409
216 5.645083373886531
217 6.170768655030712
218 6.521285775669104
219 5.969078491161504
220 6.654065439837279
221 5.692534074809108
222 5.923758771362358
223 5.990078604136747
224 5.9076897273666695
225 5.814498294272562
226 6.091326551514305
227 5.878021046175703
228 5.96966223254774
229 5.7617589573141865
230 5.975186158947909
231 5.709687374831383
232 5.7716290852127505
233 5.699403638552807
234 5.835601254207133
235 6.000324730920004
236 6.202278823482575
237 5.937071052519553
238 5.968690327145964
239 5.999849984201984
240 6.122298926511596
241 5.7915140321368055
242 6.469100155543001
243 6.219000350209554
244 6.1970515282264325
245 6.104321955760665
246 5.859744569309062
247 6.575164637105398
248 6.137560979893335
249 6.674332902559623
250 6.789989096384053
251 6.707878377869455
252 6.473845744537071
253 6.52252512942434
254 6.099017407952952
255 6.66476784484768
256 6.456940137048225
257 5.5370232046827175
258 6.147895153668934
259 6.034477626679274
260 6.271190125742412
261 7.019208767470088
262 6.254821291574877
263 6.387060399795524
264 6.935501276032179
265 6.681736012686937
266 6.4476226239695364
267 6.52257754857782
268 6.552157492615726
269 6.5049331947245905
270 6.970317450379298
271 6.72747878713137
272 6.932313784949818
273 6.765414980960889
274 6.630030038385102
275 6.854126228021348
276 6.3324116104945265
277 6.929833192585481
278 6.608824138672378
279 6.950764905529152
280 6.673828741952594
281 6.352012851791901
282 6.61797828253009
283 6.6642276333495944
284 6.8177691034279295
285 7.101370219145659
286 6.826763411467754
287 6.912986904870639
288 7.189541225767826
289 7.007280943191779
290 7.082894714627832
291 6.904760875961948
292 6.939848885331013
293 6.9791892878907875
294 6.9900556678470975
295 6.716581255788023
296 7.141296436584144
297 6.536111906763929
298 6.803331885509213
299 6.805710987395391
300 6.881020846843564
301 6.899705008014198
302 6.780940620801317
303 7.023130004187393
304 6.975723520923692
305 6.833373355330253
306 6.829132849574293
307 6.740368031392148
308 6.7743495488562715
309 7.068196969385285
310 7.0493221768405565
311 6.832482696299214
312 6.83071963060783
313 6.857121518977332
314 7.02631243323857
315 6.951425083603488
316 6.793220995501512
317 6.846930593683799
318 6.724088273743076
319 6.856141016425182
320 6.919381100378886
321 6.713231173902881
322 6.9122282800996135
323 6.921000776742882
324 7.083135123495922
325 6.953606645546088
326 6.765332092805785
327 6.959361968221963
328 6.709033267198887
329 6.900530561523905
330 7.038865256094324
331 6.939344746854006
332 6.959606847153076
333 6.9292106701407
334 6.841730671796068
335 6.789317538743843
336 6.734045737362882
337 6.8831615518702565
338 7.035125582829669
339 6.806384808820204
340 6.718632709774932
341 6.569847797455516
342 7.002147369219396
343 6.923524098207739
344 6.7552767519616586
345 6.757002600985451
346 6.807722552080456
347 6.646503485242744
348 6.597364599891201
349 6.763294771818658
350 6.785403114912842
351 6.617653161908885
352 6.8111555073250205
353 7.045505285218264
354 6.8112364172891136
355 7.078762489867938
356 6.995150519638662
357 6.8643739526056855
358 6.745556416585222
359 6.4622533417550025
360 6.770092580534149
361 7.23841722031382
362 6.574057583937908
363 6.7756033365167365
364 6.621284189702411
365 6.943139204881325
366 6.5802478080517055
367 6.916906231733204
368 6.901758538573547
369 6.810065424816229
370 7.135812318019829
371 6.76923760694884
372 6.826663893009911
373 6.80989993049057
374 6.790220011432809
375 7.12702586522525
376 6.758784720771331
377 6.783368441517586
378 6.923625275128955
379 7.0112760912563585
380 6.7476291464220735
381 6.457583008340216
382 6.795583275414152
383 6.78255092887026
384 6.877458631061466
385 6.8026758208734
386 6.834245563170924
387 6.71821273272902
388 6.835373992707685
389 6.894200147969047
390 6.527254258599217
391 6.925377910933681
392 6.771027353146711
393 6.659957976147147
394 6.539127958999449
395 6.83899383779018
396 6.874743939880438
397 6.645881753553246
398 6.9611883029860255
399 6.908042009177584
400 6.83496631208342
401 6.758583897477929
402 6.476600201439997
403 6.8846620344120355
404 6.842729838023366
405 7.153336746617073
406 6.59212790137655
407 6.706345429117875
408 6.723073916220814
409 6.456076518376571
410 6.907082690130445
411 6.862050458620023
412 6.668288967890616
413 6.810239084348515
414 6.724728545226563
415 6.604837982308732
416 6.6456398223479045
417 6.873749318889588
418 6.784110431487548
419 6.75323493081161
420 6.812385725869538
421 7.0153918144819025
422 7.010535059595989
423 6.735130347423992
424 6.722945950594903
425 6.56190522230028
426 6.792503761380822
427 6.617056893529043
428 6.839737708443459
429 6.567096058563074
430 7.006639515424235
431 6.747880284586452
432 7.134414917219881
433 6.9392841812801676
434 6.78433987088485
435 6.607960940881738
436 6.906529270193575
437 6.880956591647322
438 6.885384894694977
439 6.624777788292585
440 6.825432140088338
441 6.84476253521262
442 6.701064088965027
443 6.771028772475883
444 6.851624996334635
445 6.466849648840771
446 6.5266937289972695
447 6.30406273871856
448 6.572265216103711
449 6.607335738967333
450 6.697882276497569
451 6.636217631443953
452 6.654554561466503
453 6.69691467977458
454 6.756047698457039
455 6.628641491376577
456 6.929353101177808
457 6.656957253940293
458 6.83174651819345
459 6.847216758922641
460 6.849351458205555
461 6.471778570622651
462 6.867731633787622
463 6.949097591071954
464 6.992350117453538
465 6.716562221814299
466 6.697541910837417
467 6.899708270487268
468 6.679619491911178
469 6.871190665497157
470 6.777308844453719
471 6.885395964070334
472 6.477515579665797
473 6.813035484890832
474 7.014881487906725
475 6.727470848652351
476 6.92014885148033
477 6.911061647334784
478 6.650334832608722
479 6.920734356964125
480 7.1581099231076255
481 6.827272573024302
482 6.881333349839475
483 6.852886711343844
484 6.922122443441719
485 6.849968472665948
486 6.828826923026361
487 6.867683602049877
488 7.04734154872465
489 6.932894297510134
490 6.9872354007597215
491 6.962620096514231
492 6.764968455367891
493 6.721531291227497
494 7.091389537282395
495 6.725873013968549
496 6.832018743797643
497 6.821457423325611
498 6.94091992807926
499 7.044391856433643
500 6.859287983708098
501 7.104298245075766
502 6.749642845292184
503 6.807179943468152
504 7.007901825840861
505 6.790519863813856
506 6.915896306094377
507 6.884203667724944
508 6.893328126735387
509 7.110415701203021
510 6.8033581403410786
511 6.942190262734864
512 7.062732118440757
513 6.697911504668036
514 7.103791725594374
515 6.76344907441595
516 6.814072645916771
517 6.5290981013412415
518 6.9054033038715215
519 6.868653348561115
520 7.288310161549551
521 7.0558250019489215
522 6.8788682121933915
523 7.059729690794269
524 7.086070843087552
525 6.846392407822704
526 7.222751470372823
527 6.786707564809935
528 6.738387705449899
529 7.08586956928053
530 6.89695271120897
531 6.915459085458471
532 6.775093377124532
533 6.8196331397762995
534 7.008230991902459
535 6.835729180499943
536 6.9543364734055455
537 6.56431614170288
538 6.8584326826479005
539 7.070746956679808
540 7.071499791151392
541 6.927142070124591
542 6.836671758591467
543 6.861532605726895
544 6.708762697553538
545 6.664982513047737
546 6.473811858751636
547 7.002834151885977
548 6.927798718597179
549 6.793766281289621
550 6.99527243744807
551 6.86529657056608
552 6.696677224712532
553 6.852544514544662
554 6.884709963321003
555 6.87887024155118
556 6.8409633871384345
557 6.818826501669791
558 6.670213095426548
559 6.883615150714558
560 6.978685479644746
561 6.616624451743038
562 6.658209159893854
563 6.645180861039471
564 6.856470237669378
565 6.68104150419844
566 7.020854392769855
567 7.132059406293844
568 6.779984330673931
569 6.646268647128485
570 6.817639690299719
571 6.875981156602544
572 6.812216584582087
573 6.47958732053102
574 6.619393487185486
575 6.658930803947134
576 6.724667514241331
577 6.791961586768522
578 6.552954939543455
579 6.966597103561819
580 6.619681159546017
581 6.38926862468753
582 6.742617017242592
583 6.805027685230128
584 6.776823545053916
585 7.129543548642443
586 6.927631862836414
587 6.491641576240052
588 6.74731837337212
589 6.843943528456224
590 6.875942981105788
591 6.772094637970735
592 6.7974247947978785
593 7.023657957965162
594 6.766203330762943
595 6.761845372423305
596 6.8347273280889045
597 7.040461063755098
598 7.027666941960566
599 6.9676880726106285
600 6.5935155124022415
601 6.783857716193986
602 6.663306172137761
603 6.9987459345712875
604 6.936399291626651
605 6.796198031006604
606 6.942136741154373
607 6.844119438296445
608 6.612053408956409
609 6.682711457354094
610 6.771243899023337
611 6.739444494101821
612 7.08692010366427
613 6.847711532153291
614 7.026963400531438
615 6.844894251404834
616 7.089723082157334
617 6.738398694025604
618 6.952177033876796
619 6.883854523267399
620 7.046300632022523
621 6.990534048969
622 7.018504363855974
623 6.925093263058429
624 6.519412059470888
625 6.932031149529984
626 6.774459679648551
627 6.911426286569753
628 7.033353522565646
629 6.797161919875037
630 7.001298039989789
631 6.726593315037522
632 6.630331744986087
633 7.007643542293853
634 6.801908594015781
635 6.6728489779650015
636 6.973330139686892
637 6.98028856847065
638 6.850019303494414
639 6.812327111555634
640 7.053204473930061
641 6.8907508477847985
642 6.8963163262065885
643 6.835489408430603
644 6.72670236016628
645 6.682308767509182
646 6.947477660323796
647 6.702549766624778
648 6.824454139273449
649 6.66259257167953
650 7.018151019974289
651 7.159330361298906
652 6.826614387735791
653 6.741047394111282
654 6.890416845951463
655 6.716853959561586
656 6.784041202037543
657 6.80301283575011
658 7.077265507916957
659 6.9684062082086085
660 6.9253501715908286
661 6.935301203211408
662 6.745480133909386
663 6.982061894829287
664 6.925234081254153
665 6.901682796637175
666 6.650400671157058
667 6.91796060535139
668 6.684539859492757
669 6.871200103105145
670 6.664056238090117
671 6.879656722955395
672 6.777132467087712
673 6.674768484211244
674 7.019876499676777
675 6.97597628946615
676 6.847893058092163
677 7.030924480179239
678 7.021264741914372
679 6.8693833634360875
680 7.101132401115349
681 6.956007676111412
682 7.172112387363842
683 6.933666430335538
684 6.910933664709368
685 7.046694790677678
686 6.908281712213632
687 6.620880532463495
688 6.735427732074377
689 6.955493552760336
690 6.757994642566446
691 6.476812276378035
692 6.9387171514713675
693 6.834925326263006
694 6.817079356598454
695 6.974154079251421
696 7.034302845481594
697 6.803973743064115
698 6.937028219207768
699 6.877938237264156
700 6.974953473913691
701 6.480919013211162
702 6.6366975501799965
703 6.564448870612981
704 6.74958507664313
705 6.918115522440537
706 6.681894663955048
707 6.695165071884963
708 6.892148499809518
709 6.515246213276055
710 6.571076962190363
711 6.619396322923492
712 6.554109129188555
713 6.703811163053766
714 7.080910184453716
715 6.774455034538207
716 7.080890894579013
717 6.7533963152005265
718 6.870313131267412
719 6.8250813429884545
720 6.9574740076112604
721 6.9112855966546585
722 6.778431102694666
723 7.032195761873332
724 7.040871907715023
725 7.104179121166537
726 7.3100497211855515
727 6.766098985104251
728 6.766377613727464
729 6.83928085630364
730 6.992294912083323
731 6.86833149295447
732 6.777646311390231
733 6.935336985234506
734 6.929773154302416
735 6.676188640464738
736 6.800400140131634
737 6.886266071481411
738 7.104614334277442
739 6.7216541604832045
740 6.772118163250289
741 6.841021415805089
742 6.893853392695044
743 7.056519533076379
744 6.613486976076308
745 7.041673100621817
746 6.8795266746098065
747 6.793708646876387
748 6.846929590628221
749 6.7784815517045
750 6.922929519062698
751 7.053742535635582
752 6.904257241053867
753 6.9151765181503455
754 6.830104061200867
755 6.961473098817578
756 6.86878926574163
757 6.763571389879406
758 6.786296528500371
759 6.629613674819451
760 6.971085728562116
761 6.719314467277089
762 6.891274566107235
763 6.895092333806098
764 6.934655780759678
765 6.877579573181267
766 7.045759325432037
767 6.9843136525770975
768 6.628969742654986
769 6.887731781724989
770 6.935818828367091
771 7.00250283707065
772 6.70608326344586
773 6.851016889089262
774 6.798996891705427
775 7.059315651288936
776 6.885636409617926
777 6.810531016846803
778 7.004453085382792
779 6.685322397262296
780 6.623077277687339
781 6.932785046861648
782 6.566286688689601
783 6.733137078420001
784 6.7382811808117085
785 6.772657028129552
786 7.0121131392151606
787 6.891614595613545
788 6.927374470648404
789 6.864977824310134
790 7.001349914331213
791 6.788567747947678
792 6.763115748161428
793 6.854709552682096
794 6.897509199453014
795 7.131755683362936
796 6.878561620681153
797 6.893310180828639
798 6.973617942000125
799 6.70933366853085
800 6.971159144581318
801 6.967408334080573
802 6.771239915300554
803 7.026889438127874
804 6.881772464547391
805 7.0712051106697205
806 6.851452321932211
807 7.087627111800662
808 6.709487497857369
809 6.986098019790667
810 7.051652922383913
811 6.95173762749812
812 6.909483775655077
813 6.9252268290668715
814 6.958704464370797
815 6.8575652909931515
816 6.76593293772576
817 7.085298369774694
818 6.9460495724901845
819 7.035624646818548
820 6.832721055537328
821 6.730664441919496
822 6.740425739331859
823 7.060864900678326
824 6.9314161958162614
825 6.823403486593741
826 6.841656638313989
827 6.7729023070252135
828 6.937322882903207
829 6.65859729006712
830 6.894537889500772
831 6.892464582461953
832 6.994957008548298
833 6.7576217868971735
834 6.8955034788071945
835 6.784564193008048
836 6.669515964724969
837 6.6596563618522335
838 7.0247507945217045
839 7.038182490578471
840 6.812348167931712
841 6.921111021910152
842 6.878222411785546
843 7.00525591748813
844 6.893999360130401
845 7.057031076335289
846 6.929779414415127
847 6.787175071183091
848 6.929910230929528
849 6.975375708262317
850 6.9507638390896584
851 6.993880881665539
852 7.026955410700842
853 7.071366447637659
854 7.0649242751449615
855 6.653047232615348
856 6.869322871410008
857 6.961272185997573
858 6.8442037947059005
859 6.851699375331483
860 7.1074453668816675
861 6.8833918681689275
862 7.101085881414838
863 6.798306666465155
864 6.873422623411074
865 7.071561878752203
866 6.828833995692456
867 6.669346807671067
868 6.511697766651242
869 6.729900260805684
870 6.92743276797445
871 6.866636671648176
872 6.8019938545565495
873 7.059817737740983
874 7.063450876027396
875 6.876842262569235
876 6.725205802529867
877 6.596776992795769
878 6.917379768025466
879 7.022221760249198
880 6.80162485559839
881 6.807239767720522
882 6.923227388392013
883 6.830178728277075
884 6.822471412209715
885 6.982455030850096
886 6.928150051649046
887 6.97494912631637
888 6.976479941321871
889 6.8143948711323
890 7.01613646538022
891 6.946711882291469
892 6.862468415640751
893 6.971937990215607
894 6.859807280775453
895 7.046412139811507
896 6.637554834524478
897 6.850519245122252
898 6.79453784534678
899 6.935771988406146
900 6.835392564254384
901 6.964452150967674
902 7.1428961496274015
903 6.677010848446294
904 6.735382159839661
905 6.7602175556477855
906 6.671307022872308
907 7.278789238687822
908 6.938560985218585
909 7.009396978706727
910 7.450091557475907
911 6.829503527021338
912 7.003383330859046
913 6.42797147417679
914 7.283213595464878
915 6.89775863257387
916 6.962309596165003
917 6.9495425919549225
918 6.804665436379966
919 7.0488401720973215
920 6.803971129650913
921 7.014175696214812
922 6.600720967881489
923 7.065528234465307
924 6.94404686841453
925 7.072752571263226
926 6.818702979634857
927 7.280553092721235
928 6.904392067283237
929 7.020309175771913
930 6.796227122508553
931 6.779245098670534
932 6.976062991207318
933 6.827533336753414
934 6.755417241559155
935 7.058418475216611
936 6.826115850263397
937 7.126073257276243
938 6.8515691890457076
939 6.958751287009186
940 7.132654238850421
941 7.074661362529974
942 7.023089613207576
943 6.952257488391348
944 6.793841730799781
945 6.794117524979197
946 6.865506650083593
947 6.632859264870693
948 6.835444999520205
949 6.627325818517205
950 6.8605809417464005
951 6.641786643079585
952 6.549831071362999
953 6.771504364760041
954 6.991900369049907
955 7.012875913419767
956 6.785072213308968
957 6.918820938060199
958 6.898027351415472
959 7.054547135886365
960 6.637796182801567
961 6.779938311983064
962 6.871545428755684
963 6.875054524546314
964 6.624484672097136
965 6.494148545009682
966 6.624509434739513
967 6.898122981680757
968 6.678457240712975
969 6.852047498336474
970 6.853907204930246
971 6.805734027194591
972 6.909420087330776
973 7.123595399496556
974 6.728391219417645
975 6.572248242941379
976 6.7792164073226155
977 6.763429254170431
978 6.914153446530832
979 6.750112156415369
980 6.883891590987965
981 6.723502609325539
982 6.779402467185585
983 6.750347416547735
984 6.731793716745191
985 6.874704394202365
986 6.851295992892603
987 6.754681125340827
988 7.073401471993378
989 6.708658565602393
990 7.04483865847221
991 6.8241595536159005
992 6.837054587714705
993 6.922305849222954
994 7.093063627625696
995 6.9258013230361595
996 6.839489372211201
997 7.0881668854945605
998 6.985468058426878
999 6.97930766888599
1000 6.846631575204094
1001 6.787474457452488
1002 7.017208252428509
1003 6.700666204092139
1004 6.89716950462605
1005 7.402415653225001
1006 7.009285424642981
1007 6.867913605901222
1008 6.925724128341932
1009 6.79596025086157
1010 6.7871445225006815
1011 6.722210740997339
1012 6.828092714155379
1013 6.880039314218282
1014 6.950726265624005
1015 6.7304976762
1016 6.731851298508301
1017 6.725582913271116
1018 6.7531585184264395
1019 6.950326431795252
1020 6.801916096350738
1021 6.989843119765793
1022 7.009747310180108
1023 6.85616492160984
1024 6.960101707582537
1025 6.819723940229548
1026 6.798119705368234
1027 6.953633007299699
1028 6.754330564396261
1029 6.829783437102349
1030 6.691155300337661
1031 7.018459779545632
1032 7.110736687407056
1033 6.921287759525157
1034 6.9895721658554075
1035 6.829566924058673
1036 6.701439691334385
1037 6.885288719278876
1038 6.865812435557927
1039 6.892845707139541
1040 6.971632732104053
1041 6.965198138459999
1042 6.892611048875052
1043 6.873248873406078
1044 6.871477367651403
1045 7.013534706364036
1046 6.746269563176171
1047 6.7791658704501385
1048 6.946002669958084
1049 7.031471395863996
1050 6.920938591146457
1051 6.6469662772632825
1052 6.998155942404633
1053 7.126322469796091
1054 7.112425007582542
1055 6.783226870683102
1056 6.81530936056175
1057 6.822232285878544
1058 6.89049750229556
1059 6.7572297057723585
1060 7.07546153800508
1061 6.631209806494303
1062 6.812293861241181
1063 6.881003197589315
1064 6.930729776666264
1065 6.832117120279106
1066 6.645704623227454
1067 7.002451766470778
1068 6.752770248122961
1069 6.765633880859932
1070 6.725667572254822
1071 6.7812519163238765
1072 6.914923220658579
1073 6.688475555164144
1074 7.07023510252155
1075 6.802699402188604
1076 7.004423429792146
1077 7.1820016161421
1078 6.960790903088436
1079 6.519654324562356
1080 6.6333076766641526
1081 6.966333410497009
1082 6.699744566505534
1083 6.875271947426463
1084 6.834846422669854
1085 6.608770425825439
1086 6.85815257459534
1087 7.015692709222488
1088 6.704786124776219
1089 7.056380642902489
1090 7.06648026410895
1091 6.931789728484052
1092 6.794404094606556
1093 6.724897863490608
1094 6.902220579902299
1095 6.758549991508677
1096 6.8340531068270485
1097 6.9047172554489755
1098 7.019961834507833
1099 6.859297458492011
1100 6.944593316064649
1101 6.929694649252123
1102 6.631569012136147
1103 6.759452268141944
1104 6.861670317867396
1105 6.384158574161168
1106 6.939313676582245
1107 6.811225765940194
1108 6.909261104923121
1109 7.064676899992242
1110 6.9755351076327905
1111 7.03794957059264
1112 6.851354845531475
1113 7.061109448999513
1114 7.0922142137232065
1115 6.730046192010678
1116 6.823071588945914
1117 6.979590475109616
1118 6.919438780345054
1119 6.707370590841782
1120 6.8156484192532325
1121 6.9725718403434644
1122 7.035892212683751
1123 6.832205698306804
1124 6.706459377339972
1125 6.604012711500378
1126 6.6590291922346125
1127 6.707207513438264
1128 6.853005831193031
1129 6.824892918404266
1130 6.935139644107181
1131 6.953095025478496
1132 6.831334502229541
1133 6.681939205609897
1134 6.615009599208569
1135 6.896831319671099
1136 6.8477907550614345
1137 6.648702975917476
1138 7.013734898309812
1139 7.178639205717409
1140 6.508494334106481
1141 6.871544385656654
1142 6.986866289178743
1143 7.01014913655462
1144 6.913495706923186
1145 6.808846590435781
1146 6.967767972200166
1147 6.851171753928903
1148 6.751552781947664
1149 7.105267992488529
1150 6.691064053308175
1151 7.045260325441379
1152 6.900648474064775
1153 7.217979470173596
1154 6.89880516100747
1155 6.863340267940924
1156 7.148663158586262
1157 6.601877502073947
1158 6.971018912843872
1159 6.8268505603676415
1160 7.024090266539086
1161 7.029327758365631
1162 6.953442422202518
1163 6.507434958156511
1164 6.862009920863414
1165 6.778661774927114
1166 6.875123192112864
1167 6.779016806358471
1168 6.946582842882288
1169 6.798069525375853
1170 7.179576504575897
1171 6.704789950216946
1172 6.895257272904428
1173 6.892486063628466
1174 6.748694488599866
1175 7.031381963636679
1176 6.94454792709695
1177 6.884080144832948
1178 6.979499359816178
1179 6.783789025251484
1180 7.045240730645656
1181 6.699558585438551
1182 6.910047218955227
1183 6.923006336474305
1184 6.921146955021315
1185 6.897797127676981
1186 6.7729547229099705
1187 6.963051954624363
1188 6.796086408166563
1189 6.901892279651054
1190 6.907855221931626
1191 6.685883674592861
1192 7.023955015719363
1193 6.777320328252433
1194 7.527662998301346
1195 7.207620534364402
1196 7.33918564135827
1197 7.005529763185132
1198 6.76901487846282
1199 6.890615716830608
1200 7.156818588774136
1201 6.742136892938771
1202 7.1007284969077595
1203 6.413045446828086
1204 6.8301839360865735
1205 6.531468620561767
1206 6.744713545415131
1207 6.941430645487426
1208 6.772960040065918
1209 7.073919221357635
1210 6.774072079100609
1211 6.913156949260443
1212 6.863092263730768
1213 6.849723035972333
1214 7.078894171719964
1215 7.154134723832769
1216 7.016159673588557
1217 7.0302491615068305
1218 6.708375434408864
1219 6.6803594659696275
1220 6.986706079394391
1221 6.806944363358103
1222 6.877580103750314
1223 6.893035799138967
1224 6.893670619860436
1225 7.164586980400509
1226 6.964214613908552
1227 6.782525426684952
1228 6.798367550228625
1229 6.679693513701084
1230 6.803304313283275
1231 6.727296108512684
1232 6.970851326249336
1233 6.928188022366633
1234 7.0175750460492905
1235 6.902203653052857
1236 6.750657624514821
1237 7.087480017086673
1238 6.871370212780887
1239 6.869762288397609
1240 7.181412874403435
1241 6.972950488398354
1242 7.004097686770736
1243 6.9435740831059185
1244 6.763538140354137
1245 6.862179183528157
1246 6.609500040366932
1247 7.094826857014179
1248 6.9578573629208735
1249 7.01445767387871
1250 6.989629133385021
1251 6.94519221836411
1252 6.833319359826181
1253 7.1865450672443485
1254 6.912908745929783
1255 6.843858555517189
1256 6.530196330794053
1257 6.973011009708535
1258 6.952905268017073
1259 6.814859088963062
1260 7.023022707550874
1261 6.898056539003613
1262 6.87710052283576
1263 7.146235126001813
1264 6.906380447010118
1265 6.737089993768081
1266 6.8046613623473275
1267 6.68315703032113
1268 6.658819044959853
1269 6.846467128822107
1270 6.906163402283337
1271 6.842170928138176
1272 6.768549217703184
1273 6.757231418293675
1274 6.818773230842187
1275 6.902749231725059
1276 6.848951273490501
1277 7.1427809202936725
1278 6.896300579657989
1279 6.840869839197699
1280 6.662432967674494
1281 6.801530834970586
1282 6.91647543300531
1283 6.890285705715188
1284 6.687831134954669
1285 6.9803385784027885
1286 6.97308584603466
1287 7.063512621726747
1288 6.871215525503639
1289 6.9603742857489
1290 6.8912223015005
1291 6.777640860891744
1292 6.805697867470111
1293 6.844130062276184
1294 7.037487205491339
1295 6.923117187274275
1296 6.827927564057144
1297 6.894794710193036
1298 6.9867282387210725
1299 6.908874939005831
1300 6.912421678704804
1301 7.03518287651399
1302 6.777650110129652
1303 7.0514666697099555
1304 6.819151995058215
1305 6.81596115304334
1306 6.988723094940992
1307 6.950549771498973
1308 6.909225377892006
1309 6.9832211854179995
1310 6.942782891157881
1311 7.122009099188755
1312 6.832736034449567
1313 6.652650661368745
1314 6.971481006525571
1315 6.934793311101005
1316 7.104225371551738
1317 7.021771429372714
1318 6.784304068827919
1319 6.817647025574102
1320 6.611314022761863
1321 6.673177491804466
1322 6.979753554555007
1323 7.010536603694549
1324 6.8400251164936305
1325 6.848886348114776
1326 6.951140697903351
1327 7.118801197022267
1328 6.935350126697927
1329 6.764188177534886
1330 6.951796008760555
1331 6.972682926977147
1332 6.655004597839071
1333 6.7397235942445946
1334 6.829459682868718
1335 6.731986157528973
1336 6.690302027620043
1337 6.911710248426744
1338 7.173435417390298
1339 6.80918326220292
1340 6.566755155997457
1341 6.780939883657815
1342 6.8185070274594395
1343 7.111721026952582
1344 6.825701001959798
1345 6.78895901686842
1346 6.598704804686765
1347 6.744044344875721
1348 6.805854975361644
1349 7.081507026783146
1350 6.979372484664303
1351 6.903920120880543
1352 6.829242679536276
1353 6.777930749445001
1354 6.744188147463296
1355 6.546777281639696
1356 6.8096412112318765
1357 6.585626379042891
1358 6.81597093165451
1359 6.9128069206406275
1360 7.058235919106138
1361 6.861754943469989
1362 6.753176326921017
1363 6.877682841081778
1364 7.0489919951430835
1365 6.821410078530465
1366 6.76876185154394
1367 6.906982891192036
1368 6.774940961717502
1369 6.838572243435704
1370 7.029573880524768
1371 6.889737860757832
1372 6.876078446319356
1373 6.795742461880393
1374 6.888460077540701
1375 6.883417286886314
1376 6.976542228850909
1377 6.976276525650893
1378 6.441941524325003
1379 6.782042059054712
1380 6.556825484074983
1381 6.735567599626037
1382 6.88581060015609
1383 7.02170017738574
1384 6.841658339722654
1385 6.876908953584611
1386 7.1264451545188585
1387 6.837372664429199
1388 7.154563492216042
1389 6.92159689987304
1390 6.783495825228254
1391 6.961649748292126
1392 6.699047220271784
1393 6.5536862703767
1394 7.12683000564496
1395 6.72211922283994
1396 6.747808649026085
1397 6.784324009026592
1398 6.866469982641588
1399 6.787584273705908
1400 6.884539345759296
1401 6.697610142856975
1402 7.132764551748096
1403 6.882052780950367
1404 6.679107115123974
1405 6.903476941807691
1406 6.956165394241038
1407 6.740400582774529
1408 6.7945825423004305
1409 6.779587676083245
1410 6.973307504590378
1411 6.87075540481043
1412 6.723782429265208
1413 6.675292906838746
1414 6.811647601033443
1415 6.953644056139627
1416 7.067290619700814
1417 6.836553985706831
1418 6.923319465222898
1419 6.630390705390444
1420 6.839718768080139
1421 6.844608460167509
1422 7.032185019845016
1423 7.046859243952315
1424 6.8880201871504
1425 6.991008546650481
1426 7.139354789245246
1427 6.742045913921593
1428 6.9883202457470075
1429 6.849099080610207
1430 6.843266157902297
1431 6.67068130867523
1432 6.843321053286979
1433 6.881221318988167
1434 6.768104368429368
1435 6.948476838232848
1436 6.67647444148249
1437 7.0757292564006145
1438 6.879991691939326
1439 6.9150170904169785
1440 6.970142453628264
1441 6.820796448809678
1442 6.848611197498461
1443 6.742956324582274
1444 6.938268573082468
1445 6.917965350829858
1446 7.064251877852747
1447 6.877274081334728
1448 7.0490979803295435
1449 6.991328969402622
1450 7.183173812431529
1451 6.757156347077487
1452 7.090149012712814
1453 6.828372587331935
1454 6.779269332411964
1455 6.911554851691635
1456 7.234671222314893
1457 6.6865333032426895
1458 7.063502375016096
1459 6.950214605849036
1460 6.856334830040626
1461 6.664558451536498
1462 6.798793369156094
1463 6.863202101153718
1464 6.605866852493468
1465 6.840325661506738
1466 6.930499338442536
1467 6.950683727883741
1468 6.708051682718799
1469 6.848432943688524
1470 7.016810455128766
1471 7.005350151265624
1472 6.852861914744096
1473 6.957132585996764
1474 6.907407323395573
1475 6.829191021607689
1476 6.612892840545454
1477 6.987973828890841
1478 7.082772681793195
1479 7.056891370259126
1480 7.104867883650975
1481 6.879418207254138
1482 6.8609754989535325
1483 6.820934180015485
1484 6.781888312893746
1485 7.0365674632883115
1486 6.959296111656213
1487 6.888391095331463
1488 7.011705799895562
1489 6.897120735740399
1490 6.7872446129416595
1491 7.026660239175553
1492 6.802936890334882
1493 7.038571242034191
1494 7.2064612702735396
1495 7.000200805235875
1496 7.006236108282283
1497 6.90047044837938
1498 6.968030137307127
1499 6.986068135165167
1500 6.89571499071149
1501 6.991755176179876
1502 6.7574777412444265
1503 6.760491560804816
1504 6.818020752089033
1505 6.837362671359056
1506 6.722705178024189
1507 7.0915331093733736
1508 6.995798421877925
1509 6.809109855433741
1510 6.83017318107969
1511 6.859270233016053
1512 7.193613278920129
1513 6.928452876586256
1514 6.714275579243577
1515 6.932489076449506
1516 6.89137819967724
1517 6.796951567445451
1518 6.902353399223795
1519 6.786128124020645
1520 6.906589810351623
1521 7.26090031482086
1522 6.688287650708137
1523 6.880643941775502
1524 6.99154224944011
1525 6.979727037063232
1526 6.884044395548927
1527 7.224492874898243
1528 6.8357483929694265
1529 6.934226402440006
1530 6.9876247610294335
1531 6.8934315166130595
1532 6.975295907701158
1533 7.00837167348507
1534 6.850111930289479
1535 6.74897990092602
1536 6.898843631029214
1537 6.892661399979682
1538 6.893107306652725
1539 7.064727216147287
1540 6.949717812280706
1541 6.73097263508859
1542 6.686736700319823
1543 6.7026467152587745
1544 6.86714285706998
1545 7.143580965311535
1546 6.994839609644369
1547 6.906360838008187
1548 6.9625390135545775
1549 6.905523685561234
1550 6.976952235974412
1551 6.9977586407058485
1552 7.0093158858805005
1553 7.036343053048004
1554 6.923633482424905
1555 7.0558395319686955
1556 6.8643536596455865
1557 6.736902716226307
1558 6.889365806136956
1559 6.738864938664309
1560 6.742448599061594
1561 6.8917205774271295
1562 7.019351291206182
1563 6.883263089008386
1564 6.78197258583104
1565 6.976881484118558
1566 7.02525596201562
1567 7.0663308215404
1568 6.962332176609728
1569 6.881637355425168
1570 6.723742959551608
1571 7.137800929398108
1572 6.760819815851452
1573 7.159390320652543
1574 6.82430434191572
1575 7.331277870719898
1576 7.243717420403483
1577 6.884804103194101
1578 6.747961343239944
1579 7.096561696316919
1580 6.9593253902526655
1581 6.8673479058997975
1582 7.096104070628414
1583 6.958514015645074
1584 6.7336847534543365
1585 6.980463095093094
1586 6.945775522932917
1587 7.080670694363284
1588 6.902377906980546
1589 6.966270854510786
1590 6.973999933573181
1591 6.925939627609048
1592 6.725238077094537
1593 6.894283949642976
1594 6.963105078458111
1595 7.061037187958338
1596 6.9899552934312466
1597 7.113409940131613
1598 6.865390774804121
1599 6.79060474826613
1600 6.990021266000848
1601 6.745237448171577
1602 6.857919690669735
1603 6.803324311556828
1604 7.054903742648095
1605 7.020460864554701
1606 6.677823489270673
1607 7.010713124538978
1608 6.925238431479926
1609 7.062196201693987
1610 6.952275329806235
1611 6.812872757806288
1612 7.016160787767299
1613 6.651602336135576
1614 6.834296441648984
1615 6.846850270948293
1616 7.201023740453044
1617 6.77690535371251
1618 7.1531471973338405
1619 6.997775691944382
1620 6.996073330829419
1621 6.961362712051961
1622 6.996090656666765
1623 7.0110977381164306
1624 6.978894601740076
1625 7.0322405708174145
1626 6.865937993679684
1627 6.9601901470443295
1628 6.872217345311465
1629 6.844890826284965
1630 6.822351566080207
1631 7.171025566024088
1632 7.023237326361913
1633 6.995079848496098
1634 6.888221288621411
1635 6.9601067819634235
1636 6.8209229378280005
1637 6.890399234371097
1638 6.772991262600388
1639 6.853954646906835
1640 6.928595909623094
1641 7.2840022279303405
1642 7.050683128832104
1643 6.970695074996862
1644 6.82765888628272
1645 7.0203151185741035
1646 6.877380427240271
1647 6.921255526311709
1648 6.605393672776102
1649 6.9069726859855525
1650 6.730431834815949
1651 6.771705012058195
1652 6.723671429550274
1653 6.946911123953045
1654 6.725667091677364
1655 7.018969924285785
1656 6.425743213164393
1657 6.987236855011217
1658 6.941675335573941
1659 6.736490819409697
1660 6.754675503662066
1661 6.832168484208142
1662 6.927398949906291
1663 6.918330419277937
1664 6.812385688798914
1665 6.883548379701667
1666 6.913390433759705
1667 7.069440052237817
1668 6.9256377231895225
1669 6.994442446150827
1670 6.805446519257187
1671 7.046237965665011
1672 6.848081689257493
1673 6.799575274056103
1674 6.739039605980637
1675 6.901977600888575
1676 6.968535773243887
1677 6.857077503451141
1678 6.906146690283553
1679 7.119298051122886
1680 6.892824521137354
1681 6.679987759166051
1682 6.843820150985274
1683 6.862138025079308
1684 7.162915633224608
1685 6.990062927535839
1686 7.037807052932787
1687 6.992587630879706
1688 7.0665757754981735
1689 6.76864087805341
1690 6.870165441718467
1691 6.974205042938233
1692 6.830580942646425
1693 6.729916583392908
1694 6.836693297381601
1695 6.876820616339851
1696 6.7970855344015595
1697 6.9666788408519125
1698 6.887271306359931
1699 6.973170315344067
1700 6.822960414519126
1701 6.969757362035023
1702 6.970316030078723
1703 6.789387476174099
1704 6.9245747136821105
1705 6.6993750073030585
1706 6.83395294769373
1707 6.802380136540742
1708 6.804583611781123
1709 6.717316666536637
1710 7.020041227425327
1711 7.018730536333391
1712 6.6496698490731
1713 6.97414509829838
1714 6.873061695536719
1715 7.0466488554412985
1716 6.9349683070184795
1717 6.9819979769450775
1718 6.85982415910572
1719 7.066806624909941
1720 6.711549178717347
1721 6.908377770943289
1722 6.745688598479088
1723 6.906379232502912
1724 6.868839235842505
1725 7.106059887982725
1726 6.7239771397964585
1727 6.8620626587759
1728 7.28328810304812
1729 6.814998365206846
1730 7.069284003020779
1731 6.982955917747448
1732 6.803243020682703
1733 6.771466760332023
1734 6.819877230670497
1735 6.922895202330307
1736 6.933977157304255
1737 7.118506894941889
1738 6.6220427171110385
1739 7.108283195739154
1740 7.000621722895271
1741 6.968664652295195
1742 7.042592867823665
1743 7.039538572565697
1744 7.023450904277151
1745 6.8136911914702525
1746 6.818457497317891
1747 6.7944069377394465
1748 6.985125982686412
1749 7.032383833925869
1750 6.941434562424466
1751 6.798052245140653
1752 7.041966414938369
1753 7.16024650800342
1754 6.881336005531523
1755 7.015630498071036
1756 7.132988435430877
1757 6.701368253950455
1758 7.009218167332384
1759 6.817480691240122
1760 7.338689635870152
1761 6.811160985619461
1762 6.905038936024979
1763 6.687218536903734
1764 6.813745244181137
1765 7.270245122705342
1766 6.877974497408526
1767 6.790742788382441
1768 6.702190546029194
1769 6.7601315203075485
1770 7.0548243597017395
1771 6.836731030953982
1772 7.03130711666936
1773 6.965466689482664
1774 6.910906522017598
1775 6.99059144141445
1776 7.174381881061811
1777 7.088068439501741
1778 7.362699027394816
1779 7.087765959003447
1780 6.981886197513251
1781 6.961128447396571
1782 6.902665338260619
1783 6.926929271315633
1784 6.838514361044443
1785 6.859636373312333
1786 6.719400507038437
1787 6.976543902355349
1788 6.924678051347283
1789 7.000929444215261
1790 6.764950504280778
1791 6.870418993921169
1792 6.906369505193485
1793 6.779094845869233
1794 7.010935718529363
1795 7.001772795812509
1796 6.748419185714282
1797 6.903766386414207
1798 6.83482986433576
1799 7.083738659179315
1800 6.629536910873876
1801 6.915845748718979
1802 6.924320545931635
1803 6.963571313625764
1804 7.116942668705813
1805 6.870671252009532
1806 6.991496975299732
1807 6.768069053598168
1808 6.9479240131152284
1809 6.985762210272778
1810 7.17422014863033
1811 6.9437168696235565
1812 6.970476295017746
1813 7.076896355964339
1814 7.023175467729672
1815 6.994465300132715
1816 6.923524578357185
1817 6.984789356748977
1818 7.016308234083805
1819 6.851423586087324
1820 6.853574962171847
1821 6.910911298825364
1822 6.785059420880105
1823 6.996661272251436
1824 6.801827806651703
1825 7.00080595195107
1826 6.979811202543352
1827 6.8574305393617205
1828 6.787545421718174
1829 6.861636348357787
1830 6.821211838610699
1831 6.7713540123053555
1832 6.88869412298077
1833 6.97983902755154
1834 7.063453628117158
1835 6.994814971324431
1836 6.842910946652028
1837 6.98257960234485
1838 7.0973423690574435
1839 6.7507107998300855
1840 6.911262889902692
1841 6.79833431302874
1842 6.741705235541261
1843 7.25612572882415
1844 7.238025679668448
1845 7.38191740784424
1846 7.4645482429774255
1847 7.303639557783035
1848 7.35945164905927
1849 7.146806425716044
1850 7.5162309383398735
1851 7.10806178197512
1852 6.97792260191522
1853 6.957135630191701
1854 6.978530339046026
1855 6.655686110121144
1856 6.972419497538689
1857 6.912703421365561
1858 6.955889769855349
1859 6.905993979938303
1860 6.9600059838598405
1861 6.9266244302458055
1862 6.776008211115752
1863 6.893349092385466
1864 6.98316103505052
1865 6.738452727850408
1866 6.607180963665087
1867 7.260048093177826
1868 6.89575521052519
1869 6.972249007032607
1870 6.557638502734857
1871 6.711358250042681
1872 6.8280711639556815
1873 6.729974047300623
1874 6.856513563298045
1875 6.780023637914815
1876 6.994707870807954
1877 7.042587553147196
1878 6.790705201677562
1879 7.0837340878850386
1880 6.871908519024107
1881 6.796120577371531
1882 6.6124611133199265
1883 7.18480196248502
1884 6.925916564166067
1885 6.693827011253422
1886 6.993594407600235
1887 6.960461225997334
1888 6.687088694942518
1889 7.355481610472823
1890 7.0053614210059
1891 6.850244108740277
1892 7.029146423972222
1893 7.302496943670186
1894 7.071678990798301
1895 6.837783619822283
1896 7.03450619788685
1897 7.298392068262852
1898 6.715009013032888
1899 7.11607011796614
1900 6.6956290764168
1901 6.98530999522079
1902 6.966341702888564
1903 6.837194117791291
1904 6.927320966336574
1905 7.18611490015839
1906 7.0367722694263115
1907 6.976175861082363
1908 7.033381544744261
1909 6.986020447779423
1910 6.8355902269542135
1911 6.792565710335326
1912 6.926309950521888
1913 6.857572877324304
1914 6.944025131864423
1915 6.814066235563456
1916 7.076519976423705
1917 6.9355201403606825
1918 6.940516171376567
1919 6.88917474269229
1920 6.817551423837353
1921 6.975861398575114
1922 6.9279965458091395
1923 7.001152015298168
1924 6.583586499744632
1925 6.932373985484688
1926 6.996157934922435
1927 6.847771092300985
1928 6.946646984638598
1929 7.0036907547148886
1930 6.834965445679206
1931 6.8533936552012635
1932 6.928412715629318
1933 7.006896104116677
1934 6.849141219424592
1935 6.860968623669667
1936 6.8463625478784085
1937 6.911746086411159
1938 7.065255480614163
1939 6.994804489269224
1940 6.986876354084159
1941 6.919389826625195
1942 7.082832756266576
1943 6.744413761200448
1944 6.968102543506274
1945 6.756189546586846
1946 6.884901159973436
1947 6.95452392611887
1948 6.980608862470602
1949 6.992200145751897
1950 6.970419621284735
1951 7.006511631711636
1952 6.871446100481611
1953 7.199924704394362
1954 7.248167472785471
1955 6.957169863205533
1956 6.945424304743996
1957 7.142073936928951
1958 6.780434169028573
1959 6.92237547584271
1960 7.039989945613963
1961 7.128044717973309
1962 6.85533222822404
1963 6.938896648290533
1964 6.863434709763242
1965 6.833444944275858
1966 7.166577086355168
1967 7.060146571632634
1968 7.014373585665992
1969 7.129690487927855
1970 7.00779745477972
1971 7.043127318778457
1972 6.87997446652794
1973 6.880863635188337
1974 7.208677278897472
1975 6.946349432783175
1976 6.79502917909062
1977 7.033180277007529
1978 6.859547590631118
1979 6.90363326935868
1980 6.877890069116896
1981 6.987572778331269
1982 6.998950386582424
1983 6.859682570005274
1984 6.893056157711283
1985 7.030403826805135
1986 6.879629227557409
1987 6.8782480172540055
1988 6.986337377302805
1989 6.638167239213922
1990 6.869152948032709
1991 6.903415075124742
1992 6.922109244745964
1993 7.109107151463722
1994 7.186297619401267
1995 6.462451009837393
1996 6.8820444823425095
1997 7.032027355351966
1998 6.865139911958739
1999 6.937231449939444
2000 6.751344083431561
2001 6.991992504670622
2002 7.0810734848057395
2003 6.99546730056462
2004 6.7300600587114525
2005 6.734615996195181
2006 6.894800890285838
2007 6.819210272689268
2008 7.0397089330633005
2009 6.800437177731588
2010 7.069049971474445
2011 6.982498637443692
2012 7.017693340935708
2013 6.856186230384056
2014 6.888027395002
2015 6.7578456286299415
2016 6.5593778437039285
2017 6.9638407126920425
2018 6.76096724329482
2019 6.907460729546197
2020 6.779900408571616
2021 6.888113053317226
2022 6.9820166563007415
2023 7.037367410385787
2024 6.955840190862665
2025 6.919534471056609
2026 6.8772765677823235
2027 6.9160341459753205
2028 7.002406617441095
2029 6.98288061686689
2030 6.762962474556562
2031 7.065997886984093
2032 6.76095724338596
2033 7.030390519935443
2034 6.935831426496556
2035 6.887105593190034
2036 7.189563631693513
2037 7.03438344372149
2038 6.672245778550364
2039 6.945626593331621
2040 6.979961306133545
2041 6.858658807982485
2042 6.62012089952193
2043 6.916414914211557
2044 7.191760267729283
2045 6.970731274519477
2046 6.904078628990425
2047 6.9148132407006155
2048 6.827570799319311
2049 7.14422739725552
2050 6.7034991147492216
2051 6.9624190571964
2052 6.732508470979223
2053 7.0030542435418
2054 6.8191319773115815
2055 6.954491004044567
2056 6.963910538051677
2057 6.741180201264811
2058 6.8053208804819265
2059 6.920583999119437
2060 7.012271535004969
2061 7.138149659198903
2062 6.817976667922517
2063 7.063377808113665
2064 7.0538829511316266
2065 7.091066966957951
2066 7.030176995911605
2067 6.929207578896223
2068 6.95270956106976
2069 7.283767623431711
2070 7.049053970155026
2071 7.0765468583223985
2072 7.0663618392410665
2073 7.0609940789721835
2074 7.057569850314091
2075 7.039397804363391
2076 7.057662194765668
2077 6.8264465135757915
2078 7.18681343751696
2079 6.728533423200557
2080 7.113032998573634
2081 7.131071068708165
2082 6.95803356655535
2083 6.843392375737687
2084 6.954749102227142
2085 6.98764014385567
2086 7.098270908720516
2087 7.1355818370130315
2088 6.923449756727103
2089 6.775012622236968
2090 6.869651352476781
2091 6.950151613196
2092 6.724489903097438
2093 6.869401622192791
2094 7.116552202841858
2095 6.972775628969642
2096 6.976527094530587
2097 7.19199856036432
2098 6.800992315884303
2099 6.900324028021415
2100 7.077427843953177
2101 6.960796416517356
2102 7.00237311688178
2103 6.936133448312923
2104 6.979929330979525
2105 7.133014639181183
2106 7.242208184606729
2107 7.053520079454662
2108 7.2950493906709815
2109 7.075079127331872
2110 6.909440781109379
2111 6.943940614264343
2112 7.155872132483795
2113 6.814266292032686
2114 7.281577228875439
2115 6.809805140543306
2116 7.084746954153536
2117 6.705127420144245
2118 6.974593056078457
2119 7.083036765531593
2120 7.073624708125545
2121 7.007931441635612
2122 6.86121885968243
2123 7.184264740516059
2124 6.918937203110141
2125 6.897350844139096
2126 6.950411826822144
2127 7.125221820871579
2128 6.84009064412237
2129 6.918766182951596
2130 6.948670175992919
2131 6.805029523593129
2132 7.217445538478166
2133 6.783452153287304
2134 6.801415589042931
2135 7.0358081601661215
2136 7.034630995123092
2137 6.846701640448369
2138 6.745135929744389
2139 6.826190678583666
2140 6.960507119332197
2141 7.022399078201927
2142 6.832930222324946
2143 7.045277485080279
2144 6.875455298557842
2145 6.895845066040971
2146 7.006092913960113
2147 6.841665242701898
2148 6.815760054234233
2149 7.087815405790355
2150 6.868796028547257
2151 7.063435170060936
2152 6.661047311317169
2153 7.036244027537371
2154 6.758278411090535
2155 6.8189999888374375
2156 6.818530639513129
2157 6.788795825055647
2158 6.82024534748861
2159 7.180027674703331
2160 6.496735796841616
2161 6.733592454970251
2162 6.770243540957439
2163 6.774341516222928
2164 6.960701962110145
2165 6.885860637176026
2166 6.873910525790033
2167 6.855339987668303
2168 6.967552922306211
2169 7.008008855959549
2170 6.929017913413547
2171 6.943976475046991
2172 7.1307756462931104
2173 7.134339159020922
2174 6.983144279654283
2175 7.020303941884959
2176 6.849595782023427
2177 7.225395840093346
2178 6.9670174771093185
2179 6.965411941110668
2180 7.028458996307292
2181 6.978692548957804
2182 6.977318056526032
2183 6.820133116595822
2184 7.258686196955023
2185 6.782605926115713
2186 7.001547620327799
2187 7.0892657180652305
2188 6.699319081812467
2189 6.896318409470746
2190 6.782144569031981
2191 6.657689455764879
2192 6.787785015696589
2193 6.7539490934979245
2194 6.952146895433794
2195 6.835361969592848
2196 6.947519213994979
2197 6.883152640295405
2198 6.964666074016943
2199 6.657239344004442
2200 6.705826666521341
2201 6.913450763997338
2202 6.705609840973008
2203 6.6308105914234465
2204 6.922693125153689
2205 6.955103495597977
2206 6.854806203987582
2207 7.089334256791956
2208 6.696166672399486
2209 6.921964628134489
2210 7.077634508320193
2211 7.101593031558149
2212 7.098412545677343
2213 6.924990946551711
2214 6.9913005900925045
2215 7.238438059866909
2216 6.821771294031393
2217 6.7727811069281305
2218 6.947393982202654
2219 6.767768014263365
2220 6.978174360099763
2221 7.0363500970878015
2222 6.778462951562879
2223 6.958641834001512
2224 7.025325124683481
2225 7.07988055051862
2226 7.095118045325594
2227 6.774091214805246
2228 7.183164530645326
2229 6.98395915640509
2230 6.947673257631748
2231 6.9327391203017115
2232 7.093259968690168
2233 6.933880769494057
2234 6.88359502981125
2235 7.041277814117409
2236 6.789410521936202
2237 6.87294500510662
2238 6.995412292730375
2239 6.794295438723523
2240 7.172450996574567
2241 7.016661232780278
2242 7.10832048891673
2243 6.992677931728381
2244 7.072408011636365
2245 6.871253406525604
2246 7.0850315195642075
2247 7.079411838749019
2248 6.854936226094819
2249 7.138641917296392
2250 7.208052914379203
2251 6.953604592963544
2252 6.776142677639341
2253 6.842186485735025
2254 6.9818619611408135
2255 7.004640648117658
2256 6.815783777134994
2257 6.794079740851002
2258 6.783606570314497
2259 7.000075240594762
2260 7.002592447625705
2261 6.91163853758864
2262 6.760364874983872
2263 6.884080810801403
2264 6.992662495126551
2265 7.134638412221671
2266 6.850726992768915
2267 7.027098125722296
2268 7.094017131199194
2269 7.061202330819449
2270 6.992577358922487
2271 6.960278418906365
2272 6.916716362776295
2273 7.022243273037452
2274 6.954089025947806
2275 6.924329767244989
2276 7.0706477170589075
2277 6.9965956012009425
2278 7.379497544590664
2279 6.6552085019940375
2280 7.064995542381197
2281 6.9838096747793275
2282 6.69243907206511
2283 6.771090404453321
2284 7.068749921828902
2285 7.237586944419685
2286 6.908146509715633
2287 6.991426276646394
2288 6.808278503654313
2289 6.855346929685459
2290 6.8588146085175
2291 6.855661426075018
2292 7.082490418279682
2293 6.977928497099898
2294 6.830507322031306
2295 6.806714899955705
2296 7.252802538875317
2297 7.0278378458978095
2298 6.965007783285616
2299 6.985419634821417
2300 6.932309587512371
2301 6.984763034860905
2302 6.883817429992412
2303 6.889033308514318
2304 6.892530942262442
2305 6.942145776307184
2306 6.886930810937892
2307 7.098037168503926
2308 6.771749233298163
2309 7.068749092446682
2310 6.94967673769104
2311 6.975791119533921
2312 6.848890424090006
2313 6.971022594169737
2314 6.962402472875891
2315 7.018382794534891
2316 7.075459616081095
2317 6.925515996864737
2318 7.07141986330997
2319 6.8062916580481225
2320 6.855928235932422
2321 6.992118655104373
2322 7.0111157844116345
2323 7.011770476362855
2324 6.871424518565893
2325 6.778306534943686
2326 6.801385651388593
2327 6.7426808276914105
2328 7.119354045947506
2329 7.0792200063192245
2330 7.1055171202931
2331 7.043559899482128
2332 6.70100674376481
2333 6.722584832553916
2334 6.908195027153893
2335 7.12315620431269
2336 6.942419540833795
2337 7.099877564018566
2338 7.028094823269872
2339 6.748885318836734
2340 7.0454100258925285
2341 7.001115606854279
2342 7.160348236902328
2343 7.134183902299106
2344 7.072889260735081
2345 6.893659165225323
2346 6.915880001220348
2347 7.059347523834598
2348 6.868640449846445
2349 6.945630159097844
2350 6.761998201481782
2351 6.692244807076431
2352 6.8277548963284405
2353 6.772417835186833
2354 6.889239710573811
2355 6.9906407274387465
2356 7.033110646116443
2357 6.906467177493498
2358 6.675796587015892
2359 6.9281277211640715
2360 6.9568061290930965
2361 6.764495462618425
2362 6.889632401694736
2363 7.136719139974686
2364 6.907546525912257
2365 6.895704725455973
2366 6.867761651561205
2367 6.855281574950376
2368 7.019820638557879
2369 6.77234016535875
2370 6.9293650465555
2371 6.833836145218954
2372 7.06323945735997
2373 6.931595868487814
2374 6.703375855678282
2375 6.857890601645584
2376 6.908171749746893
2377 7.0857232335925975
2378 6.880858504610465
2379 6.7908067611014635
2380 6.847126786672073
2381 6.899911718433636
2382 6.6390307845453975
2383 6.889971736723533
2384 6.698245176299699
2385 6.980816053633236
2386 6.9567459219601435
2387 6.8633785735096975
2388 6.942801435240523
2389 6.809417960390925
2390 6.9306766301434015
2391 6.921409715298315
2392 6.984000902957723
2393 6.81885955233471
2394 7.080999838520002
2395 6.924835365669159
2396 7.029210942595895
2397 7.301351966310349
2398 6.7759518445675
2399 6.848047306909479
2400 6.914640747137289
2401 7.111833447904472
2402 6.990499214964267
2403 7.199692005208129
2404 6.806577407420032
2405 6.89151143531113
2406 7.051075579078627
2407 7.163297370121171
2408 7.0681120640392034
2409 7.08504493263241
2410 6.791653925101449
2411 6.992206380656512
2412 6.765673625670451
2413 6.998643131210359
2414 6.925176993357775
2415 6.923619220263164
2416 7.04020209471846
2417 6.922352125800287
2418 6.826461443406749
2419 6.874368406823876
2420 6.77301512753855
2421 6.873901176396812
2422 6.909741544204334
2423 6.898529375557088
2424 6.701290555344091
2425 6.897759548632631
2426 7.301943945219513
2427 7.184442958025427
2428 6.819426137062713
2429 6.864581879801451
2430 6.999362602873381
2431 6.820079437769448
2432 7.01148970991811
2433 6.943273549896908
2434 7.052272007233621
2435 6.952270061770899
2436 6.810912966647554
2437 7.029617755636657
2438 7.093270859261032
2439 7.0575104380649645
2440 7.169772979960683
2441 6.631476892436117
2442 6.919190156990772
2443 6.855979373410408
2444 6.82995523536441
2445 7.000244565228828
2446 7.0282620879415765
2447 7.214869321885019
2448 7.352415349892615
2449 7.391712235986001
2450 7.205475184797079
2451 7.269090575094548
2452 7.142087359850437
2453 6.9139776363233185
2454 6.923189160410958
2455 6.750953563902641
2456 7.0735973587439105
2457 6.876835055634759
2458 6.860711824379894
2459 7.039260874151738
2460 6.930802146133766
2461 7.094511023517668
2462 6.724921121808066
2463 6.7937156610045335
2464 6.781948296546839
2465 7.000407075892201
2466 6.914778147511012
2467 6.72844323164684
2468 6.651176831698344
2469 6.84834981888634
2470 6.767705561554998
2471 6.706671582482457
2472 6.595023059620776
2473 7.0548926411354245
2474 6.8121865464423115
2475 6.8862169751619176
2476 6.763220656493379
2477 6.838620299588092
2478 7.0656874831707315
2479 6.825292688255108
2480 7.002921883860355
2481 7.078620428587536
2482 6.723221378787127
2483 6.381677426608364
2484 6.996458953876318
2485 7.032522344143041
2486 6.650770913802844
2487 6.804965746803819
2488 6.994407948539539
2489 7.013394628403846
2490 7.088373159021612
2491 6.554492807684846
2492 6.7671330339903
2493 6.992991686749717
2494 7.045384208222301
2495 6.77955464077834
2496 6.62991223341426
2497 6.7536310295681075
2498 6.832193747272245
2499 6.9610673745710825
2500 6.643089696889845
2501 6.941862575636597
2502 6.771644600186907
2503 6.861042947171488
2504 6.744672088796956
2505 6.809149509374868
2506 6.9256093933730325
2507 6.753089930062456
2508 6.651029343895832
2509 7.090371394621739
2510 6.836190824932849
2511 6.576918235320342
2512 6.895172184481472
2513 6.925080166473437
2514 6.7216177593711715
2515 6.974901371587667
2516 6.92745750324888
2517 6.868169412504282
2518 6.521730634227287
2519 6.846508458363454
2520 6.7305622853102465
2521 6.86245525461378
2522 6.918219774408594
2523 6.935934997555515
2524 6.801020015058262
2525 6.791157567922096
2526 6.752453851885292
2527 6.9572049869634895
2528 7.029788144249418
2529 6.714980597299061
2530 7.202835042294965
2531 6.766616552703437
2532 6.789361512344344
2533 6.84380918104092
2534 6.818815057095666
2535 6.748842289439512
2536 6.901061786026125
2537 6.619761399007228
2538 6.79659746048465
2539 6.5800248826791154
2540 6.853668460060359
2541 6.686098892789532
2542 6.799891780514102
2543 6.736979769141505
2544 6.7318300229142425
2545 6.91427956626972
2546 6.939016295270283
2547 6.739833405742556
2548 7.022174458215884
2549 6.898919048729929
2550 6.633934856675956
2551 6.7085245552212225
2552 6.6844127689660455
2553 6.898373555410563
2554 6.765449804235667
2555 6.97709830602099
2556 6.829068287551519
2557 6.6735089059062105
2558 6.684809768278496
2559 6.909381267300843
2560 6.944563679373029
2561 6.881673230176047
2562 6.621378038286354
2563 6.703649749809223
2564 6.958422986954802
2565 6.619228849465453
2566 6.775817713982369
2567 6.931204943842235
2568 6.94421467425663
2569 6.853114156427295
2570 6.837485098767396
2571 6.869648200079988
2572 6.793131501791778
2573 6.963445885593143
2574 6.931354397729038
2575 6.754161357305512
2576 6.761330793395159
2577 6.7455208937019835
2578 6.872105427745454
2579 7.1168209897187
2580 7.162356101849451
2581 6.986694010826686
2582 7.0083019221350495
2583 6.8511720048914375
2584 6.944153879121792
2585 6.866389132272362
2586 6.9477032557859415
2587 6.822573549251161
2588 6.964113905010407
2589 6.895002192775383
2590 6.925946786933954
2591 6.708230933499284
2592 6.7907997587530655
2593 6.925171094464557
2594 6.986295490178727
2595 6.684969195597013
2596 7.099880885477535
2597 6.853015044225557
2598 6.9235534937358905
2599 6.987333106227509
2600 7.004736350288256
2601 6.554037900328556
2602 6.916637385864465
2603 6.787296581594151
2604 7.058117341169904
2605 7.080818058371534
2606 6.718756821944142
2607 6.803450015469502
2608 6.779933082290705
2609 6.917900261108929
2610 6.948847826351537
2611 7.121596896881989
2612 6.997155062505333
2613 7.080691390630723
2614 6.850576485675517
2615 6.906123200254595
2616 6.887036284508364
2617 6.930175543757753
2618 6.739590643143098
2619 6.872452640066342
2620 6.897869729009319
2621 7.074884919198356
2622 6.828759734868643
2623 7.160432989281227
2624 7.047171148355222
2625 6.896813619233292
2626 6.822729332450065
2627 7.052937070783587
2628 7.053345976264116
2629 6.889655538412702
2630 6.85612674297944
2631 6.732326562551753
2632 7.152684234721475
2633 6.912955372087672
2634 6.867243696444696
2635 6.812262061744947
2636 7.177263716242903
2637 6.878806374897046
2638 6.888495318122544
2639 7.0793990262614255
2640 6.898650185168167
2641 6.933268455777587
2642 6.744203737969035
2643 6.954888317675491
2644 6.797567506196139
2645 6.817108913729537
2646 6.983020609668524
2647 6.912591955137793
2648 6.7373709112840725
2649 6.8912993180454505
2650 6.8134015620884725
2651 6.672747098150783
2652 7.0260074441738265
2653 6.965033999783631
2654 7.110873286027262
2655 6.879214355887616
2656 6.863596874007239
2657 6.929153679693322
2658 6.713989981158298
2659 6.861665785624453
2660 7.228262215261521
2661 6.853114978178981
2662 6.866282689218573
2663 6.864654705341035
2664 6.697183249813172
2665 6.85590151825489
2666 7.011652749118909
2667 6.976432551846642
2668 6.6840187183518625
2669 6.861317381768743
2670 6.926249525840478
2671 6.816882397285133
2672 6.510619536078508
2673 6.708114243268715
2674 6.8026700768723085
2675 6.968322650439378
2676 7.075114411085608
2677 6.9552859027994565
2678 6.7673435437145395
2679 7.004647302600849
2680 6.803755329151952
2681 7.24631780908025
2682 6.7131713489956555
2683 6.915893614347904
2684 6.860695569347392
2685 6.961158888105497
2686 7.021039229282378
2687 7.057483055183031
2688 6.95060648269891
2689 6.8070028102614035
2690 6.951186021438207
2691 6.891313309568043
2692 6.785845232596744
2693 7.05510758237669
2694 6.952376343824988
2695 6.794744504083338
2696 6.816282815171616
2697 7.014281655208128
2698 6.988885055509552
2699 6.957788473110891
2700 6.881618201433776
2701 6.887630006978975
2702 6.955755563481997
2703 6.855089453326391
2704 7.030362139145753
2705 6.796307445483925
2706 6.916847021320336
2707 6.548538523084042
2708 6.853315849707159
2709 6.991769777237113
2710 6.84966554222665
2711 6.817545833037604
2712 6.749620604182214
2713 6.810988222493352
2714 6.979112174477636
2715 6.762326274692442
2716 6.911469547797242
2717 6.998675101260033
2718 6.9193470493313995
2719 6.718649734125826
2720 6.817209219986594
2721 6.9379614142567405
2722 7.013828996021778
2723 6.862195344071855
2724 6.95435878173424
2725 6.734217054833118
2726 7.039759667428733
2727 6.959620095645902
2728 7.104383432473946
2729 6.815789840511705
2730 6.750595674471387
2731 6.9989502405977415
2732 6.78525456556952
2733 6.847833696094243
2734 6.916163068471258
2735 6.67329426485208
2736 6.834610524882143
2737 6.78761476451359
2738 6.829830976763645
2739 6.654299483785527
2740 6.846104732854758
2741 6.855404778571358
2742 6.633420619972563
2743 6.983490986615341
2744 6.759857797198154
2745 6.9369470880770745
2746 6.702420916605554
2747 6.962795330362991
2748 6.446604708457529
2749 6.906148163463633
2750 6.841774916634378
2751 7.007582735607369
2752 6.8323123380440665
2753 6.999372232964487
2754 6.901841539055677
2755 7.010971596169222
2756 6.630010550600542
2757 6.843242509844273
2758 6.980693378582731
2759 6.927542136859727
2760 6.85508359260357
2761 6.923568569701983
2762 6.787162245357072
2763 6.636906701549231
2764 6.822522863610473
2765 6.574746305676718
2766 6.861919869923136
2767 6.899714183165488
2768 6.836769184457196
2769 6.761324819839478
2770 7.043179577037129
2771 6.618212542069085
2772 6.742584949418551
2773 6.677651546769779
2774 6.868188457856015
2775 6.980705908173348
2776 6.846376989188754
2777 6.8307421454895465
2778 7.0589388033601885
2779 6.829062591167566
2780 6.967890143024386
2781 6.9263293348102835
2782 6.662225305826282
2783 6.825384483088247
2784 6.944558564543018
2785 6.7173273842160555
2786 6.916093852344973
2787 6.838889516458087
2788 6.742347947132099
2789 6.8177439707761245
2790 6.776089831473666
2791 7.022660631337678
2792 6.7175642917017315
2793 7.046778608579712
2794 6.706449444736011
2795 6.767480826773176
2796 6.789569445082054
2797 6.840022194331564
2798 6.926910254817923
2799 6.88690723519457
2800 6.720601199257468
2801 6.866895561596453
2802 7.006522390350622
2803 6.842585816876769
2804 7.04648629235884
2805 7.140659779558979
2806 6.8290334516622595
2807 6.82307123731039
2808 6.923689810720093
2809 6.8859654416222575
2810 6.792207760762571
2811 6.917754173925917
2812 6.812806153761179
2813 7.055659069941002
2814 6.895598594437369
2815 6.897538643280555
2816 6.839470322087155
2817 7.105438130182287
2818 7.111089200629772
2819 6.6973022469287065
2820 6.975943143122074
2821 6.905055177897555
2822 6.921158624445471
2823 6.891321272806348
2824 6.919636896040341
2825 6.770975393476173
2826 6.665135057806047
2827 6.762560327324115
2828 6.855777886164032
2829 6.884029151617935
2830 6.929541326929349
2831 6.76376872266494
2832 6.972321933745217
2833 6.885060157045044
2834 6.807827615009979
2835 7.184491534540121
2836 6.832921793219924
2837 6.940456136217716
2838 7.10498790463983
2839 6.749221512994374
2840 6.803760629042625
2841 6.612475800968404
2842 6.725296753679969
2843 6.809554440903356
2844 6.754186333835796
2845 6.989518934560172
2846 6.7202384191587
2847 7.065649925575842
2848 6.879897384315294
2849 6.919548638487858
2850 6.727433195522923
2851 6.961769239419969
2852 6.776914056932035
2853 7.031673622728546
2854 6.78957924079441
2855 6.871282248507907
2856 6.972553486462879
2857 7.12190659710973
2858 6.756525259174169
2859 6.836795099993813
2860 6.809443256158582
2861 6.8230215858991325
2862 6.867241669274169
2863 6.739625425649888
2864 7.033695815866921
2865 6.925318102256283
2866 7.1981243744154835
2867 6.843671493602987
2868 7.100355369601071
2869 6.781333785674594
2870 6.994817242674429
2871 6.923685228624733
2872 6.887382755622748
2873 6.78088553775186
2874 6.917023380791978
2875 7.10471407529872
2876 6.723375797153618
2877 6.886147426790767
2878 6.957945449707008
2879 6.896946194288153
2880 6.682170999493571
2881 6.971057056122922
2882 6.811379512073915
2883 6.911323605038482
2884 6.842170105115631
2885 6.799621602113208
2886 6.841126848024072
2887 6.91819057012777
2888 6.96783239198258
2889 6.909379749515838
2890 6.7791861123497155
2891 6.8838739528211805
2892 7.004773950230396
2893 6.734243308661304
2894 6.7973170132730925
2895 6.929054169362638
2896 7.049604533058591
2897 6.922082013861677
2898 6.797712237698047
2899 6.931794143885351
2900 6.854117984022045
2901 7.032933444203693
2902 6.836626024248631
2903 7.220171453513374
2904 6.905595682852506
2905 6.927434103659584
2906 6.762816344256611
2907 6.869890387613313
2908 6.913130327471541
2909 6.55023509751367
2910 7.100917725826376
2911 6.634022292315104
2912 7.042698638806535
2913 6.904271150357808
2914 6.94986657319846
2915 7.20756154668937
2916 6.81330283626736
2917 7.049300902380322
2918 6.806783041374579
2919 6.938393076137064
2920 7.044865876714387
2921 7.447558963283883
2922 6.773359681031803
2923 6.664210719892535
2924 6.945331925062507
2925 6.618262445377865
2926 6.733404559893296
2927 6.671851961208882
2928 6.8299220643208445
2929 7.061258047982427
2930 6.825700821407729
2931 6.917429366804998
2932 6.919586077443429
2933 6.960574287728991
2934 6.9230949961301045
2935 7.0222265454146084
2936 6.9808490545949144
2937 6.866582929122218
2938 6.91665758478943
2939 6.83111286240791
2940 7.131577816271673
2941 6.849593074585981
2942 7.128725243596931
2943 6.815694758987822
2944 6.9862492016261895
2945 7.020330527003676
2946 6.82482380234782
2947 6.8420888812098175
2948 6.868756063319812
2949 7.056877091049885
2950 7.124595192181944
2951 6.851696221569154
2952 7.220976086002248
2953 6.969583085014197
2954 7.041060295652843
2955 6.820688919805734
2956 6.9077890595742915
2957 6.972688320579005
2958 7.020952310080285
2959 7.065156001763653
2960 6.914258568929104
2961 7.162016210888661
2962 7.143239974343366
2963 6.892150583140872
2964 7.011473087668983
2965 6.828187875904478
2966 6.972779488623597
2967 7.061853544185209
2968 6.981047067274512
2969 6.864187493418371
2970 6.658244829863092
2971 6.933921515069622
2972 6.975891791194482
2973 6.818580200438646
2974 7.217909808575465
2975 7.086009326090041
2976 6.8181752205944814
2977 7.1556306563844805
2978 6.8842252172557465
2979 6.91850046110958
2980 6.950412367103768
2981 6.991031312056853
2982 7.064677026049659
2983 6.750814073737139
2984 7.02130363715324
2985 6.797745581499711
2986 6.803264833681423
2987 6.9807403733603
2988 6.925804102694963
2989 6.884163042076879
2990 6.971499026458484
2991 6.999858693718029
2992 7.277358419786484
2993 7.236546770271981
2994 6.635717858900855
2995 7.194165873796576
2996 7.4778463324588715
2997 7.219103038133947
2998 7.025607290253926
2999 6.877021754820546
3000 7.248193018441116
3001 6.8348589155467945
3002 6.843793872327067
3003 6.8713709525822315
3004 6.857307836405232
3005 6.946739329811026
3006 6.920046601660568
3007 7.00453122134271
3008 7.014494843911522
3009 6.912318091095575
3010 7.195494991517524
3011 6.973440107502676
3012 6.957230029035661
3013 6.917928094940068
3014 7.068188350537802
3015 7.00001145531163
3016 6.745085064033635
3017 6.793176486298753
3018 6.9076162641353855
3019 7.0461330946238325
3020 6.853334897543034
3021 6.946411065487493
3022 6.9155623721577415
3023 7.071056403707889
3024 7.036465682833882
3025 6.904961083402692
3026 6.804022290291175
3027 7.004568070087007
3028 7.082322825837412
3029 7.147343193003898
3030 6.9830400925929
3031 6.994476489655469
3032 7.011856781144676
3033 6.979379715144381
3034 6.8141306342821535
3035 7.020734310095333
3036 7.107556739918098
3037 6.960107557375428
3038 6.92026791202236
3039 7.018171604581549
3040 6.912753750108113
3041 6.746790385674676
3042 7.00162752057603
3043 6.858585088830294
3044 6.931115259561654
3045 6.9271764865023036
3046 6.9268825361171
3047 6.980456538229547
3048 6.992482559892551
3049 6.953168562064936
3050 6.945947699979112
3051 6.983160881949414
3052 7.0386882446888
3053 6.963442592558582
3054 6.832082951373047
3055 6.804236300553764
3056 6.868170248802582
3057 6.8809760800393205
3058 7.0108513254877005
3059 6.946274688301038
3060 6.933494551889107
3061 6.85063753227285
3062 6.712111532118302
3063 6.661939504004917
3064 7.074113692772324
3065 6.842677824489577
3066 6.856181079535712
3067 7.212140080466459
3068 6.901537079960605
3069 6.9646046142080005
3070 6.904802427920091
3071 7.041518095118926
3072 6.9140657652609
3073 7.01415008784201
3074 6.795149996406311
3075 6.6647400892695225
3076 6.922905700400645
3077 6.696760417232401
3078 6.892026250881319
3079 6.974587814264615
3080 6.959526605330912
3081 7.186399553227681
3082 6.898836141766161
3083 6.88602080400509
3084 6.806590497433493
3085 6.932382904315684
3086 6.849628329145651
3087 7.029409586229403
3088 6.903415465010036
3089 6.791245701842327
3090 6.985293744207724
3091 7.09272073547027
3092 6.810659406190189
3093 7.023943056111327
3094 6.897453940208273
3095 7.066625885316681
3096 6.951368311557845
3097 6.857980227199486
3098 7.0002166681088935
3099 6.880173581345061
3100 6.76818301226323
3101 6.854383818213468
3102 6.728104014355014
3103 6.658660920878833
3104 6.9280571009381795
3105 7.1299820871557475
3106 6.9577400028991105
3107 7.008965810337075
3108 6.70760117489869
3109 7.163585504290586
3110 6.71495293774996
3111 6.789341240869762
3112 6.882204211872111
3113 7.061227636040042
3114 7.0745023034756525
3115 6.842394691624997
3116 6.931988768542487
3117 6.90046219988613
3118 7.081161702502917
3119 6.793991625048396
3120 6.818366678531028
3121 6.822417032133753
3122 6.77850610687141
3123 7.014312728089939
3124 6.9743247297395135
3125 6.953002771524239
3126 6.885038573719342
3127 6.924588799353054
3128 6.946108967254754
3129 7.124308018426682
3130 6.911636032701745
3131 6.913242396453799
3132 6.931996371352202
3133 6.813064837592922
3134 7.00749884688233
3135 6.910751168785419
3136 6.989047284584599
3137 6.938116569096947
3138 7.155357246228642
3139 6.910524773966049
3140 6.928015115647403
3141 6.7026821534222325
3142 6.980007865820054
3143 7.038661362105849
3144 6.965655646825681
3145 6.91212725693899
3146 6.771774611195437
3147 7.05184340607471
3148 7.0178794509734255
3149 6.948573751816283
3150 6.9540381745685576
3151 6.92244368759683
3152 7.134485475337199
3153 6.8799726085028965
3154 7.1084787786622465
3155 7.022693633337227
3156 6.846612778675037
3157 6.803996485413526
3158 6.9314157025911
3159 6.996421872363727
3160 6.888553731060959
3161 6.940511346194901
3162 6.806800938219545
3163 6.836015954898758
3164 6.855111746203067
3165 6.920765123316964
3166 7.011371510304262
3167 6.845357630874319
3168 6.98430738422692
3169 6.917443806351289
3170 6.940154336990523
3171 6.673187718289206
3172 7.00636427169128
3173 6.994770240350823
3174 7.049632282610959
3175 7.083096750921563
3176 6.680537431687561
3177 7.01595965013665
3178 6.789672077292805
3179 6.907526334460055
3180 6.762799093678491
3181 6.827403989774588
3182 6.907485050442169
3183 6.805552374474371
3184 6.892978356855718
3185 6.826556620165712
3186 6.9794285235885445
3187 6.778376992269118
3188 6.87159580565365
3189 6.72713850314719
3190 7.029457163587285
3191 6.9643483648583295
3192 7.00025302439513
3193 6.936081198100781
3194 7.007931147950106
3195 7.0591048919585395
3196 6.969246822440508
3197 6.977045230526467
3198 6.956193333801316
3199 6.751530558872088
3200 6.795377045242291
3201 6.717315977616823
3202 6.8270008778514875
3203 6.803980389498423
3204 7.018067724142919
3205 6.873919850550187
3206 6.966554002792692
3207 6.83078680385373
3208 7.0049238223104595
3209 6.8961491546144105
3210 6.953549785696534
3211 7.0601225699700425
3212 7.0665426741935775
3213 6.871659736157887
3214 6.898810163625855
3215 6.99551896084841
3216 7.07031912867657
3217 7.188192335587877
3218 7.022317077609543
3219 7.046729076798042
3220 6.967627368139604
3221 6.924002051657891
3222 7.020288058106591
3223 7.151597191378945
3224 6.8988874715589175
3225 6.84323860859976
3226 6.924074040339358
3227 7.502562194871539
3228 7.144398182660775
3229 7.002400335319713
3230 6.912192159100019
3231 6.768603943077463
3232 6.9305548430139
3233 6.847964236706292
3234 7.03571869660965
3235 6.902844636359158
3236 6.9627016116439675
3237 6.7861248504724205
3238 7.1380848237220444
3239 7.079775812906231
