0 11.11544820868378
1 10.853747856598352
2 11.532166130300887
3 10.853892442077933
4 11.193260151793286
5 10.80993475776948
6 11.007637276499496
7 11.169885399724583
8 10.757410851162511
9 11.030753012474017
10 11.184598255993013
11 11.306899074712025
12 10.668788708572347
13 11.481283412296898
14 11.083150235267455
15 11.294271408197515
16 10.816105423273276
17 10.709782275182617
18 11.14980663983016
19 11.932842075460062
20 11.095982033941521
21 11.77856604338117
22 11.629729068209649
23 11.397436148186166
24 11.688483858654635
25 11.064846405169437
26 11.016053614913119
27 11.066676687859871
28 11.519184100230234
29 11.150085858716654
30 11.285323088137252
31 10.89353343294994
32 11.44416968504993
33 11.507215560632492
34 11.162607749492805
35 12.140412583593271
36 11.686908528285507
37 11.826766081598237
38 11.462019283960968
39 11.594211883908754
40 11.591441626820162
41 11.26655289427862
42 11.970868963300594
43 10.865565278511065
44 11.258069415829224
45 11.486939434668914
46 11.755128438848418
47 11.388295223897332
48 11.191705398284059
49 11.279389085466686
50 11.816208430587583
51 11.432148127901096
52 11.382531092913345
53 11.417609491709321
54 11.403414831518914
55 11.572859514848233
56 11.238593581570678
57 10.979709245885529
58 11.044928658470136
59 11.701172262479036
60 11.35115471105378
61 11.52622080171978
62 11.683723829278112
63 11.830883408088388
64 11.53449087259509
65 12.244653755652019
66 12.411274389824879
67 12.149765859582482
68 11.445184644820689
69 11.751351580751857
70 11.088532171534041
71 11.592987201172814
72 11.068773014323863
73 11.01100630992423
74 11.231348553285441
75 11.64744770702249
76 12.055058176651807
77 10.665496474051027
78 10.798617414675634
79 11.871506706697208
80 11.235789721500693
81 12.126548364868556
82 11.766875580652492
83 11.348347814099675
84 11.816583398483285
85 10.983321372324708
86 11.863488435731773
87 11.00499287406696
88 11.648432819777778
89 11.498843475756276
90 11.985929243226837
91 11.441202423813415
92 11.596006915938995
93 11.834937208666148
94 12.156049903062069
95 11.823921995317361
96 11.823764207863587
97 11.654511684258386
98 11.883770454212685
99 10.712646590697828
100 11.516344343264095
101 11.32761214605245
102 11.123946748383498
103 11.546744445835294
104 12.08876569689835
105 11.602292883356586
106 11.645116830633322
107 11.64110573042741
108 11.37395193553133
109 11.505903903915778
110 11.367233168469621
111 11.241814657793702
112 11.36011067440467
113 11.549917974996843
114 11.267979531774586
115 11.72944023870676
116 11.433010652165422
117 10.953948236536524
118 11.12543070887234
119 11.619372450013667
120 11.155318596834713
121 11.413614895871335
122 11.60294578610403
123 10.884764078453486
124 11.58164686294378
125 11.273025785879371
126 11.313839218442086
127 11.21610201881568
128 11.438576112599833
129 10.992916829159194
130 11.247353733648914
131 11.811336578747508
132 11.76070283263584
133 12.049816456281262
134 11.207058729292367
135 11.094475499880508
136 11.61720617627947
137 11.159469313086664
138 11.260504969542284
139 11.295693852121317
140 11.393134022422782
141 11.3150415949095
142 10.941588932802205
143 11.299958852916902
144 12.06473212639154
145 11.329790798217536
146 12.050688352334147
147 11.165211080134938
148 11.110400360607654
149 11.140053997350966
150 10.883759654663098
151 11.386639803420485
152 10.891694763820217
153 11.226149845055737
154 11.066209591633795
155 11.297489735530652
156 11.609760469549224
157 11.371553644507703
158 11.350582042252249
159 11.586584026177503
160 11.067127494925028
161 10.759417553363562
162 11.685495665239506
163 11.339220455180694
164 11.527290941631168
165 10.906972946547699
166 11.210458233520738
167 11.768213294578075
168 11.100579646993118
169 11.148872485949305
170 11.434517539432504
171 11.666566147743229
172 11.196771330425117
173 11.697268639885362
174 11.654755990264041
175 11.301918166681437
176 11.203407548928366
177 11.564637034152657
178 11.769171526521989
179 11.16171613389164
180 11.20535995390192
181 11.380123013938206
182 11.499231612911968
183 11.575058799702479
184 11.421157648541326
185 10.677627364045133
186 11.49922667823965
187 12.003358967324885
188 11.769924084975951
189 11.64224008143518
190 11.623561354472082
191 11.398282505898637
192 11.304945092055144
193 11.544107649119557
194 11.292135019416314
195 11.680339882813167
196 11.944699146617161
197 11.910037342564001
198 11.41626093664761
199 10.83492098408309
200 11.122382594292109
201 11.364417054374332
202 10.94986022339588
203 11.3483496353736
204 11.390557999999736
205 11.372666513971806
206 11.234934041539416
207 11.330144495309497
208 11.30608401972467
209 11.131711997339346
210 11.247803441865106
211 11.780504693174006
212 11.26443874568346
213 11.291392548502204
214 12.054079042562716
215 11.38445763932491
216 11.212633092963037
217 11.31974262574857
218 11.163357523876488
219 12.163463946479288
220 11.384347200612993
221 11.09136721403506
222 12.20324848090634
223 11.247413230280756
224 11.38010884162061
225 11.519045654289776
226 11.072506129103994
227 11.38255901677522
228 11.675941469893706
229 10.943384528501616
230 11.476018627930223
231 11.17300360227512
232 11.410323244780177
233 11.538683451912094
234 11.105624489019
235 11.468676570308945
236 11.278513504466938
237 11.518305967080138
238 11.700365091784317
239 11.652364392448588
240 11.741656503020982
241 11.258195489294911
242 11.283186566247801
243 11.17087717224695
244 11.38050666058809
245 11.54580456028334
246 11.589855437613457
247 11.432940868212969
248 11.717525790016829
249 11.117075300734108
250 11.55557320632851
251 11.714652536645604
252 11.171669216360952
253 10.935064209756383
254 10.282364852048994
255 11.786493207842728
256 11.39646697904235
257 11.61556085373096
258 10.828556605244637
259 11.391273871928773
260 11.210296501263176
261 11.725233530624507
262 11.156779019764866
263 11.709724093759332
264 11.706061873104687
265 11.738678425453681
266 11.979562058992041
267 11.498324519143166
268 11.65777988296315
269 11.65426759790962
270 11.683143634934765
271 11.432983089239565
272 11.481350157154418
273 11.369923745513514
274 12.05693752250488
275 11.626154639986082
276 11.669533802138748
277 11.5420173516678
278 11.831964699082812
279 11.740277552745658
280 11.63912795534748
281 11.234611367346304
282 11.68470135765441
283 11.903282845393912
284 11.532907180487225
285 10.521568237810971
286 11.120603408948925
287 12.046272266703204
288 11.539096622886552
289 11.384200731328505
290 11.707255558144956
291 11.280055788965633
292 11.09516495532988
293 10.941919291468146
294 12.18665314930582
295 11.988028396702251
296 11.546522146937317
297 11.348233459330906
298 11.795063269842089
299 11.898577632563278
300 11.533837521355242
301 11.672807286469435
302 11.458484326804182
303 12.08619683243817
304 11.64625263202699
305 12.08130783931108
306 11.426642298288554
307 11.42279330072126
308 11.465565024451113
309 12.114997918942237
310 11.65148325617189
311 11.20538991506555
312 11.778314553813093
313 11.89950724111901
314 11.382635834351023
315 11.834386400247809
316 11.509392456523562
317 11.383791147339265
318 11.586008527000628
319 11.352189489596977
320 11.454713736900132
321 11.546231071793587
322 11.279978176071346
323 11.613068703384457
324 11.545536912001909
325 11.488156613278761
326 11.550363289992225
327 11.281316342759759
328 11.1220011718701
329 11.097236117960113
330 11.467726776583218
331 11.832406818586009
332 11.65675957614098
333 11.570415664088827
334 11.234297411806214
335 11.165707567181787
336 11.035475105788821
337 11.082554274967093
338 11.171359170131465
339 11.754861757973293
340 12.019234885970764
341 11.677762480345782
342 11.531607403723578
343 11.51399770136424
344 11.442513813289827
345 11.955317587566515
346 11.551087057571092
347 11.688846369281004
348 11.714914179167025
349 11.971000786735043
350 11.315125888253972
351 10.946747794029717
352 11.436006975828395
353 12.207108908399382
354 11.7115894068685
355 11.483333584561754
356 11.015796409468853
357 11.580894350055459
358 11.358849603251409
359 11.073133819172016
360 11.938381415371024
361 12.459241827149322
362 12.429675165425591
363 12.830477866768282
364 12.185145564659125
365 12.042504899846966
366 11.920181099953284
367 11.151088653462411
368 10.918403016493409
369 11.179287130174142
370 11.023620468821543
371 11.190789385506218
372 11.187781591193062
373 11.54301150734146
374 11.17802373442823
375 11.12338397175006
376 11.088593029959288
377 11.424497403939078
378 12.167450033969422
379 11.659230778504234
380 12.055338689840676
381 12.163384786971076
382 12.439506599647416
383 12.516441077047775
384 11.949040403387611
385 12.404814502130007
386 11.995862232514156
387 12.360149830006788
388 11.82026908177032
389 11.796899054752393
390 12.108359177023464
391 12.573152002399164
392 12.596780314869072
393 12.87667999092721
394 12.777854100163601
395 12.354545193287606
396 12.424859295297113
397 12.873241637272516
398 12.810633317574936
399 12.581458790796495
400 12.066828535117594
401 12.630200057436484
402 12.996560010986306
403 12.732747063322511
404 12.971250228072828
405 12.692879629349884
406 12.724819123255573
407 12.398290164078858
408 12.873551714650015
409 13.090465134651932
410 13.068911167560046
411 12.786263008437311
412 13.178914232010534
413 12.589431412551784
414 12.382997522714897
415 12.57993336629684
416 12.577907868000207
417 12.880825851670926
418 12.170431188232259
419 12.235903270003012
420 11.680015160438158
421 12.485655251166799
422 12.1159827366556
423 12.441471980781662
424 12.901504076988282
425 12.20721418363107
426 12.544418802957065
427 11.713997607571454
428 11.055821526544468
429 11.668130447523748
430 11.38158176123978
431 11.295065864845167
432 11.765343907816767
433 11.864597318888602
434 11.470223863744875
435 11.846898266101208
436 11.806085396025113
437 11.565535578527234
438 11.785707777741553
439 11.161084713719902
440 10.93769657616493
441 11.562954128623073
442 12.113131182289084
443 11.923602382762846
444 12.318853906252079
445 11.855005356070887
446 11.75456659715974
447 11.673360327660797
448 11.61097135808563
449 11.062481752230033
450 11.802690473920984
451 11.404170894455804
452 11.391597719602933
453 11.74181220509802
454 11.750421376765459
455 11.695295174508711
456 11.640209937700142
457 11.572419926647395
458 11.768112270544925
459 11.464904926677853
460 11.475738185684559
461 11.71713395459906
462 11.148810833876528
463 11.445394911455361
464 12.247834030112905
465 11.006997232824755
466 11.26322599843922
467 11.445866529700606
468 11.569940044677352
469 12.156395760100802
470 10.973328678690946
471 11.78156561842507
472 11.172725310182104
473 11.3393445841238
474 11.391411164122857
475 11.393988045135371
476 11.131703089364125
477 11.176811385831776
478 11.070346919123672
479 10.860575957972959
480 10.251773369530557
481 11.010436045737551
482 10.546076874862278
483 10.28739849251317
484 10.498156621459012
485 11.36119121784553
486 11.08286932043863
487 11.083541096840952
488 10.732142561407874
489 9.961696352441498
490 10.220432700144066
491 11.554929572552611
492 11.312169553382859
493 11.006446716876976
494 11.55962641486959
495 11.142086802483945
496 11.443438379514102
497 12.305614393897189
498 11.84285123917534
499 10.82606696921264
500 11.433294039448224
501 11.68492710873334
502 11.070812172048537
503 11.428046180157216
504 11.538998003913624
505 10.956789696036113
506 10.841930718443596
507 11.37178083005924
508 11.217478690644999
509 11.392829109374388
510 11.157822088379897
511 11.695582543735393
512 11.382244428866658
513 11.141857522413398
514 11.390506186247265
515 11.313914456959798
516 10.756044901278282
517 10.76926693400557
518 11.480597260895253
519 11.642692675444795
520 11.664036285407434
521 11.330722252879406
522 10.913735072489176
523 10.888047480902841
524 10.573536123846955
525 10.983461583210444
526 10.920818612252564
527 11.215649357850046
528 11.315277899348933
529 11.667379012126988
530 10.927843725288088
531 11.468446077726576
532 10.790996501725374
533 11.36321069734329
534 11.037572368897514
535 11.355926230358925
536 11.128428772021087
537 11.681370267567962
538 11.375478707318184
539 10.995369818747431
540 11.640899639049438
541 11.432576449420095
542 11.392951431659474
543 11.671967810308088
544 11.141017745812809
545 11.081258487053438
546 11.425622000502953
547 11.319639805218083
548 10.782658003458717
549 10.962083973305564
550 11.236446022396406
551 12.041789029631996
552 11.415985563590947
553 11.14974512266019
554 11.042555950923319
555 11.464217698244406
556 11.124364814037996
557 11.241513668047405
558 11.078913923196167
559 10.931249540903416
560 11.436632887534035
561 11.26457233952457
562 11.904441417785186
563 12.12155495104843
564 11.799982228079466
565 11.210815258030802
566 11.104467596253201
567 11.868563241571406
568 11.805129102432673
569 12.077756545848171
570 11.493776963501075
571 11.171686428567401
572 11.343468368453875
573 11.608090482342343
574 11.83256563488147
575 11.494418781969438
576 11.289978142222589
577 11.131770524736107
578 11.311763113034177
579 11.751686940239951
580 11.177867973884643
581 11.2584300227739
582 11.142201197991692
583 11.162706176588086
584 10.65264198084127
585 10.486484740812998
586 10.95259667732038
587 11.015370673392558
588 11.18077878743193
589 11.29724140666335
590 11.281141010564664
591 10.996555130502259
592 11.499497734190465
593 11.838049666206794
594 11.61626311072727
595 12.264791664558452
596 12.064639815080444
597 11.948276938031425
598 12.407447386708672
599 11.749049791680727
600 11.877095903347518
601 11.327166711073973
602 12.325296908451104
603 11.887608344194767
604 12.195405493391346
605 12.166479883021259
606 12.241625421011483
607 11.975327034619289
608 11.985796990939932
609 12.245310072176256
610 11.964194257618638
611 11.781901073548378
612 11.329038717255576
613 11.361234091250385
614 11.548053308684725
615 10.814279644181314
616 11.088235843313972
617 11.576825421584125
618 11.261541584772898
619 11.331106772583146
620 11.046274796266916
621 10.822288531520785
622 11.06726444147041
623 11.567011105055702
624 11.394404172954358
625 11.206991048627454
626 11.435056217890708
627 11.141356884077362
628 11.18968465848162
629 11.178182947959995
630 11.312559096371142
631 11.555677591867617
632 11.497580458890729
633 11.298772827799686
634 11.711977788430818
635 11.14305412553589
636 10.989899356791186
637 11.00141360880633
638 11.771553420056796
639 11.48373662310843
640 11.267021001628047
641 11.18731316841339
642 10.937688997882713
643 11.333519119143922
644 11.234786785058533
645 11.14759304174097
646 10.983890066140356
647 11.296537817466586
648 10.861093142714216
649 10.79720138897452
650 11.627282692999662
651 11.828010099289186
652 12.025757305243987
653 11.595631331518389
654 11.43817250016096
655 11.753835895787516
656 11.756295118315727
657 11.101381627509785
658 10.583180671898466
659 11.175381444696445
660 11.618070688510352
661 11.530742865456386
662 11.515189817905775
663 11.117771036270357
664 11.21250810433802
665 11.77902562449048
666 11.592781782376987
667 11.228975515327585
668 10.827013632221133
669 11.435479943668303
670 11.778518175013106
671 10.52343651050404
672 10.853493403082652
673 10.872300795526622
674 11.062527704593148
675 11.034577645101251
676 11.203405010445477
677 11.105086550091475
678 11.243804257111426
679 11.23714442149078
680 10.869224354078163
681 11.47949458751842
682 11.417122971415056
683 10.810032187466893
684 10.87852592309291
685 11.217944032882857
686 10.947981576740876
687 11.142828552567638
688 11.397388049102055
689 11.218133907589008
690 10.693494877135521
691 10.738796085477622
692 11.354535616620566
693 10.498705245800084
694 10.54508014237932
695 11.17855059705952
696 10.27413099151813
697 10.898998871776909
698 10.753432858460119
699 10.62942032471872
700 10.223823429352706
701 9.56668450849814
702 10.498426231333431
703 10.366086333207882
704 10.253276852585342
705 10.772595344916391
706 10.996102916463032
707 10.666949649936143
708 10.83835585682013
709 10.910042172236876
710 11.279803076404656
711 10.804572302203225
712 11.160888935303545
713 11.301192639666223
714 10.896062039546637
715 10.93199216276372
716 11.397670032843553
717 11.438585246182198
718 11.696608426851395
719 11.097930805332389
720 11.184346177977233
721 11.292528113536896
722 11.040558203886087
723 11.075382693560826
724 11.288191279325948
725 11.091081328252319
726 11.101165842211145
727 10.918053717264447
728 11.558393729199945
729 10.605210523107008
730 10.650258284189004
731 11.321311361730649
732 10.781469959867042
733 10.52533311595881
734 10.967028424429897
735 10.694313565306604
736 10.677856983219238
737 10.72400704933306
738 11.483882753193958
739 11.485895494540497
740 11.50882722118469
741 10.675105858592257
742 11.70843073985145
743 11.509728560351782
744 11.867017809731593
745 12.072928219394564
746 11.490240852626568
747 11.154299725535228
748 10.491320687753197
749 11.051010244949946
750 10.789470878557005
751 10.934489148391348
752 10.331583607052861
753 11.103636395244306
754 10.93680460681824
755 10.887171938705638
756 11.412142314614426
757 11.547546269748317
758 10.691521718913085
759 10.70793459295887
760 10.825702095857762
761 11.08655062483891
762 11.019767831740582
763 10.94795254382139
764 11.004351295012988
765 10.853060156031045
766 11.056302120923107
767 11.393521110206613
768 11.441078134175482
769 11.519256716075226
770 11.95845730778123
771 12.431836689484657
772 11.76471224238632
773 11.610328885088233
774 11.521055682082052
775 11.323588614124782
776 11.534247312400671
777 10.859431753287126
778 10.863835707458305
779 11.343818658870077
780 10.881908267528408
781 11.439863942881404
782 10.609331313621936
783 11.625566731407588
784 11.201154697466373
785 11.3864600781536
786 11.0340936480346
787 11.559053034774083
788 11.222348048827897
789 11.530515012475504
790 11.607800691378294
791 10.749926764507144
792 11.195431600919779
793 10.61548788445827
794 11.103381277157323
795 11.420184041140297
796 11.245170171908802
797 11.079509740395407
798 11.441626971687656
799 11.735818237434795
800 11.165287546186928
801 11.134734997265152
802 10.79891886299002
803 11.131134613294098
804 11.071006219931494
805 11.145904862996566
806 11.368637945029008
807 10.69041804532623
808 11.286815927177697
809 10.946098783672374
810 10.914607565776478
811 11.226364761334743
812 11.07863652073144
813 11.787248329551554
814 12.024440019566281
815 11.929292267215853
816 12.053371722378484
817 11.909524119899089
818 12.24001327717286
819 11.689586789951386
820 11.125243383168506
821 11.822558117679764
822 12.462872273488767
823 12.130722535224397
824 12.257587697170074
825 11.74589542502104
826 11.242228790831177
827 11.223471120185703
828 11.03842071664264
829 11.394284106656217
830 11.11492693774341
831 11.613787407877247
832 11.390259431436062
833 11.608813154107246
834 10.97043025721943
835 11.647903261868167
836 11.131814942197373
837 11.316428745697376
838 11.455028178650876
839 11.313486600609817
840 10.794017642339911
841 11.37762480531569
842 10.782212830507085
843 11.569990760495783
844 10.868676625665994
845 11.360629065518392
846 11.373484235767496
847 11.738570659559823
848 11.317267536234512
849 10.94235495559069
850 11.031600566778744
851 11.176341044710766
852 10.694709200020432
853 10.999227022291137
854 10.834929776830558
855 11.1267918886875
856 11.20738715455345
857 11.076394832735744
858 11.126715294807203
859 10.731224975068086
860 10.801117694591523
861 10.54181534385546
862 11.81223257799673
863 11.2870918336627
864 10.859473618352602
865 10.65788160880222
866 11.049654205688748
867 10.766777520579732
868 10.708172977368594
869 10.740775023509347
870 11.761544658360696
871 10.830446255364793
872 10.883206212693812
873 10.669776771256185
874 11.191097983413066
875 11.243073655340854
876 11.280355658087528
877 10.69913069801978
878 11.36532863917091
879 10.871654545876147
880 10.87816176393398
881 10.995992905439056
882 10.845825905549319
883 11.151383988882623
884 11.138472572687808
885 11.137578825385429
886 10.56888109653792
887 10.757016427246516
888 10.980131347817496
889 10.565159516360929
890 10.787955391511469
891 11.054481066660761
892 11.129030970963727
893 11.326330353448878
894 10.659659084620133
895 10.642268846300919
896 11.00334605394607
897 11.508988671499695
898 10.782228655688657
899 11.01414957223098
900 11.079246516365247
901 11.483182923022891
902 10.685298647591297
903 10.935523266318222
904 10.952729232253473
905 10.526547386642482
906 10.843240867171849
907 10.103745237823496
908 10.834184832012308
909 10.752736801711148
910 10.916077027583118
911 10.516963015876463
912 10.671943629759879
913 10.975801838255014
914 10.528136283386283
915 10.711823861481996
916 10.84047325390815
917 10.802621611615077
918 10.996197320579268
919 10.647721864454525
920 10.501957319370504
921 10.84074211492768
922 10.549391785518411
923 10.611730280412068
924 10.826242432619885
925 10.945777656761253
926 10.921674189654357
927 10.519389034400495
928 10.56895366838583
929 10.868934139164386
930 10.475429721018795
931 10.563131829579682
932 10.88282611401809
933 10.865349256309628
934 10.752345633908135
935 11.109329239176738
936 11.333403214806625
937 10.978287571074869
938 10.876219962065775
939 10.896764309898312
940 10.890695546179478
941 11.065513215447139
942 11.253781660720287
943 10.837270530660295
944 11.356838107687391
945 11.03072087488726
946 11.164678853288878
947 11.363973485194162
948 11.197804530389224
949 11.108726975604512
950 11.010739798560456
951 11.079125047340575
952 9.875227195707847
953 10.427408231748746
954 10.866258867177013
955 10.489748804672352
956 10.546052718243088
957 10.683741198955222
958 10.751908339543396
959 10.56134258680425
960 10.63920247743953
961 10.792613764737657
962 10.839077984600138
963 10.638656293509003
964 10.707105899926486
965 11.0130998757592
966 10.675080936193975
967 10.80735322681777
968 10.609310641884123
969 10.477716821923755
970 11.070724086891008
971 11.178845360058014
972 11.474272378098966
973 10.64144780485429
974 10.816707347239474
975 10.646057193735635
976 11.050891836752735
977 10.866198596852108
978 11.044201793788465
979 10.831147803611119
980 11.374639020075556
981 11.299627309816692
982 11.312026785957256
983 10.622098524723514
984 11.071753225291653
985 10.954013702428018
986 10.978189939564665
987 11.030413017990051
988 11.276958890508984
989 11.04319276459364
990 10.866574105045766
991 11.271916245818163
992 11.508250786449398
993 11.045265674497513
994 10.97299449696191
995 11.161116852071135
996 10.89306212934037
997 10.824588664434007
998 10.781751525120633
999 11.08931435111943
1000 12.02702974800545
1001 11.098317077771352
1002 11.177131853745074
1003 11.361889935697215
1004 10.953321568910043
1005 10.940758326152226
1006 11.1923367389306
1007 11.255374288818441
1008 11.594250228663583
1009 11.296824104040867
1010 11.456183732233743
1011 11.235566166118172
1012 11.187510523067354
1013 10.82942984938962
1014 11.18603415901516
1015 11.528055306581447
1016 10.985588034201193
1017 11.538138177694979
1018 10.796563590816366
1019 10.93592920056902
1020 10.991071097254874
1021 11.13286036238786
1022 11.304308455547973
1023 11.142059050202226
1024 11.166053674997007
1025 10.95984589315308
1026 11.249731730307987
1027 11.128008989167277
1028 11.160072387144421
1029 10.778352918761982
1030 11.009262155565093
1031 10.908636799753333
1032 10.848299458762018
1033 10.662040038262715
1034 10.876580532913371
1035 10.789200002265884
1036 10.47077818731481
1037 10.891168244499701
1038 11.017300642621903
1039 10.513232825748402
1040 11.055699913940604
1041 10.24314879255717
1042 11.09337944905045
1043 10.76919644204957
1044 11.078989998817924
1045 10.862022862173047
1046 11.102094988449418
1047 11.161097638025574
1048 10.7281036469323
1049 10.703818567047271
1050 11.005008150337842
1051 11.28095276932222
1052 10.702869282537334
1053 11.231070476743483
1054 11.243554277674772
1055 11.128538210930596
1056 10.70846822407237
1057 11.059869825982457
1058 11.185751782667273
1059 10.919153810866465
1060 11.13811310396366
1061 11.12768351941297
1062 10.605274514514667
1063 11.011557435483384
1064 11.265832154505473
1065 10.972127567026016
1066 11.287764852401843
1067 11.210080863863936
1068 10.751559580199997
1069 10.691425650641122
1070 10.612618384076951
1071 11.087642626130704
1072 11.381639111600045
1073 11.121584932568126
1074 10.976362305998212
1075 10.937326940913511
1076 10.726599486665505
1077 10.867080492215178
1078 11.442865571615819
1079 10.799407478579097
1080 10.745906124416992
1081 10.981908867608274
1082 11.137647512245625
1083 11.285400621644504
1084 11.052643731786924
1085 10.64872874866394
1086 11.213685916317083
1087 11.075320532829235
1088 10.682601412963857
1089 10.714497454518035
1090 10.888998501040044
1091 10.99332462204969
1092 10.881297284639153
1093 10.817541067405177
1094 10.826610776133574
1095 10.87219960982229
1096 11.3418478026561
1097 10.690608419716316
1098 10.708217143349486
1099 10.954620955569162
1100 11.106943281861724
1101 10.971380243476075
1102 11.187139401292896
1103 11.614124768680359
1104 11.586587288670295
1105 11.478069691445391
1106 11.436255779616543
1107 11.020086855171053
1108 11.282531801022987
1109 10.85534310942134
1110 11.136244146115448
1111 11.016727735858995
1112 11.058628126442018
1113 11.302259206126156
1114 11.041980576305514
1115 11.04358680131441
1116 11.05667431252191
1117 10.801157655567444
1118 11.014246614337393
1119 11.030850819843801
1120 11.081844936197113
1121 11.003390349340988
1122 11.154360025782406
1123 11.069888426261333
1124 11.353506808885212
1125 11.026590870852562
1126 10.805362651291578
1127 11.06536216731051
1128 11.192420249379985
1129 11.341401362710002
1130 10.328504291811198
1131 11.035317193479424
1132 11.614286980753443
1133 11.81103142275886
1134 11.129416975934543
1135 11.134148530993702
1136 11.208716332912642
1137 10.882404215675988
1138 10.921248484458804
1139 10.974720386271876
1140 11.074115440695973
1141 11.730604200548477
1142 11.166604300950347
1143 11.468009931888693
1144 11.152349678040807
1145 10.815020540953723
1146 10.987679031360924
1147 10.954594593474548
1148 11.205023259835617
1149 11.122725964853888
1150 10.895238109863806
1151 11.221264622700355
1152 11.230574120214149
1153 10.82112189762959
1154 10.622590199326028
1155 11.083204829188128
1156 10.749569581461595
1157 11.128399282827573
1158 10.915415894498938
1159 11.35408245298018
1160 11.020576119122518
1161 10.907133624223597
1162 11.157327411025019
1163 11.033251555243625
1164 11.080725091454957
1165 10.866285732465517
1166 10.832279115456732
1167 11.059697895017695
1168 11.11187247927624
1169 11.348248248073169
1170 10.788157382936006
1171 11.033071977529152
1172 11.176548975337967
1173 11.027543488536137
1174 11.112594809986815
1175 10.983498586720497
1176 11.151091654373307
1177 10.813221517780534
1178 11.198543233750124
1179 11.307047743109333
1180 11.991507939892392
1181 11.093471872038592
1182 11.208835692068325
1183 10.907816090040905
1184 10.824861021436229
1185 11.395069362944616
1186 11.302438352435358
1187 11.12934907598579
1188 11.510619192953676
1189 10.891431341793377
1190 11.260632108053834
1191 10.987927360631575
1192 11.116613922359274
1193 10.837315051240994
1194 10.884146057701386
1195 11.30999030328883
1196 11.052451896738521
1197 11.482585613863964
1198 11.578474558971642
1199 11.31218991133079
1200 10.47754450027279
1201 10.968761404070714
1202 10.728472980701774
1203 11.193849373957256
1204 11.047556699732699
1205 11.582246518604226
1206 11.737425520794996
1207 11.502807441047468
1208 11.142275492528467
1209 11.379265893352523
1210 10.56737165107842
1211 11.417475356165909
1212 11.281255736382159
1213 11.23439730260696
1214 11.013017954242354
1215 11.20191722564702
1216 11.532800489708505
1217 10.949715129794713
1218 11.919951944214551
1219 11.397541099234854
1220 11.28201785686709
1221 10.893741861272622
1222 11.467347828961202
1223 10.968403379423592
1224 11.070203186883436
1225 11.351083550281391
1226 11.263961400104893
1227 11.70875236475734
1228 11.754531007411238
1229 11.047442205069151
1230 11.352218907047087
1231 11.230899122804916
1232 11.220504576821865
1233 11.307219178787896
1234 11.182685748759113
1235 11.425210742908611
1236 11.05184773349561
1237 10.881820822160055
1238 11.356931043728402
1239 11.407119278142023
1240 11.245025174512726
1241 11.444514858900062
1242 11.497094342660928
1243 11.307043091924804
1244 11.349607240413437
1245 11.055302084120529
1246 11.571287274896497
1247 11.416339161552967
1248 10.963160384971196
1249 11.186864615653837
1250 10.930936139950084
1251 11.020772718263784
1252 11.288354339364092
1253 10.555385995107063
1254 11.266747227483034
1255 11.057280571125586
1256 11.145528480014505
1257 10.877607887520028
1258 11.506323158728199
1259 11.403404646909411
1260 11.23762551495263
1261 11.842300987346698
1262 11.309393479775993
1263 11.920262592020851
1264 11.597093774871981
1265 11.344751723347974
1266 11.326684178380777
1267 11.003530319376472
1268 11.025894105129504
1269 11.223122791382504
1270 11.175973346058742
1271 10.718543329813336
1272 10.912901418653014
1273 11.172849942416521
1274 10.92357578995036
1275 10.907286287865782
1276 10.929993020839449
1277 10.692890001100237
1278 10.790172826218386
1279 11.053170743915608
1280 10.941973663772922
1281 11.00014263769939
1282 10.8480382244521
1283 11.158550617943371
1284 11.524207372619282
1285 11.082006409944507
1286 11.95286879606035
1287 11.829241956677613
1288 11.112533806336156
1289 11.233374568251337
1290 11.57954662651569
1291 11.118768067089613
1292 11.051237882357794
1293 11.261793995012646
1294 11.182176498010094
1295 11.244672518934761
1296 11.476948596185242
1297 10.978468812948462
1298 11.577377887911334
1299 11.06135833090597
1300 11.303162808472413
1301 10.64720147959844
1302 11.10830011473043
1303 11.436369648130896
1304 11.339776671869844
1305 11.184267010249132
1306 11.219875326550202
1307 11.509378704819849
1308 11.002474992469907
1309 11.29145552365096
1310 10.859656421312298
1311 11.09820554805689
1312 10.803928678634858
1313 11.097856539187383
1314 10.870541936405896
1315 11.140597466757201
1316 11.16253958224286
1317 11.786300492709092
1318 11.203675921395327
1319 11.337422917819442
1320 10.579451248352376
1321 10.956307691136912
1322 10.960064260702174
1323 11.276294793299302
1324 11.254043842612376
1325 10.985931223020811
1326 11.195187352480549
1327 10.982718456462758
1328 11.583517313958845
1329 11.391867271182846
1330 11.213187582949086
1331 11.492030521154424
1332 10.746614233815233
1333 10.780132509606993
1334 10.87419136725426
1335 11.762555802601684
1336 11.577483018795009
1337 11.64115560324709
1338 11.009896917049353
1339 11.239600452805217
1340 11.315345114835367
1341 11.599378496483613
1342 10.581823646158512
1343 11.063587304495215
1344 10.723314213804166
1345 10.676942160863579
1346 11.477350639228792
1347 10.974999329505463
1348 11.050835863711317
1349 10.724988723864307
1350 11.091471944646287
1351 11.136711656030645
1352 11.127754933012065
1353 11.56849159844864
1354 10.57442393422793
1355 10.608363605338138
1356 11.335450870275654
1357 10.830083679074528
1358 11.247596584206422
1359 11.271736379717419
1360 11.274755248580707
1361 11.536181170201536
1362 11.659344351582362
1363 11.36569692117581
1364 11.225593339806895
1365 11.600129226293008
1366 11.596885022466203
1367 11.754850169583822
1368 10.867264271848017
1369 11.068674230528497
1370 10.975053183459845
1371 11.130006619616843
1372 11.332740780197168
1373 11.366252797203838
1374 11.711024777178864
1375 11.515725907412088
1376 11.39233292492021
1377 11.242052921777795
1378 11.447565433470704
1379 11.565765112904696
1380 11.049379310025353
1381 11.400572844562584
1382 11.203766062191525
1383 11.088152543027103
1384 11.011511994089453
1385 10.687497823867613
1386 11.239741858621716
1387 10.79911047924798
1388 10.893638531460756
1389 11.70477171523787
1390 11.222830067390579
1391 11.369145359756278
1392 10.971994521109496
1393 11.50045504144672
1394 11.619670759746356
1395 11.36415509283852
1396 11.362008460920794
1397 10.826084282172301
1398 11.217768676607216
1399 10.921284841388976
1400 11.04226049737891
1401 11.182395261703675
1402 10.810118062201989
1403 10.658771048595938
1404 10.791247028587176
1405 10.689276806767612
1406 10.691727471642647
1407 10.691468460134764
1408 10.7537901135429
1409 10.837769660965314
1410 10.668833370938074
1411 11.234234173188081
1412 10.801109308748586
1413 10.944082169625421
1414 10.917949967781938
1415 10.782950578448718
1416 11.657314683959271
1417 11.501492635904743
1418 10.980857589231013
1419 10.813745871857998
1420 11.406021962142972
1421 10.393627409393073
1422 10.73610616037134
1423 11.037846087275218
1424 10.750762428949992
1425 10.887969355823184
1426 11.15004548169921
1427 10.500060664084735
1428 11.20722758714288
1429 11.800463481407098
1430 11.379370403818294
1431 11.841277707315498
1432 11.452975075877768
1433 11.296280574821825
1434 11.508104373196565
1435 11.174841968589952
1436 10.509793569155168
1437 11.091445991839182
1438 10.854232337356926
1439 10.580839422925312
1440 10.89825673964786
1441 10.706548378627922
1442 11.363865747887164
1443 11.510764891852965
1444 11.508487830781501
1445 11.667955406993123
1446 11.219081676242807
1447 11.412945218541807
1448 11.397872049854293
1449 11.397132244186666
1450 11.246072035897228
1451 11.00860964603205
1452 11.454244428521719
1453 10.58498354996623
1454 10.713897054984214
1455 11.53135752993263
1456 11.547034080921378
1457 10.859977676702185
1458 11.123652256949647
1459 11.382727321347144
1460 11.26348030660955
1461 11.635230907292893
1462 11.852584594110734
1463 11.551889615600581
1464 11.07130567447873
1465 11.367648926601087
1466 11.853957676589474
1467 11.245127440623147
1468 11.777248159149067
1469 11.669368497024298
1470 11.427216750459431
1471 11.310871506449555
1472 12.068558841207567
1473 11.396976981692596
1474 10.785101679649253
1475 11.095854881161136
1476 10.47921532850646
1477 11.356708536933882
1478 11.246927276591677
1479 11.077494530267858
1480 11.034467105527485
1481 11.306821738140748
1482 11.02190202267497
1483 11.145750413422707
1484 10.951041297035045
1485 11.274754670357519
1486 10.873467027847138
1487 9.95310576141725
1488 10.887003563936496
1489 10.954713355513768
1490 10.400730238460211
1491 11.2091142590109
1492 11.08384817712535
1493 10.949128064077692
1494 11.243309727122742
1495 10.866990638699065
1496 11.389899846095501
1497 11.194611866912147
1498 10.976585556100412
1499 10.607038407422737
1500 10.5579217576376
1501 11.265018118550268
1502 10.871851916773734
1503 11.545291536849426
1504 10.836520284939702
1505 11.387289447479839
1506 11.278748104937069
1507 11.588688010940716
1508 11.299631177806823
1509 11.775604055160052
1510 11.712310946812972
1511 11.339701766143747
1512 11.66378232090402
1513 11.669589178266731
1514 11.729674634327708
1515 11.025982225529944
1516 11.321164756111411
1517 11.1757515433907
1518 11.217841750830331
1519 11.485347965396096
1520 10.872677337914492
1521 11.196427159526879
1522 11.175197754166769
1523 10.941084194195959
1524 11.452704285609546
1525 11.672917231925664
1526 11.25839353549077
1527 11.682667962622787
1528 11.486342955268684
1529 11.148630689413523
1530 11.428800425046465
1531 11.16319488913657
1532 11.362406017152406
1533 11.12530479189492
1534 10.999962778303637
1535 11.356922439981918
1536 11.335566557156623
1537 11.322918350387589
1538 11.523700673720159
1539 11.111745350207102
1540 11.02408808631491
1541 10.807505941959501
1542 11.336397876875976
1543 11.513591658451862
1544 11.61198505647809
1545 11.600749702642046
1546 10.790171683132446
1547 10.207653205679483
1548 10.806910525186883
1549 10.176460409824998
1550 11.113738572429446
1551 11.355574171787893
1552 10.835990942177219
1553 11.278349310100028
1554 11.090872117485182
1555 11.177904741526083
1556 10.915056167445682
1557 10.798559134611558
1558 11.119214024076463
1559 11.265279826622525
1560 11.21470672403046
1561 10.944322602663343
1562 11.116238203162638
1563 11.076958475674546
1564 10.98506241087876
1565 11.111125481744669
1566 11.405305557301697
1567 10.93153590862103
1568 11.233347211781362
1569 10.844376662407244
1570 11.229388887209433
1571 11.229593600636104
1572 11.378608461114112
1573 10.874612863081222
1574 11.374942581797882
1575 11.528327809839634
1576 10.856352264658163
1577 11.17804984136714
1578 11.152487808661283
1579 11.88505153631779
1580 11.415347095728286
1581 11.146753271590434
1582 11.46336934138287
1583 11.371390658347654
1584 11.368558694484923
1585 11.154197718662811
1586 11.449630548988976
1587 10.924016145445819
1588 11.618217492764854
1589 11.546774367852036
1590 11.265863852913045
1591 11.24391678329276
1592 11.65421376694902
1593 11.36680080874462
1594 11.410669440086544
1595 10.65178044640379
1596 11.078625257603116
1597 10.542945260386013
1598 11.041979700356192
1599 10.963710702975293
1600 11.449195553061697
1601 10.909734318139305
1602 10.702957766363179
1603 10.934471031370864
1604 11.384375228993987
1605 10.348639881253515
1606 10.813638545367137
1607 11.081312280645529
1608 11.01899040212741
1609 11.448384534926406
1610 10.575861386885684
1611 10.796607576642575
1612 10.967560189114723
1613 10.871594521259107
1614 11.099024288122699
1615 10.855882679166907
1616 10.268421697009934
1617 11.137329655461967
1618 10.725445468776453
1619 11.394600568785323
1620 11.23800927331646
1621 11.223120310556778
1622 11.039931414940238
1623 10.737459531406033
1624 10.660149886205637
1625 11.197022604913032
1626 11.03360172619938
1627 10.635244934208213
1628 11.48728350746251
1629 11.469439107031029
1630 10.94985774968461
1631 11.117949054369966
1632 11.592325762369619
1633 11.398113901279409
1634 11.125883379731436
1635 10.900690369908455
1636 11.23568518724261
1637 10.799592902002356
1638 11.092993781895384
1639 11.36356925365207
1640 11.44022978304729
1641 11.22987216237372
1642 11.064221612002543
1643 11.66535105343879
1644 11.456911396088312
1645 11.031355154114236
1646 11.005308357623973
1647 11.470987818784664
1648 11.258751410713694
1649 11.144830771450932
1650 10.956238371861668
1651 11.200711176521581
1652 11.095988871560506
1653 11.524224306398954
1654 11.342486696275287
1655 10.970017698627736
1656 11.053607535119253
1657 11.156933291569924
1658 10.712716105308152
1659 11.691329776784666
1660 11.418130732204313
1661 11.42272367005345
1662 11.343596446946025
1663 10.486165870572503
1664 11.426232320538258
1665 11.618679761029698
1666 11.690644149529104
1667 11.115177892884608
1668 11.102158022125389
1669 11.24853126298558
1670 11.567939887897257
1671 11.415413983170026
1672 11.098910884109372
1673 11.170026154636654
1674 11.433525090252076
1675 11.600603904355511
1676 10.817697018366914
1677 11.285635905031345
1678 10.983087875758562
1679 11.405493462471632
1680 11.608733941510172
1681 11.683270283661564
1682 11.497932366762297
1683 11.604326128332866
1684 11.399048010562154
1685 11.306516175952224
1686 10.87035391800242
1687 11.381537690791676
1688 11.34034143181082
1689 11.525476108807496
1690 11.118892511390191
1691 11.529315449698034
1692 11.271364561416252
1693 11.685384446706783
1694 11.242960783378594
1695 11.272429109582818
1696 11.208269096764125
1697 11.28977212121786
1698 11.418625509184492
1699 11.190741704658452
1700 11.448859188771404
1701 11.223178478185355
1702 11.557420273720494
1703 11.582765674353851
1704 11.600793936461475
1705 11.233325421107187
1706 11.373105768422317
1707 11.394797829173303
1708 11.095619864972608
1709 11.265729480775901
1710 11.323143751119364
1711 11.424486262285505
1712 11.367383396783845
1713 11.36635138413815
1714 11.480354951380464
1715 11.094282975836547
1716 11.308426569815593
1717 11.414096270103894
1718 10.819964025550531
1719 11.155070974084188
1720 11.203239366230195
1721 10.913074737902352
1722 11.213850153623126
1723 10.819538699429277
1724 11.118904904464229
1725 10.96117094705646
1726 11.748550438777567
1727 11.415127531645304
1728 11.919582771626212
1729 11.521570360697194
1730 10.994374516318812
1731 11.05770902173019
1732 11.20987987630745
1733 10.884146318321262
1734 11.364091006893737
1735 11.167115176722438
1736 10.975165165114584
1737 10.67707152420708
1738 10.841658001516294
1739 10.491227530228953
1740 10.734386592440353
1741 11.069308348533427
1742 11.067048047653484
1743 11.265316503098678
1744 11.085768868010547
1745 10.863213256469722
1746 10.347797873112183
1747 10.9856631810754
1748 11.313009318938946
1749 11.218167506591405
1750 11.016851195443694
1751 10.79268609206755
1752 10.590438753234432
1753 10.912874621899523
1754 11.502568304111385
1755 11.01778051846836
1756 11.159829957208029
1757 10.865775295914197
1758 10.769973742368954
1759 10.854964808588404
1760 11.332002366680298
1761 11.132710982306902
1762 10.48785652830365
1763 10.968585473293848
1764 11.656385703307533
1765 11.51375601789427
1766 10.45263574135444
1767 11.604199903066881
1768 11.20544187250963
1769 10.77582251355496
1770 11.138160603851867
1771 11.294285075319054
1772 10.893154220945082
1773 11.397448303887627
1774 11.167416215294663
1775 11.190168022006056
1776 11.030990470497494
1777 11.131081505791059
1778 10.975011597152884
1779 11.167684526766429
1780 11.09903649464911
1781 10.98380103084236
1782 10.980418000488758
1783 11.018584272887976
1784 11.390531036071815
1785 11.507846855250326
1786 10.596271196103494
1787 11.36212806061587
1788 10.981728515689978
1789 11.72675111951263
1790 11.031696481008948
1791 10.872736815532193
1792 11.116030258799283
1793 11.227919850514786
1794 10.791177137619407
1795 11.127454685083329
1796 11.187711917690446
1797 10.755124560032385
1798 11.172059600353526
1799 11.087451825566706
1800 11.138387644720524
1801 10.932282779831711
1802 10.74218978682898
1803 11.01146504156797
1804 11.349528713099343
1805 10.869743860038868
1806 11.521424941266776
1807 11.018700895931518
1808 11.19206459816675
1809 11.136867317728449
1810 11.212502222001573
1811 11.21053245408178
1812 11.062779181910695
1813 11.07063295805595
1814 11.091490013076912
1815 11.203622984830663
1816 11.097955523301469
1817 10.905854207289291
1818 10.791501232058188
1819 11.050004266867857
1820 11.473416999755853
1821 11.048626574507386
1822 11.453609775334883
1823 11.390476431871194
1824 11.249340739185298
1825 10.445251779386592
1826 11.207402595607855
1827 11.00297398673
1828 11.037150206673873
1829 11.406493137436685
1830 11.117566785623568
1831 10.789512724002247
1832 11.013674444249313
1833 10.764878689208134
1834 10.764834437181626
1835 10.852372132933056
1836 10.699020444182487
1837 11.216848759536381
1838 11.304908694687704
1839 11.222054634309751
1840 11.342536730173258
1841 10.617185087004826
1842 11.268055721368171
1843 11.00543393424331
1844 11.530888949156306
1845 10.872480790967481
1846 11.876945327978822
1847 11.868821591044926
1848 12.1508964363797
1849 11.900854729700798
1850 11.517516144602512
1851 11.75353680425095
1852 11.52663334902628
1853 11.767427061805435
1854 11.977294945770954
1855 11.97331167858914
1856 11.668990602958292
1857 11.631606225421208
1858 11.530632797404856
1859 10.95353630961422
1860 10.22614515004709
1861 10.515712815284788
1862 10.914776250235965
1863 10.755796930442573
1864 10.833219728151043
1865 10.513687658025189
1866 10.514726392800153
1867 10.86193481828888
1868 10.700317822308435
1869 10.734276710584188
1870 10.232097715146411
1871 10.886704359664584
1872 11.452414572212492
1873 10.911142453651602
1874 10.842782605110639
1875 10.689569520040845
1876 10.545529813367258
1877 11.138937090181892
1878 10.765685718993328
1879 10.578986726305132
1880 11.259999100796632
1881 10.883752944269713
1882 10.97984512654539
1883 11.741276790023012
1884 11.552150724711373
1885 11.084105876356897
1886 10.645836601157926
1887 11.008497349015208
1888 11.136686956859597
1889 11.328174744471436
1890 10.588848815654426
1891 10.98605448992621
1892 11.11371641974998
1893 11.010425965214287
1894 11.199662806745485
1895 10.947072139052818
1896 10.717717754989149
1897 11.097586788548652
1898 11.216098920641329
1899 11.393781614384723
1900 11.1286876075639
1901 10.942840816977172
1902 11.039399844214296
1903 11.186928632201312
1904 10.889114209664603
1905 10.933642015623603
1906 11.158865299645575
1907 10.854494019077155
1908 11.320166825490393
1909 11.416909568201953
1910 11.18587044602217
1911 10.864876099036845
1912 10.982065205602646
1913 10.941043065355027
1914 11.133209997844979
1915 11.269011175225348
1916 10.83477849017125
1917 10.800423931483621
1918 10.798540387875407
1919 10.70106297045051
1920 11.023965390227742
1921 10.76829381905167
1922 11.048424382883562
1923 10.25968993795333
1924 10.674118333060841
1925 10.815466003389384
1926 11.19302744484956
1927 10.82782953567157
1928 10.770551012149014
1929 11.067167933541675
1930 10.76440056285787
1931 10.41991119360574
1932 10.781891321194129
1933 10.468726887147731
1934 10.57020899463121
1935 10.158256797907711
1936 11.06020917593969
1937 11.183583099314497
1938 10.992361859443678
1939 10.898667261979046
1940 10.757748615068262
1941 10.72739797842856
1942 10.931743588827056
1943 10.893137572907579
1944 10.576449494378718
1945 10.693862195195967
1946 10.76584068004956
1947 11.09816125746701
1948 11.067979785736378
1949 11.242789607690646
1950 11.187211003483354
1951 10.771207477973494
1952 10.787311972160401
1953 11.129797676323241
1954 10.545606875735116
1955 10.858640271397604
1956 10.80575389937855
1957 10.587912202178293
1958 10.692782236614223
1959 10.679487436559475
1960 10.769422799557598
1961 10.535461753078685
1962 10.392521824904529
1963 10.770891842371075
1964 10.634508043918844
1965 11.123562149155083
1966 10.945082279098404
1967 10.703805793315993
1968 10.681174278617245
1969 11.171218231037063
1970 10.851110401500632
1971 11.448990439170663
1972 10.767749857039483
1973 11.084024136713436
1974 10.823467415926471
1975 10.435510485051353
1976 11.62762792689279
1977 10.711760634842816
1978 10.739979231883217
1979 10.684195046316932
1980 10.501672237421921
1981 10.965821583794181
1982 10.70466086126994
1983 10.751883226579274
1984 10.598003812670608
1985 10.824714544364143
1986 10.7919136554777
1987 10.823889109027322
1988 10.760237896292594
1989 10.709159263940569
1990 10.591947649270942
1991 10.68620144050953
1992 10.245592525184376
1993 11.030865675827028
1994 10.90351889080813
1995 10.791007786866727
1996 11.033735773935994
1997 11.015922743117683
1998 10.731966877367737
1999 11.547980031381725
2000 11.234307896316142
2001 11.014034239083042
2002 10.715962342762642
2003 10.552257124452447
2004 10.832047052970843
2005 10.638820108130076
2006 10.71810530253463
2007 10.697981208310068
2008 10.84212075787738
2009 11.253894871110264
2010 11.010671306487652
2011 10.77429486462775
2012 10.915131920545399
2013 11.20042553051097
2014 11.109884691884464
2015 11.300270492478939
2016 10.821823890982953
2017 10.87341572309308
2018 11.150573340386757
2019 11.020231423642723
2020 11.099494562145392
2021 10.818691819028004
2022 10.823194124392552
2023 11.002111009492397
2024 10.843490018958807
2025 10.866378273241013
2026 11.269661542333354
2027 11.206517904193179
2028 11.029461286569305
2029 11.266648812617726
2030 10.85855322324331
2031 11.141895502936864
2032 11.12043918517179
2033 10.8881291017495
2034 10.828039943833812
2035 10.450691380480405
2036 10.564963657150894
2037 11.102536916400691
2038 10.961500382327289
2039 10.984880953391997
2040 10.992576557438147
2041 10.774613309329629
2042 10.910035641414247
2043 11.337063414226972
2044 11.025141290564003
2045 10.725002083746649
2046 11.162148728449727
2047 10.676688057144062
2048 10.926229018839384
2049 11.167652330304772
2050 11.036356409782965
2051 11.168736917760238
2052 10.619528899215242
2053 10.703640714623967
2054 10.97033896318168
2055 11.199591134167921
2056 10.996967462754743
2057 10.749854138518375
2058 11.112644666189592
2059 10.988605758760595
2060 11.059719769106865
2061 11.311506120435967
2062 11.112301389992991
2063 10.741662514618048
2064 10.876792068064763
2065 10.91364294639052
2066 11.619307180054681
2067 11.10004161215993
2068 11.201048178869843
2069 10.986590554060776
2070 11.097320808127627
2071 10.940739383431263
2072 10.812871868233314
2073 10.678366845919214
2074 10.56190112499208
2075 11.015084505711107
2076 10.678326675767051
2077 10.843818921130243
2078 10.822748260485458
2079 11.197543934997322
2080 10.94843943421377
2081 10.712087500788412
2082 10.982859750586085
2083 10.931029006961044
2084 11.31902537958206
2085 11.03247793040016
2086 10.977266939001913
2087 10.675879958862808
2088 10.426632870712767
2089 10.977561836397696
2090 11.147474608803169
2091 10.721606992721973
2092 10.926745465479716
2093 10.974838444304254
2094 11.294393301666096
2095 10.790295392874553
2096 10.956148540023921
2097 10.730702173250608
2098 11.235624691507118
2099 10.899134563304303
2100 10.741609752122995
2101 10.603853627199076
2102 11.054618944842137
2103 10.848033060638217
2104 11.03750263857105
2105 10.853328957093716
2106 10.503452026626512
2107 10.85068308410261
2108 10.784901269566518
2109 11.083374806956801
2110 11.455875253678947
2111 10.72254777122881
2112 10.847643633320144
2113 10.695210724485065
2114 10.779007908035684
2115 10.383575478822962
2116 10.718388943831393
2117 10.916113480178389
2118 10.696338444212824
2119 10.578076801298335
2120 10.677759780907643
2121 10.780298611675109
2122 10.146575971702545
2123 10.603940615809304
2124 10.535749650528015
2125 10.913710941542647
2126 10.665831261130249
2127 10.583895661336529
2128 11.023140184579756
2129 10.287433483423678
2130 10.432712077064604
2131 11.036106975205472
2132 10.817394122743849
2133 11.28243859364767
2134 10.696674607499917
2135 11.090227730103097
2136 11.189934707668794
2137 10.502371140726028
2138 10.23086692567602
2139 11.066904725646147
2140 11.123502290535326
2141 10.189042925765634
2142 10.618403060907903
2143 10.934376999115898
2144 10.284936820409389
2145 10.851676762586159
2146 10.838611494963153
2147 10.591073827933476
2148 10.62155137140354
2149 10.814639746584742
2150 10.839611939488867
2151 11.223134925720279
2152 10.892317551241176
2153 10.469700480535316
2154 10.857968814790361
2155 10.978994168647832
2156 11.237028344830227
2157 10.849923080730253
2158 10.614962349506415
2159 10.67752458760803
2160 10.601521176859903
2161 11.034629854502871
2162 10.84469253230484
2163 10.74720584803966
2164 11.23590308253465
2165 10.770147326975636
2166 10.740939933124038
2167 11.220739891065811
2168 10.8408565121853
2169 11.105670669524425
2170 10.872888623740005
2171 11.06534350960941
2172 10.565226563145204
2173 11.133212950506667
2174 10.731562949016734
2175 10.921354598914377
2176 10.826941280083547
2177 10.884688461035347
2178 10.628004491695778
2179 10.771105355508567
2180 10.679912538100698
2181 11.09308656082038
2182 10.891005356028316
2183 10.551391857375778
2184 10.604374460959578
2185 10.61903014391349
2186 11.005694779874894
2187 10.726158597478166
2188 11.022540979947463
2189 10.905589615803725
2190 10.870298365288416
2191 11.185395168592732
2192 10.949470240300345
2193 11.271470509945212
2194 11.112292641779742
2195 10.982923979561054
2196 10.6081465578817
2197 10.947453278828629
2198 10.898986405865395
2199 10.574421548415689
2200 10.346660243779615
2201 10.255987742759979
2202 10.853138824756533
2203 10.914696850659341
2204 11.025136924684517
2205 10.852760700531086
2206 10.601870239526491
2207 10.610923871404175
2208 10.968609400575422
2209 11.017135723369693
2210 10.604101902715053
2211 10.776498008027088
2212 10.18655786098801
2213 10.738993019307895
2214 10.855214826589066
2215 10.735850317499292
2216 10.665011454949235
2217 11.181416485597344
2218 10.861420640650495
2219 10.783594680943782
2220 10.769350327915935
2221 10.844976104742257
2222 11.197602287673202
2223 11.265134133288274
2224 10.917988472719971
2225 10.789992221878327
2226 10.783796878868365
2227 10.917437977722187
2228 10.605071874650744
2229 10.684027667206234
2230 10.73274547135067
2231 10.698269257031136
2232 10.474318250496282
2233 10.453684169863113
2234 10.688146652189152
2235 11.026424088835627
2236 10.56844595337296
2237 10.817036287311792
2238 10.646693449228188
2239 10.611481408414559
2240 10.908291672416683
2241 10.541213760877378
2242 10.302123344212376
2243 10.176792896641267
2244 10.704362662398927
2245 10.659496707717226
2246 10.63987968706985
2247 10.874322883981064
2248 10.145505998384504
2249 9.799526099877083
2250 10.3585194800554
2251 11.150730797472823
2252 11.124592309671044
2253 11.005758578546336
2254 10.704016487008184
2255 10.760199825633462
2256 10.82760459511513
2257 11.061046022090142
2258 10.869081109252031
2259 11.251460161328225
2260 10.729345363201892
2261 11.111970430773363
2262 10.622764989822505
2263 10.975087130430708
2264 11.068439315884772
2265 11.002926169885601
2266 10.443158776212627
2267 10.456199716041027
2268 10.32817504362133
2269 10.746124669096512
2270 10.591328811646614
2271 11.251172488761323
2272 10.99346177865225
2273 10.878483290235463
2274 10.677510644633774
2275 11.101958236477888
2276 11.564708106232185
2277 11.113142520019922
2278 11.095408463572193
2279 11.749586194376574
2280 11.19206179334111
2281 10.962634258597031
2282 10.473670250123847
2283 11.126394812162056
2284 10.767593938796809
2285 10.339431128620554
2286 11.407213996228549
2287 11.438591994898964
2288 11.456134651455232
2289 11.5219426296449
2290 11.06040668662764
2291 11.368502870837458
2292 11.013858218484012
2293 11.101747161351902
2294 10.489001939725375
2295 11.842414844221144
2296 11.394538066981962
2297 11.43467687796238
2298 11.39898061078139
2299 11.225179721559948
2300 11.03092892640959
2301 10.782392579399316
2302 11.008778904968857
2303 10.692387090352891
2304 10.933189544717774
2305 11.421039982414815
2306 11.264341734591685
2307 11.019364409865359
2308 10.67170070907994
2309 10.79489829905452
2310 10.390764259398937
2311 10.16265049395007
2312 10.30418727395747
2313 10.455246355165471
2314 10.559624500038009
2315 10.194111775724242
2316 10.236374213048588
2317 10.544844148316482
2318 11.015160447468046
2319 10.301250343762726
2320 11.040950098642696
2321 10.838090444287582
2322 10.789807082245606
2323 11.01375833904233
2324 10.91824040417303
2325 11.012552464030446
2326 10.761136475569403
2327 10.484894830446182
2328 10.26358881307608
2329 10.775382585483761
2330 10.095629601722969
2331 10.648758893338906
2332 10.401822800898904
2333 10.538655951900273
2334 10.979257276755146
2335 11.083584488202735
2336 10.549142699681791
2337 10.982046558409435
2338 10.595652440801961
2339 10.680665660130877
2340 10.275858354188587
2341 10.451238010561815
2342 10.688186242091874
2343 10.591030139321463
2344 10.717131737335409
2345 11.236502977551941
2346 10.903703374060912
2347 10.755243971139151
2348 11.021891458106591
2349 10.888820302099068
2350 10.599148214292427
2351 10.44871176069953
2352 10.787445416517821
2353 10.350149637620868
2354 10.801735760640977
2355 10.828805131476981
2356 11.06881468193608
2357 10.63139789959534
2358 10.847074272355455
2359 10.62392947897276
2360 10.488718931323003
2361 10.50590183719748
2362 10.981834145705948
2363 9.98670580970938
2364 9.937272812503345
2365 9.939485750718122
2366 9.801590296080352
2367 10.285808602165826
2368 11.101019813712208
2369 10.026983245622018
2370 10.462098460978474
2371 10.642328541595448
2372 10.485603722865731
2373 10.56722836212858
2374 10.722276177677342
2375 10.922334054244931
2376 10.481846887901469
2377 10.64865805175085
2378 10.648405265150755
2379 10.595847115666038
2380 11.098626991913495
2381 11.020277374207032
2382 10.501051426373037
2383 10.302123942111018
2384 10.25759991435121
2385 11.148337209489753
2386 10.946272861446783
2387 10.560917735704626
2388 10.779022197912612
2389 10.988155232213344
2390 10.418400546538905
2391 10.005996808748025
2392 10.786970217770506
2393 10.504259305717312
2394 10.305787292146702
2395 10.510442977866905
2396 10.434304481915179
2397 10.198503448308202
2398 10.470001830351853
2399 10.451350909582324
2400 10.515458239553436
2401 11.05020726860737
2402 10.586033643198382
2403 11.207151047594103
2404 10.408851249245712
2405 11.23571387238918
2406 10.818004226153825
2407 10.811002672392958
2408 10.400442733126606
2409 10.442041801526658
2410 10.76100879629671
2411 10.877072307164816
2412 10.795269985623372
2413 10.483597607446526
2414 10.569180916118956
2415 10.935371816985413
2416 10.472132359425226
2417 10.509925905340713
2418 10.234491099988286
2419 10.468790272946524
2420 11.137878280335672
2421 10.83720907754534
2422 10.87286869591922
2423 10.796532306735624
2424 10.239181457320827
2425 10.594431449564041
2426 10.375749996455088
2427 10.78866968858297
2428 10.289623610393418
2429 10.63767459482091
2430 10.60364202272226
2431 11.008571281782169
2432 10.97351851648821
2433 10.992157344907422
2434 10.018229444498587
2435 10.862666012554186
2436 10.676568353977881
2437 10.03359286416437
2438 10.216009632561319
2439 10.64135685837032
2440 10.000530472918944
2441 10.71812623706468
2442 10.45274890703144
2443 10.938154471735672
2444 10.33508325948416
2445 10.668798895000815
2446 10.61934881788639
2447 10.806434159225978
2448 10.627704814445266
2449 10.482610717002423
2450 10.227913295250495
2451 10.888631171441157
2452 10.587155940952426
2453 10.690734392852484
2454 10.283317523584788
2455 11.039819784548186
2456 10.99646479250675
2457 10.674107250197405
2458 10.572517033059391
2459 10.613489791283182
2460 10.96532910382884
2461 10.633316251361268
2462 10.805569984894854
2463 10.75256799868513
2464 10.795228465185279
2465 10.278937061809565
2466 11.053239474066265
2467 10.979432051841354
2468 10.350008121018876
2469 10.53868888519691
2470 10.4286353532595
2471 10.356612318089873
2472 10.696373590653502
2473 10.372601859078541
2474 10.525665408340995
2475 10.008957818589257
2476 10.652193709782736
2477 9.941830566045729
2478 10.388159406971742
2479 10.718908057217618
2480 10.278135133968988
2481 10.155490671401804
2482 10.629862023029926
2483 10.390608320016982
2484 10.343532869680725
2485 10.779324978715891
2486 10.518142732041733
2487 9.876373697091356
2488 10.285438988079772
2489 10.997011824932315
2490 10.258453578920882
2491 10.267648781999526
2492 10.513479900755174
2493 10.297349856077378
2494 10.472055534845582
2495 10.186480459146951
2496 10.28741657520413
2497 10.711624250764556
2498 10.817208746469763
2499 10.863308609521846
2500 10.934278779584
2501 10.267612732450836
2502 10.40974036419848
2503 10.55244447595709
2504 10.304106696445672
2505 10.083005349737626
2506 10.599845686265239
2507 10.502830398082283
2508 10.48261752649264
2509 10.33142674499566
2510 10.461388502587525
2511 10.434291981538875
2512 10.590150818152473
2513 10.284418556757059
2514 10.13910698381741
2515 9.939738518161757
2516 10.211151273418489
2517 9.811334851954784
2518 10.07346601080735
2519 9.891442056192968
2520 10.53263196331095
2521 10.29484178480248
2522 10.60903755282881
2523 10.264824983219238
2524 10.510054222179527
2525 10.306252712917933
2526 10.048506517459415
2527 10.801519701774478
2528 10.663830694896028
2529 10.779269892358789
2530 10.204154876309893
2531 10.169179382522719
2532 10.665431962502318
2533 10.829088303075597
2534 10.899173121315233
2535 10.971090162480952
2536 10.696069239311518
2537 10.83686261336206
2538 10.8464482249035
2539 10.840397874760622
2540 10.67367745124321
2541 10.810908814038633
2542 11.225849580633264
2543 10.953139878946027
2544 11.12654570244053
2545 11.127765659258166
2546 11.04411259695952
2547 10.862282198622788
2548 11.082908194028686
2549 10.98256840919004
2550 10.770900176147594
2551 10.975432025260218
2552 11.418178021914345
2553 11.048895932894222
2554 11.159464811235736
2555 10.835408124375336
2556 11.040279727267388
2557 11.30833883844421
2558 10.736445852086852
2559 11.046290416191914
2560 10.181020127829825
2561 10.530988752837771
2562 10.720586726010126
2563 10.633601422686715
2564 10.939188558952134
2565 10.770922353320756
2566 10.560568813623885
2567 10.4185696657449
2568 11.083882344489682
2569 10.832350196583256
2570 10.783101155466676
2571 11.058906188405594
2572 10.359856530705384
2573 10.779998111823005
2574 10.60451026411841
2575 10.00267622732144
2576 10.572256063707998
2577 10.65682965266723
2578 10.414615677449591
2579 10.360758867287682
2580 10.76211078378131
2581 11.021770813182805
2582 10.540593730940333
2583 10.224587198744835
2584 11.086110261971967
2585 10.731430873858862
2586 10.975020309353397
2587 10.612764548475184
2588 10.625843182890794
2589 11.154158148077265
2590 10.716675949063225
2591 10.688974554236943
2592 10.971996212405298
2593 10.82261221309058
2594 10.662686484209464
2595 10.8558575614585
2596 10.38019022785688
2597 10.52421232560619
2598 10.30192305792312
2599 10.658928802794312
2600 10.21522956633613
2601 10.892882108494081
2602 10.599359161370018
2603 10.263161786375731
2604 10.21414164087394
2605 10.76253379085535
2606 10.437938000906925
2607 10.81367388550141
2608 10.391108001757173
2609 10.923033973846872
2610 10.439322142648189
2611 10.600319444179972
2612 10.734098409536003
2613 10.255972859979975
2614 10.338181062229543
2615 10.181059662351302
2616 10.258986915785691
2617 10.613531636048354
2618 10.468117907074003
2619 10.7615661692243
2620 10.70462673491876
2621 10.589509091557412
2622 10.624455081884605
2623 11.243309142496166
2624 10.79939486296973
2625 11.106180223364175
2626 10.886258647805136
2627 10.651072991569421
2628 10.919647212322758
2629 10.830877759086103
2630 10.553894115221317
2631 10.221613488386868
2632 10.977314058971535
2633 10.98827913591543
2634 10.489833535248478
2635 11.018588979704305
2636 10.732766540552134
2637 10.821506015027264
2638 10.566054105896162
2639 10.07087548209869
2640 10.73575724774053
2641 10.344718170919831
2642 10.54534155545822
2643 10.650456449834886
2644 10.494074460259359
2645 10.67937923566606
2646 10.809004132125787
2647 10.346675874974807
2648 10.79198153946017
2649 10.7300031199616
2650 10.838226689088968
2651 10.895445530650157
2652 10.429500190099636
2653 10.48529973798835
2654 10.982516122561481
2655 10.597318547456537
2656 10.835462534277541
2657 11.027860607609211
2658 10.38514711239074
2659 10.279563757036994
2660 10.327720952697375
2661 10.374914332499813
2662 11.172646256856913
2663 10.371980103873787
2664 11.16715391056472
2665 10.674292019125977
2666 10.557417900513297
2667 10.376096084697013
2668 11.26808903396568
2669 10.686801976228066
2670 10.681996881755056
2671 10.737620098491117
2672 10.523100462986147
2673 10.638521339642184
2674 10.029589950190731
2675 9.698484879080134
2676 9.55431133884158
2677 9.975798115617485
2678 9.98389232379289
2679 9.769069569151675
2680 10.462127282457727
2681 10.321240176921634
2682 10.302270633677509
2683 10.09483043971287
2684 9.990455931124776
2685 9.787326533808908
2686 10.611015546957784
2687 10.04070577303555
2688 9.660934728007513
2689 10.099982911149318
2690 10.055676645814573
2691 10.016145077318471
2692 9.582081609615559
2693 9.928261410452162
2694 9.353735459505396
2695 9.77251332753966
2696 9.497929598488303
2697 9.83336639725961
2698 9.411241377685036
2699 9.650821180399662
2700 9.617003659245851
2701 9.700662752494011
2702 9.703634216280278
2703 9.645165434356123
2704 10.024402884063537
2705 9.953245235424413
2706 10.134446049884144
2707 9.97054783656283
2708 10.557437481968227
2709 9.920511048267572
2710 10.168543139114949
2711 10.705173622040181
2712 10.470225803954774
2713 9.679068224363592
2714 10.1453466817247
2715 10.106718981450408
2716 9.901508448254935
2717 10.27410007010945
2718 10.908271270017993
2719 10.631192655920302
2720 11.048568953248532
2721 10.367947495581832
2722 11.23296904757872
2723 10.622530256558905
2724 10.847906323998878
2725 11.192055943107643
2726 10.454421979889787
2727 10.518798291858715
2728 10.849398865835775
2729 10.747726519851135
2730 10.685843823839653
2731 11.026467564850973
2732 11.12728062020376
2733 11.039128777283906
2734 10.92859014353225
2735 10.746133816831637
2736 11.012581386205483
2737 10.63621817488507
2738 10.892639896052115
2739 10.792951384103079
2740 10.9273022500285
2741 10.5412035594137
2742 9.935605781839788
2743 10.828235702930067
2744 10.550999131748718
2745 10.800338506865215
2746 10.270320590025538
2747 10.622643443281952
2748 10.625411952296705
2749 10.355904995807172
2750 10.983399374898706
2751 10.049741443395163
2752 10.760746143724111
2753 10.470134051209412
2754 10.430742836435929
2755 10.749845844893843
2756 10.956777339912216
2757 10.84850945909338
2758 10.880910040610255
2759 11.180392632303958
2760 10.731203518194066
2761 10.689085180742069
2762 10.931879101205624
2763 11.44762868656706
2764 10.822167031609586
2765 10.64241259653876
2766 10.786043113604135
2767 11.080681043834122
2768 10.575919655089004
2769 11.135041781890376
2770 11.231299661984636
2771 10.799411787013128
2772 11.050736016413728
2773 11.173518997087982
2774 11.48063680581092
2775 11.53438962366424
2776 11.909761996715947
2777 11.438216064116157
2778 11.011014334740745
2779 10.855680866090767
2780 10.52448715057633
2781 11.379449896101153
2782 10.823490049771298
2783 11.301344543584934
2784 11.188033996960801
2785 11.313041263168653
2786 11.25256463329965
2787 11.624717370820106
2788 11.468134654016474
2789 11.856017759938537
2790 11.01609826275595
2791 11.105921199650028
2792 11.292495115940383
2793 10.92447074006533
2794 11.20397231582754
2795 11.456997107399443
2796 11.100814664430247
2797 11.159285041384383
2798 11.230532003169673
2799 11.34884325097207
2800 11.516115642213059
2801 11.106279289908953
2802 11.248179805224092
2803 11.384443414287972
2804 11.502969300795955
2805 11.270112897194915
2806 11.425478646385521
2807 11.313151889020157
2808 10.908377916880612
2809 11.233946905909308
2810 11.441588747734686
2811 11.400640041845369
2812 11.923052605451145
2813 11.252432928200916
2814 10.645845989331104
2815 11.431828494848553
2816 11.39632555399826
2817 11.091004600136769
2818 11.676896002279598
2819 11.395324638459298
2820 10.745310432897334
2821 10.848070431512037
2822 11.195219868741871
2823 11.419539523591288
2824 11.115596350470845
2825 11.271076375219167
2826 11.26335709577387
2827 11.494213600481437
2828 11.38829973496394
2829 11.460618592220026
2830 11.464621560875095
2831 11.385065887589683
2832 11.195229904481298
2833 11.022448514289174
2834 11.345835382831108
2835 11.253779236154624
2836 11.452356831710029
2837 11.129101028463023
2838 11.104506583756104
2839 10.905875743865254
2840 11.108453367694421
2841 10.9447228075969
2842 11.158091937536541
2843 11.031039343880474
2844 11.085415162585878
2845 11.15824953791067
2846 11.066780418105663
2847 11.338010689886131
2848 11.100895984020049
2849 11.607806685877012
2850 11.47513164965132
2851 11.099827072242768
2852 11.644773210748376
2853 11.096767921007487
2854 11.257405587630423
2855 11.391741932373833
2856 11.454215930858588
2857 10.821430127909917
2858 11.514945572809696
2859 11.171165205305673
2860 11.34985698841263
2861 10.998601921739692
2862 11.065250867356623
2863 11.0414286096308
2864 11.263199633476686
2865 10.693690281610731
2866 11.24122443645129
2867 10.80918493816761
2868 11.21954562713383
2869 11.053162667016116
2870 10.954602586062148
2871 10.93857792417565
2872 10.765500229868493
2873 10.273872538031107
2874 10.42079028753039
2875 10.72305401359622
2876 10.313911473200376
2877 10.694390484658236
2878 10.604540145057385
2879 10.974683799105902
2880 10.523172826528018
2881 11.037969810945258
2882 10.290904451876184
2883 10.734449340276411
2884 11.135232542226262
2885 11.2273384878533
2886 11.782524185708702
2887 11.486164828959696
2888 11.101277385583982
2889 11.545531317852937
2890 10.881417672587858
2891 10.720950041469102
2892 10.950809068191303
2893 11.075492944771552
2894 11.470278471256687
2895 11.387883105859657
2896 11.0790231715698
2897 10.898573783763771
2898 11.51845079501397
2899 10.999611303174541
2900 11.11318157785453
2901 10.922145224488641
2902 11.155583347975814
2903 10.338926658043311
2904 11.749976846113123
2905 10.82661594622327
2906 10.955865995332038
2907 10.333622779937272
2908 10.363934881518476
2909 10.381680696461286
2910 11.489499805976148
2911 11.119434386090948
2912 11.292963408237199
2913 11.002812354971997
2914 11.136188275999492
2915 10.801238297054228
2916 10.788714403363615
2917 10.772219802717082
2918 10.25433323387355
2919 11.054860631992703
2920 11.340444484631554
2921 11.32367487861908
2922 11.399845528777906
2923 10.732576101793073
2924 11.268317732733435
2925 11.093501800891056
2926 10.872572080480353
2927 11.194944856035859
2928 10.61651198994742
2929 10.344576755031884
2930 10.96261054614848
2931 10.905255335391569
2932 10.943293751852684
2933 10.525540601677358
2934 10.854725817925164
2935 11.245379352625667
2936 10.754610073547255
2937 10.488117507382116
2938 10.956497959826342
2939 11.32381447707052
2940 10.882974661590506
2941 11.462604690754837
2942 10.95891435219076
2943 11.248157921358711
2944 10.932067543337084
2945 10.83504009285552
2946 11.096328714609903
2947 10.552916200607731
2948 10.143190998085672
2949 10.899676315953721
2950 11.268211674254141
2951 10.705649685408341
2952 10.842600242136651
2953 10.315708702315149
2954 10.272582181572977
2955 10.361267159264656
2956 10.089688342485443
2957 10.506411548812192
2958 10.431964889426785
2959 10.46395555407543
2960 9.823671286071292
2961 10.644653094373156
2962 10.088590372644985
2963 10.18189874868628
2964 9.90332305247425
2965 10.005493322243613
2966 9.708471038614336
2967 10.237991578164644
2968 9.606413954497741
2969 9.977209355090197
2970 10.226300241630769
2971 10.106325267935388
2972 10.145273036650043
2973 10.296997009803041
2974 10.334931056721343
2975 10.209751188525763
2976 10.036788084007267
2977 9.64477304607695
2978 10.295962042926176
2979 10.02662747536834
2980 10.457623884450237
2981 10.175647256155008
2982 10.461845090349259
2983 9.918105485658485
2984 10.146555954764624
2985 9.911051870022332
2986 10.558100424861141
2987 10.138998376172092
2988 10.7862543089919
2989 9.750714997936619
2990 9.71210022145775
2991 10.42069513862193
2992 10.02232108594769
2993 9.889094079337186
2994 10.55834633545376
2995 10.760314925166
2996 10.100878431491141
2997 10.2528297232853
2998 10.484797835250959
2999 10.252776631396138
3000 10.343514075122451
3001 10.522083474207859
3002 10.436667158579109
3003 10.282613204950898
3004 10.726717663697409
3005 10.396342873864842
3006 10.131763904108928
3007 10.247585428639487
3008 10.823907561113957
3009 10.537461024894663
3010 10.851928163666155
3011 10.742122004191662
3012 10.794810486196639
3013 10.995771689230859
3014 11.268753539135622
3015 10.8843408273162
3016 10.670846234453881
3017 10.137999934427336
3018 10.811688237336334
3019 10.054570387022755
3020 10.860641442552344
3021 10.438459732913852
3022 10.651831867850346
3023 10.275437892159438
3024 10.600607154984672
3025 10.246773664878006
3026 10.20490819257464
3027 10.43044049446438
3028 10.524645804225772
3029 10.539657627999478
3030 10.687942699668895
3031 10.201734144817125
3032 10.294885141826622
3033 10.174213437531678
3034 9.698830478624359
3035 9.650595421634646
3036 10.082491749724209
3037 10.500341317011584
3038 10.332830051987226
3039 10.238636345521044
3040 10.51178541134178
3041 10.736900482198363
3042 10.400605956676243
3043 10.150829948286063
3044 9.87708239608374
3045 10.705920622230513
3046 10.344739697194655
3047 10.88435792513797
3048 10.581086617883038
3049 10.40010292791224
3050 10.64043648573757
3051 10.405036328967086
3052 10.958586972276889
3053 10.580719808128467
3054 10.765558087314847
3055 11.027661179531828
3056 10.834744451741054
3057 10.766261130640702
3058 10.615510721471324
3059 10.808281822288825
3060 10.435980458083959
3061 10.160766460422435
3062 10.919584166533756
3063 10.65925627485564
3064 10.78052177623643
3065 11.165754964696168
3066 10.513202363761621
3067 10.089170775085535
3068 10.232382841728624
3069 10.509790655148805
3070 10.832896897335507
3071 10.525554677943852
3072 10.471487388283089
3073 10.711632882815634
3074 9.81625339973249
3075 10.378052085078581
3076 10.227085093428643
3077 10.374758007708897
3078 10.43589356623648
3079 10.300377990742009
3080 10.493473741231872
3081 10.476345492115641
3082 11.000937163853676
3083 11.093723562789881
3084 10.902979105832056
3085 10.944836525399557
3086 11.326817203151242
3087 11.309879702366834
3088 11.234340825121397
3089 11.08284280638648
3090 11.087146655785398
3091 11.179615403568398
3092 11.233902017009243
3093 11.43483079594301
3094 10.40754394278592
3095 10.383370943437365
3096 10.878704094674045
3097 10.42055220012288
3098 11.239944151591905
3099 11.602381007474676
3100 10.670623987009495
3101 11.437325364704188
3102 11.29225763995574
3103 10.697573595321265
3104 10.746819003069414
3105 9.966459428521715
3106 10.331005557608899
3107 10.081335711989286
3108 11.02017029460657
3109 10.736588836784792
3110 10.603739794782191
3111 10.408025042143699
3112 11.296430468058471
3113 10.741377750669768
3114 10.750917594107063
3115 11.000573655813401
3116 10.858572138438653
3117 10.777508452060651
3118 10.54973301949628
3119 10.290304435579785
3120 10.582763211357365
3121 11.29456560456953
3122 11.169337092789995
3123 10.562104662479033
3124 10.629660272939521
3125 10.904497088085424
3126 10.455909747283822
3127 9.632409637362942
3128 10.270637335109207
3129 10.630841463382792
3130 10.514776799143817
3131 10.31800020528852
3132 10.108323186473422
3133 10.650424332940327
3134 10.340435711373816
3135 10.76277588295699
3136 10.526145939040752
3137 10.342808540258098
3138 10.468021967561604
3139 10.762580380560157
3140 10.123433359437849
3141 10.49922548638706
3142 10.520600433876222
3143 10.652034957219644
3144 9.753552555375087
3145 9.987791190044971
3146 10.314363102205988
3147 10.236772398720161
3148 10.177923217197362
3149 10.376584652097932
3150 10.155601651117161
3151 10.073762380538662
3152 10.52268820466071
3153 10.00083678068949
3154 10.738733845894556
3155 10.084603168127659
3156 10.125738104023712
3157 10.477194369829089
3158 10.238230863896222
3159 10.272388747172092
3160 10.071074221047816
3161 9.851449399263492
3162 10.224810166259351
3163 10.155001747243784
3164 10.626850290472566
3165 9.95528621515454
3166 10.221571115258651
3167 9.975505302868372
3168 10.11410473246114
3169 10.219094470589264
3170 10.327418371898467
3171 10.416985533863635
3172 10.343585077433161
3173 10.121530098803344
3174 10.738270958563389
3175 10.196973333181615
3176 10.419113452180456
3177 10.031197037168335
3178 9.971190194305096
3179 10.498420327997508
3180 10.375293963130233
3181 9.93089301007747
3182 10.176109098200099
3183 10.315645498398968
3184 10.438563797497531
3185 10.765404013765108
3186 10.750675407984609
3187 10.006202426639806
3188 10.546341231702684
3189 10.392410475259798
3190 10.640595419989602
3191 10.007884346669243
3192 10.488843964450815
3193 10.528702673112917
3194 10.168432728952062
3195 10.235310772545821
3196 9.91637198804711
3197 9.535987761294079
3198 10.942676942864141
3199 10.688247316639409
3200 10.26895978826542
3201 10.659651725714998
3202 9.91499405852245
3203 10.832257935186426
3204 10.83650218952603
3205 10.442641689069497
3206 10.436530319729512
3207 9.810410964016352
3208 9.991954303694818
3209 10.198093433535036
3210 10.201986777654142
3211 9.917660226674125
3212 10.404070944531426
3213 10.551960246103008
3214 9.847369775355894
3215 10.154068277929833
3216 9.863337250154988
3217 9.895695379782614
3218 10.269624230560561
3219 10.142786908373957
3220 9.568323271396649
3221 10.343884362711279
3222 10.232075135404692
3223 9.828916267438583
3224 10.16575519414388
3225 10.352868695294083
3226 10.208476292316337
3227 10.51450575863613
3228 10.279318915404259
3229 10.85135608579406
3230 10.624139113438499
3231 10.465914051580492
3232 10.387110945251562
3233 10.578084538958752
3234 9.668375370245828
3235 10.632244407884658
3236 10.503285202059885
3237 10.433144575614945
3238 10.270705719646953
3239 10.212368248639336
