0 5.581592141115212
1 5.457052699871386
2 5.412719033328619
3 5.651182576365748
4 5.4004886254816595
5 5.580364483486192
6 5.321757104890278
7 5.652174557967446
8 5.447621582028697
9 5.832337602971462
10 5.471606043768784
11 5.909397213127298
12 5.593785794642328
13 5.551262820965708
14 6.155446331874524
15 5.490018268785297
16 5.690387096808508
17 5.6347487845259705
18 5.385418322840703
19 5.914080089130371
20 5.937786652893307
21 5.585338340262968
22 5.465606277641099
23 5.319626033980594
24 5.769170928386463
25 5.677022331131669
26 5.526673144446788
27 5.389233773876669
28 5.464606667317791
29 5.565677211828828
30 5.656764098817238
31 5.914176846814687
32 5.852751651581189
33 5.4259527074820895
34 5.571287166417028
35 5.7515718360932455
36 5.255871885874297
37 5.648629223041091
38 5.181755729631907
39 5.317176254337975
40 5.58681263149942
41 5.4055619437932485
42 5.877185617195066
43 5.591387932549021
44 5.524060996012935
45 5.681731856865453
46 5.233397252496422
47 5.578642954695266
48 5.25907613823079
49 5.791088358340128
50 5.620131132478795
51 5.480121155775937
52 5.629737217969052
53 5.608906292781449
54 5.470999649569285
55 5.5084912094028216
56 5.51157663902134
57 5.555125051685441
58 5.42658361986257
59 5.610688872509949
60 5.516233673445631
61 5.609178613766232
62 5.12321402722131
63 5.608614576472578
64 5.714487076960181
65 5.302897108415477
66 5.649199225548778
67 5.544876498004618
68 5.29518511305047
69 5.719707296159527
70 5.272597004784562
71 5.65329037056218
72 5.749499143402155
73 5.665262982492912
74 5.571027516544813
75 5.290818186101642
76 5.699562314542656
77 5.4257002093465685
78 5.485905575983229
79 5.9064997439384515
80 5.774019596836578
81 5.66119104008837
82 6.152941919416147
83 5.518454478136204
84 5.719339159688943
85 5.412610352041251
86 5.563257191529596
87 5.498869211206664
88 5.670333791172996
89 5.562827850878507
90 5.2010868499754395
91 5.492239243255556
92 5.449890799820133
93 5.46933007619145
94 5.806041840467863
95 5.653064157743343
96 5.660355851568909
97 5.70388309519227
98 5.263732636013995
99 5.97131540545128
100 5.889086505038142
101 5.987646238589077
102 5.850969454375102
103 5.893155322343046
104 5.905740954225424
105 5.258469056770612
106 5.1077399660612635
107 5.7360783195939025
108 5.858039659597946
109 5.513877446182517
110 6.122550125423685
111 5.457922168817502
112 5.318281267022066
113 5.602016257999463
114 5.548073539277908
115 5.630247910265516
116 5.787151795769943
117 5.281625925373941
118 6.014022937812758
119 5.746745161493157
120 5.398228195678972
121 5.193843745316493
122 5.629035857733128
123 5.730103017441466
124 5.428458561106198
125 5.313082703789127
126 5.551073238790566
127 5.5714084656098715
128 5.272623652582479
129 5.615663267436417
130 5.401374316973599
131 5.475238160296758
132 5.666489853836724
133 5.19235752821155
134 6.202798881548908
135 5.392325342038404
136 5.3337853803309745
137 5.7765090486465995
138 5.566760445712723
139 5.486501394308129
140 6.157604524162509
141 5.602353555331628
142 5.617283647465117
143 5.622140338676527
144 5.750052795488185
145 5.42131750747077
146 5.486048286679494
147 5.796660795122158
148 5.616213710572119
149 5.590914515178047
150 5.708989645637579
151 5.728767826300474
152 5.459527787070274
153 5.785200167077516
154 5.5836021998955125
155 5.928079438767655
156 5.331791562176096
157 5.614518765003028
158 5.653749329525965
159 5.902899771990076
160 5.652027515608674
161 5.3759699185350485
162 5.723489025337006
163 5.525463974017207
164 5.6004149815375985
165 5.453569591250025
166 5.364806187576418
167 5.738523162821487
168 5.470868652621894
169 5.632048475812385
170 5.8353604343169145
171 5.935138371606273
172 5.784448795011353
173 5.6086645031992255
174 5.888206286634484
175 5.679695599302246
176 6.11559802216547
177 5.562975048284827
178 5.641426619505456
179 5.616223205981059
180 5.657970619372947
181 5.738232368068328
182 6.082639993642992
183 5.964920151974985
184 5.7035504259515495
185 5.697535553212459
186 5.7395893655163475
187 5.531921736498816
188 5.625712188988532
189 6.031963871623286
190 5.554453007289175
191 5.840893752095226
192 5.6476149001046885
193 5.971516916735564
194 5.8202072671686516
195 6.142253379024672
196 5.876524980703369
197 5.971986964727627
198 6.310966899110032
199 6.039561961250336
200 5.836272506153323
201 5.598912302214917
202 6.284548233786482
203 6.225372538062944
204 5.663429876022398
205 5.829907644218096
206 5.827981952484365
207 6.087081737017583
208 5.661935766969405
209 5.783570031135645
210 6.574189264794686
211 5.967886076098473
212 5.930420930656413
213 5.46906911364905
214 6.849419845886365
215 5.783992775889283
216 5.9238557975883275
217 5.850316813265183
218 6.007182233342826
219 7.382427780509257
220 7.175536549388722
221 8.030711234451823
222 7.908097493368454
223 7.629787068305336
224 7.420429343987074
225 6.158026095095276
226 7.574872123186201
227 8.108537655798354
228 7.713616903248599
229 7.98584887310261
230 7.746266455731324
231 7.9811430171847775
232 7.799276907934855
233 5.531818337291412
234 5.81523758934704
235 5.696051887320934
236 6.302176843246523
237 5.992718247920169
238 5.683119459286064
239 6.286208121958868
240 6.3276050237737005
241 6.03983833190087
242 5.974741553083236
243 5.699187685147299
244 5.6793068819114545
245 5.762880490937232
246 6.4159299205099
247 5.93298872247111
248 6.157591385533152
249 5.811496123704061
250 5.26872318479002
251 5.942800492681577
252 5.502916590451976
253 5.653821182979653
254 5.640673834359612
255 5.781958681632693
256 6.164954084427687
257 5.559782013529693
258 6.141486771968726
259 5.617982821572712
260 5.865797820879828
261 5.417670032141424
262 5.756987914260831
263 5.782669350966129
264 5.988212976266909
265 7.041234728906401
266 6.968961843909966
267 7.2932447633942274
268 7.332295474737912
269 7.360914485443143
270 8.042076515373639
271 7.520110338032157
272 7.578119528025199
273 7.886714438882464
274 7.756905352717121
275 7.346438740639427
276 7.850031022746579
277 7.828151899450187
278 9.263740401601586
279 9.073421089861002
280 9.498434413448226
281 9.606238523923091
282 8.728897551332032
283 8.444351511672847
284 8.549096083388646
285 9.556359136090874
286 8.911341449966919
287 8.82644925988073
288 8.402686774155118
289 8.702548358597957
290 8.773347890994263
291 8.903353123328767
292 8.80648284024594
293 9.159674155774788
294 8.67159289416556
295 8.80508789160262
296 8.951217251718038
297 9.99150297909416
298 9.601518877597204
299 9.33207307158647
300 9.559664430413767
301 9.987986818985487
302 9.382092278080387
303 8.937153339186361
304 9.759136978271846
305 9.752309947458013
306 9.586376557129054
307 9.767060892340234
308 9.788139157953415
309 9.649373902987175
310 9.727758477442215
311 9.926920635539389
312 9.934141548994763
313 10.480716044301573
314 9.978801651561556
315 10.097097698301436
316 9.620545009409323
317 10.20556630623484
318 9.808973660480712
319 9.619069323847318
320 9.772704366850782
321 10.081536481130229
322 9.266798822287189
323 10.916315962009184
324 9.82310101585794
325 10.182283039527626
326 9.829712399069841
327 10.014197829559665
328 9.890163011474646
329 9.77706128811869
330 9.587567802963276
331 9.31997742226173
332 9.838044179545937
333 10.183910839136423
334 9.519377885500935
335 9.942454508210256
336 10.19505581954753
337 9.632725533639753
338 10.037611844843985
339 10.15975312093628
340 10.111863203675792
341 10.23659246033813
342 9.852356293276467
343 10.189181302889232
344 9.754782235348827
345 10.414066210335378
346 9.480779305189618
347 10.575354135907062
348 9.632237299381702
349 10.320768355597286
350 9.714424202294701
351 10.137196630056508
352 10.119463590819791
353 10.68665074968449
354 10.392930641054427
355 10.234040727183146
356 9.566009324117802
357 9.177863580055867
358 9.33905391302617
359 9.016024383403813
360 8.299125693080835
361 7.861072931168631
362 9.144155742917022
363 9.5884117550402
364 9.97670039554828
365 10.042544337790876
366 9.580100740935439
367 9.993570857341386
368 10.441406733790926
369 10.33957231752061
370 9.497007197396197
371 9.865090105179567
372 9.873430536288698
373 9.083737652381304
374 9.74198256848786
375 9.709490493450744
376 10.17759953310825
377 9.963047416200228
378 9.827997849877402
379 10.013053961071858
380 9.912817163118792
381 9.738954236822076
382 9.545321993188443
383 10.062262997132308
384 9.106969222951134
385 7.958348191190741
386 8.029119772449713
387 8.097223375159388
388 8.389871967795658
389 8.340869019383122
390 8.915451937313176
391 8.26182392729852
392 8.558075554237917
393 8.861572907483813
394 8.71047565613791
395 7.837795581532377
396 10.165652393896709
397 10.2072227457022
398 10.423707665507987
399 9.186961879425086
400 7.941718050094466
401 8.370731719926242
402 8.021991358513635
403 8.071177180753127
404 7.917866857621655
405 8.366148764731914
406 7.45585790826469
407 6.746744524878235
408 7.934474513284188
409 7.367028434434481
410 8.434090615469453
411 8.532624107976837
412 8.34121468156262
413 9.452209907754222
414 8.985753121700135
415 9.231176177823704
416 8.507223222897817
417 9.157958135908986
418 9.123537236029593
419 8.711053659846481
420 9.041096029860483
421 7.8301758944488045
422 6.920490811645255
423 5.593460768815409
424 5.640689028461542
425 5.71332605028564
426 5.650620936519279
427 5.3511586687473205
428 5.606605996813271
429 5.292914881388266
430 5.397423702454379
431 5.856909544087125
432 6.130138459837283
433 5.785566449841738
434 6.750480577954046
435 6.754354783281787
436 5.4656123032252015
437 5.735261782886026
438 6.532169504689315
439 5.925899130888456
440 5.576168265256469
441 5.606806244057598
442 5.68813510357185
443 5.598429515470609
444 5.685623168210758
445 5.831053864702495
446 5.5972610665331155
447 5.6509273921480165
448 5.807215867164103
449 5.97449206635428
450 5.7190777112685875
451 5.90683236595245
452 5.855495258184069
453 5.872976344119303
454 6.162443835657074
455 5.713157921491695
456 6.388964253149559
457 6.734902132619358
458 6.307156606420543
459 6.281269264877818
460 6.7904429356787075
461 6.129040012533137
462 5.859531684615953
463 5.58736880947852
464 6.123163966841537
465 7.259573977960095
466 6.361999913276833
467 7.618856412560201
468 6.425268641332765
469 5.9414206598552175
470 6.052219712209748
471 6.007603887940472
472 5.8658445662446965
473 6.073272316415973
474 6.13516085813314
475 6.160767178451972
476 5.842021215890453
477 6.088058521819508
478 6.135472854872199
479 5.795487793479757
480 6.111075202808069
481 6.2241554429724895
482 5.999107516176225
483 6.160527575462362
484 5.541566748665225
485 5.940217782220484
486 5.631581377238893
487 5.8904888276689995
488 5.846345674970644
489 6.027366498075682
490 5.996346425845299
491 6.0469586447369466
492 6.059155301217053
493 6.221519139052573
494 5.776509785111745
495 5.842947090885476
496 6.0007417006637755
497 5.901528194263293
498 5.65922249969104
499 5.841674945142425
500 5.56800738649305
501 5.7531893262011575
502 5.762769698388135
503 5.673023340511435
504 5.676191268562825
505 5.4343634768749665
506 5.624499230995482
507 6.433887746822109
508 5.696456709563206
509 5.523360648142907
510 5.624449275037909
511 5.9631943365967475
512 5.507528131207848
513 5.938250595885585
514 5.692244953184271
515 6.104337042393932
516 5.482319531491181
517 5.836226785872618
518 5.644325142343247
519 5.6970036227644965
520 5.724104761857727
521 5.657301399856327
522 5.796353615003243
523 5.682218334369621
524 6.025258634758752
525 6.038815262534959
526 6.083459931995518
527 5.9767597663810985
528 5.450941482260698
529 6.1759576682088735
530 5.565854735261073
531 6.043138823895821
532 5.5161849218514165
533 6.168922466195927
534 6.0544406216494675
535 5.861654095503563
536 5.96849092822252
537 5.660852244084933
538 6.443251665223994
539 5.483045547810627
540 5.900723349292762
541 5.765404449174874
542 5.659140681337761
543 5.952860084125588
544 5.679226787754634
545 5.891809965069312
546 5.822781882855208
547 5.859209303411695
548 5.572090008355626
549 5.975053839349741
550 6.117248293672836
551 5.645728724419002
552 6.412444279338434
553 6.594638946381574
554 5.723605507791634
555 6.4752051533358115
556 6.171690360202626
557 5.5944107462216035
558 5.526104422453006
559 5.3241581212839195
560 5.335789129906343
561 5.5329154240910645
562 5.829986483861366
563 5.688450755120787
564 5.555709471499871
565 6.35818007662292
566 5.54797410715204
567 5.626303604442359
568 5.772271529191061
569 5.598685769586507
570 5.697103260587081
571 5.879273857404128
572 5.635204457771471
573 6.199889658131205
574 7.046468082565405
575 6.112333565758672
576 7.114191811975292
577 5.911594628557469
578 5.684676480436717
579 5.76661022344244
580 5.970721874472706
581 6.050672182718409
582 5.586123471344754
583 5.418835047940253
584 5.317865572031705
585 6.444144303839666
586 5.728253563366033
587 5.7094456087630325
588 5.408280363609153
589 5.826312430176603
590 5.670386662724707
591 5.726941041689982
592 5.847799347982213
593 5.222772331112966
594 5.530644416849125
595 5.512334643695878
596 6.160604467767706
597 5.6885997162819955
598 6.07981051771862
599 5.627930962201774
600 5.790236330514713
601 5.8364587065406255
602 6.336555479411485
603 7.081090416120417
604 5.7392088332141125
605 5.709321835261604
606 5.506100894159496
607 5.316629886331745
608 5.955758035613981
609 5.799210616324602
610 7.042127201654859
611 7.529656765409585
612 5.82909356899296
613 5.830322061487949
614 5.996459724694802
615 6.165646968567618
616 6.073849722422313
617 6.265489539957795
618 6.57350820781057
619 6.187802915056225
620 6.165087221479991
621 6.155733593579726
622 6.405338034319534
623 5.9940651443454565
624 6.3494124981341225
625 6.141674238263821
626 6.001912905664401
627 6.084905444667716
628 6.287878867884664
629 5.538580244676534
630 5.833870594988209
631 5.6653349297023725
632 5.576269772713672
633 5.45177612593908
634 5.565110333923221
635 5.467528185347736
636 5.782503610530827
637 5.483740569625114
638 5.2222390974486705
639 5.540651956701198
640 5.947098362208117
641 5.980421463255823
642 5.345017825607494
643 5.42108270471294
644 5.342215605062529
645 5.776383896827437
646 6.1582278646424635
647 5.5699298981023375
648 5.461209039028718
649 5.483863360183749
650 5.3144759535798896
651 5.478525708557361
652 5.275496276727793
653 5.324281812848802
654 5.175023494016913
655 5.592277590431718
656 5.938750770868384
657 6.654413776460602
658 6.328872621871858
659 5.123218223239008
660 5.572314904852049
661 5.414443102660166
662 6.200681326582104
663 5.753077372011249
664 5.566326770024612
665 5.805907104682299
666 5.862865954259323
667 5.391623956273994
668 5.275620511699991
669 5.439124714930121
670 5.5982250721399485
671 5.744465219260911
672 5.571362994407136
673 5.768446200856963
674 5.687463739949435
675 5.550095536393002
676 5.22882804017646
677 6.066587134878023
678 5.634303184030257
679 5.763946737670283
680 5.531209203753921
681 5.732586213727176
682 5.875662866368083
683 5.59582300166357
684 5.835342367833024
685 6.176295005550461
686 7.287294279427017
687 5.928670098239549
688 5.749291108184879
689 6.106719716146413
690 5.788607929667904
691 7.192011904233503
692 6.790693216547393
693 6.071370626210764
694 5.966359939794569
695 6.103888061387538
696 5.59817778730543
697 5.661639058506494
698 5.986723331721858
699 6.256147510484649
700 5.960440711247173
701 6.579465207518155
702 5.903486343063976
703 6.022831910564531
704 5.993321615809226
705 5.987591674322269
706 6.076724523072529
707 6.0594300106135925
708 5.820266198368976
709 6.16896516452679
710 6.124069069371735
711 6.099871139115587
712 6.473458636863703
713 5.984152323737659
714 6.301863438848988
715 6.2548018747286465
716 6.528742081094161
717 6.174129348003074
718 6.103849814822109
719 5.932027503298528
720 6.494247648688462
721 5.97279750831111
722 6.015401075560345
723 5.620246552893398
724 6.193723168010925
725 5.964559804690545
726 6.020576531021932
727 6.020374941618414
728 6.269109917436527
729 6.244926747936371
730 6.278086569632503
731 6.341991751443587
732 6.127598195106766
733 5.7979580262991295
734 5.87303103261679
735 6.119725269565168
736 5.378335933259226
737 5.404815052750164
738 5.49623520231417
739 5.478326719930568
740 5.851189808602648
741 5.726276875402192
742 5.59051294080401
743 5.330492673244229
744 5.727196904236166
745 5.504997293487054
746 5.92162018903589
747 5.555268849992299
748 5.899079827068064
749 5.3738791279916684
750 5.381194131337625
751 5.593169237133761
752 5.7835301809717174
753 5.719652481558229
754 5.34283201147392
755 5.704651811141965
756 5.7622671370238026
757 5.788076329411155
758 6.11836356476288
759 6.7144652294358815
760 6.433158790227053
761 7.3102493679352065
762 5.954314787844079
763 6.0862426075205365
764 5.717095798317154
765 5.940557354212013
766 7.32445633560543
767 6.699982355840595
768 6.895789767687857
769 6.528249708682555
770 5.069952359720198
771 5.571978144185643
772 5.893528778720396
773 6.682953780512898
774 5.657050443599103
775 6.051271318521634
776 5.713138944401759
777 6.199644331522255
778 6.049064337131838
779 5.8267132698842605
780 5.469519661835347
781 5.565400926898887
782 5.762681534826583
783 5.738940560337393
784 6.12763148942184
785 6.006665831934173
786 6.64784476949277
787 5.9834503263618
788 6.127912008811736
789 5.9802843443653675
790 6.177402493448147
791 6.525639121923652
792 5.6975480407150485
793 6.54401074564674
794 6.384864114581281
795 5.983111937087961
796 5.35827507802227
797 5.856999122441682
798 5.544371906107674
799 6.107358329200324
800 5.960055811379527
801 5.8728695593715505
802 5.952640056489462
803 5.841995655223837
804 6.116422731509306
805 6.101835098696852
806 5.804703895873479
807 5.880737288862188
808 5.62448946118832
809 5.784147058539964
810 7.286091741544774
811 7.504119628442275
812 8.07893333388754
813 7.194037544504163
814 7.545903551727642
815 7.428970350085138
816 6.2155323436477765
817 7.243607533275642
818 7.863037631869184
819 7.59558667338159
820 7.569436305675401
821 7.532426169942198
822 7.752494880183862
823 7.485122258611233
824 7.883639751713969
825 7.7241206639526565
826 7.734539714889114
827 7.120030447466965
828 8.293690221839379
829 7.678483288999226
830 7.825593213255404
831 7.430931268487354
832 7.432247579502816
833 7.724353080267679
834 7.51282580394995
835 7.668804960266597
836 7.921794708949758
837 7.1367555586381135
838 8.112201829376673
839 7.279247433652854
840 7.613662928038265
841 7.179156587997985
842 7.168302942390082
843 5.692146002796197
844 5.99817511470037
845 5.907544569866382
846 5.963982744307328
847 5.324514750255016
848 5.829313694652099
849 6.131088998710618
850 5.768742335552882
851 5.750576527136411
852 5.43750136405463
853 5.78796374369658
854 5.844354040859592
855 5.773884089078509
856 6.141693983188025
857 7.3682479157728435
858 5.924002154834721
859 5.768438358940641
860 5.964394887913449
861 6.116594497472404
862 5.956026166301723
863 5.65633653771177
864 6.5761388463909975
865 7.131122904099021
866 6.42538977763001
867 5.987010172298119
868 6.101460457579441
869 5.741475873772346
870 5.780631702357545
871 5.751791485078148
872 5.67625214444218
873 5.415226144750268
874 5.903577389384745
875 5.417690844914994
876 5.654855086048795
877 5.5416912493565995
878 5.554916671380587
879 5.405603467654411
880 5.833221050881225
881 5.8389329232020195
882 5.559418223940212
883 5.636387192439119
884 5.56705767878673
885 5.298931019400959
886 5.369716960087522
887 5.383512317121019
888 5.463148208967684
889 5.695354607656612
890 5.278827219894688
891 5.086878364740053
892 5.10868216910399
893 5.572470333970473
894 5.47825755742194
895 5.478779850122717
896 5.458893709862507
897 5.441377489298941
898 5.524848360089229
899 5.650202254955856
900 5.4882753278316425
901 5.33395974120389
902 5.794039897940928
903 5.731938474114316
904 6.446919167776267
905 6.820357463077624
906 6.474155835889426
907 6.214981569925572
908 6.333470321056815
909 5.258222584000091
910 5.739785888526764
911 5.567205169235338
912 5.87711861349543
913 5.689896426410449
914 6.577900599915982
915 6.358150180309591
916 5.9950080597427355
917 6.4552889424727935
918 6.420438199867647
919 6.806715445698678
920 6.126437035422776
921 7.0729482631280005
922 5.9559732733151245
923 6.350196709192051
924 5.710498572559714
925 5.603105750435565
926 5.619639202134389
927 5.688823861742086
928 6.423526417431047
929 5.743552436993888
930 6.7746943953777174
931 5.82337883997071
932 5.538347076908835
933 5.910134569037843
934 6.706167255454322
935 6.09318810300828
936 7.178565534683041
937 6.550069451630928
938 6.016107902608397
939 6.63949062810895
940 6.251646953040977
941 6.811785655110573
942 6.4421106363264755
943 5.578525229940305
944 5.957383623782471
945 6.888952220561574
946 7.17140840861134
947 6.9776020479801115
948 6.250373202867675
949 6.6053208443424305
950 6.544487834138038
951 5.484901502757211
952 5.935427029062188
953 5.60328904032292
954 5.2449922211369016
955 5.648135360181585
956 5.4854281419961595
957 5.9517632037303345
958 6.86610251974838
959 6.231207675868607
960 6.217838720580585
961 7.5145267775483156
962 7.522077416886026
963 7.0717849696376875
964 7.560563865732651
965 6.927668594597124
966 7.356207184365717
967 7.33191757400778
968 7.522715694666527
969 6.036637765834168
970 6.242517300535251
971 6.631475745917708
972 6.641077322557285
973 6.258643543307168
974 6.24482875517552
975 6.336543774596424
976 6.197843242498709
977 6.270222195417686
978 6.134007547774815
979 6.093329713754079
980 6.400813855730915
981 6.739923405913604
982 6.3509644088617705
983 6.941459416614972
984 6.659156607357856
985 6.739413840552398
986 7.085945449719665
987 6.926268002509923
988 7.220202477419022
989 6.874655433159407
990 7.041807337056017
991 7.111599587409994
992 6.630077857402876
993 6.464726676981195
994 6.301033605132876
995 6.75940519577408
996 6.362615517750668
997 6.523775989558666
998 6.525104332780326
999 6.2949025964386625
1000 6.796353910860812
1001 7.814679456015141
1002 7.057098326706211
1003 6.795769583779449
1004 7.139032460977395
1005 6.885919224067943
1006 7.904027418769714
1007 9.031568725458548
1008 8.40128363037661
1009 9.19394750954613
1010 8.77827016270436
1011 8.728501723675407
1012 8.679642683561525
1013 9.22469260406852
1014 9.255578956491945
1015 8.564002338100993
1016 8.436302776080662
1017 8.683715128197504
1018 9.319336460789724
1019 9.557464750649906
1020 7.008163634509096
1021 7.537879326153827
1022 7.48332444431432
1023 6.458705177468386
1024 6.355546137453694
1025 6.938785828025142
1026 7.1883461905398125
1027 6.876208367589136
1028 7.1485542645643765
1029 7.032010268428091
1030 6.8263334883175775
1031 6.820268748574211
1032 6.990453958940045
1033 7.055796886892562
1034 7.296307976925714
1035 7.3142604179278425
1036 7.323675052649086
1037 8.374521324870237
1038 7.289996217559359
1039 7.6676666293053275
1040 5.7493711985544955
1041 5.48005483591157
1042 5.567158690867579
1043 5.333377078850391
1044 5.7543585093907925
1045 5.802343721050756
1046 5.651221593194143
1047 5.436264496632346
1048 5.491982723720629
1049 5.420296833547751
1050 6.420145895674985
1051 5.974099934914043
1052 5.42615531204863
1053 5.858148739915512
1054 6.049531402505576
1055 5.967856969771232
1056 6.141575096490934
1057 6.8640566730671315
1058 6.352786954319353
1059 6.633330673537842
1060 6.33611921162653
1061 6.121017983040113
1062 6.764339061702534
1063 7.572743201043195
1064 7.146361382297596
1065 6.4639249817997015
1066 6.569463032095767
1067 6.562337614296249
1068 6.336478816882821
1069 7.607105118420324
1070 6.813599813266506
1071 6.523917485893771
1072 6.492604929636498
1073 6.3607423522298365
1074 6.634338269401283
1075 6.636031735435993
1076 6.398709724941534
1077 6.176920387676593
1078 6.2623286684102215
1079 6.129288212891993
1080 5.889763522540292
1081 5.894706830965312
1082 5.980758249646063
1083 6.7252860004077215
1084 5.950686535025069
1085 5.620079876477094
1086 5.721173763390142
1087 5.779405112307709
1088 5.445076715010828
1089 5.516991418223415
1090 5.588764372006389
1091 5.8400442953810465
1092 5.804858090930926
1093 6.439709625726167
1094 6.53712652731036
1095 7.066179981946677
1096 6.006279134249833
1097 6.30987187828535
1098 6.346247814981672
1099 6.590489607341243
1100 6.23826335373696
1101 5.683852115679649
1102 5.736323194872343
1103 5.950425257666384
1104 5.9750913075762755
1105 6.012659153326047
1106 5.632668440634716
1107 6.263930123673614
1108 5.611727867403331
1109 5.451813993591316
1110 6.09084600529136
1111 5.970848869073913
1112 5.943792954230013
1113 5.482146076360263
1114 7.643098239000647
1115 7.216424676430543
1116 5.990857912853845
1117 5.945483580816557
1118 6.146769634812757
1119 5.569637231965854
1120 5.294599381983918
1121 5.507816700699808
1122 5.546569425340517
1123 5.800857696008531
1124 5.97467497787828
1125 5.418876944963559
1126 5.111442798521334
1127 5.439108728670367
1128 5.94858718123348
1129 5.591304237247969
1130 5.566305064962454
1131 5.396105005476706
1132 5.393095876255758
1133 5.348774995945265
1134 5.252320880253002
1135 5.247804578622662
1136 5.834242451011697
1137 5.788263530839775
1138 5.53401475372927
1139 5.4954794623622485
1140 5.65961643037043
1141 5.305199893149178
1142 5.632863814410499
1143 5.031029166227545
1144 5.337073456564362
1145 4.986057439641976
1146 5.81395465441102
1147 5.179043401465898
1148 5.214230905772823
1149 4.995118641108154
1150 5.364218350829198
1151 5.490770468595713
1152 5.303658641070702
1153 5.548862785798452
1154 5.435167555616508
1155 4.62500830082071
1156 5.12627108402819
1157 5.1751359876062
1158 5.3386133691117035
1159 5.269990079107511
1160 5.239517119875913
1161 5.166701154431248
1162 5.472229479305077
1163 5.268865384100494
1164 5.491994757420067
1165 4.977817231975761
1166 5.739605568414925
1167 5.177621280488582
1168 5.378961051980205
1169 5.165965448292162
1170 5.065962512843075
1171 5.524837052706705
1172 5.4390124126035415
1173 5.286300633175829
1174 5.538713569937105
1175 5.763744745797504
1176 5.96548983468373
1177 5.388039489848972
1178 4.801504843714963
1179 5.551332982882225
1180 5.429820420214386
1181 5.9541872473254065
1182 5.657566646489676
1183 6.587975446196476
1184 5.8085619428968425
1185 6.535643687354451
1186 6.470949628692159
1187 5.405858100182646
1188 5.268085847619658
1189 5.535786359947483
1190 5.1468719396876565
1191 5.225074170798869
1192 5.496535203667656
1193 5.817810260996848
1194 5.418196869140515
1195 5.750836720049247
1196 5.379080956006859
1197 5.435698552781781
1198 5.440630863546027
1199 5.565618350697267
1200 6.311583075631922
1201 5.302237887383677
1202 5.979355423211144
1203 5.52831476431539
1204 5.825402626059636
1205 5.378850947220283
1206 5.637795072606968
1207 5.664838055013488
1208 6.476938166379529
1209 6.507512837885117
1210 6.988828903849058
1211 6.778413587489992
1212 6.658831599877568
1213 6.5532868778539
1214 6.575242271729532
1215 6.19625329983333
1216 6.588862806403934
1217 6.438203914877374
1218 6.603047771276612
1219 6.065778468316079
1220 6.937360009721107
1221 5.866273778514679
1222 5.566316460816061
1223 5.437109893956149
1224 5.317405700121638
1225 5.211640337762943
1226 5.426927418091171
1227 5.637531848121453
1228 5.25949057358468
1229 5.257030956292107
1230 4.973627998826928
1231 5.506403373898701
1232 5.368409941297244
1233 5.377903258345448
1234 5.6497607194820585
1235 5.639239879582899
1236 5.340323863396778
1237 5.1392988747317885
1238 4.87960802677324
1239 5.369460360428261
1240 5.463058782584776
1241 5.714488742759474
1242 5.39087321503897
1243 5.434426681842827
1244 5.430742448769259
1245 5.498524476008748
1246 5.5074961389933605
1247 5.623687923076255
1248 5.565910717395322
1249 6.259110743111059
1250 5.7864477913379995
1251 5.910327383781703
1252 5.422723621897733
1253 5.562336435525928
1254 5.461240283260214
1255 5.208013779344714
1256 5.527174961677209
1257 5.265969058284313
1258 5.364400340731554
1259 5.538818968820522
1260 5.5785547992775815
1261 5.139679056521873
1262 5.199981948855301
1263 5.614069318869558
1264 5.628240209595917
1265 5.284745839980458
1266 5.137883513517326
1267 5.6121963593249
1268 5.517124692928846
1269 5.35352711568297
1270 5.2658024358573785
1271 5.654147613990906
1272 5.140964714257457
1273 5.071995583916328
1274 5.325845901028881
1275 5.296053552643052
1276 5.168139095138333
1277 5.611861416333473
1278 5.48120792136752
1279 5.370403358688883
1280 5.38956142591176
1281 5.293438627571332
1282 5.3287465492871116
1283 5.567431982088694
1284 4.913572102431949
1285 5.107867788273741
1286 5.411164135032384
1287 5.09362255473267
1288 4.595906335712571
1289 5.051921672354913
1290 5.169965082012547
1291 5.345356140037024
1292 5.260596005273036
1293 5.304703278199447
1294 5.201538039594699
1295 5.37258539578723
1296 5.2181920783188325
1297 5.36054673098631
1298 5.3698176248790235
1299 5.443541187429344
1300 5.409276243511873
1301 5.412523761902901
1302 5.057130327429975
1303 4.961038517246512
1304 5.05483652526703
1305 5.671930558162529
1306 5.045698997415411
1307 4.806574779899171
1308 5.408665227707827
1309 4.7392966036253314
1310 5.042821915201555
1311 5.0660213675991566
1312 5.156486112925321
1313 5.215791812564832
1314 5.10657723477315
1315 5.129614955537402
1316 5.260480289214584
1317 5.806851261059913
1318 5.166289658299146
1319 5.689734446223388
1320 5.184865629211223
1321 5.054425361816484
1322 5.130456495280372
1323 5.477793751148638
1324 5.277639547869663
1325 5.275554517492583
1326 5.103217679852793
1327 5.616102264426778
1328 5.660293739993192
1329 5.137452714552923
1330 5.547794133882368
1331 5.34050593265972
1332 5.453136783409382
1333 5.710733945077224
1334 5.43418460399668
1335 5.298996642009931
1336 5.68070801303955
1337 5.4942194597899245
1338 5.407259777172154
1339 5.676638745207038
1340 5.490833148237067
1341 5.162259862239527
1342 4.973092086269436
1343 4.8478942114715196
1344 5.3131371826831675
1345 5.472047166870735
1346 5.269995740259203
1347 5.323020865137384
1348 4.9920640394445845
1349 5.524342411785235
1350 5.037127055106539
1351 5.217443163242357
1352 5.0464938512727535
1353 5.277390303890306
1354 5.1211605350722
1355 5.406514048346583
1356 5.349310681656131
1357 5.178099902550738
1358 5.638888000611403
1359 5.476301698775258
1360 5.27474749394154
1361 5.2259747488149335
1362 5.538335236289114
1363 5.79441598457768
1364 5.324424101367275
1365 5.030740281617391
1366 5.208745082971032
1367 5.632991382852007
1368 5.114585162584079
1369 5.4864841146753704
1370 5.283250373853369
1371 5.497717770882528
1372 5.343097389895407
1373 5.337935015106862
1374 5.162785491855792
1375 5.418286773488348
1376 5.491699616631078
1377 5.5570474265998095
1378 5.597400413262252
1379 6.149718534281612
1380 5.366337034946321
1381 5.412577306678644
1382 5.645633276049044
1383 5.851951555181894
1384 5.033887133552873
1385 5.652472113713139
1386 5.813348812155452
1387 5.570840306525806
1388 5.093255446438774
1389 5.283525569372035
1390 5.460323909022252
1391 5.053478727307639
1392 6.6148855380718
1393 6.536875113349397
1394 5.8912213472252395
1395 5.3539141117495825
1396 6.154401337340251
1397 5.493964033553044
1398 5.539276057673573
1399 6.494055239026576
1400 7.02662416070611
1401 6.453400418413866
1402 5.448827251799792
1403 5.437437889864957
1404 6.388984300411567
1405 5.53200477500953
1406 4.896384881600578
1407 5.711322240408626
1408 5.0860799142290345
1409 5.578442128455197
1410 5.255675891804045
1411 5.4729852461308734
1412 5.297011901106044
1413 4.797118638344968
1414 4.917686031318089
1415 5.357682878385659
1416 5.2469890040993645
1417 5.268545207209759
1418 5.050938530417241
1419 5.110046999405826
1420 5.668330265556719
1421 5.42147190649339
1422 5.362781589704902
1423 5.132155774378212
1424 5.376399574457419
1425 5.508334282349589
1426 5.5510614896609045
1427 5.3549295406763475
1428 5.949191053356184
1429 5.917451927908947
1430 5.5810824773846255
1431 5.219816625002087
1432 5.496241915400088
1433 5.4506984193817365
1434 5.622493855619924
1435 4.922651199708912
1436 5.159826884871367
1437 5.646586253180834
1438 5.428462651192109
1439 5.368130412113684
1440 5.608806354269443
1441 5.205781400081665
1442 5.237757163589774
1443 5.471563299493436
1444 5.001294014976568
1445 4.94791726950198
1446 5.0527818418172625
1447 5.528252948441621
1448 5.066540920786592
1449 5.32314485333303
1450 5.214914349873244
1451 5.126539429448294
1452 5.196434911862421
1453 5.71903486491176
1454 5.292980302485481
1455 5.3049170766587075
1456 6.719496403987941
1457 5.395142491959909
1458 4.99801362915604
1459 5.018159679131319
1460 5.02396283996313
1461 5.457265718078242
1462 5.62019970055709
1463 5.304267426428696
1464 5.034504577323008
1465 5.4478989894627015
1466 5.21974800657798
1467 5.356395053514315
1468 4.9638024883
1469 4.89844929253419
1470 5.264618264729936
1471 4.849616394725833
1472 5.038602227235312
1473 5.232415587156129
1474 5.236215906817526
1475 5.150994311235714
1476 4.747576041172045
1477 5.159337998485838
1478 5.442992415393475
1479 5.130938340924303
1480 5.301228846695172
1481 5.342828961193973
1482 5.240130887668881
1483 5.194530124871737
1484 5.078112297349555
1485 5.620126736081621
1486 4.6405623621006145
1487 5.347774597513106
1488 4.956523071030778
1489 5.13221728671334
1490 5.118368989594382
1491 5.183900945217423
1492 5.18880220864257
1493 4.950340023486953
1494 4.7548018835823695
1495 4.354525637807036
1496 5.64562389285642
1497 5.152581113744796
1498 5.095420222707135
1499 5.348108806919094
1500 5.155288536766801
1501 5.529404425685132
1502 5.384925144187899
1503 4.99436720463284
1504 5.160140070946954
1505 5.172197688467858
1506 5.091687908022865
1507 5.302740819955917
1508 4.736295724763252
1509 5.226773638532684
1510 5.253465696004474
1511 5.013177576039452
1512 5.335139464040221
1513 5.087886461937766
1514 5.266170710320552
1515 5.399636936318359
1516 5.344631364064388
1517 4.751098731105663
1518 5.228318471398086
1519 5.009960826376848
1520 5.184555900367942
1521 5.24263165843112
1522 5.071286495363731
1523 5.245282748995231
1524 5.002732346551202
1525 5.284605249865442
1526 5.253585164592124
1527 5.328200715173544
1528 5.060717287110239
1529 5.424262267215933
1530 5.05092346513259
1531 4.998752530615287
1532 5.203445247573808
1533 5.553601311544489
1534 5.195916173374217
1535 5.070819176937688
1536 5.332313429961909
1537 5.616998636545405
1538 5.923806917932454
1539 5.673983363526351
1540 5.597498358080622
1541 5.472242999017081
1542 5.705178053072431
1543 5.2365175182773696
1544 5.816321088202045
1545 5.021532052967195
1546 5.741588930141136
1547 5.40151142509098
1548 5.495043438072267
1549 5.455605975451542
1550 5.746728577762109
1551 5.522269863693413
1552 5.380824579774283
1553 5.125395697114883
1554 5.670267041398002
1555 5.0259204641460355
1556 5.4703528902845795
1557 5.830435224877308
1558 6.229961511002625
1559 5.224528096975697
1560 5.300581817160168
1561 5.370862131722904
1562 5.287229093915845
1563 5.526657343941679
1564 5.592141183629248
1565 5.383380665458493
1566 5.100757198150059
1567 5.8509936077300635
1568 5.47207295744936
1569 5.411732200158281
1570 5.283583249293182
1571 5.2951839398047165
1572 5.3635737038833025
1573 5.603285278694985
1574 5.395030124209276
1575 5.198134529704441
1576 5.561771582346133
1577 5.894848110180626
1578 5.5894345019579585
1579 5.417005745943777
1580 5.342549201775829
1581 5.120560247301206
1582 5.539222218878433
1583 5.563114331479091
1584 5.914877675856514
1585 5.843116388367261
1586 5.6342010407446095
1587 5.508086416421489
1588 5.501903009538743
1589 5.522402833846903
1590 5.562252476293356
1591 5.576152023925112
1592 5.50363382881012
1593 5.534144322159097
1594 5.154246042512545
1595 5.266010840699534
1596 5.396350649172239
1597 5.471597107439627
1598 5.236317000404381
1599 5.3962716251589935
1600 5.255361124736766
1601 5.576200059671393
1602 5.350351105477215
1603 5.44229693892096
1604 5.172448011890398
1605 5.899712358033687
1606 5.217298385710058
1607 5.672901327523854
1608 5.485153416412095
1609 5.50328045957808
1610 5.61980432254309
1611 5.412204429694586
1612 5.362897337782439
1613 5.251466537081818
1614 5.3884368899431925
1615 5.733986921848371
1616 5.420411717363196
1617 5.659489061040857
1618 5.7556422106664
1619 5.040535935911384
1620 5.659065772442036
1621 5.860894474800018
1622 5.749506811097052
1623 5.608653758105226
1624 5.359321186673666
1625 6.043853394876735
1626 5.755521542277694
1627 5.846590384361252
1628 5.308215347654132
1629 5.314642456592513
1630 5.480526875760468
1631 5.75718423039692
1632 5.518035665644469
1633 5.3113070279037435
1634 5.875424629949688
1635 5.8438334833283685
1636 5.15516905102615
1637 5.530921684846714
1638 5.45990088190149
1639 5.726740338763211
1640 4.948612289525074
1641 5.139504311860904
1642 5.631471113291933
1643 5.279415808907846
1644 5.525654921951176
1645 5.049127152160853
1646 5.304394970078744
1647 5.267858930628756
1648 5.312299814129566
1649 5.3629377159417215
1650 5.488259928475654
1651 5.237977680265341
1652 5.207440540385189
1653 5.475282762532781
1654 5.5418543634096995
1655 5.372731749753959
1656 5.30409976267604
1657 5.1795563357689005
1658 5.433468005109989
1659 5.528104707622516
1660 5.2662855362630605
1661 5.161099180758961
1662 5.928499427810117
1663 5.518288161052399
1664 5.357066902380256
1665 5.469591102245215
1666 5.353472249427501
1667 5.578338142201918
1668 6.008313926922635
1669 6.007459617143179
1670 5.248075692958781
1671 5.217875592126354
1672 5.327220589346936
1673 5.504204321254514
1674 5.926958368365823
1675 5.199589619518374
1676 5.426438260676773
1677 5.209809100320683
1678 4.969600024738323
1679 5.798634573435099
1680 5.075607675607806
1681 5.288621839092431
1682 5.3756021361261626
1683 5.33723365413819
1684 5.209521782569338
1685 5.460744101833879
1686 5.2281175592199105
1687 5.264201610103833
1688 5.06303795379688
1689 5.207436288926509
1690 5.400934850715281
1691 5.811699923281434
1692 5.528759991856454
1693 5.0919092083244895
1694 5.5258613120887805
1695 4.941038055866901
1696 5.17045542310555
1697 5.460431066008551
1698 5.265414808216573
1699 5.515961987104292
1700 5.701862757741747
1701 5.245241404734078
1702 5.311742548533195
1703 5.3936682810008865
1704 5.271060280872044
1705 5.291036459876422
1706 5.483110935528694
1707 5.120827210041968
1708 5.539305362024244
1709 5.687429700777191
1710 5.276055704864053
1711 5.339269560221037
1712 5.458418710819923
1713 5.0016432430648985
1714 5.386612179747579
1715 4.983403952810771
1716 5.013862468690742
1717 5.568861719409636
1718 5.224711219392261
1719 5.643474397214868
1720 5.4894281928719755
1721 5.476350596579939
1722 5.636850721857498
1723 5.059895196812979
1724 5.603990209901533
1725 5.7439382630347
1726 5.427679276614217
1727 5.515289666443569
1728 5.17098127700715
1729 5.517215545423218
1730 5.6090756784497895
1731 5.590366256477558
1732 5.389059103284585
1733 5.553319053361878
1734 5.336828823537615
1735 5.375750855625441
1736 4.958353664387347
1737 5.267402081023223
1738 5.08888918520883
1739 5.320853610306591
1740 5.292387183635767
1741 5.477105998547679
1742 5.538502379281605
1743 5.802584240706884
1744 4.964285403172691
1745 5.367920829028095
1746 5.5355616198726505
1747 5.303706782377755
1748 4.944727308794253
1749 5.471699603381384
1750 5.427208112926792
1751 5.218252987703187
1752 5.162563445647563
1753 5.402524137508807
1754 5.5187623622517545
1755 5.5031963078468475
1756 5.838792609581849
1757 5.492576785943766
1758 5.430586224897099
1759 5.537919501276197
1760 5.4361981963044235
1761 5.219721345593279
1762 5.5413266317625505
1763 5.349912306081828
1764 5.414568416034361
1765 5.218006183117971
1766 5.179212949516148
1767 5.275430443839486
1768 5.707215356914915
1769 5.619512991190706
1770 5.333285914867006
1771 5.6631593864446295
1772 5.352939153440673
1773 5.6734481880867085
1774 5.365528065836226
1775 5.301718521893726
1776 5.304529065160423
1777 5.577957590054022
1778 5.260935745513033
1779 5.420374321967925
1780 5.435303620194261
1781 5.289514551593165
1782 5.505690702753111
1783 5.502926320366493
1784 5.495696902216913
1785 5.05937404611408
1786 5.498107327029123
1787 5.425278183795722
1788 5.348132938637399
1789 5.34541269362612
1790 5.422342655519258
1791 5.1067953947674605
1792 5.374669786363387
1793 5.3019408018163015
1794 5.538730759033447
1795 5.253847889470892
1796 5.513239437466203
1797 5.154568363255337
1798 5.153472176418484
1799 5.4402213788322875
1800 5.419751552514484
1801 5.182390571623993
1802 5.463581622998758
1803 5.206574988639015
1804 5.336224002171517
1805 5.257217299284454
1806 5.392264401471633
1807 4.810426068386875
1808 5.510826367332121
1809 5.197967389194621
1810 5.037030999468475
1811 5.159302435131578
1812 5.414871208437022
1813 5.231538087514872
1814 5.532306802407099
1815 5.3122039002637935
1816 5.498301751348345
1817 4.979194174079866
1818 5.386287295679255
1819 5.203543288758681
1820 5.069036311340476
1821 5.11651445501526
1822 5.51857663802867
1823 5.228334784383492
1824 5.487292321352102
1825 5.086203521424023
1826 5.221273301030257
1827 5.575675902301113
1828 5.371463703048759
1829 5.446185699962225
1830 5.535566110818675
1831 5.1980155632550415
1832 5.384748167060894
1833 5.502783452696011
1834 5.583928232216937
1835 5.448165838317921
1836 5.53845681998758
1837 5.900296857019284
1838 5.668206846140105
1839 5.458855326653089
1840 5.164474150436882
1841 5.988852834584525
1842 5.370342784290962
1843 5.646303941765765
1844 5.207154972656423
1845 5.731185650602389
1846 5.586151363451516
1847 5.681564458593805
1848 5.377687568843537
1849 5.492005563498911
1850 5.320316143562161
1851 5.6459472227963525
1852 5.613651371841757
1853 5.409593163217651
1854 5.581822809756259
1855 5.176815525954326
1856 5.26106436882396
1857 5.407233468906694
1858 5.215526947941183
1859 5.235205400447001
1860 5.391295643875038
1861 5.213136314480201
1862 5.456762490937786
1863 5.338411536469311
1864 5.198169426785298
1865 5.474791610380677
1866 5.608740563747952
1867 5.277204189383166
1868 5.258054246989223
1869 5.295311459208984
1870 5.4720285423062425
1871 5.24614324355805
1872 5.3076666012878695
1873 5.741667967833574
1874 5.566762574220171
1875 5.589140419262204
1876 5.114829025170664
1877 5.2974068913329715
1878 5.193094070652167
1879 5.44903061480977
1880 5.555216910891053
1881 5.024066203584065
1882 5.749121905299606
1883 5.899206371418602
1884 5.606170872437304
1885 5.006611761292539
1886 5.396401970813604
1887 5.120654410272806
1888 5.168389570392791
1889 5.635972396105265
1890 5.263399110383683
1891 5.438761672490973
1892 5.496458551643709
1893 5.133669457200471
1894 5.316424746985321
1895 5.118646927861695
1896 5.458404890780219
1897 5.519826729997814
1898 5.229474649510054
1899 5.525478036976417
1900 5.35120056438612
1901 4.985865606916368
1902 5.616794297926606
1903 5.002066526228181
1904 5.511646851999899
1905 5.205182420201414
1906 5.430699116292807
1907 5.487042817176912
1908 5.402410348971268
1909 5.292318163947758
1910 5.479485941183154
1911 5.36162573884576
1912 5.383473687633866
1913 5.5375965990259965
1914 5.526574399964707
1915 5.428483511811248
1916 5.490714913453432
1917 5.9745223213853915
1918 5.850259255196862
1919 5.413574136519096
1920 5.505338211049008
1921 5.458229702311769
1922 5.171633387314999
1923 5.447227528233379
1924 5.31456774984602
1925 5.479631389454791
1926 5.35836079614827
1927 5.417411444977703
1928 5.031850907492219
1929 5.7387163314477485
1930 6.033901941874426
1931 5.173589577896766
1932 5.40262941656171
1933 5.328983447724018
1934 5.389962352002347
1935 5.532704321186007
1936 5.225312301119081
1937 5.16493266576202
1938 5.329096113276777
1939 5.30995362969635
1940 5.199052034382285
1941 5.103339295893293
1942 5.658580535327678
1943 5.777080083007933
1944 5.453003620149511
1945 5.014207524322651
1946 5.554085140986368
1947 5.55980806729129
1948 5.739059755092276
1949 5.347715517600122
1950 5.425901275723969
1951 5.21328425707567
1952 5.347974718808308
1953 5.560730526570595
1954 5.788743478590297
1955 5.301362777556938
1956 5.404075460820248
1957 5.204309306808846
1958 6.076228867585637
1959 5.56478483720597
1960 5.389525263582518
1961 5.243721909562253
1962 5.401610712039655
1963 5.033884289857552
1964 5.261180468057392
1965 5.011536089214445
1966 5.277970418478434
1967 5.13588668913468
1968 5.489961108899052
1969 5.125849287027667
1970 5.5871144359746845
1971 5.330464656788147
1972 5.354238533668592
1973 5.38044378707553
1974 5.552611077712838
1975 5.235592271098435
1976 5.284533948981432
1977 5.435752450532113
1978 5.292700836089873
1979 5.608341197165111
1980 5.688022135261057
1981 6.04639976291715
1982 5.589048667157462
1983 5.138328936117511
1984 5.131828446786516
1985 6.23293805407538
1986 5.52920261470166
1987 5.4383179894928055
1988 5.071682927705796
1989 5.213945305313527
1990 5.385340455109263
1991 5.610736843408955
1992 5.499050615107936
1993 5.424249549635467
1994 5.751483000977278
1995 5.492191481601612
1996 5.392809839752351
1997 5.364185531421777
1998 5.62062409637064
1999 5.33324507092905
2000 5.785584287173127
2001 5.389201897190929
2002 5.738116526411269
2003 5.427235205785111
2004 5.368093714786867
2005 5.860911132328805
2006 5.668390383214358
2007 5.920449504484424
2008 5.53933285500317
2009 5.6283010823450645
2010 5.611548462765381
2011 5.687555451327254
2012 5.691511403959363
2013 5.525405622745639
2014 5.430972297563253
2015 5.888544286969324
2016 5.862998511323279
2017 5.701018189627512
2018 5.833050393129
2019 5.554130461843626
2020 5.6051108990490475
2021 5.97552734159567
2022 5.563263728003781
2023 5.332686961671942
2024 5.273658409708716
2025 5.611183461995338
2026 5.572311277670088
2027 5.395429437368339
2028 5.514967808927487
2029 5.579602341984543
2030 5.324342657023019
2031 5.9303922911658615
2032 5.9293175871314
2033 5.868341202722259
2034 6.818111825503487
2035 5.533150785669445
2036 5.1230621401365415
2037 5.464654744696117
2038 5.390346923400269
2039 5.461491474182422
2040 5.4681899530320255
2041 5.623786272160508
2042 5.563792925258616
2043 5.5319701071410075
2044 5.663425957301424
2045 5.778452322103227
2046 5.539623549428366
2047 5.768901497180657
2048 5.813524831337905
2049 5.736092125255388
2050 5.727245251743398
2051 5.687338556348132
2052 5.92535329301517
2053 5.499937026643133
2054 5.6088608045915
2055 6.113951258236228
2056 5.683696857236142
2057 5.294904403611916
2058 5.851853550105583
2059 5.680505645454152
2060 5.720871971995068
2061 5.688599845096546
2062 5.234847492953533
2063 5.7443925583172195
2064 5.663241291663457
2065 5.627973397461274
2066 6.136477113048281
2067 5.971906203455975
2068 5.630838746299955
2069 5.096830283157277
2070 5.697462437343181
2071 5.9097827740369535
2072 5.464027664047432
2073 5.2983005813670365
2074 5.651524634018643
2075 5.40577592474254
2076 5.976654877027693
2077 5.360888733951241
2078 5.939890584385853
2079 5.36634523085662
2080 5.788309865590334
2081 5.2626981519533125
2082 4.911645861570358
2083 5.412711483684909
2084 5.772149184015014
2085 5.723663881120661
2086 5.13564314273922
2087 5.449430394569742
2088 5.602886803363783
2089 5.442849402773486
2090 5.6533087014992205
2091 5.302635374071091
2092 5.410251613397437
2093 6.0764036799996965
2094 5.41408118526627
2095 5.263109285861082
2096 5.262962731883358
2097 5.577340466098965
2098 5.739849415612842
2099 5.969131461752089
2100 5.927832609078949
2101 5.637107916188469
2102 5.324808757684452
2103 5.6085035977113105
2104 5.374175867990915
2105 5.444217718594958
2106 5.645039538036737
2107 5.763853910612457
2108 5.569908969410912
2109 5.698243615478609
2110 5.836660411382967
2111 5.708337787393882
2112 5.651120429233188
2113 5.4504105512971845
2114 5.221797307470234
2115 5.1605993047178975
2116 5.386187999014514
2117 5.344534372508187
2118 5.061193497523267
2119 5.488260110853846
2120 5.537937563242659
2121 5.538773013872124
2122 5.217530909333998
2123 5.254328137929652
2124 5.00136282679091
2125 5.366537586817068
2126 5.8171379763193105
2127 5.380264230539035
2128 5.530014028084482
2129 5.27491733101099
2130 4.882071178448571
2131 5.135759946102053
2132 5.272545170269725
2133 5.05218213411072
2134 5.566743343546107
2135 5.539863407042821
2136 5.50493815713366
2137 5.477756497963246
2138 5.500984532748603
2139 5.323234223718999
2140 5.203077097955552
2141 5.383309934590754
2142 5.425855104011569
2143 5.327103616750971
2144 5.344237319534229
2145 5.477378372105721
2146 5.661584922077055
2147 5.312906785742081
2148 5.782060645477601
2149 5.423548685802572
2150 4.994270103357395
2151 5.3146364833058115
2152 5.82608058657033
2153 5.636124541636465
2154 5.293062157352609
2155 5.5379821988693525
2156 5.474528458767266
2157 5.535340455089587
2158 5.465925193350422
2159 5.292464879654768
2160 5.739016349388149
2161 5.094367002666713
2162 5.483352627158744
2163 5.309013542090605
2164 5.263045899922655
2165 5.582198084643039
2166 5.3638664067165625
2167 5.132343391340252
2168 5.51592570922476
2169 5.271095352181647
2170 5.5573006205601345
2171 5.2426388845436955
2172 5.275403030158749
2173 5.153275181721361
2174 5.107453123181487
2175 5.301559157436418
2176 5.868276363507557
2177 5.574587185902355
2178 5.5008999168343315
2179 5.40246239793822
2180 5.674482418171363
2181 5.675413439986001
2182 5.784250183931051
2183 5.6841747094409465
2184 5.300499243952987
2185 5.668364500220425
2186 5.8123104830335395
2187 6.28215664024885
2188 5.667428545126788
2189 5.799867119148923
2190 5.63009821619913
2191 5.7343828563797565
2192 5.669480374830223
2193 5.940742541411945
2194 5.556715751161362
2195 5.501924571542551
2196 5.566808012655076
2197 5.778225866186935
2198 5.5634269949030575
2199 5.7508035278617795
2200 5.611874066792847
2201 5.900835723220508
2202 5.446625570435058
2203 5.6536432403468355
2204 6.056351417595113
2205 5.283816519472463
2206 5.632752584982124
2207 5.300131538530917
2208 5.602990067241189
2209 5.251087167506758
2210 5.666216903701257
2211 5.775239522900539
2212 5.86628528516868
2213 5.627398977888776
2214 5.298739406493978
2215 6.021444200786821
2216 6.533014568868059
2217 5.300328289416573
2218 5.972516874860212
2219 6.689721955001665
2220 5.525030925595562
2221 5.29710252304333
2222 5.373024029273944
2223 5.936304562964869
2224 5.469812946560964
2225 5.749779245690194
2226 5.613803087692771
2227 5.773277543050352
2228 5.684346574202068
2229 6.109006679547518
2230 5.820306131956293
2231 5.702230786668695
2232 6.070432606813014
2233 6.538549307670533
2234 5.76701139432591
2235 5.74300890711498
2236 5.902143498066331
2237 5.600983549850416
2238 5.617773218844575
2239 5.231875909711704
2240 5.985738786867402
2241 5.819385077092434
2242 5.917105483162327
2243 5.56205928913413
2244 6.078335981374729
2245 6.049243839899132
2246 6.290608164758631
2247 6.342072954169873
2248 6.51412106171743
2249 6.094624795688827
2250 5.673599097101542
2251 5.2173028141516555
2252 5.717158800470746
2253 5.90408126915113
2254 6.289137152256188
2255 5.5951066368784375
2256 5.68788872848653
2257 5.726727174143941
2258 5.787919134675715
2259 5.77978160638408
2260 5.630593521430819
2261 5.766811597658539
2262 6.162078470532683
2263 5.76688320337756
2264 6.142726809319205
2265 5.909544105378541
2266 5.651751758848064
2267 5.5510370517876195
2268 5.951731138861147
2269 5.722701768386217
2270 6.131277716570551
2271 5.421092009207185
2272 5.906925164156901
2273 5.316980842784281
2274 5.799572605182337
2275 5.409764797862631
2276 5.756376283113262
2277 5.927496018477479
2278 5.21628255774969
2279 5.8088518789841395
2280 6.427171583646474
2281 6.846039930375917
2282 5.848270781020948
2283 5.746982686173296
2284 6.1101919005366785
2285 6.996870368781511
2286 6.710946884815285
2287 6.644432809145421
2288 6.5229009429613845
2289 6.01244687606026
2290 5.588032653693092
2291 5.85161378262768
2292 5.870918209725885
2293 6.0466248519412344
2294 5.926127927635574
2295 5.953996789279749
2296 5.465264580382826
2297 5.892038592174279
2298 5.769339756687843
2299 6.038856998298217
2300 5.82811542881384
2301 6.013481869051814
2302 6.312363186924375
2303 5.671289021650858
2304 5.4885434226668695
2305 5.6554463652763305
2306 6.038795922787822
2307 6.2708106013736185
2308 5.876317221336038
2309 6.0115224224224075
2310 5.66264375113126
2311 5.473845242183446
2312 5.6739905606046435
2313 5.279880658558363
2314 5.0663486222814065
2315 5.326834167472296
2316 5.217670755061704
2317 4.669354480629343
2318 5.456002268271081
2319 5.107548908377303
2320 5.1812052244140725
2321 5.16539582707692
2322 5.4073551542919915
2323 5.368832371432853
2324 5.539774834622551
2325 5.5337661114294905
2326 5.444170724922433
2327 5.3952149783883865
2328 5.302595388414256
2329 4.881998407931177
2330 5.3169977197753155
2331 5.411683862664439
2332 5.324242368597037
2333 5.2000227679958275
2334 5.547035593982767
2335 5.469597432262392
2336 5.611424267455466
2337 5.70068514083525
2338 5.452405697390316
2339 5.858210837358047
2340 5.4338380768684225
2341 5.99364131474069
2342 5.412400386336964
2343 5.401118681500588
2344 5.361055589700477
2345 5.584470089707125
2346 5.796228506864078
2347 5.67222566894776
2348 6.022356649452821
2349 5.502130200135007
2350 5.378881004139511
2351 6.00489198253869
2352 5.746645238095419
2353 6.11338379201433
2354 5.546590913129066
2355 5.7259236240740465
2356 5.966028479550923
2357 6.126318400955709
2358 5.6962268464097985
2359 6.1421008114625435
2360 5.951737401451843
2361 6.140829616061478
2362 6.412230352000305
2363 6.301005917736215
2364 6.0253870974401496
2365 5.977743031234754
2366 5.6985213453992385
2367 5.940570505063492
2368 5.936450718569963
2369 6.3057210107205135
2370 5.894447153345591
2371 5.298705539734298
2372 5.323884940026185
2373 5.605236795095423
2374 5.5797310152246355
2375 5.5028479825101195
2376 5.616609242468792
2377 5.653533374356915
2378 5.572028090976905
2379 5.69548943426571
2380 5.849428658810534
2381 5.367286718202416
2382 5.213946049310708
2383 5.443817377472703
2384 5.452012576958027
2385 5.613417986421567
2386 6.176861923411143
2387 5.69561870891649
2388 5.864546933410665
2389 6.163590278454743
2390 5.979244616182673
2391 5.875307003151473
2392 5.510416286613476
2393 5.481160106482182
2394 5.721248181050257
2395 5.881907876860345
2396 5.47572168582738
2397 5.627830535447461
2398 5.605961758005832
2399 5.739218427544861
2400 5.661628514328392
2401 5.8276338952256195
2402 5.911764769662755
2403 5.740407633045967
2404 5.51323812640224
2405 5.410392517406079
2406 5.4344976554277995
2407 5.878769290474189
2408 5.605443429495846
2409 5.991636558754471
2410 5.95903181899306
2411 5.222830569938651
2412 5.912962772852092
2413 5.830550820204581
2414 5.947780715968622
2415 5.553042177063243
2416 6.079026337078508
2417 5.58674644462006
2418 5.039415945854662
2419 5.494967566322606
2420 5.227712953554525
2421 5.445556741960996
2422 5.334208212963612
2423 5.331797551637582
2424 5.728491587947985
2425 5.395146232086745
2426 5.432055609338483
2427 5.76873319406867
2428 5.392055865227033
2429 5.8089657992644455
2430 5.182949587562025
2431 5.23334492210004
2432 5.365638757104158
2433 5.796246619121383
2434 5.7960232148182556
2435 6.267000658834413
2436 6.333850503866428
2437 5.848460319898636
2438 6.281426351298974
2439 5.817505552342346
2440 5.518330778472462
2441 6.009638954168711
2442 5.921155547270056
2443 5.72236208227256
2444 5.47905336225506
2445 5.700661653492027
2446 5.643728078200988
2447 6.296881126327044
2448 5.627729109102501
2449 5.256684970528479
2450 5.391031126254859
2451 5.862973517923284
2452 5.782104739156932
2453 5.725109367971195
2454 5.563364372142634
2455 5.409919068564837
2456 5.5231767327396355
2457 5.247983779333607
2458 5.709950461162767
2459 6.90755300361767
2460 6.218247242365916
2461 5.533008792415322
2462 5.654119270451387
2463 6.3116814494276845
2464 5.612965827291
2465 6.028215625963661
2466 5.734584103128177
2467 5.168829235653257
2468 5.434778714909193
2469 4.919350858816749
2470 5.514976690521559
2471 6.549669001123856
2472 5.880524001729805
2473 6.082802662353667
2474 5.700626727883808
2475 5.020888085204737
2476 5.827280682940673
2477 5.485632786458884
2478 5.766026658187857
2479 5.66420619243064
2480 5.1524075725081895
2481 5.739074751899468
2482 5.443692472309978
2483 5.614359183220951
2484 5.91648231886384
2485 5.388047273803723
2486 5.868272895819636
2487 5.697841809792049
2488 5.888764558930501
2489 5.445971167662172
2490 5.373796097631434
2491 5.319915525634912
2492 5.981214517507782
2493 6.439050996260403
2494 5.612641351238804
2495 6.003065639255158
2496 5.321154756190512
2497 5.691829260032158
2498 5.902167704062976
2499 5.804977801197212
2500 5.881576996518556
2501 5.5048951054899975
2502 5.553752893071173
2503 5.33715445388296
2504 5.408566101725374
2505 6.098425684032183
2506 5.729458444668867
2507 6.7327381285703884
2508 6.111348592269078
2509 5.621051879627878
2510 5.537254270005208
2511 6.1166969938386995
2512 5.904735697347513
2513 5.550768274110882
2514 5.3723376470659225
2515 5.31532045845871
2516 5.714388303355205
2517 5.829094454144753
2518 5.685768691083396
2519 5.600155528496539
2520 5.509703293144289
2521 5.421850009853005
2522 6.522203851949065
2523 5.991895120208076
2524 5.669721668408455
2525 5.395118395763363
2526 5.691896985202484
2527 5.864212209977507
2528 5.719168776542443
2529 5.011198751777759
2530 5.67480292465979
2531 6.009863332622141
2532 5.46301761607415
2533 5.780773902866575
2534 5.884830073569171
2535 5.730775510481109
2536 5.368802218269138
2537 5.1034068060331235
2538 5.432940002876117
2539 5.907307142238821
2540 6.086571747067115
2541 5.725128545113903
2542 5.259722019691879
2543 5.785181135111507
2544 5.629875335493632
2545 5.70037908407064
2546 5.656698265583654
2547 5.243957693595444
2548 6.16512373079367
2549 5.628338865747069
2550 5.547179123861643
2551 5.884026839313914
2552 5.42332603689538
2553 5.820399529479797
2554 5.790460166337534
2555 5.497419788695376
2556 5.45797623452694
2557 5.519557854338855
2558 5.42260011718925
2559 5.5307454261203715
2560 5.885832682919141
2561 5.5855302301201615
2562 6.030702260391781
2563 5.889374622315167
2564 5.562985551104056
2565 5.961241556834522
2566 5.427645020878802
2567 5.2896766704467915
2568 5.5759492915694135
2569 5.493970622313776
2570 5.357050904427468
2571 5.7549578442585805
2572 5.688701735075963
2573 5.811274301464758
2574 5.932857115098182
2575 5.828651126369067
2576 5.28995345953003
2577 6.081635767963544
2578 5.5991486250210185
2579 5.8550591491687
2580 5.4637124037170235
2581 5.807257442539077
2582 5.701609343925289
2583 5.998232632825501
2584 5.909126524366776
2585 5.736814145047251
2586 5.853366428850505
2587 5.403644788230156
2588 5.926298594470378
2589 5.830293919309849
2590 5.729827878116841
2591 5.914468035258104
2592 5.683700500385419
2593 5.725993066365702
2594 5.459964861818736
2595 6.02582369238222
2596 5.694350936687617
2597 6.3386429840825
2598 5.617771116711793
2599 6.164882210974013
2600 6.026585211365564
2601 5.66694140924706
2602 5.829630027812235
2603 5.975649439850078
2604 6.022072588541817
2605 5.848371826821717
2606 5.693375092007229
2607 5.196636409871447
2608 5.473947263971755
2609 5.217631063535827
2610 5.443946296647872
2611 5.76556167959462
2612 5.212265176319214
2613 5.626438630077497
2614 5.845908892484281
2615 5.8345504681221785
2616 5.555723652675196
2617 5.906896423128605
2618 5.257533791508181
2619 6.022536421185628
2620 5.546248079274983
2621 5.763453625843141
2622 5.592155846808448
2623 5.692882943332139
2624 5.496023722838342
2625 5.498125944661664
2626 5.385261893683963
2627 5.8362497176826444
2628 5.596126204031235
2629 5.7815991827279
2630 5.6923634387063435
2631 5.760780567777673
2632 5.6082755959724055
2633 5.382540750926534
2634 5.920038827536249
2635 5.5829664702393105
2636 5.910857215799147
2637 5.783964752638489
2638 5.7583995641303165
2639 5.472254800798794
2640 6.1295628762123275
2641 5.590086150947919
2642 5.628243548797545
2643 5.5964964699637685
2644 5.673603216273317
2645 5.535259986353222
2646 5.507772818623674
2647 5.296348484960745
2648 5.529917731760311
2649 5.074302884833676
2650 5.555208954279199
2651 6.117583175795003
2652 5.75360395310089
2653 5.2743660039090425
2654 5.63488477197417
2655 5.905914535376544
2656 5.848872944624808
2657 5.429678981728442
2658 5.680684804375549
2659 5.672393031353856
2660 6.094471316408211
2661 5.824178100011347
2662 5.880646946106576
2663 5.576972769409511
2664 5.701984749645735
2665 5.62927875285769
2666 5.855257193465273
2667 6.388406000298329
2668 5.883426033028036
2669 6.123310063602282
2670 5.435733699957535
2671 5.427615741825678
2672 5.728407631632413
2673 5.866448340919131
2674 5.48969777888478
2675 5.950298783356706
2676 6.119430594251087
2677 5.709976824405014
2678 5.814148378592552
2679 5.46361844013403
2680 5.695452571497503
2681 5.574275273922383
2682 5.849099909673116
2683 5.723768414868982
2684 6.0579265087638685
2685 5.5192654198911635
2686 5.909394331135388
2687 5.393683404448001
2688 5.242691706322096
2689 5.694628303783424
2690 5.60372432523204
2691 5.320091459437474
2692 5.134781632494058
2693 5.460384380269448
2694 5.719300228959936
2695 5.4717071889504405
2696 5.541282824988067
2697 5.640474301968235
2698 6.033250524712083
2699 5.368714441003303
2700 5.871827126355293
2701 5.691140055969438
2702 5.803570395115713
2703 5.322756362015152
2704 5.9519638237695585
2705 5.492572977381932
2706 5.844636305050224
2707 5.6370760314366875
2708 5.8562943627052055
2709 5.497045787350345
2710 5.396768933633364
2711 6.026461656863247
2712 5.662814663469312
2713 5.508390191936361
2714 5.689242020641751
2715 5.381489300604363
2716 5.90785250760147
2717 5.799582197479724
2718 5.49799684089791
2719 5.882010791141851
2720 6.034040558739118
2721 5.581938735733918
2722 5.651161099640147
2723 5.647779445975502
2724 5.821685230223658
2725 5.558301512762163
2726 5.940123337136436
2727 5.49667500768555
2728 5.987019035617964
2729 5.831902612720699
2730 5.55541069883185
2731 5.926428730479228
2732 6.027422341385373
2733 5.953744298996633
2734 5.853502556395214
2735 5.439356080305991
2736 5.617226119364751
2737 5.653067916225389
2738 5.912709827172724
2739 5.979354249164764
2740 6.121287099384986
2741 5.644106182696002
2742 5.611998990756566
2743 5.555513372840736
2744 5.7237754756454535
2745 5.603077919974655
2746 6.047853951481036
2747 6.081939654545568
2748 5.606585820576665
2749 5.476719856540533
2750 5.947993086052712
2751 5.749791141244249
2752 5.590948186278369
2753 5.640621706868616
2754 5.497089346819626
2755 5.976191635483246
2756 5.50632677118521
2757 5.7106950758865365
2758 5.6532539439392835
2759 5.656131298971058
2760 6.029030546887114
2761 5.88566581148536
2762 5.418414579688335
2763 5.555542166843867
2764 5.707368521449806
2765 5.814036686565816
2766 5.599557861980575
2767 5.711705488479044
2768 5.7942285519169525
2769 5.494776396444089
2770 5.565805338613656
2771 5.285368270023485
2772 5.400395517925171
2773 5.747561882488962
2774 5.268174765159543
2775 6.029196083964075
2776 5.525539500048467
2777 5.259464524019687
2778 5.831617053650432
2779 5.743570336339541
2780 5.835863232700857
2781 5.988723754006004
2782 5.824791819111446
2783 5.90906582673294
2784 5.928207001829228
2785 5.500295751990263
2786 5.673299050300472
2787 5.5597578968565085
2788 5.429982745022639
2789 5.488195667584456
2790 5.9678672048970345
2791 6.752030074627287
2792 5.794475561843309
2793 5.762431525935753
2794 5.175831963476251
2795 5.808869293497918
2796 5.7474624783150166
2797 5.787975441437845
2798 5.660672524213255
2799 5.37759023260812
2800 5.898068457529705
2801 5.415269416538133
2802 5.6600576532690585
2803 5.569801989391987
2804 5.2761563254101445
2805 5.769816918336893
2806 5.983814692993355
2807 5.58593107049563
2808 5.5305772596636995
2809 6.147540891984734
2810 5.391700516262889
2811 6.092495201294136
2812 5.490759451299021
2813 5.684717470278485
2814 5.8771448475741765
2815 5.59726352859815
2816 5.90928565701225
2817 5.494656560035554
2818 5.721820997138901
2819 5.531955381374647
2820 5.5404359149287155
2821 5.672655096517767
2822 5.602926387431914
2823 5.412074385175152
2824 6.065653599107905
2825 5.94516798626991
2826 5.555484878963562
2827 5.699457559189373
2828 6.100943878240101
2829 5.521523433641888
2830 6.32762795457413
2831 5.662371700092267
2832 5.374499913225742
2833 6.154359877077071
2834 5.916871180299608
2835 5.688251412545727
2836 5.505015798309171
2837 5.597309978326334
2838 5.34570185079302
2839 5.239938873840491
2840 5.370725923844053
2841 5.891018513285136
2842 5.426277836441637
2843 5.3276355537832085
2844 5.7112788685095035
2845 5.345881160254847
2846 5.667102140993182
2847 5.606684853252178
2848 5.4018089557048246
2849 5.670882380468899
2850 5.78649687453432
2851 6.0356299723175635
2852 5.592673412459878
2853 5.158774108314222
2854 5.587549000994122
2855 5.786933539361176
2856 5.90807407011851
2857 5.440920935917088
2858 4.929268051237257
2859 5.1731957027328095
2860 5.655522017008713
2861 5.68807534921653
2862 5.428979370908313
2863 5.463063426095386
2864 5.529880918328374
2865 5.333403579318563
2866 5.228797715719314
2867 5.374895653997528
2868 5.008918799533415
2869 5.3164495902654405
2870 5.300366022048736
2871 5.397163735794839
2872 5.4559217485641724
2873 5.3485594038908975
2874 5.744738984882942
2875 5.358655934340881
2876 5.223983779864153
2877 5.001028797665532
2878 5.056156771402632
2879 5.474505225265044
2880 5.385155417350927
2881 5.446186446195752
2882 5.434705095021139
2883 5.6634247848560095
2884 5.416092306362644
2885 5.110158033439451
2886 5.40126630870635
2887 5.732151250720693
2888 5.461527759828144
2889 5.57966346074531
2890 5.82318350299462
2891 5.723366690742129
2892 5.574214184096532
2893 5.530534941825967
2894 5.2157482168419405
2895 5.3112221578102465
2896 5.454878775132894
2897 6.157872277802572
2898 5.0794819474627895
2899 5.451184322610611
2900 5.485354072399671
2901 5.62473702201877
2902 5.782768998616578
2903 5.714523639930398
2904 5.100466999081681
2905 5.724980593788671
2906 6.8770377167618495
2907 5.684249901103822
2908 5.89808617654692
2909 5.385440936446577
2910 5.723677523378468
2911 5.922460659380887
2912 5.541666046464051
2913 5.8718217458729045
2914 5.5717557837734235
2915 5.515709987085213
2916 5.983926058940536
2917 5.538575322231338
2918 5.734758217408772
2919 5.646137277691669
2920 6.296709055309655
2921 5.7001457405535945
2922 5.932498966926878
2923 5.47204567902083
2924 5.8939303926234015
2925 5.467772635176605
2926 5.578472465243999
2927 5.254659978290767
2928 5.012655925572333
2929 5.155503093681402
2930 5.231071552504236
2931 5.469378516734936
2932 5.338261942325601
2933 6.1288960590815105
2934 6.258382220387672
2935 6.439982330439323
2936 6.566682112230924
2937 6.194516149761415
2938 6.025243179106766
2939 6.360191236993091
2940 6.338488890539038
2941 6.126570557368716
2942 6.240848747856111
2943 5.771642649292666
2944 5.785188371221394
2945 5.772833059061309
2946 5.920874236933135
2947 5.568332150743227
2948 5.947371909145633
2949 6.0561550109137725
2950 5.414123148746474
2951 5.727088081415659
2952 6.067480059032332
2953 6.014357354493396
2954 5.667768448865301
2955 5.799541562798206
2956 5.779725880528243
2957 5.950424922203206
2958 5.908072022198219
2959 5.80091582467871
2960 5.685900580121256
2961 5.998076147912269
2962 5.6662687735290085
2963 6.138110104120222
2964 5.638126175373802
2965 6.159929475000612
2966 6.41364940428096
2967 6.391908794869466
2968 6.300267813178645
2969 6.1237713396091324
2970 5.892557822197722
2971 6.333080305883308
2972 6.30753384084897
2973 6.0244745521374785
2974 5.756446375939338
2975 7.191761313381426
2976 6.020919531926374
2977 6.2589129059563415
2978 6.0504715920348815
2979 6.040261016639666
2980 6.685758201252576
2981 6.353207763357853
2982 6.22286120947119
2983 6.198620420007404
2984 5.667373275999676
2985 5.590359911829971
2986 5.997509307312124
2987 5.807827283829524
2988 5.6853504726501
2989 6.466609675774624
2990 6.337256800544439
2991 5.725107971282323
2992 5.954624010288652
2993 5.8538976812566
2994 6.240756236501842
2995 6.40494596738024
2996 6.722319501508419
2997 6.06489485673478
2998 5.862580700679312
2999 6.016833022618589
3000 5.787254024553433
3001 6.726886284212865
3002 7.701791540212458
3003 6.356524119158448
3004 6.451550598430505
3005 6.103078931237574
3006 5.919173890636636
3007 5.687303613808295
3008 5.821391277995456
3009 6.175827022220447
3010 6.0079461933099285
3011 6.30589570780416
3012 6.939280041101195
3013 6.373476593029068
3014 7.173714652221806
3015 5.918618387089907
3016 5.477006904267025
3017 6.342154594769475
3018 5.852030915470585
3019 5.147546619685727
3020 6.10251189804058
3021 6.4506064507769345
3022 6.846772586227497
3023 6.909871363783048
3024 7.347980053124077
3025 7.466555559842106
3026 7.787443172215098
3027 6.538721148242668
3028 5.436493687648436
3029 6.796348950847822
3030 6.108354283368125
3031 6.347696569597245
3032 5.762079494273391
3033 6.258255269248178
3034 5.366042896313056
3035 6.064452595958139
3036 6.058653654094286
3037 6.13785283182379
3038 6.060611777025629
3039 5.206155976551406
3040 5.201368569994214
3041 5.527394923532039
3042 5.668143149018864
3043 5.6095733758030315
3044 7.875658096528046
3045 7.687252607884635
3046 6.923974161533111
3047 7.332720902534219
3048 6.109292001997229
3049 7.6796071900163225
3050 6.04403933964929
3051 5.8368484188699945
3052 5.426627062999557
3053 5.667509998215514
3054 5.59220907733433
3055 5.755733080670922
3056 5.598573910516445
3057 5.389951890888455
3058 5.42266651435086
3059 5.649300744740415
3060 5.668534344737601
3061 5.1648278016725
3062 5.5519601838222075
3063 5.855513011421519
3064 5.705012842123178
3065 5.725625970632777
3066 4.809281998888678
3067 5.692931992725886
3068 5.56133808234623
3069 5.224545839214218
3070 5.431512589243204
3071 4.9116274853852655
3072 5.341946601560791
3073 5.288209851102776
3074 5.200913765107725
3075 5.602801334459094
3076 5.809251637288151
3077 5.549935837016629
3078 5.685320060567155
3079 5.349837732373452
3080 5.630188395747426
3081 5.651082252961051
3082 5.789753413881082
3083 5.597926755441389
3084 5.8927685578424684
3085 5.303877650691431
3086 5.737016204348259
3087 5.081255878042714
3088 5.323429145837453
3089 5.271861311981641
3090 5.4404336767922885
3091 5.360831761684106
3092 5.540575996886466
3093 5.810641191218521
3094 5.944725764087146
3095 5.384382973826011
3096 5.538733800186559
3097 5.378156863150322
3098 4.989663503709116
3099 4.982168989352585
3100 5.238127671307466
3101 5.269121089057453
3102 4.995459577027228
3103 4.526344766364055
3104 5.10926220309696
3105 4.66587542666321
3106 4.938002656338336
3107 4.789520315402431
3108 4.755356143632094
3109 4.764304459937292
3110 5.460590236623495
3111 4.594613051971224
3112 4.877740136230703
3113 6.286234933939843
3114 6.779282954992837
3115 5.309083375203552
3116 4.855049223677975
3117 5.035331357081743
3118 4.926707798119406
3119 5.295058768741433
3120 5.630335713381312
3121 5.3481834038093785
3122 5.198765482892511
3123 5.06114832904486
3124 5.246002798169927
3125 5.221092559262567
3126 5.227917561703371
3127 5.12501073265588
3128 5.300673605686186
3129 5.40220887794552
3130 5.476142244642525
3131 5.205742952632054
3132 4.904405548000536
3133 5.2529291179704165
3134 5.323876909907614
3135 5.2952218692628765
3136 5.508828259025051
3137 5.4898958910672455
3138 4.954284588655235
3139 5.021646894050549
3140 5.390581653693843
3141 5.009682184903827
3142 4.949532098307567
3143 4.9500258909793775
3144 4.804520952057073
3145 4.820921263785181
3146 4.648647031826974
3147 5.1095159832456165
3148 5.1608868804828765
3149 5.586734816622032
3150 5.495960947496284
3151 5.556918472554069
3152 5.348988756806776
3153 5.511818014708208
3154 5.293530984363889
3155 5.269241811542773
3156 5.409513172418719
3157 5.399680965834367
3158 5.498971563274049
3159 5.853738686917967
3160 5.188741334636299
3161 4.845936712301045
3162 5.248935943887338
3163 5.207083005229552
3164 5.037539458497646
3165 5.169464332515179
3166 5.263869459667935
3167 4.970027933674012
3168 5.103787352050651
3169 5.649565782099151
3170 4.990561141323329
3171 5.107208562600473
3172 5.409712690411895
3173 5.381400135587089
3174 5.523983617000803
3175 6.078258973704109
3176 5.344028688371876
3177 5.331063185861024
3178 5.016771736274618
3179 5.308107723506576
3180 5.098966233279237
3181 5.169496635763644
3182 5.278025133131687
3183 5.3991090528646986
3184 5.268669289673615
3185 4.964177672122455
3186 5.362023776095222
3187 5.110497643723853
3188 5.566894579583689
3189 5.606588263606485
3190 5.551504418917883
3191 5.04535223758161
3192 5.384090446406192
3193 5.215976528971241
3194 5.3277408588139075
3195 5.801105909765416
3196 5.55822971371667
3197 5.303618679496566
3198 5.682024848516603
3199 5.791172327002988
3200 5.479312322132704
3201 5.521435764864466
3202 5.7193332492091855
3203 5.361975878663838
3204 5.747344860444944
3205 5.676008882244306
3206 6.125349752686044
3207 5.410913180838101
3208 5.610372029419607
3209 5.659967010521154
3210 5.563712123466689
3211 5.385802662150683
3212 5.7498011254157815
3213 6.010595115172908
3214 5.5191081869036775
3215 5.872470537940593
3216 5.867241897012801
3217 5.617884957196557
3218 5.609796075596937
3219 5.031938724123688
3220 5.634634075401985
3221 5.410657210212853
3222 5.347156519990015
3223 5.49366244023367
3224 5.514000948921599
3225 5.369362372065511
3226 5.23888846722494
3227 5.957974930869749
3228 6.241635074611836
3229 5.254771025773849
3230 5.2973734267846115
3231 5.122058130978097
3232 5.0230990195150635
3233 4.958557989432873
3234 5.780418663094088
3235 5.4986945358319925
3236 5.470071202546799
3237 5.506341080957069
3238 6.118785983554207
3239 5.681143709915631
