0 8.28214801546984
1 9.155817355570292
2 9.427264276080422
3 9.779599289199487
4 9.284773229200562
5 9.340615697298118
6 9.208868726757101
7 9.20914369808014
8 9.081450357352859
9 8.522973813447084
10 8.585477168187248
11 8.433587366772402
12 7.899208104405844
13 8.016909156755831
14 8.189359856606597
15 8.269867456395044
16 8.894693653756338
17 8.963861540864391
18 8.443012971580353
19 8.508543938519146
20 9.612636288365556
21 8.850544060349158
22 9.361584703285475
23 9.266937992747797
24 9.377730566527916
25 9.309523041416991
26 9.70253342142538
27 9.322002896794663
28 9.555076895594377
29 9.647015782068477
30 9.503352417128793
31 10.058521605243879
32 9.379349988840694
33 9.077710879241984
34 10.181136627267477
35 9.433546454327614
36 8.664473216450506
37 8.937003808928619
38 8.978525914113412
39 8.72717574049956
40 9.07228272840983
41 8.779538623708861
42 8.318693956642543
43 9.982909758818822
44 8.996223348385255
45 8.61098287504533
46 9.582807358077556
47 9.950661666116593
48 9.477101327062599
49 8.557684078598145
50 9.380017934936522
51 8.395690892963712
52 8.481376915136833
53 10.37296385223095
54 8.708821471621526
55 8.738551922893434
56 9.649157133961108
57 9.608907341326082
58 9.402291413348633
59 9.050331403272699
60 10.096279020049792
61 8.818807570436757
62 8.991362222198969
63 8.727211731507865
64 9.182050775035295
65 8.93032519181611
66 9.34418992442082
67 10.494854664458424
68 9.817689390663212
69 9.556612579370267
70 9.840529427731171
71 9.955517340652142
72 9.839898043903675
73 9.79273988180847
74 8.841024485995012
75 8.10265851595882
76 8.529023951870967
77 9.301612483835491
78 9.57644909714102
79 9.451336579403717
80 9.19975043021373
81 8.367996557984583
82 9.122324070010775
83 8.677900474103796
84 8.348693994628313
85 9.57788843514599
86 8.130772435048915
87 9.063200327793743
88 7.8717036900875526
89 8.317555750817478
90 8.106547033937018
91 8.505715939255817
92 7.828345143820506
93 7.808177387927751
94 8.21882222382357
95 7.719553844600555
96 7.955955617072494
97 8.025777868077496
98 8.429928983725402
99 8.116258415643395
100 7.609488270727288
101 7.93669373578383
102 8.14104848327033
103 8.154517198521086
104 7.925364068965093
105 8.037233543637308
106 8.281959984136165
107 8.230290184917626
108 8.750053051259679
109 8.521651814956728
110 8.522877277577155
111 8.419398496726805
112 8.361613400386666
113 8.493128299591794
114 8.533778346422855
115 7.963831268949319
116 8.166848351428651
117 8.137591484430876
118 8.264909509169005
119 8.067009680898366
120 8.858691042991353
121 8.2877105986899
122 8.001590321724487
123 8.917352795319317
124 8.267817456296157
125 8.038848717288378
126 8.148151299763873
127 7.806507284753496
128 8.007383661024003
129 8.7209955345358
130 8.51476777789596
131 7.761320271339125
132 7.931977934155902
133 8.560534469354288
134 8.511080375657034
135 8.50051322774902
136 8.002909469091925
137 9.09749347631261
138 9.079081779049838
139 8.28644514141884
140 8.13602429960975
141 8.968297475959487
142 8.641538761969114
143 8.949380546918698
144 8.1023388615075
145 9.119490144006349
146 7.9662940083403875
147 7.863714341447797
148 8.252723642991887
149 8.613169599011783
150 9.523039753237017
151 8.688445961710993
152 8.771941566048266
153 7.793938888868807
154 8.266860872069007
155 8.374899557960651
156 8.078767987765634
157 8.10531297307505
158 8.480226761602665
159 8.160133892821097
160 8.17404883695
161 9.4998006945127
162 8.280447429036338
163 8.56073430287366
164 8.698779965712724
165 9.239507839898417
166 8.611064682808001
167 8.200420080473116
168 8.932297330507023
169 8.098225238536237
170 8.040421109049946
171 8.244938866628857
172 7.9847586632836665
173 8.006094322051986
174 8.154675297230929
175 7.913496120370198
176 8.442109139381158
177 8.325232231088354
178 7.764720192748572
179 8.367695365068888
180 8.93438778553137
181 8.633026801026373
182 8.397203080286703
183 8.008025396634215
184 8.080700962884555
185 9.812857509940892
186 8.311100782625987
187 7.972686036787499
188 7.912575794785523
189 7.9078663996375145
190 8.199175372316173
191 7.958613692870943
192 8.502788725276895
193 8.516005503800775
194 8.28870755050565
195 8.640473803595654
196 8.57443341505201
197 8.168892966957252
198 8.347058271612452
199 7.851311391329001
200 8.96672618402531
201 7.84066912355194
202 8.738753562760593
203 8.718243756130125
204 8.408330497332882
205 8.124497634756718
206 7.992541848917363
207 8.298372570499108
208 8.116148985635299
209 8.555528213689673
210 8.267176715985189
211 7.856307438931647
212 8.190057392558467
213 8.369398659821554
214 8.154045578754303
215 8.661993411002035
216 9.084561549735783
217 9.42478326143303
218 9.004563210574235
219 8.995148137972537
220 9.296709313717765
221 9.350825070798791
222 9.079756497531168
223 9.482538840292156
224 9.525809001038295
225 8.659632525462587
226 8.888970634428984
227 9.467842270043104
228 9.550396084652757
229 9.556893480742493
230 9.595432044394906
231 9.146825916976296
232 9.84221830856373
233 9.441951202342079
234 9.678724954671202
235 9.598172354301276
236 9.772802271741163
237 8.661301278099987
238 8.257677552271863
239 9.973748213305312
240 9.596394015877312
241 9.260213820816263
242 9.51781709902909
243 10.063975059566278
244 10.183830083938382
245 10.044667775574181
246 9.262307879537016
247 9.459490778686373
248 9.598522747128408
249 10.130106985574326
250 9.964975236320468
251 8.661959519515346
252 8.263154470479838
253 9.367171523257626
254 9.3368871007528
255 8.223568426392145
256 8.513929283951837
257 8.477894750189996
258 8.24363705599026
259 8.770820523699653
260 8.944261278286032
261 7.976508275915371
262 8.771281817937949
263 8.699014789838307
264 7.314833064141641
265 8.361421054467177
266 7.930872036337185
267 7.889483277302624
268 7.563993082836366
269 8.392153340909735
270 8.259601644324418
271 8.227453711509211
272 8.025478648104372
273 8.069188135889041
274 8.132591263175893
275 7.829292472017845
276 8.50545913539294
277 8.864055447904098
278 8.655004604248813
279 8.08755397680863
280 7.999429366172863
281 8.33175646054134
282 8.71907368761936
283 9.33885672478163
284 8.284333287192972
285 7.734476708001262
286 8.255222953240281
287 7.618675142139636
288 8.58938506169402
289 8.751404873066022
290 8.340163653134486
291 8.511221105120132
292 8.698058567996487
293 8.383322486250835
294 7.855388359137633
295 7.927796643491764
296 7.810463534720501
297 8.43232369256196
298 8.550466565246369
299 7.877239036763644
300 8.206017562507382
301 8.375319336117725
302 8.305123867857985
303 8.546101901771264
304 8.725831166524866
305 8.562009874293883
306 8.376877269817408
307 8.428926316818584
308 7.769258433117148
309 7.897448468869421
310 8.385565348686928
311 8.174249527853371
312 8.504337473087244
313 8.429873181033813
314 7.939358606247808
315 8.494293411709164
316 8.427978553520907
317 8.776039599793195
318 8.453989100008831
319 8.341480089575573
320 8.531904349132995
321 8.207317420252338
322 8.157422736570656
323 8.251192304131065
324 8.590328304311491
325 8.37089191923694
326 7.718605086544815
327 8.53199876130032
328 8.065615414441522
329 8.351078387371075
330 8.292812182927097
331 8.178647302680922
332 7.524161659613248
333 7.7639343860245456
334 8.081440552927045
335 8.186250952964917
336 8.13694764989942
337 7.9620236212077335
338 7.675742252243071
339 7.355988038801281
340 8.011060387300612
341 7.489282141229478
342 7.696854837722919
343 7.808029287050683
344 7.806018410546879
345 7.137662852672188
346 6.999840373025212
347 7.93137819702803
348 7.303856816222415
349 6.912490780945407
350 7.541803307102861
351 8.046872135967826
352 7.637361473002974
353 7.373354900063857
354 7.473764579351702
355 7.469188562867115
356 7.448009892286429
357 7.705921957652101
358 7.692986286320373
359 7.7541454633460125
360 7.104609437244125
361 6.876199062118474
362 7.368509808358005
363 6.756413333467234
364 7.271869339337482
365 6.915019849404335
366 7.323085556696564
367 8.236568594113848
368 8.17515409773535
369 8.611957172647475
370 8.184495840020674
371 8.236209664315277
372 8.218290356422122
373 8.194380173865232
374 8.423485308326889
375 7.938516207819554
376 8.61742918086793
377 7.6116891008560685
378 7.6221618083248055
379 8.015893402984753
380 8.449029353903047
381 7.776613428180606
382 7.60806070671138
383 7.772670068197887
384 7.630877648180653
385 7.554493501950756
386 7.6763956222293235
387 7.430505986185682
388 8.144898052252094
389 8.011379520558197
390 7.995750957355683
391 8.012444386371062
392 6.916663172256647
393 7.126575205670687
394 7.144463304384672
395 7.590484754320292
396 7.087886429766014
397 6.1755973992935465
398 6.389690096831826
399 6.255274890971738
400 6.340440892541907
401 6.5903779545423244
402 6.381552967046058
403 6.082968750160175
404 6.113877669637763
405 6.48012827945154
406 6.404602543177537
407 6.619438846520134
408 6.580138638537771
409 6.188678391065325
410 6.414112925168272
411 6.410144668612294
412 5.967689553329672
413 6.401776998491478
414 6.386144797984055
415 6.417527928068062
416 6.664483254797815
417 6.46470771542177
418 8.045040123866807
419 7.3908194698075675
420 7.844237214206204
421 6.869953037657115
422 7.501319158276992
423 6.803365306672938
424 6.35805007365149
425 6.879603324633384
426 7.345304017349615
427 8.349543457160788
428 7.844774380725261
429 7.326660824231451
430 8.420287869254937
431 8.102003608605836
432 7.982451585111567
433 8.170403342040506
434 7.265419228706971
435 7.323630427819165
436 7.480603614448931
437 8.137967426864153
438 7.974596541294626
439 7.899286013903659
440 8.243925706043102
441 8.383199486476089
442 8.22896795513841
443 8.263963019819583
444 7.362313845900365
445 7.4004061968013435
446 8.059462850282069
447 8.067230079886256
448 8.178589041709667
449 9.383484915100953
450 8.765456044277729
451 8.757409938530442
452 9.205466790489746
453 8.586015478248084
454 8.511393878037689
455 8.06832192776595
456 8.476316703160547
457 8.06263892826112
458 8.42048714765906
459 8.694454288140644
460 8.155283456346105
461 8.938312490541351
462 9.687322887961297
463 8.847295483230146
464 8.52629611857106
465 9.714728543403044
466 9.973771197404247
467 8.49276314717486
468 8.951885758703659
469 8.750186769923038
470 9.605098903786951
471 8.943446812391727
472 8.453345881458718
473 8.070064080243684
474 7.960423703434538
475 8.596160150285368
476 7.974005327565343
477 7.909205207071762
478 8.694836787904325
479 9.060220423925083
480 9.601738693960781
481 9.578614624931609
482 9.231415591053896
483 9.79592172059022
484 9.849541081793362
485 8.331042196301002
486 8.828994515948938
487 8.786700226701052
488 9.356516310721126
489 10.864827952911707
490 10.353534442443891
491 9.574052775883008
492 8.816331697903848
493 8.68412410142374
494 8.456939696626597
495 8.373309745858215
496 8.33688743192462
497 8.382427064887892
498 7.650500832161135
499 9.509683942790481
500 8.088726645200365
501 8.176491671479152
502 8.38527604178429
503 8.309813082602439
504 8.271160568620594
505 8.075909297127028
506 8.49505628634473
507 9.102873268094134
508 8.374244781448246
509 8.645043400506445
510 8.19131977360579
511 7.863483386788254
512 8.378815691389086
513 8.198480541805402
514 7.910193092744587
515 8.411464214693051
516 8.061217264157223
517 9.198386302542014
518 7.5625909451735085
519 8.732536257844904
520 8.395802137196215
521 8.071446356505717
522 8.076596807586656
523 8.575362149798496
524 8.505147916365367
525 8.319870888151042
526 8.215085283906532
527 8.215493762105007
528 7.894470029225542
529 7.630936445663156
530 7.558603086747305
531 7.875456696586451
532 8.002141362974298
533 8.049739983319082
534 8.412125664096786
535 8.608943355589524
536 7.6498968487946195
537 7.891513473113761
538 7.8574583311908235
539 8.166533399159054
540 7.328010754131127
541 7.486206641226468
542 8.235266303968473
543 7.389912907387107
544 7.999549136711596
545 8.664326176426497
546 8.064704901586177
547 8.107389777992362
548 8.035993641321664
549 7.802979496900974
550 7.955703891953323
551 8.104401380783937
552 8.581604132095386
553 8.390389777600822
554 9.023505401663062
555 8.208434555319029
556 8.46204568187623
557 8.254902900305815
558 8.539153282936958
559 9.176243848302143
560 8.246854832337066
561 8.72136903476218
562 8.580792876351667
563 8.552950269642764
564 8.010199503540298
565 8.345100470854877
566 8.651732661309666
567 8.075791303378624
568 8.831583382665722
569 7.67087925203777
570 8.105469266050141
571 7.800565989831036
572 8.169976343514657
573 7.8138534836581
574 8.36576172961266
575 8.583035890499207
576 9.048720827389428
577 8.918715586975678
578 7.932152927031607
579 8.176313970712147
580 8.582566351238166
581 9.002347080334182
582 8.254512713578277
583 8.22575063541512
584 8.871774327210572
585 8.379457253728278
586 8.310656745420818
587 8.976675909841461
588 8.914907181857936
589 8.233770091406319
590 8.787813520702151
591 8.779613609601427
592 9.111487548322382
593 8.218068315140952
594 8.790016754510651
595 8.514792165041428
596 8.659491190316581
597 8.49505536158489
598 7.833723245676832
599 8.410925158810256
600 8.917743899732379
601 8.580326977784532
602 8.493922176376383
603 8.387799702159658
604 8.187743013267735
605 8.644804103186695
606 8.631680935460292
607 8.80533212378231
608 8.262677846180427
609 8.676365012938763
610 8.473700706833363
611 8.26324494184791
612 8.498288250989328
613 7.713409654102657
614 8.107222420559683
615 8.406074098911445
616 8.110908446072576
617 8.019159398324028
618 7.963943616614496
619 8.429308514725422
620 8.445328672826191
621 8.691482433045648
622 8.93895579402027
623 8.257443143085881
624 8.11761452810403
625 8.29622539750105
626 8.166898549881969
627 8.246506060274225
628 7.686751867440808
629 7.897746646707245
630 7.965217310566995
631 8.514336404356474
632 7.892564596146178
633 8.375399340716601
634 8.485239096445747
635 8.366381596917693
636 8.136698427596624
637 8.432281339825547
638 7.983303487099928
639 7.977035757702453
640 7.817560225473727
641 8.491418223338629
642 8.223374903433681
643 8.343548715468296
644 8.039889323940859
645 8.644236519765826
646 8.801171214146514
647 8.279320385651637
648 8.60826939199167
649 8.386179410663768
650 7.575420338737333
651 8.115257931452867
652 8.4879407369986
653 7.799415138771715
654 8.215414959074186
655 8.458301833337808
656 7.680878642670718
657 8.375756767551374
658 8.798897467519202
659 7.962550292442404
660 7.949896917845792
661 8.245454660808836
662 8.119970571226009
663 8.155675367775961
664 8.043266022094603
665 8.178715879069845
666 8.837999334615558
667 8.482329101655807
668 8.155804860219483
669 8.29617046861871
670 8.380181448883743
671 8.245921183315815
672 8.263534984289715
673 8.22945492856097
674 8.148511619161145
675 7.90634755307003
676 8.12984912241236
677 8.220923602491045
678 8.142351306772884
679 7.963822644970403
680 8.168176427809087
681 7.846808035569219
682 7.742387587319588
683 8.268373508797179
684 7.94080782439776
685 8.18295236662767
686 8.076436602070345
687 8.100818155851238
688 8.075306407266725
689 7.801109255498771
690 8.921454217277557
691 8.434625183878431
692 8.732482539760793
693 8.660847112727392
694 8.578247724200452
695 8.134096591588126
696 9.635804152493082
697 7.783818426948036
698 8.811907552812194
699 9.333221275709239
700 10.07584472164298
701 9.557889807262614
702 9.79557032316072
703 9.468209586036298
704 9.17179496576893
705 9.003731611038676
706 8.49632001006596
707 8.089207940577722
708 8.136742265411518
709 8.496169320207947
710 7.838679066942433
711 8.184347842563573
712 8.347198474104337
713 7.7113249650939455
714 8.075696348779884
715 8.527691635734099
716 8.848095108125364
717 8.288084189784339
718 8.081636967942728
719 8.841580198220887
720 9.095877912831888
721 8.172032803726196
722 8.299339247068819
723 8.625296763325368
724 8.363487593072827
725 8.310550254914983
726 8.121029923225485
727 8.1532446351551
728 8.351995806409839
729 8.253459363434175
730 8.479299707628977
731 7.790322087183367
732 8.677565208272743
733 8.335814086284493
734 8.105237415119575
735 8.188024736886808
736 8.311290155195913
737 8.318941402611305
738 7.788947800600251
739 8.114452128856641
740 7.935325731833135
741 9.277961458069505
742 8.470174015315404
743 8.273171810307364
744 8.154801158042895
745 8.159943750768269
746 8.345199484961634
747 8.74711708596251
748 8.036182982023659
749 8.428092598784897
750 8.228488310532708
751 8.093462923385806
752 8.766574542327398
753 8.117972862311785
754 8.257861665222892
755 8.220204850431749
756 8.317125290828159
757 8.06946113089173
758 8.691469923352125
759 9.15430229207937
760 8.893990939821606
761 8.702712978349494
762 8.429418389144356
763 8.76089791824229
764 8.104410331906625
765 8.215059835610653
766 8.094788737195858
767 8.025082729330189
768 7.861653519611892
769 8.14410652798498
770 7.843651241162835
771 8.08815786254975
772 7.9037768163297475
773 8.502206350942634
774 8.020669448132573
775 8.035067215236332
776 8.43664401707013
777 9.0515918081076
778 8.142983417074527
779 8.076597453534703
780 7.767556239945508
781 7.772814648420531
782 9.415731993695498
783 8.596641310923568
784 9.127069327130737
785 8.262506568216077
786 8.273851253838773
787 8.479709003269159
788 8.487326284497385
789 8.332491612509918
790 8.51661697385146
791 8.630669293444571
792 9.01370699112612
793 8.69485712917757
794 8.092387515980997
795 7.996515335119738
796 8.440026447346405
797 8.576686365378238
798 8.371328792805427
799 8.107768196741041
800 8.389685340116134
801 8.61098904220213
802 8.698439509347889
803 8.2483034322986
804 8.738365505108973
805 8.874027086560483
806 8.172753321057037
807 8.1277003843583
808 8.082507188746908
809 8.034727344987767
810 8.410192298565944
811 7.819947812987308
812 8.159479579809698
813 8.075298548859864
814 8.069417602020252
815 7.956868585390181
816 7.517677251217685
817 8.078682809349235
818 8.350806218281036
819 8.096083656219397
820 8.291624667614782
821 8.223102082293636
822 7.707532701692609
823 7.807225265505113
824 8.039986374225194
825 8.015188253744283
826 8.064618929620687
827 7.8644302971446844
828 7.710335683512833
829 7.970504089738297
830 7.790350572005933
831 8.398977730520764
832 7.723114250529918
833 7.8978955318707875
834 7.952839258053473
835 8.125410335731782
836 7.894907829852616
837 8.72502290845015
838 7.780627378548423
839 8.35065687573032
840 8.254463043228052
841 8.222136518271956
842 7.815849121660948
843 8.068946723864608
844 8.289702733845365
845 8.167382964143055
846 8.168239584414797
847 7.904519197573105
848 7.936456116573804
849 8.608313722574966
850 8.075941458106662
851 8.20439201955731
852 8.117546844458051
853 8.072588680146351
854 8.51149333934209
855 8.63803907281581
856 7.979939059804991
857 7.994500443808974
858 8.607576884868305
859 8.83940356152756
860 8.745846623575634
861 8.229352716896072
862 7.980924919200574
863 8.468542718220855
864 8.690163221532062
865 8.38639412689524
866 7.763287185033588
867 7.7008157256497105
868 7.722688748965237
869 8.121794345355612
870 8.13050214867403
871 7.908618859030479
872 8.28620839557797
873 8.452851658740443
874 7.3914563767249915
875 8.04342775932873
876 7.355325816304343
877 7.968010557227127
878 8.243605173584609
879 8.867795136976094
880 8.338074545768906
881 8.227713248506408
882 7.860426132653367
883 8.030139129599771
884 7.375113590637365
885 8.403855098502191
886 7.916421409387356
887 7.8496244871481
888 8.250675372742636
889 8.797956848392221
890 8.113836855642358
891 8.358564066242334
892 7.659638736969374
893 8.088490722342254
894 8.265764025160438
895 8.30599590065251
896 8.252272433753854
897 7.808917852747886
898 8.221568918792492
899 7.971349622882918
900 8.38125182318068
901 8.009089596359871
902 8.55972656635632
903 8.00295513569064
904 8.646164488683477
905 8.244228099533208
906 8.353649694225446
907 8.336797740980414
908 8.012462892498514
909 7.824166954325198
910 8.303461767847677
911 8.703008049639497
912 8.424707572699678
913 8.245034298152945
914 8.735233687222888
915 8.179767800844948
916 8.431388187256637
917 8.048345411796172
918 8.626042675675617
919 7.947356205695829
920 8.264174059650376
921 8.019205669099719
922 7.5702583654662225
923 7.920323801590682
924 7.8053404584307255
925 9.775699125178251
926 8.28631657437962
927 8.280585022191437
928 8.349669323862335
929 7.871944480120448
930 8.333662781706494
931 8.130693215928314
932 8.23785121763721
933 8.521188790521903
934 8.5183741934211
935 8.545418932036226
936 8.206708651921431
937 8.076379115612044
938 8.11879231584136
939 8.239993462374725
940 7.915057623940074
941 8.892216156580103
942 7.8321282181604595
943 8.076312987835765
944 7.94930294089964
945 8.386991162614505
946 7.96881806803814
947 8.478058367186511
948 7.803889224073985
949 8.20308299699267
950 7.783230127420802
951 8.329812698817584
952 7.921598966239351
953 8.536003536770178
954 7.880113167018434
955 8.368129588440897
956 8.111410211827522
957 8.328051541907625
958 7.7934085844667385
959 8.440656902103939
960 8.365402389024373
961 8.376028323600734
962 8.304154268229937
963 8.356123015493987
964 8.173219308646207
965 8.435981576619868
966 8.168203554938625
967 8.603755216790589
968 8.330644999026763
969 8.30513685553146
970 8.244094619423585
971 8.360195450356374
972 8.176392613812038
973 8.591601547138076
974 8.197974739732357
975 8.577488013093781
976 8.233033888302623
977 8.615749286196309
978 8.266744480318922
979 8.085848282843589
980 8.167219128485122
981 8.407467718215795
982 7.95197687896876
983 8.362628616649515
984 8.663031155192138
985 8.08651730637714
986 8.042110242129162
987 8.442799713739811
988 8.187180758087099
989 8.11992316311401
990 8.66938088248531
991 8.170501848978795
992 8.1636148968187
993 8.670052484967139
994 8.490804085989978
995 8.683458178714309
996 8.573280086686202
997 8.210171561766607
998 7.9703310681481705
999 9.067374627397793
1000 8.047411716286735
1001 8.197124753981303
1002 8.086748420058985
1003 8.523799437888998
1004 8.109482635627428
1005 8.512126319785574
1006 8.32447734235316
1007 8.563259478149382
1008 8.392888067469004
1009 8.123999038523698
1010 7.97841132904774
1011 8.044279514426183
1012 8.010886439607882
1013 8.335419464797608
1014 8.306553920786257
1015 7.976032933668392
1016 8.236446888544457
1017 9.002376205522198
1018 8.143292886808267
1019 8.338902698633365
1020 8.173675651081574
1021 8.272749239947066
1022 8.888611194305636
1023 8.21268658177961
1024 8.379738691234254
1025 8.791450127164122
1026 8.29914758795163
1027 8.472677082394789
1028 8.377328413788074
1029 8.601709994208408
1030 8.736346753710748
1031 8.662049738098627
1032 8.840638287865916
1033 8.572674268555383
1034 9.395727910658994
1035 9.308216931582404
1036 8.98711712752689
1037 8.618133260210591
1038 9.751675729683644
1039 8.773484765966467
1040 8.36578054094457
1041 7.934405057112818
1042 8.33072388505466
1043 8.535877608520936
1044 8.32901241402064
1045 7.941010346821438
1046 8.607127371184834
1047 8.281398393260158
1048 8.02732793994395
1049 8.585487832121334
1050 8.045423008207296
1051 8.564966078389483
1052 8.317582547779944
1053 8.159080798267462
1054 8.528311273177906
1055 8.275058608822167
1056 8.631576168743685
1057 8.43489348355313
1058 8.384828246646212
1059 8.306097776598598
1060 8.167906769662695
1061 8.014018989205034
1062 8.592307122465286
1063 7.9678869625979685
1064 8.765195938331882
1065 8.528973722212404
1066 8.403718889167473
1067 7.987623877983846
1068 8.514399392638078
1069 8.391632763736666
1070 8.294344411421058
1071 8.770711607437285
1072 8.391820118463091
1073 8.05597721786752
1074 8.633842721295258
1075 8.697894107719335
1076 8.481786924269064
1077 8.440682034868624
1078 8.292722309113756
1079 8.114467590835773
1080 8.162118740068733
1081 8.402454490983807
1082 8.274204524542675
1083 8.507365290906488
1084 8.218847209095143
1085 8.829081710836268
1086 8.42453988195239
1087 9.110474566222564
1088 8.405757880396319
1089 8.865917011997938
1090 8.885756096788183
1091 8.939335198278444
1092 8.665656442757221
1093 8.435051493727823
1094 8.584293640339363
1095 8.30283689777532
1096 8.152882212966023
1097 8.777327148493349
1098 8.524487074898518
1099 8.444459866528488
1100 8.440053054983153
1101 8.474707189841826
1102 8.888190555240058
1103 8.229768093281814
1104 8.198822820601599
1105 8.25577562906299
1106 8.394775459141522
1107 8.57147283770199
1108 8.271384916366348
1109 8.499627913324797
1110 8.319028237043714
1111 8.649436720093115
1112 8.366497599623578
1113 8.543621107627239
1114 8.68378681630744
1115 8.452777010757606
1116 8.56824636315297
1117 9.02876378738429
1118 8.567395799710157
1119 8.662144041962675
1120 8.484432713987571
1121 9.271358616987758
1122 8.109072470093675
1123 8.538325035342059
1124 8.731441484302822
1125 8.5208836589012
1126 8.691840580350332
1127 8.388267271439393
1128 8.377374126847302
1129 8.898434051579471
1130 9.267708840399441
1131 8.571818322072872
1132 8.236597521659657
1133 8.702064793999835
1134 8.47009710667826
1135 8.89563018272676
1136 8.178302573059964
1137 8.549232057626924
1138 8.474380633499264
1139 8.9524928363873
1140 8.640370722425002
1141 8.38998862548591
1142 8.524520147809003
1143 8.54224996087897
1144 8.413153155121229
1145 9.028103369495229
1146 8.45927720973203
1147 8.373989796046985
1148 8.364149486613968
1149 8.222338255406223
1150 8.36096916912152
1151 8.631579911953954
1152 8.676583355407564
1153 8.572352162695676
1154 8.85616127433887
1155 8.37028085301726
1156 8.603798499805267
1157 8.207086007022358
1158 8.784973225313468
1159 8.306695890091172
1160 8.379274372970816
1161 8.78457977942401
1162 8.05511450334872
1163 8.302294306280958
1164 8.580058920950352
1165 8.57259552753199
1166 8.53326530733791
1167 7.834333606030246
1168 8.331113732263457
1169 8.538183017756173
1170 8.28736743027089
1171 7.792237265642913
1172 8.680637856885514
1173 8.526970071790263
1174 8.52859141834751
1175 8.850639530507703
1176 8.882520043277367
1177 8.911034189597263
1178 8.396293685628116
1179 8.738504728546767
1180 8.580458501412627
1181 8.784997010620913
1182 8.499889747559726
1183 8.779528085862248
1184 9.106641068912287
1185 8.84674232031575
1186 8.887651150283356
1187 8.807908432106132
1188 8.86318120219539
1189 8.868167846865196
1190 8.534890271666402
1191 8.983544081609772
1192 8.732999013660903
1193 8.79866713040855
1194 8.78656773032063
1195 8.625290345332173
1196 8.43270621533455
1197 8.066878135421458
1198 8.640976851731198
1199 8.709832233277645
1200 8.927700253343273
1201 9.014415683140422
1202 8.885236584969693
1203 9.036497633257959
1204 9.14619147884685
1205 8.742302099726155
1206 8.753433513471993
1207 8.133528812078152
1208 8.62887990455691
1209 8.699834634142418
1210 8.60055335313766
1211 8.552039692929242
1212 8.599150305171392
1213 8.235878851845525
1214 8.5095041779462
1215 8.809315309832442
1216 8.396813392429031
1217 8.735278242456546
1218 8.305536964861577
1219 8.99315378325376
1220 8.26136312550039
1221 9.000539252501486
1222 8.22906509477951
1223 8.828953750354403
1224 8.853611993875731
1225 8.770673589748371
1226 8.169346299845685
1227 8.34129469591416
1228 8.348881786266453
1229 8.069035544586896
1230 8.570663957197524
1231 8.285139120881082
1232 8.560433148985487
1233 8.952034368119206
1234 8.604607665532583
1235 8.503032050428052
1236 9.103451639560019
1237 8.931439098732946
1238 8.957295650405888
1239 8.31936893527174
1240 8.878823903197583
1241 8.847348096829212
1242 9.113099753653373
1243 8.796783690680238
1244 8.493233497575646
1245 8.286289183380276
1246 8.341263014866422
1247 8.520431722233234
1248 9.510265222081996
1249 8.763940944542727
1250 8.981589313305468
1251 8.89959702625044
1252 8.4071019536609
1253 8.97059725520855
1254 8.542420599223986
1255 8.631015272715286
1256 8.745244484371492
1257 9.032897659475006
1258 8.357237882706864
1259 8.586235642776025
1260 8.22695630915691
1261 8.080009046130563
1262 8.346430857072033
1263 8.187906047630308
1264 8.358147526000936
1265 7.829052423592313
1266 7.899106331316915
1267 9.095827777827974
1268 8.552368133312225
1269 8.291186733854985
1270 8.257811728358075
1271 8.186185623101805
1272 8.390373370432288
1273 8.449461436397707
1274 8.279181038716214
1275 7.565817391850688
1276 8.530614705265208
1277 8.712758548747946
1278 8.443853015448434
1279 8.589221692808986
1280 8.244747153482844
1281 8.286094502910977
1282 8.38301168872694
1283 8.452971629220297
1284 8.172830998861055
1285 8.630971881674771
1286 8.152344659796343
1287 8.161404591914595
1288 8.360528150731902
1289 8.337547423021723
1290 8.357584170732643
1291 8.499786051738797
1292 8.749912035713521
1293 9.054307911412609
1294 8.618665970697545
1295 8.851038856579608
1296 8.940623779870142
1297 9.055871349626186
1298 8.797859350375587
1299 8.893352345286866
1300 9.202157313948277
1301 8.721349168185258
1302 8.19584100250437
1303 8.453760245879423
1304 8.76603729208419
1305 8.277754778152751
1306 8.111680358525481
1307 8.4325156669175
1308 8.408592734760113
1309 8.110669497603403
1310 8.703551051707953
1311 8.422707849735172
1312 8.631096361947275
1313 8.465938530782495
1314 8.875217110093246
1315 8.362996996560936
1316 8.285220076191736
1317 8.255727779478256
1318 8.279415171315415
1319 8.449480389277191
1320 8.409291799045407
1321 8.2525905759457
1322 8.620880145672878
1323 8.452950280864254
1324 8.222467011972428
1325 8.143275990661751
1326 8.365821865278443
1327 8.58651330972398
1328 8.248711017114552
1329 8.177456845838888
1330 8.415245095206249
1331 8.576380331047538
1332 7.9663391803750825
1333 8.593985600461165
1334 8.313406165930084
1335 8.54113974787022
1336 8.218013657737776
1337 8.314719172762977
1338 8.557256005167842
1339 7.969126587643757
1340 8.37238995586702
1341 8.088962417533777
1342 9.5072647009229
1343 8.639578761239154
1344 8.509487556898566
1345 8.593474606150629
1346 8.368689657118862
1347 8.33850991140404
1348 8.209882645076098
1349 8.476719674157902
1350 8.942872361769368
1351 8.455405323043738
1352 9.313429852179743
1353 8.234428171080387
1354 9.310416664009276
1355 9.207865904609877
1356 8.073609309509491
1357 8.38787503808757
1358 8.707895848611013
1359 8.710293530736763
1360 8.673340786720898
1361 8.226501532791223
1362 8.347382476418353
1363 8.521577992007378
1364 8.360654792397646
1365 8.657703062711798
1366 8.414103257421976
1367 8.687532692524222
1368 9.440436986923745
1369 8.333970082934215
1370 8.656858908336895
1371 8.432770887607939
1372 8.469359024909101
1373 8.587278216000945
1374 8.695878568990908
1375 8.870699113683184
1376 8.767436049587255
1377 8.15338474780509
1378 8.873951578316182
1379 8.088921336564235
1380 9.047202677243792
1381 8.342859674985993
1382 8.091160602263043
1383 8.760201452607097
1384 8.300085989831272
1385 8.818778527197669
1386 8.624503970281477
1387 8.728043167803706
1388 8.076795986444052
1389 8.29631767313225
1390 8.291716588430726
1391 8.640158893290518
1392 8.767701306051313
1393 8.477519040122413
1394 8.917927457948068
1395 8.47259311955892
1396 8.227550773093219
1397 8.806352686120892
1398 8.460348442402305
1399 8.450892385432486
1400 8.33608058225944
1401 9.009404668567816
1402 8.432580258739364
1403 8.34116434523637
1404 8.234863676745993
1405 8.27851718989408
1406 8.500950426226696
1407 9.066590706078644
1408 8.079026187446544
1409 7.905888182672511
1410 8.648283799658934
1411 8.55066586098227
1412 9.097013718140557
1413 8.550020766722069
1414 8.619132350148366
1415 9.447237039705653
1416 8.063967977561488
1417 8.313739271580085
1418 8.389726069301823
1419 8.234193081243045
1420 8.720814904237631
1421 8.502554762669313
1422 8.786041793660093
1423 8.606893008438684
1424 8.495049763018372
1425 8.237839552907777
1426 8.532551004744734
1427 8.852716204088958
1428 8.547806504112012
1429 8.296684926133311
1430 8.482399388742465
1431 8.553978544108888
1432 8.841671602412134
1433 8.023772338154256
1434 8.31914258645984
1435 8.478581425036634
1436 8.494131488823205
1437 8.194971367789842
1438 8.50436550616187
1439 8.154382087943004
1440 8.319012350890299
1441 8.383701172586617
1442 8.135087334537937
1443 8.58240357531368
1444 8.557475929466245
1445 8.502524751265232
1446 8.210819683703516
1447 8.28302927712021
1448 8.288907805907813
1449 8.628987759955677
1450 8.664375168066627
1451 8.772795722841035
1452 8.469806957380511
1453 8.538069096495247
1454 8.561845458186678
1455 8.438858034885794
1456 8.60377802939099
1457 8.764595185941749
1458 8.582734738942678
1459 8.84087731244636
1460 8.281846113992058
1461 8.358163254060262
1462 8.295685356774618
1463 8.648871076107033
1464 8.576259813214268
1465 8.260231968480728
1466 8.403520008925625
1467 8.65209007625359
1468 8.33979508335504
1469 8.60204612075605
1470 8.449923458051869
1471 8.245792138636588
1472 8.2115376204453
1473 8.646576202312843
1474 9.305465115474217
1475 8.669656793566576
1476 8.679006971265448
1477 8.37662660416086
1478 8.598558498364387
1479 8.08535206410284
1480 8.72786940908028
1481 8.246727209139808
1482 8.773176051421231
1483 8.697343192831749
1484 9.214599394872382
1485 8.42669677810903
1486 9.01869619989293
1487 10.236408137462151
1488 9.154308505109736
1489 9.428971327837745
1490 9.665724019655924
1491 8.46241239471375
1492 8.684044596093035
1493 8.664073142575322
1494 8.470573055871988
1495 8.058783267720882
1496 8.364054149712967
1497 8.27558342925019
1498 9.735112628899174
1499 8.706422974550787
1500 9.00084587789924
1501 8.449634227405125
1502 9.089637118485927
1503 8.288467152693231
1504 8.42870226904634
1505 8.674159421610529
1506 7.931491621599204
1507 8.07805480730372
1508 8.171893470105989
1509 8.296477290423303
1510 9.019932492073877
1511 8.36317135179132
1512 8.153226219551204
1513 8.191834024918196
1514 8.0030431084971
1515 8.107248317217184
1516 8.6478430083424
1517 8.224615141779264
1518 8.664079483449612
1519 8.370338738318791
1520 8.739795312618503
1521 8.66066649479933
1522 8.260553289653586
1523 8.43279889136776
1524 7.9204473257308
1525 8.48755972352137
1526 8.597527644595448
1527 8.138920138076497
1528 8.989592860456776
1529 8.715034251517238
1530 8.243293055010371
1531 8.814314515118344
1532 8.763678014702641
1533 8.979488010359175
1534 8.225042426963611
1535 8.483507892146521
1536 8.538133312509563
1537 8.365488091454258
1538 8.453706121510747
1539 8.57954255964655
1540 9.044269679921184
1541 8.673260291743857
1542 9.131049667664414
1543 8.843127242183165
1544 8.178834483735509
1545 8.117434988152368
1546 9.21252358930178
1547 8.417871692290188
1548 8.191680992834282
1549 8.113371639687616
1550 7.993736145476355
1551 8.387659771089893
1552 8.377938132565415
1553 8.539004428839416
1554 8.208958007352754
1555 8.6668073208305
1556 8.165771069680858
1557 8.719031851829618
1558 8.531076871300863
1559 8.333073434982246
1560 8.337019112040025
1561 8.404180320057709
1562 8.436148921826197
1563 8.40590366664926
1564 8.213452083232742
1565 8.364405492178019
1566 8.02246492215573
1567 8.474004511693803
1568 8.712366778684606
1569 8.692030252221674
1570 8.169222263761437
1571 8.6023658901653
1572 8.105455846970854
1573 8.27453546938122
1574 8.413641928810112
1575 8.030302708875361
1576 8.075420621460946
1577 8.582549189724821
1578 8.694808383133264
1579 8.56113131265692
1580 8.572034227952022
1581 8.86351629320392
1582 8.12808959760744
1583 8.127018214734868
1584 8.31713250611234
1585 8.377855747976039
1586 8.52660347130121
1587 8.767077949279447
1588 8.298381099743713
1589 8.386039770635943
1590 8.250412700987543
1591 8.557647543707747
1592 8.838616253510258
1593 8.85205097932904
1594 8.93875832092253
1595 8.607203288483849
1596 9.575440513969575
1597 9.44791395630848
1598 8.92753056287854
1599 8.831377908391216
1600 8.307011197766439
1601 8.544964154262553
1602 8.874000492622985
1603 8.413727733805512
1604 9.150779905015604
1605 9.35149766538664
1606 9.32371286164017
1607 9.267972971287685
1608 9.238092286228891
1609 8.640397553666725
1610 8.514824169762647
1611 9.320677714421683
1612 8.22331838166427
1613 9.053117552670345
1614 8.323066730601454
1615 8.981963652379427
1616 9.602794339632801
1617 8.380948337615283
1618 8.387559615613952
1619 8.331793482968644
1620 8.337916052208314
1621 8.057984908489038
1622 8.441224391458206
1623 8.439434557516515
1624 8.59815775850638
1625 8.624376131213722
1626 8.44721417232089
1627 9.629774386544412
1628 8.777886534539952
1629 8.501854856472349
1630 8.435975772127856
1631 8.530644025195526
1632 8.326166598840972
1633 8.416140963851369
1634 8.513895882538387
1635 8.518714560265321
1636 8.077047524383223
1637 8.982695892024886
1638 8.771249978265727
1639 8.526747244389789
1640 8.376882006527792
1641 8.978583579793414
1642 8.518405830138347
1643 8.438499482868025
1644 8.517940715901059
1645 8.799736964182877
1646 8.65344447081058
1647 7.978364308727922
1648 8.306754940194054
1649 8.43809548988772
1650 8.800084661344046
1651 8.304852561248973
1652 8.281787628649065
1653 8.591922079864656
1654 9.015008633161514
1655 8.638541501895183
1656 8.1442694094759
1657 8.474665357073526
1658 9.306043181607174
1659 8.342822730187878
1660 8.323171931690242
1661 8.477856927475662
1662 8.908226142667727
1663 8.763377926538624
1664 8.102617072783232
1665 8.313157100764188
1666 8.015454286077068
1667 8.978330047316627
1668 8.544539783015932
1669 8.369587053434525
1670 8.647427406278755
1671 8.622950921457937
1672 9.186690876808193
1673 8.366317837843104
1674 8.731006415731079
1675 8.245882058987954
1676 8.69959603513344
1677 8.430815384961058
1678 8.662109189596038
1679 8.357881804703974
1680 7.916245266946
1681 8.22513731645302
1682 8.344084148119405
1683 8.093630098381
1684 8.557669295107496
1685 8.317039458097097
1686 8.76695440996708
1687 8.335895101774994
1688 8.360539735971157
1689 8.4908865413619
1690 8.501648924157154
1691 8.292502770967843
1692 8.365648108347662
1693 8.209418261242945
1694 8.724731640029788
1695 8.396406646814517
1696 8.255544142689022
1697 8.10534942209748
1698 8.79287369806821
1699 9.048568048325576
1700 8.672827331029168
1701 8.56633876227425
1702 8.475431051426972
1703 8.841593119211305
1704 8.581074453159555
1705 7.98046702748703
1706 8.924324491532262
1707 8.295190649605518
1708 8.37903092779257
1709 8.184729811645578
1710 8.491854090208664
1711 8.28517698573972
1712 8.552354974527317
1713 8.57712857368134
1714 8.294093739097177
1715 8.783209054412229
1716 8.483044746759218
1717 8.850398758276198
1718 8.546287020334079
1719 9.068380561004666
1720 9.161941927856718
1721 8.889168903258472
1722 8.639987885739648
1723 9.147548330608238
1724 8.492370524474563
1725 8.530446669883915
1726 8.609624102482494
1727 8.55986788909601
1728 7.959396035271803
1729 8.145026331310023
1730 8.847698562064958
1731 8.346408392781159
1732 8.312955313770978
1733 8.566335757061985
1734 8.207571683971711
1735 8.85083837089189
1736 8.569380345239084
1737 9.281329409363357
1738 8.576068788161937
1739 8.803047994880263
1740 9.560081230422252
1741 8.582705986340319
1742 8.400453493928135
1743 8.706073543386234
1744 8.698099584626043
1745 8.663207659633988
1746 9.63573871092421
1747 8.723141970192357
1748 8.281487619026562
1749 8.727594865045699
1750 8.479757208712114
1751 8.745182066421432
1752 8.581399760028928
1753 8.545103094242704
1754 8.440777260759013
1755 8.71319183027374
1756 7.931725608698358
1757 8.752549797282924
1758 9.041800166453122
1759 8.516145245340642
1760 8.319775702634194
1761 8.604541091435873
1762 8.733979201893524
1763 8.261137382494043
1764 8.294018350357128
1765 8.298974990674477
1766 9.175304330462499
1767 8.55160205882644
1768 8.404739797074736
1769 8.954504742009616
1770 8.764220904386136
1771 8.364075002420012
1772 8.950742709756556
1773 8.476822449350491
1774 8.245341615018292
1775 8.723376844617594
1776 9.535269078718272
1777 8.498226338315309
1778 8.300576986800253
1779 8.806079334254035
1780 8.514505804541068
1781 8.840072013420816
1782 9.13109852720544
1783 8.766358182777674
1784 8.416594630337512
1785 8.398587340544182
1786 9.5309589310513
1787 8.147094270216073
1788 9.004144014072853
1789 8.55193258249988
1790 8.85545653307068
1791 8.976750876030714
1792 9.027572973155188
1793 9.07098926524055
1794 9.235001121789882
1795 8.91719478643949
1796 8.732660723690483
1797 8.527339635557725
1798 8.617203521043965
1799 9.140050797784477
1800 8.792683631614173
1801 8.879617735172557
1802 8.831036809239137
1803 8.535662995686321
1804 8.827426588069908
1805 8.487389759856926
1806 8.508402366635911
1807 8.299155691135713
1808 8.162429339045394
1809 8.430425633646177
1810 8.63328341761195
1811 8.30237901886853
1812 8.876428258517304
1813 8.322295668007506
1814 8.274473376605972
1815 8.679394299028326
1816 8.63289507888985
1817 8.428807810532131
1818 8.071354730841687
1819 8.137219807623666
1820 8.087006692897674
1821 8.438273018714439
1822 8.015438814457463
1823 8.080106711321578
1824 8.420902451929251
1825 8.603352413026863
1826 8.221867901398538
1827 9.049910261843198
1828 8.51976994735706
1829 8.716568915396238
1830 8.993162729194728
1831 8.30741506589097
1832 8.20073191741682
1833 8.576645357455298
1834 8.547306330607103
1835 8.481881801284242
1836 8.814628283169773
1837 8.199816352308694
1838 8.875915753817461
1839 8.417670467253613
1840 9.10370805068929
1841 8.901381661551943
1842 8.065869826683016
1843 8.32126852361734
1844 8.025561477823075
1845 8.051418991253165
1846 7.658690163916352
1847 7.727059051278984
1848 7.606882452278339
1849 7.810726373410428
1850 8.010840936860754
1851 7.7513376308472175
1852 7.445663173747472
1853 7.846310404531626
1854 7.0945026239054725
1855 7.428471818315595
1856 7.777827713065537
1857 8.252420702363938
1858 8.218637721843177
1859 8.463294820643654
1860 8.276886106375827
1861 8.235024584056324
1862 7.956835614838017
1863 7.7615024517008715
1864 7.839861343881385
1865 7.6696148354944365
1866 8.139938308882638
1867 8.604211791284051
1868 8.416114839621123
1869 8.007294010487543
1870 8.780613263258505
1871 8.77070367977525
1872 8.699013061687545
1873 8.972504123885559
1874 8.79731858223442
1875 8.485146318826544
1876 9.385912224740608
1877 8.613965165475015
1878 8.968605610573894
1879 9.052809933669444
1880 8.712894125794351
1881 8.646182821898512
1882 8.674559233604962
1883 8.76893651296199
1884 8.490569247049281
1885 8.505896230829139
1886 8.344236136131478
1887 9.708071601927484
1888 8.774268498054989
1889 8.965860046748823
1890 8.624581598870188
1891 8.870903035011308
1892 8.707026209284047
1893 9.071666076664053
1894 9.040297664413709
1895 9.299780890389306
1896 9.039275543271001
1897 8.698049319710266
1898 8.513097126706754
1899 8.714756168939338
1900 8.80087054801484
1901 8.644541516661715
1902 8.672100822048705
1903 8.432001204111911
1904 8.43300877848142
1905 8.506605922863434
1906 8.29071963098618
1907 8.565725849107896
1908 9.063232695718755
1909 8.23970376911226
1910 8.276243193262506
1911 8.671771092265717
1912 9.18888227142424
1913 8.56842879707953
1914 9.101270469205573
1915 8.596241899001543
1916 9.000205681333549
1917 8.336464446871316
1918 8.507069826831998
1919 8.924986958776175
1920 8.976442110176004
1921 8.382562055626801
1922 8.184476906461265
1923 8.728109505480752
1924 7.919573665808396
1925 8.622039631537053
1926 8.7927073240088
1927 8.26643054412016
1928 8.018781311277998
1929 7.999265165487474
1930 8.130831371230562
1931 8.562020574754932
1932 8.53820029955588
1933 8.513066109541693
1934 8.320168458494628
1935 9.013486176248376
1936 8.83079242242462
1937 8.31054056502741
1938 8.37354425712757
1939 8.081324542233503
1940 8.368744880919818
1941 8.718857560856547
1942 7.899863320458157
1943 8.406015292111208
1944 8.502672127685727
1945 8.513190896183556
1946 8.637011018659965
1947 8.670497943479084
1948 8.487801743722642
1949 7.5375951721760295
1950 7.9604109552339
1951 8.351832020031974
1952 8.495244463511376
1953 7.943930538565492
1954 8.306941421662579
1955 8.20919846340759
1956 8.786005569021892
1957 8.167158476732453
1958 8.068155028752642
1959 8.026273633216508
1960 7.713054421277741
1961 8.13236088162147
1962 8.396703580019796
1963 8.47450054179084
1964 8.31406467129162
1965 8.447511084410392
1966 8.339437224513567
1967 8.631969751091388
1968 8.396532683730053
1969 7.8166178083957885
1970 8.495660250937288
1971 7.9876765086568495
1972 8.798088455678075
1973 8.469611234693408
1974 8.426085443518424
1975 8.858734937703602
1976 8.24459328634048
1977 8.709957596688811
1978 8.267620963996425
1979 8.015078970947542
1980 8.220682492091793
1981 8.297806947788079
1982 8.336743901555165
1983 8.328878673728484
1984 8.667451960708773
1985 8.277375602554784
1986 8.485639553696352
1987 8.316103173225867
1988 8.549882014867778
1989 7.887230464549458
1990 9.020550152112307
1991 8.6619400645671
1992 8.280095886283746
1993 8.322136270382533
1994 7.771694970083906
1995 8.926705520692666
1996 8.131000270283412
1997 8.361240179188101
1998 8.444600332238148
1999 8.298265899047994
2000 8.186603466807513
2001 7.8727178785328515
2002 7.873701031130213
2003 8.261300183274052
2004 8.37632769722909
2005 8.275715619605723
2006 8.392868160889439
2007 7.781440456553615
2008 8.313287612937476
2009 8.350364435551196
2010 8.272523482030106
2011 8.38728271809474
2012 8.372913534213334
2013 8.311769563927824
2014 8.103729682820562
2015 8.552075448945674
2016 8.363298342897274
2017 8.10695690848496
2018 8.647270213621466
2019 8.092063369211823
2020 8.083561852084836
2021 8.037913009496743
2022 8.39038830560014
2023 8.238537021812162
2024 8.083593461508395
2025 8.270456482214943
2026 8.303570527322195
2027 8.063116655154865
2028 8.334766524460889
2029 8.304283963921291
2030 8.231139839560747
2031 8.151158997624554
2032 8.321025486050258
2033 7.77165219269088
2034 7.841690578240738
2035 8.375939503740744
2036 7.840321308940309
2037 7.737675610677813
2038 7.5231168288946835
2039 7.890989318236696
2040 8.05174964872346
2041 7.990580482914744
2042 7.799198260201253
2043 7.632425331230801
2044 8.491896817767143
2045 8.078176967745824
2046 7.739795800322859
2047 8.120442588278637
2048 7.978936945537146
2049 7.726874142427983
2050 8.436515642668837
2051 8.66722130735807
2052 8.363214936175304
2053 8.494375718327303
2054 8.711978743846872
2055 8.456122505218604
2056 8.29937968143944
2057 8.233380026431092
2058 8.39164325928936
2059 8.592044867665127
2060 8.798451893371094
2061 8.18099437783201
2062 8.300727046712666
2063 8.889832223559115
2064 8.050096166188162
2065 7.911173413534169
2066 7.634561606399758
2067 7.95217261710383
2068 8.06206727937673
2069 8.01340236548926
2070 8.087183447909371
2071 7.653246570978492
2072 8.072707065598696
2073 8.146048053409064
2074 8.684027394880829
2075 8.077196898648786
2076 8.37034540061792
2077 8.396299133747322
2078 7.843159102814533
2079 8.325159948326894
2080 7.811689796308729
2081 8.017227732826663
2082 8.491702047324258
2083 8.045830119979762
2084 7.807329167554147
2085 7.865741154304708
2086 8.073051079744682
2087 8.242354054983824
2088 8.218870809352458
2089 8.16293402146463
2090 7.733509559803629
2091 8.366630049384636
2092 8.200736930105542
2093 7.936573158363673
2094 8.145160009260671
2095 8.162299080860281
2096 8.438329346569533
2097 8.029188188836802
2098 7.964292898349588
2099 8.178473995389373
2100 8.097030732698537
2101 8.308337881338261
2102 8.046565703491822
2103 8.0641304312768
2104 8.123715299130376
2105 8.10745527539962
2106 8.705833183560681
2107 7.816643378341261
2108 7.949084285852458
2109 8.589166826542067
2110 8.073117660621595
2111 8.275241870029689
2112 7.658438782764364
2113 8.003455395765522
2114 7.926814673229021
2115 8.395193179408938
2116 8.355468992779606
2117 8.237225305147227
2118 8.280122743055028
2119 8.15543169126345
2120 8.189264137647175
2121 8.0580132144452
2122 8.484288333158926
2123 8.067638276886877
2124 8.202111433486817
2125 8.04804805205745
2126 8.105847380014868
2127 7.996655551953927
2128 7.8602620231634175
2129 8.421949860998735
2130 8.39613374835471
2131 7.958356210298226
2132 8.286593914491622
2133 8.416373200884733
2134 7.833268052979942
2135 8.095499463965568
2136 7.996569002485765
2137 8.767500002847187
2138 8.560278449904388
2139 8.058906003432568
2140 7.977066005856904
2141 8.257280794234658
2142 8.576059332340074
2143 8.489009742331099
2144 8.263039777700465
2145 8.372099251761107
2146 8.635684028696396
2147 8.125700421431157
2148 8.148707917355999
2149 8.097827008234693
2150 8.478312837223088
2151 7.969439283160496
2152 8.286027472820118
2153 8.540275466788257
2154 8.504577474925455
2155 8.232501454405098
2156 8.568957853073323
2157 8.161326512667758
2158 8.24405481689236
2159 8.284134039880442
2160 8.55646123843809
2161 8.28910513866057
2162 8.940153645266177
2163 8.47021500550581
2164 7.9388241095113115
2165 8.155613079626715
2166 8.74525310576756
2167 8.428550590763832
2168 8.361389101702425
2169 8.567552274705449
2170 8.55222717474201
2171 8.403214281059471
2172 8.127446415551818
2173 8.068469777464502
2174 7.7176783432970035
2175 8.075017955368752
2176 7.997553912803668
2177 8.203270293469158
2178 8.067750729942803
2179 9.044065833461925
2180 8.225062109902984
2181 7.973406341044074
2182 8.081326583476503
2183 8.381049563092176
2184 8.269494817919982
2185 8.349593928766403
2186 7.821287385569858
2187 8.16610009365689
2188 8.385467602064596
2189 8.134781678787347
2190 8.309901320458117
2191 8.272512235915416
2192 8.52375704904341
2193 8.205932643186893
2194 7.8766170844805865
2195 8.414204729948516
2196 8.413713524235074
2197 8.010516621975176
2198 8.265545931949866
2199 8.566431069779881
2200 8.218298252504875
2201 7.715989102614512
2202 8.799607133602267
2203 8.147759140906086
2204 8.378035283965705
2205 8.820989239743664
2206 8.590972904742843
2207 8.402587420097994
2208 7.928402881465864
2209 8.060463612137642
2210 8.371628932081366
2211 8.495044764902897
2212 8.478233246802086
2213 8.616674670077913
2214 8.579770916568295
2215 8.522840854927054
2216 8.307254994941353
2217 8.331980219004784
2218 8.613955495851906
2219 8.172040426382157
2220 8.240349399397676
2221 8.632090441764705
2222 8.585707319153881
2223 8.594058120225487
2224 8.463054212511576
2225 8.088432185446687
2226 7.9213219929393555
2227 8.379267796818912
2228 8.263890912892416
2229 8.586521039101065
2230 8.639643325310708
2231 8.253049278675377
2232 8.645631326995526
2233 8.66145434072108
2234 8.27886598522977
2235 8.299712611699976
2236 8.347474682405686
2237 8.266376679122379
2238 8.44483585649594
2239 8.591483528446782
2240 8.099983976728629
2241 8.42591268585301
2242 8.612384672331842
2243 8.479212114281161
2244 8.562573893417689
2245 7.9299282179499455
2246 7.995655054605677
2247 8.246036951876002
2248 8.262864291008045
2249 8.891593070739466
2250 8.64143746514447
2251 8.704391186587248
2252 8.472866353442793
2253 7.900850400439119
2254 8.649974252419609
2255 8.589151268961954
2256 8.65914148574707
2257 8.687392252152113
2258 8.240537389994223
2259 8.172159104781473
2260 8.044526214896312
2261 8.329758248768002
2262 8.616488436854013
2263 8.409516682243177
2264 8.126067817915143
2265 8.235502868554386
2266 8.437655639189995
2267 8.360341704967892
2268 8.640508980482899
2269 8.152906807873888
2270 8.48867581859874
2271 9.255051715053662
2272 9.556993752383741
2273 9.606560365766514
2274 9.486920450553185
2275 8.960129516789086
2276 8.1094352578615
2277 9.70050563342279
2278 9.158182954475894
2279 8.357683164550634
2280 8.46443938043572
2281 8.959038896493047
2282 8.508225854909124
2283 8.26367720076984
2284 8.00157761021888
2285 9.078546658464639
2286 8.61095903779274
2287 7.8976742300359675
2288 8.135873677160165
2289 7.957052051213449
2290 7.98985247223539
2291 8.727092867110379
2292 7.68438413016886
2293 8.295806693352658
2294 8.330752256377666
2295 7.964364745591722
2296 7.875025198592436
2297 8.595199171967863
2298 8.130926889286878
2299 8.416527161952185
2300 8.432924800820103
2301 8.51427541134923
2302 7.899769543272989
2303 8.689521517066293
2304 8.091941106945514
2305 7.949446942369112
2306 7.9960110304551275
2307 8.073956147273245
2308 8.246957677252727
2309 7.654268316167931
2310 7.918210846011796
2311 8.513419253179071
2312 8.166842262411661
2313 8.323813288202619
2314 7.937341072694329
2315 8.123661522792858
2316 8.484681609179352
2317 7.909313713314725
2318 8.045272177240507
2319 8.006382114742657
2320 8.121190797294409
2321 8.205766843539479
2322 7.820886162889731
2323 7.885367426274766
2324 7.934309314483536
2325 7.756424417276677
2326 8.251754335902724
2327 7.8875919491200355
2328 8.217938143321112
2329 8.15896083407693
2330 8.200160669983196
2331 8.328760167560421
2332 8.239435182534702
2333 8.110044125279634
2334 7.666990882651837
2335 7.982049870277265
2336 7.994863261642774
2337 7.690254255295387
2338 7.692191484075689
2339 7.77303336190557
2340 8.30185492807955
2341 8.276894948306436
2342 8.112531519333855
2343 8.110197570059627
2344 8.066523887328971
2345 8.231087469619409
2346 8.009031412006815
2347 7.767557853437325
2348 8.073495492556082
2349 7.784495175674776
2350 8.154837268654491
2351 8.203908883310186
2352 7.845538656208003
2353 8.235117275257693
2354 7.706134239340014
2355 8.067557899642024
2356 8.040323880647701
2357 8.186598371085891
2358 8.371521058820589
2359 8.340443906328774
2360 7.766423624720614
2361 8.04824751492599
2362 8.28702825187124
2363 7.886281248166193
2364 8.120030852193313
2365 8.32377751187256
2366 7.967377429778066
2367 7.9146582385832644
2368 7.637164795961404
2369 7.734527867377421
2370 8.296493253505588
2371 7.834732885895658
2372 7.862761053287924
2373 8.342232046313107
2374 7.7033048765919006
2375 7.99506208859168
2376 8.028339473167474
2377 7.524514316043311
2378 7.819422439070181
2379 8.14413695232045
2380 7.981507289044394
2381 7.985054488539605
2382 8.02073761784247
2383 8.349559487384116
2384 8.061826604775273
2385 7.8684315226827435
2386 8.096759781494134
2387 8.220617104436398
2388 7.901106324928506
2389 7.735276353149
2390 7.846083542677636
2391 7.668509091405614
2392 7.8366795299406915
2393 7.780553074568198
2394 7.852982256732742
2395 7.855804455599712
2396 7.810052589166181
2397 8.011906614482825
2398 7.80049933432299
2399 7.76711879949836
2400 7.685251598448725
2401 8.139595057894427
2402 7.910225880296944
2403 7.990825929761453
2404 8.295449495566976
2405 7.964690178606583
2406 7.816161533939574
2407 8.239771616907017
2408 8.128632736232648
2409 7.734929267398926
2410 8.086453552547086
2411 7.75859894064207
2412 7.853829027158703
2413 7.817176908912238
2414 8.25742097680569
2415 7.941021633197608
2416 7.907710611851522
2417 7.952265978120341
2418 8.119453556694786
2419 8.12713931260267
2420 8.603116833506588
2421 8.283325600101401
2422 8.204643472094755
2423 7.902762880747722
2424 8.156656886163134
2425 7.781713705840715
2426 8.08922034855747
2427 8.032514725239398
2428 7.963952628827423
2429 8.829649735336123
2430 7.899975218792052
2431 7.724377268689278
2432 7.978979218174985
2433 8.17563217069479
2434 8.320010077020433
2435 8.05449259085827
2436 7.720236767053279
2437 8.479959521523657
2438 8.289914667217925
2439 7.840841724331475
2440 8.663267772513462
2441 9.07798775296687
2442 9.071493559301736
2443 7.902759270384048
2444 9.142809444753054
2445 8.522682829495697
2446 8.22987052240361
2447 7.71896395024994
2448 8.06616765924589
2449 7.70463661709895
2450 8.130194017704417
2451 8.219880326087562
2452 8.188701692910499
2453 7.949421957576922
2454 7.8891319383316265
2455 7.884710389493621
2456 7.695379536445213
2457 8.163928300536838
2458 8.00565263730245
2459 7.978674836934925
2460 8.018594392890732
2461 8.096583731564838
2462 7.983626211123902
2463 7.853337179156118
2464 8.293045454096342
2465 8.562662313584173
2466 8.229041833744766
2467 8.166925006759708
2468 8.898215127524109
2469 8.756254146065842
2470 9.127681710133078
2471 8.942915238657335
2472 8.918596763234426
2473 8.123063872665233
2474 8.113220699357973
2475 8.42923555836024
2476 7.9263398358837245
2477 8.453961683414786
2478 7.948285941298201
2479 7.762145910042605
2480 8.108215921815308
2481 8.124776353661188
2482 8.344314518547613
2483 9.260249664683045
2484 8.536353484337914
2485 7.879731606455844
2486 7.910788085691825
2487 8.202729311181734
2488 8.073539276014618
2489 7.683373020701898
2490 8.103655330064221
2491 8.148825216115455
2492 8.030197018924635
2493 8.170004312950955
2494 7.840481486995399
2495 8.13383560656453
2496 8.23605855013823
2497 8.35797029866982
2498 7.836622162647228
2499 7.852529716205813
2500 8.073953702866763
2501 8.21921524912878
2502 7.768918915626594
2503 8.01861671817834
2504 7.717408672195202
2505 8.116137767452054
2506 7.967002053770971
2507 7.821227786665509
2508 8.193174004409073
2509 8.050737279137591
2510 7.923549640476206
2511 7.633339135076448
2512 7.841279239409462
2513 7.862336017777766
2514 8.279543351487032
2515 8.04307908549606
2516 8.112087739678788
2517 8.356931079093837
2518 8.01561743304232
2519 8.645900777199786
2520 8.013706042070243
2521 8.033569198065077
2522 7.910475819868144
2523 8.178106500618721
2524 7.777965957156799
2525 8.644275542258713
2526 8.274097279981723
2527 7.803646533641748
2528 7.7701452881437385
2529 7.776146760567924
2530 8.023769981618921
2531 8.0524540394947
2532 7.806738290381044
2533 7.704273037361832
2534 7.784419662791338
2535 7.886762891045855
2536 7.903838729989845
2537 8.34238207455761
2538 7.980756006871207
2539 7.91925067149126
2540 7.871261197877367
2541 7.89422205617743
2542 7.819705117272901
2543 7.731703445939559
2544 7.6386116124932855
2545 7.5692503296154
2546 7.933456152227453
2547 7.584384808406871
2548 7.5573826544367995
2549 7.240228227448874
2550 8.776809217348712
2551 8.06904176712732
2552 7.72681160644726
2553 7.581556008370774
2554 7.404702069312297
2555 7.654293699992417
2556 7.922452620240333
2557 7.905123592263815
2558 7.792526401720675
2559 7.85280635869042
2560 9.096096283026904
2561 7.636796544867317
2562 7.994847399433188
2563 7.605369032209869
2564 8.28611665263768
2565 7.766879721402647
2566 8.077478498304222
2567 8.300846663764471
2568 7.61667556110378
2569 7.871581535148123
2570 8.15607216162776
2571 7.844215589600041
2572 7.959140542215415
2573 7.9560984969874
2574 7.986180947777816
2575 8.38880224653955
2576 7.935176910093369
2577 7.632250077775639
2578 8.336345057201823
2579 8.03351102644172
2580 8.011484063217413
2581 8.190770531700913
2582 8.14879357164717
2583 8.249475307337411
2584 8.025267661392268
2585 7.4459585499976
2586 7.7856481615892905
2587 7.651270484088139
2588 8.030236140896747
2589 7.343494708364016
2590 7.885219557004672
2591 8.135035227155427
2592 7.589555020579777
2593 7.716836167058837
2594 7.8188139073492815
2595 7.84693728908676
2596 7.784057432591351
2597 8.42208686257764
2598 8.485906351686548
2599 8.261889880035037
2600 8.200427056254748
2601 8.394364227166752
2602 8.45828200848776
2603 8.36349683770892
2604 8.194177563365963
2605 8.613394617777658
2606 8.847589928304883
2607 8.157847226847814
2608 7.890336527538207
2609 7.9842046600931145
2610 8.457158251625447
2611 8.218879084757424
2612 7.80769558566273
2613 8.50607328202854
2614 9.166280756856866
2615 9.122906369965728
2616 8.674067560615578
2617 8.982141386171504
2618 7.863458451268556
2619 7.235634988909174
2620 8.898836203636044
2621 8.486043721611162
2622 8.135974010643904
2623 8.06220362900467
2624 8.216903578714787
2625 8.41988291626399
2626 8.288620706973132
2627 7.974103262684736
2628 7.960461543955669
2629 7.928929049831683
2630 8.375183284276439
2631 8.35756265276982
2632 8.142714603824157
2633 7.65958753241505
2634 7.814931276168769
2635 7.674612059993196
2636 7.421238349133833
2637 7.7177704899892285
2638 7.936432646151146
2639 8.748081854773858
2640 8.505278709050275
2641 7.927423669255911
2642 8.155069538485918
2643 7.577906575687086
2644 7.694804792916376
2645 8.099982174715445
2646 7.812004007091413
2647 7.974211771381004
2648 7.990488987670446
2649 7.707373134334668
2650 7.799869389144676
2651 8.14668173895955
2652 8.133773244367303
2653 7.893086109033508
2654 7.821606743000284
2655 7.717388480410203
2656 7.957527470285411
2657 7.820556309536663
2658 7.865066456777855
2659 7.9833404088265025
2660 8.046338461212848
2661 7.84600792886907
2662 7.989217004067546
2663 8.413255799603881
2664 7.950113827901049
2665 8.883251904665089
2666 8.03146571511675
2667 8.890651173506212
2668 7.999448182957704
2669 8.12278471603491
2670 7.908024527953484
2671 7.740612955347485
2672 7.91330456291774
2673 7.790720524895924
2674 7.806335384954805
2675 8.918728826397594
2676 8.700076331436215
2677 8.510427809528476
2678 8.573602314462175
2679 8.632815043025222
2680 8.595978633664984
2681 7.8691306015423494
2682 9.070650451930282
2683 9.10657631544034
2684 9.397453276415554
2685 8.758907470872138
2686 7.806255606661193
2687 8.504392362945543
2688 8.626972006061422
2689 8.675820852970098
2690 8.127657467921807
2691 8.033588961756122
2692 8.477097045315626
2693 9.011098151979352
2694 8.803825214546995
2695 9.201130940701923
2696 8.579603766762819
2697 8.83006589733017
2698 8.271448023963138
2699 8.74911991236823
2700 9.06454882933353
2701 8.221839652172338
2702 8.506118572449019
2703 8.93554807009198
2704 8.755271863018915
2705 8.001469829185082
2706 8.832022854856813
2707 7.9580653906281595
2708 8.59116617947558
2709 9.122244475613417
2710 7.821325018080206
2711 7.8960319266140795
2712 8.589058112121043
2713 8.031689149678945
2714 7.930331150820185
2715 8.48129088783451
2716 8.149847960564383
2717 8.726691500349226
2718 8.554669773796936
2719 8.211387418543387
2720 8.26025707827633
2721 7.596244795851347
2722 7.329425517934401
2723 7.646370355262603
2724 7.754047822698835
2725 7.618218110747514
2726 7.836824119612937
2727 8.059974216492098
2728 7.649093333785645
2729 7.667019254809213
2730 8.065744314695692
2731 8.118862542340336
2732 8.058626592279527
2733 7.885031074933556
2734 7.923449730852641
2735 7.9960779214044875
2736 7.981550755678419
2737 7.71189462386473
2738 7.80714250064894
2739 8.435059545632889
2740 8.202501880291752
2741 7.7159556665041436
2742 8.108094436445493
2743 8.094200655162705
2744 7.896412725448155
2745 7.554982061794507
2746 7.741855411058839
2747 7.431685468071885
2748 8.092634084054032
2749 7.832468700570707
2750 8.136785398923038
2751 8.016077097392635
2752 8.195374674604041
2753 7.683878495702588
2754 7.847275758492875
2755 7.746435063526279
2756 8.1199639924715
2757 7.735157713727902
2758 7.789293026121056
2759 7.946855176344826
2760 7.9427186856317284
2761 7.947486651662561
2762 8.01785181872646
2763 7.655684882630651
2764 7.886586631798838
2765 7.848934112739681
2766 7.732906836322888
2767 7.976269712160692
2768 7.4951905599053115
2769 7.33847736001006
2770 7.981776838214068
2771 7.833862031154652
2772 7.93723023428218
2773 8.053682993452728
2774 7.473023520232384
2775 7.170065087400615
2776 7.433217137416782
2777 7.974282927588998
2778 8.277194533555978
2779 8.185871228411138
2780 7.937204103128863
2781 7.567347755001874
2782 8.522246509775336
2783 7.865049123299865
2784 8.330618827991522
2785 7.778689067505836
2786 7.277056718990742
2787 7.4878544955436785
2788 7.282582546766315
2789 6.921291807799763
2790 7.047476827109569
2791 7.1316811951102625
2792 7.520344635349106
2793 7.476180370368256
2794 6.722386137446517
2795 7.542169003609625
2796 7.749155726064969
2797 7.581458016743529
2798 6.932206381120822
2799 7.085636125367109
2800 7.524812280932712
2801 6.839211669040461
2802 7.0474721484673415
2803 7.2791156843109075
2804 6.851982507511707
2805 7.165137673856317
2806 6.971212605420767
2807 7.347468967076646
2808 6.940846267068921
2809 7.331888757054595
2810 7.1484166322146985
2811 7.444315783441395
2812 7.021556016807238
2813 7.130927631711935
2814 7.010957149811433
2815 6.689587210625962
2816 7.347386735604445
2817 7.205620577153421
2818 7.156822709695664
2819 7.3398634407121675
2820 7.371207208593647
2821 7.164181516637393
2822 7.391534639571199
2823 6.976860282793337
2824 7.19517259223851
2825 7.314115343345008
2826 7.422245619485829
2827 7.631681279643701
2828 7.402595571135668
2829 7.182638137527141
2830 6.854574731306073
2831 6.919996884621428
2832 7.21830719945882
2833 7.121907574409399
2834 7.0286786593974275
2835 7.134579528042744
2836 7.389230695338962
2837 7.505688289470544
2838 7.560882706970636
2839 7.362192955190352
2840 7.17229236154804
2841 7.980745527101948
2842 7.028358560684691
2843 7.39113848694325
2844 7.3857963458899905
2845 7.435140158041459
2846 6.938732349275283
2847 6.897421238994318
2848 7.300082351134949
2849 7.326368234112565
2850 7.226717424730927
2851 7.364839832254908
2852 6.846582500507325
2853 7.192763457834918
2854 7.003761635717301
2855 6.893119069627069
2856 7.364224015132779
2857 7.699302319524572
2858 7.278834888037949
2859 7.999559035510476
2860 7.724953104121207
2861 7.329297994005974
2862 7.255419956621601
2863 7.325918868901077
2864 6.880620377729635
2865 7.455365869403088
2866 7.307941094691339
2867 7.011383816176733
2868 6.857137784279153
2869 6.965511087170562
2870 7.096473510842326
2871 7.5079604484993485
2872 8.08238579637168
2873 7.888120732431785
2874 7.75118879937713
2875 7.407870284747038
2876 7.506776584512691
2877 7.8654280130196765
2878 7.45878022874152
2879 7.869952290153306
2880 7.1083323707773785
2881 6.933969323931061
2882 7.610884780389669
2883 7.555593237922776
2884 7.580506414013291
2885 7.014960849985099
2886 7.338742889365596
2887 8.180737970428398
2888 7.804402972778351
2889 7.733497830448981
2890 7.890147336681099
2891 7.91092003957437
2892 8.04564237430698
2893 7.873665833265353
2894 7.372098900326083
2895 7.48957442979693
2896 7.485589262480638
2897 8.003214932631506
2898 7.494958905656217
2899 7.800780427947415
2900 7.709867027584315
2901 7.906840527579446
2902 7.425565013910733
2903 8.163758177836273
2904 7.292725075380168
2905 7.374864167614068
2906 7.61920877727574
2907 8.719583874970496
2908 8.604356023995226
2909 8.464217815989485
2910 7.309226470091512
2911 7.628283810220729
2912 7.599221010682612
2913 7.831517607507264
2914 7.708947572962132
2915 7.448909523873725
2916 7.501327369513981
2917 7.3170428411559865
2918 7.223761304167704
2919 7.614258502695222
2920 7.364000279056269
2921 7.850540534104066
2922 7.687784412632583
2923 8.220483474720945
2924 8.296629866767049
2925 7.551282390817406
2926 7.827219980503828
2927 8.159558544452647
2928 8.218240203938192
2929 8.000892053561138
2930 7.653973542621567
2931 6.994187289889345
2932 7.377097688970245
2933 7.685284424361906
2934 7.590325693620599
2935 7.820385356261087
2936 8.179198787136935
2937 7.785676565326618
2938 7.143147554099839
2939 7.534742673364693
2940 7.333225212177258
2941 7.503997223279462
2942 7.928860644504119
2943 7.480960485254006
2944 6.815618819177315
2945 7.583186358044144
2946 7.790055793234306
2947 7.826925488324367
2948 8.48381871167462
2949 8.165450960014617
2950 8.292108278497475
2951 8.422822515686208
2952 8.924465192622854
2953 8.261166152339646
2954 8.954591479414589
2955 8.155754663087102
2956 8.648344184132263
2957 7.544068218476546
2958 8.076609973225358
2959 7.944226489932137
2960 8.67908879833917
2961 7.812259991439502
2962 8.683237740709288
2963 8.808046633990603
2964 8.736152873448415
2965 8.52692175539921
2966 8.809555612727655
2967 8.482984782530274
2968 8.926568300777998
2969 8.58189538101107
2970 8.65000310037153
2971 8.936415377801637
2972 8.545537564647464
2973 8.306929379578307
2974 8.700270387431711
2975 8.824441560016805
2976 9.617336588545573
2977 8.598355120206234
2978 8.421813914245266
2979 9.353195360500187
2980 8.990889270406187
2981 8.843024889638972
2982 8.916883002188888
2983 8.807144979107674
2984 8.7300594613555
2985 8.469710083066202
2986 8.560570105999737
2987 8.164788578508412
2988 7.468057949273405
2989 8.230172839787679
2990 9.073923283958061
2991 8.812359957111012
2992 8.34253423206091
2993 8.44922748685812
2994 8.264249257857312
2995 8.662400234144268
2996 9.085189837163714
2997 8.593085661831736
2998 8.785624062968253
2999 8.241386565561854
3000 8.371343151787311
3001 8.4141910050636
3002 8.98538429174277
3003 8.555852799051548
3004 8.628164454231202
3005 8.767210816832923
3006 8.777800246463785
3007 8.325939944378371
3008 8.366900785296478
3009 8.516996647688009
3010 8.022212841758348
3011 7.872153434563173
3012 8.077649142428942
3013 8.871616360360527
3014 8.660251765234728
3015 8.751820665343223
3016 9.19860656567364
3017 9.359181051174271
3018 8.242059363668433
3019 9.052289317094395
3020 8.005480774515942
3021 8.505417699338105
3022 8.602630377783633
3023 8.73943598958815
3024 8.565782950423998
3025 9.136309576793817
3026 8.361310450248823
3027 9.12677844730143
3028 9.154171342766041
3029 8.78798784996202
3030 8.592777725214127
3031 8.72012401073911
3032 9.01287733321522
3033 9.7466752461954
3034 9.732371613325698
3035 8.922314922850976
3036 9.339311147433113
3037 8.94064386050401
3038 8.917532238793015
3039 9.026419351759058
3040 9.314930682037579
3041 8.960649556882428
3042 8.95081268105527
3043 8.681839794650958
3044 9.288648529485792
3045 8.159221453935393
3046 8.270130509923764
3047 8.493790764250958
3048 8.780487033056437
3049 8.632683148381743
3050 8.989452186837893
3051 8.866505624998386
3052 8.422833547084668
3053 7.792630945219927
3054 8.229944981746417
3055 8.00004049464053
3056 8.039437452885771
3057 7.897934075053456
3058 8.672360294053329
3059 8.822898396919859
3060 8.266087511235547
3061 8.533869528542372
3062 7.929616953579825
3063 8.983659613105887
3064 7.88965713395814
3065 8.363088407497134
3066 8.365084509307488
3067 8.429934264547793
3068 7.963629574560359
3069 8.038919281219693
3070 7.514496960587005
3071 7.832726343152778
3072 8.407377922470335
3073 7.902232426227077
3074 8.30218624739681
3075 8.712410148183748
3076 8.331635340686384
3077 7.73892677639462
3078 8.52597962001552
3079 8.369534494301986
3080 8.83004559636074
3081 8.971872764520826
3082 8.243700945333993
3083 8.434567103514885
3084 8.35465949019202
3085 8.231584394347571
3086 8.746061130128068
3087 8.035408740572109
3088 9.107476138347407
3089 8.0908999398147
3090 8.191470449523901
3091 8.249388597466499
3092 8.639668821626373
3093 8.71132633288545
3094 8.492410897570918
3095 8.46358076849913
3096 8.128999908979681
3097 8.845969504494402
3098 9.001127525172937
3099 8.554626489225438
3100 8.445236762553204
3101 8.943877177335533
3102 7.86482808790413
3103 8.216214712766213
3104 8.330402283363114
3105 8.659883471728179
3106 8.954689910376214
3107 8.531333835025885
3108 8.388363731011056
3109 7.714903357967258
3110 7.16744683439947
3111 7.791970853802486
3112 8.70757927615684
3113 7.7570193759721935
3114 8.05185873121505
3115 7.770924900793325
3116 7.342478943424296
3117 7.735530438353603
3118 8.233655698648008
3119 8.304861192987747
3120 8.34090009517604
3121 8.016238261856847
3122 7.706948730935346
3123 8.510187560324965
3124 8.48293478228882
3125 8.725425635526673
3126 8.803993219454581
3127 8.794583699509912
3128 8.979961710568604
3129 8.662023472541488
3130 8.598099902788373
3131 9.137088103789011
3132 8.60742327721475
3133 8.96349059859997
3134 9.056789210056232
3135 9.166140512980375
3136 8.623190668308292
3137 8.842133239679807
3138 7.9333194377144745
3139 8.786784707478827
3140 9.112992299239563
3141 8.359229696487564
3142 8.727205087448032
3143 7.802437766278964
3144 8.918834547851004
3145 9.069119394830716
3146 8.997262843528803
3147 9.658479171997708
3148 9.369870543961808
3149 8.332233219624612
3150 9.057511971408543
3151 8.868813460277496
3152 9.009841686055111
3153 8.508900453637551
3154 7.9981593780944795
3155 8.872659925709835
3156 8.679737959779342
3157 8.826311179091505
3158 9.196114592003699
3159 8.80620960824892
3160 8.959168558648154
3161 9.455425420821753
3162 9.000939958989234
3163 8.89664289075663
3164 8.738190158216051
3165 8.78446992697556
3166 8.294707210673012
3167 8.52950191673821
3168 8.395336989525894
3169 8.587923973395533
3170 8.62618799519325
3171 8.560140030138928
3172 9.096659329130269
3173 9.24690046110567
3174 8.400330996210702
3175 8.600139337344352
3176 8.477883968393392
3177 9.223364565166493
3178 9.81494194382827
3179 8.721743636208025
3180 9.231515651265134
3181 9.470820043171571
3182 9.106003162982649
3183 8.591139193336147
3184 8.840228443761244
3185 9.130526866083347
3186 8.776113210784942
3187 9.112810552947387
3188 8.882038509948998
3189 8.37736581717413
3190 8.805034223189473
3191 9.186783538561432
3192 8.258469603231688
3193 8.709540291481073
3194 8.951856736568624
3195 9.213518435622946
3196 9.464278023521354
3197 8.373583310590092
3198 8.657073113488785
3199 9.055074642904623
3200 8.759310509355362
3201 8.478968850410702
3202 9.65919726225208
3203 8.689073139254186
3204 9.117178041503974
3205 9.074994500865857
3206 8.889641540053175
3207 9.264197128322195
3208 9.522243405624323
3209 10.080110469109702
3210 9.43050241262113
3211 9.844025778045127
3212 9.466656136273583
3213 8.798377539918627
3214 9.592681089546758
3215 8.797687221149426
3216 9.24519100099997
3217 10.134833711444989
3218 9.581697326916997
3219 9.235144507213478
3220 9.521559988719655
3221 9.007461214405698
3222 8.83497708038325
3223 9.001192336103859
3224 8.607784442381249
3225 8.407090236541942
3226 8.693860421026873
3227 9.223029977287869
3228 9.141743960699598
3229 9.332225260706146
3230 8.783086830726022
3231 8.735900989732029
3232 8.51600577851728
3233 9.156140718977474
3234 9.318238408347693
3235 8.399679973708666
3236 8.287207565505456
3237 8.567207344220897
3238 9.189735026303095
3239 8.859746414537707
