0 7.139912131489583
1 7.127684464337393
2 7.12655200801255
3 7.324525642558538
4 7.085821032134408
5 6.999680224982806
6 7.108489069994867
7 7.290942655656585
8 7.717948234780041
9 7.314870348897755
10 7.247954114160269
11 7.105591451689499
12 7.506528761056322
13 7.202577685064773
14 6.998962286423745
15 6.912988169688983
16 7.174405726220874
17 7.305613774598887
18 6.869303870430263
19 7.052083706071597
20 7.297311861947268
21 7.244213306565303
22 7.05945250236099
23 7.471920941115204
24 7.180797365069014
25 6.84929455276902
26 7.157224055068257
27 7.274864372831611
28 6.9585843205908695
29 7.1692283431045745
30 7.016377419208082
31 7.2249568644457485
32 6.948141394219085
33 7.151670253427442
34 7.030398358710698
35 7.193328414001969
36 6.926564400522175
37 7.201420911802546
38 7.141739749702039
39 7.305740196893546
40 7.134644155906638
41 6.933666639138228
42 7.25827803039516
43 7.201819615714435
44 7.069939689249013
45 7.126047350417204
46 7.014529277309085
47 7.194594446009859
48 7.1551528556075565
49 6.989178293236376
50 7.379510689455734
51 7.413965109226605
52 7.458624639727544
53 6.986819690061141
54 7.035812155687318
55 7.32402463482928
56 7.479756689007866
57 7.053791439337661
58 7.107123083165787
59 7.122254127653261
60 7.125205401740554
61 7.095201920325366
62 7.1202835758685294
63 6.997273176451927
64 7.545647825567477
65 7.245682802998524
66 7.088541548889551
67 7.094318603514562
68 7.400390476251158
69 7.1523373022673535
70 7.4183196360193255
71 7.232930304683637
72 7.329385112046392
73 7.210593581085487
74 7.111267432583878
75 7.083956562939793
76 7.567577997305278
77 7.324549581044143
78 6.974069073556619
79 7.269227597430345
80 7.366741916126392
81 7.123108813004596
82 7.155191681873198
83 7.169961691139991
84 7.075365025912592
85 7.22457035559413
86 7.429482118525102
87 7.016303614030086
88 7.10294698468953
89 7.201982040836516
90 7.199028179353012
91 7.20636085456683
92 7.32152890953756
93 7.757119015149564
94 7.140921846873632
95 7.081405557272937
96 7.299577235744857
97 7.1577126716026465
98 7.135426094747052
99 7.141773935220634
100 7.0152949827804445
101 7.369010432069857
102 7.025679542752467
103 7.082392425895281
104 7.323586105752929
105 7.195820983101123
106 7.143000513701131
107 7.082787920057785
108 7.243090930356513
109 7.265152727687847
110 7.044021289843475
111 6.931427789684181
112 7.461616823628299
113 7.129607169339782
114 7.029057287978016
115 7.3006352775698
116 7.073229832553921
117 7.185928327388672
118 7.227299597770649
119 7.201109464091966
120 7.016857780138439
121 6.938540737766145
122 7.175878925425037
123 6.993582238684379
124 7.454479742134303
125 7.189274542477365
126 7.26495554338285
127 7.089642834717081
128 7.050865317750653
129 7.249611406033352
130 6.9699802124243115
131 7.191598560335084
132 7.504766875192419
133 7.212043424516556
134 7.125653560300247
135 7.304199062368057
136 6.931309485953882
137 7.234218569833402
138 7.289971350417296
139 7.299984598267632
140 7.272614510105032
141 7.154866431955324
142 7.239166203028747
143 7.302242349535378
144 7.438529112808717
145 7.453760222602679
146 7.674775455153749
147 7.274745523574056
148 7.140882084653247
149 7.167456700752595
150 7.172269148324456
151 7.055751094467479
152 7.121809140009561
153 7.170957866695278
154 6.948262457180086
155 7.270616333840956
156 7.361950199466657
157 7.324511398382155
158 6.992258027372238
159 7.197368792565119
160 7.228078266178851
161 7.257781147640024
162 7.22722320423879
163 7.334673937627752
164 7.003935937828076
165 7.268210160458131
166 7.215509667440891
167 7.185604914280658
168 7.1733982265165634
169 6.998998081744896
170 7.35489738637513
171 7.1605689228144165
172 7.157530659184324
173 7.242890351463365
174 7.135900781738444
175 6.970087966205018
176 7.2550890540807575
177 7.238675248133525
178 7.345088893596437
179 7.053197745427708
180 7.228568641610291
181 7.179586470898463
182 7.137301359615023
183 7.137269720015598
184 7.349067723348785
185 6.979507069008994
186 7.001328071865309
187 6.981350970075423
188 6.818178857693426
189 7.2520207117630875
190 7.401383243875042
191 6.825423151315737
192 7.2445006879300715
193 7.148979907398211
194 7.027991422334677
195 7.036722119702587
196 7.023085296042945
197 7.116561782064083
198 7.133116924274043
199 7.149145390713543
200 7.1811863551725175
201 6.956024048752196
202 7.074588773697975
203 7.100351052241915
204 7.117661585065904
205 7.007741463881689
206 7.31798283603428
207 6.917314493835285
208 7.165595861492637
209 7.467835561962195
210 7.2254414514808385
211 7.142108199526806
212 7.028880240085504
213 7.038711883463361
214 7.762756824842198
215 7.128378670834262
216 6.9544216899674645
217 7.187458288747979
218 7.153327402930273
219 7.071040063333096
220 7.1801853149841985
221 7.308257878562189
222 6.880694025195788
223 7.163038417254296
224 7.057712856046709
225 7.230315668562145
226 7.086560916505262
227 7.223771084743272
228 7.053360948115799
229 7.1579240189210145
230 7.039811389738767
231 7.08880892366673
232 7.218814202385316
233 7.200902934760918
234 7.258929018906477
235 7.078538278098952
236 7.122274350848102
237 7.358894208497579
238 7.327024355035437
239 7.202812033680484
240 7.164234039975883
241 7.059221205790013
242 7.162339640886271
243 7.289969536262707
244 7.067041297946115
245 6.961847249245402
246 6.778411198822013
247 7.08029783210078
248 6.66922522661133
249 6.921199322615476
250 7.110741085163053
251 7.050527290651521
252 6.979169001705724
253 7.211945366404592
254 6.928858747294838
255 7.264594009130054
256 6.924950376878683
257 6.955074916753197
258 7.153687853032534
259 6.980839293738721
260 7.454389838664049
261 7.034326789061789
262 6.963466055919429
263 6.988828585897521
264 7.0594608984800304
265 7.4756876935088235
266 7.121649326780839
267 6.931538132278013
268 7.012242114677541
269 7.218672438999012
270 7.21945557599492
271 7.037525217136421
272 7.5730171928274785
273 7.397886273686878
274 7.630811476237483
275 7.174050382004662
276 7.14329497662361
277 7.002159041996749
278 7.216695857523904
279 7.2097933781706
280 7.206236370924789
281 7.273843993531354
282 7.2005270174524965
283 7.264975145644735
284 7.410568978894929
285 7.615518850068058
286 7.45191037241232
287 7.175302709384341
288 7.1748483918255666
289 7.048868392841337
290 7.129505966600815
291 7.194583477167875
292 7.2502363162517005
293 7.251943573672717
294 7.729165845270734
295 7.69873841141078
296 7.553146469243923
297 7.513375360976446
298 7.2884216834158435
299 7.230055688118508
300 6.949077317681689
301 7.249365923786027
302 7.498672399840544
303 7.2127553349267925
304 7.283802575515851
305 7.961198491972568
306 7.524554768575565
307 7.763654070849435
308 7.178029509134934
309 7.937190048392587
310 7.28809915470643
311 7.370298781433946
312 7.713659422836166
313 7.4401125626400155
314 7.428955433549336
315 7.291119671048459
316 7.025603898312668
317 7.352627426298245
318 6.99739738739484
319 7.313782735430012
320 7.355167856549357
321 7.18667999096171
322 7.093244205045374
323 7.1559564878979804
324 6.937506243681415
325 6.907517978513353
326 7.038557419053588
327 6.660373019828532
328 7.10039992812074
329 7.169465223312708
330 7.002996421701535
331 7.095408488302099
332 7.632454354304109
333 7.180161669091565
334 7.036653446005512
335 7.454464894302839
336 7.266066807126845
337 7.149366044705701
338 7.144123334692407
339 7.210713797517904
340 7.221518760205386
341 7.194886542466734
342 7.047142547863805
343 7.027680023372441
344 7.089157877656372
345 7.34234009719681
346 7.317420436079179
347 6.822309962070046
348 6.904453051941064
349 7.165406098266585
350 7.197901636831126
351 7.088327536330611
352 7.274200621500354
353 7.0761267447360225
354 7.118751423285498
355 7.439548688189164
356 7.0621152960919575
357 7.0855978073237
358 7.282645135978286
359 7.3462782192004985
360 7.11789044374658
361 7.4638488803426215
362 7.2473487979917115
363 6.789120047471833
364 7.093758496213843
365 7.095665199197918
366 7.006599432922206
367 7.245111855862777
368 7.111047975822467
369 7.258134809525596
370 7.111721234131373
371 7.371345398666964
372 7.008789167239352
373 7.132787486537419
374 7.4573898526726445
375 7.390483461332846
376 7.095661429809173
377 6.91725562891139
378 7.198398021797351
379 7.337645062117422
380 7.208825521745539
381 7.144262179691516
382 7.0823293756631225
383 7.609682153293279
384 7.404442775715764
385 7.360860125636772
386 7.177265576665706
387 7.3079064675173235
388 7.580817527489754
389 7.332847796518136
390 7.225222601641713
391 7.5595877069547495
392 7.075225571306422
393 7.439065462067536
394 7.555222322045072
395 7.171432645584016
396 7.583298541180893
397 7.425000649073559
398 7.2321016574978385
399 7.416860668411552
400 7.326511691810458
401 7.363987972514134
402 7.240424830053702
403 7.465004290014695
404 7.4575100897251625
405 7.164660992492267
406 7.346095830549516
407 7.0295212056409495
408 7.321059389892456
409 7.0502177633148
410 7.114817491935169
411 7.271453716471017
412 7.165066825679203
413 7.205967066495996
414 7.372793941344012
415 7.32281041026488
416 7.345755403757646
417 7.232495081971113
418 7.3091482442072335
419 6.7517365401474425
420 6.875918285421764
421 7.083574561678258
422 7.050497867181108
423 7.178075367915603
424 7.319691278773011
425 7.16802748173399
426 7.3231255901412595
427 7.408666150382799
428 7.342720977507834
429 7.024184238072708
430 7.049818876419314
431 6.91372994404864
432 7.133574051443114
433 7.168530013770563
434 7.183909754636758
435 7.502709174355624
436 6.942010461358058
437 7.356231002613657
438 7.279675954411279
439 7.0646111013008985
440 7.087629578303768
441 7.146380306497344
442 7.285932118831306
443 7.27404058255093
444 7.469049161072035
445 7.035785896510356
446 7.252276807339501
447 7.256936400004639
448 6.923273886630267
449 7.167518812798588
450 7.703134723425304
451 7.539878418038948
452 7.3519933341012385
453 7.133373637909536
454 7.283930445841949
455 7.145680989623936
456 7.3238682547266665
457 7.333960070339798
458 7.160957877366881
459 7.467175705226396
460 7.1321476429587465
461 7.159952107612355
462 7.3040820362722485
463 7.350703774319796
464 7.189939194081773
465 7.787199605229841
466 7.818125116806015
467 7.084322266220211
468 6.971052169182242
469 7.375635187548588
470 7.412214623366932
471 7.190886173271864
472 7.539171041354713
473 7.060673894221582
474 7.1363336989888095
475 7.303633109337102
476 6.966781354218917
477 6.911359900803782
478 7.195193402401819
479 7.572206209634032
480 7.098629169512382
481 7.24344764711441
482 7.19643525244151
483 7.4191094138823175
484 7.028116957664292
485 6.961537632991215
486 7.337922656187762
487 7.063159213595295
488 7.223933780776632
489 7.4077615928775105
490 7.0169479829089445
491 7.903078725627446
492 7.206574992421716
493 7.213272795029078
494 7.143107128764895
495 7.040701381797356
496 7.197986139576488
497 7.199562299353779
498 7.249941499176521
499 7.117768830905798
500 7.114155790587669
501 7.149419129930571
502 7.107449355695846
503 7.194515761267289
504 6.9876878731592065
505 6.922283872884995
506 7.417622534122482
507 7.28840712047804
508 7.327696180507086
509 7.063920323361781
510 7.169145545368914
511 7.120485908369087
512 7.020481602733971
513 7.1101951227577125
514 7.086088891906078
515 7.182572528774818
516 7.047578683470987
517 7.058614199936153
518 7.017038843253556
519 6.984253048713975
520 7.101783600141931
521 7.0703628711919055
522 7.20602628899636
523 7.211318415333528
524 7.101680309335503
525 7.234415751342758
526 7.552946176001097
527 7.135854059617803
528 7.203900821775088
529 7.08728067735016
530 6.980239937273137
531 7.192959766542616
532 7.078210766820477
533 7.046272988130559
534 6.952830491425963
535 7.238715689145518
536 7.180370902535276
537 7.274457940648436
538 6.952652827742629
539 7.162807017190089
540 7.206853260425309
541 7.333792223978157
542 7.206235582936463
543 6.961775348654153
544 6.975465421713962
545 7.122428002557091
546 6.995433809857344
547 7.229423538160819
548 7.0306415403761315
549 7.063594152572064
550 7.309851902166072
551 7.652852453978672
552 7.218029539772136
553 7.491637779814191
554 7.373009030249429
555 7.180709099793002
556 7.132282574703042
557 6.964515237458465
558 7.148125611318901
559 7.362981218428838
560 7.353079675052423
561 7.494291867336638
562 7.327778502548893
563 7.06058041456351
564 7.2740636845891995
565 7.192772831619856
566 7.5071260522380605
567 7.478460200093156
568 7.611777638053924
569 7.593887095989902
570 7.90273352562409
571 7.853298730144209
572 7.626153873936132
573 7.487844199193403
574 7.2730235913679335
575 7.630069270233534
576 7.559502028851511
577 7.464827770201292
578 7.304346036138054
579 7.403638319904867
580 7.330161200067396
581 7.103428233163231
582 7.125328082243825
583 7.161199778475735
584 7.206414554544876
585 7.079331627476703
586 7.311764819347324
587 7.4154812970012145
588 7.2988645408653055
589 7.030157790506175
590 7.247766111956809
591 7.259320371477966
592 6.984886243798416
593 7.642561186749584
594 7.479595172058045
595 7.337231978007497
596 7.179765872558968
597 7.142069856832208
598 7.331454171931517
599 7.351735921479143
600 7.31793815354309
601 7.234705234015984
602 7.373373487400907
603 7.467457792318191
604 7.331375642999933
605 7.402274641173269
606 7.6461157427807915
607 7.098896104105728
608 7.780917438091273
609 7.338323240304612
610 7.278520489657277
611 7.164004853228562
612 7.293846762258038
613 7.444651520052164
614 7.884283409808462
615 7.474439495037571
616 7.359127887788881
617 7.272184519485502
618 7.663368133666736
619 7.357507641338719
620 7.285977623692166
621 7.258687909325023
622 7.4897968264348185
623 7.419225140479528
624 8.124092204639156
625 7.380340737601027
626 7.770886901738829
627 7.149536470248538
628 7.100369563371427
629 7.2788952643236735
630 7.059391731669914
631 7.318687700797414
632 6.941888977992682
633 7.3003048275583735
634 7.156708833937383
635 7.169348952543884
636 7.885914022519447
637 7.491281860012904
638 7.116281659338831
639 7.238973116478221
640 7.383289902717549
641 7.062887914884992
642 7.33451869898165
643 7.329591289182595
644 7.041089666777679
645 7.348864236071223
646 7.110903486116576
647 7.260041488809749
648 7.269769406046635
649 7.259719885896364
650 6.995495175137747
651 7.701913614077063
652 7.556018362908247
653 7.500515726621646
654 7.639804830881343
655 7.108396482547324
656 7.413807147366325
657 7.172123625093998
658 7.196862699385969
659 7.654742393021643
660 7.623413534117287
661 7.9762217950128464
662 7.94850288293365
663 8.006737867099528
664 7.082593606291901
665 7.298148628665616
666 7.581493863249975
667 7.038503822241042
668 7.081793938068598
669 7.254933752139595
670 7.237589841483573
671 7.034120740067551
672 7.264040637284204
673 7.164120000166471
674 7.053494613056258
675 6.965078442151318
676 7.14550230066944
677 7.223251394785977
678 6.8891111821684925
679 7.080936487158948
680 6.947553366181179
681 7.026411724858936
682 7.490800391818116
683 6.609188521276309
684 6.785766487435635
685 6.780267595019506
686 7.037191649127413
687 7.147966814711852
688 7.011371543872078
689 7.239357304767395
690 6.98487302238959
691 7.203508165930391
692 7.1350482065910334
693 7.100088241556066
694 7.202835167246289
695 7.0178185421937025
696 7.275979054952888
697 7.265699472582722
698 7.182365587414616
699 7.122920663239251
700 7.226993930009185
701 7.285593202433085
702 7.244600460740465
703 7.348077122413416
704 7.139120496218277
705 7.108272756324899
706 7.279670058330426
707 6.954210846565827
708 7.027063577926959
709 7.074459036539183
710 6.7931972854767535
711 7.286150606129426
712 7.094928698837629
713 7.106005877245235
714 7.078969444221218
715 7.226723304729638
716 6.930168976835552
717 7.224065654731676
718 6.931180241107816
719 7.084176535690137
720 7.226647081830841
721 7.12661629471191
722 6.85925367839306
723 7.127467513871959
724 7.245855725282193
725 7.161338440180205
726 7.140344048744893
727 7.253731792625982
728 6.950497802797788
729 7.343275196404999
730 7.068851849217061
731 7.2480927160039785
732 6.80968679017108
733 7.543614632208036
734 7.325183432309055
735 7.003262287930784
736 6.967799304156735
737 6.896403227754987
738 6.900765046458216
739 7.388670206689409
740 7.3680905453558125
741 7.170776321929564
742 7.8421699751567395
743 7.362826361894146
744 7.37455257791266
745 7.389763771775551
746 7.598421754092003
747 7.189107981110941
748 6.949478404552253
749 7.126893554167363
750 7.233494816598844
751 7.078115510830435
752 6.987330205518895
753 7.105135783002497
754 6.9939004462582774
755 7.240793584937135
756 7.015492351802816
757 7.111715376790835
758 6.941922579776833
759 7.064943530484427
760 7.228286202010997
761 6.980954528330001
762 7.091782171372205
763 6.9800079191588775
764 7.220964522325751
765 7.103208585974402
766 7.223149220920831
767 7.856482315570496
768 6.934725920328532
769 6.96776684290687
770 7.168980577279143
771 6.82368519214392
772 7.24131311238757
773 7.062582202059897
774 7.43388658294357
775 7.382990254191683
776 7.1721075992716266
777 7.015188573443108
778 7.118884776057434
779 7.05066504122673
780 7.349048108848147
781 7.150476039553695
782 7.294077849711801
783 7.52449731544226
784 7.2373901236723475
785 7.161997447747225
786 7.182809306291307
787 6.968183854079536
788 6.8983136392238125
789 7.191599005075789
790 7.0174012863504664
791 7.364332931542339
792 7.633040594613103
793 6.938659055901852
794 7.133767606697018
795 7.046532257333226
796 7.146206747515705
797 7.046672311554311
798 7.461753813096993
799 6.982729399417794
800 7.248114375229563
801 7.049855790925418
802 7.0818722251031625
803 7.411914259177268
804 7.4196230129119805
805 7.304885722451505
806 7.247840545969526
807 7.311887071357618
808 7.121791886196947
809 7.144000322729937
810 7.013297236339024
811 6.889160998852463
812 7.326025811391933
813 7.464944975660298
814 7.364168294817044
815 7.189371249528017
816 7.01280308196284
817 7.439238264618715
818 7.523822933810097
819 7.413323123033351
820 7.165829272336684
821 7.2521768430895595
822 7.213070575945373
823 7.727265680005717
824 7.689187087266422
825 7.153079827877702
826 7.30253351853556
827 7.1649369244704
828 7.229788823614887
829 7.268310675111167
830 7.141160363492463
831 7.174380902818961
832 7.474292452115615
833 7.074309187321793
834 7.559228624865551
835 7.616992624852519
836 6.893258433509054
837 7.177883649810009
838 7.080294782687705
839 7.115446447079715
840 7.211704162517201
841 7.227188561421305
842 6.936398796946524
843 7.66710760697196
844 7.286052449929981
845 6.978772205907697
846 7.079572956830923
847 7.341555622309525
848 7.102591217228733
849 7.207467565540928
850 7.043316200627053
851 7.208555235995254
852 7.06292075242621
853 7.2726725015499145
854 7.152020117038825
855 6.935952067527257
856 7.0949173686451665
857 7.036159285328702
858 7.007444672601859
859 7.210390561196847
860 7.220079088771695
861 7.074989523886248
862 7.280907277523155
863 7.2912652790560495
864 7.148675809013736
865 7.010612524790731
866 7.211629575739627
867 7.178664516594049
868 7.216800121251767
869 7.235624440376684
870 7.382070643146214
871 7.363782757260013
872 7.07236239284348
873 6.988069042008467
874 7.511563926152464
875 7.007707538880914
876 6.792791514138877
877 6.929461689156962
878 6.945712410654
879 7.17802239478457
880 7.058461476035989
881 7.143655113623459
882 7.1906957359478865
883 7.092124174752532
884 7.1440610330183825
885 7.188476971058604
886 6.837729210903554
887 7.094885886977781
888 7.054493069178894
889 7.281865175396254
890 7.152176757512792
891 7.4928215900178206
892 7.25875502108887
893 7.252650053427182
894 7.095660935250314
895 7.098711764760535
896 7.141327245858724
897 7.124292391007449
898 7.086736675024055
899 7.165060718499311
900 7.217841222932431
901 6.924250556869216
902 7.151103438039441
903 7.147990421626803
904 6.83073007589039
905 7.060779147384627
906 7.029067405743861
907 7.1431121300112
908 7.070474064664468
909 7.2179927844560074
910 7.348232078601891
911 7.125523460153153
912 7.225141155593963
913 7.0896964494678
914 6.967565764285324
915 6.989577925157222
916 7.147415166003375
917 7.094062003469601
918 7.119559613420295
919 7.296963745565197
920 6.9070386913194675
921 6.952267265531794
922 7.061775379550497
923 7.077779093394416
924 7.10403105448047
925 7.091937321785305
926 7.01667787045382
927 7.104929662047222
928 6.985866940354033
929 6.882963083367073
930 7.0386879791742905
931 7.417631269731606
932 7.223542926046402
933 7.03680064505406
934 7.010051161239758
935 6.766442737157028
936 6.975754343121973
937 7.130570678993584
938 7.1243616710923625
939 6.9161480930065915
940 6.910400617930287
941 7.167065281347447
942 7.1112890139296265
943 7.03374591862347
944 7.227968756479096
945 7.1369081668020735
946 7.201911334773809
947 7.115711998573258
948 7.116017474053387
949 7.041380143198981
950 7.165586469169136
951 7.080428280750237
952 6.959451959648313
953 7.058925552470929
954 7.136262644521361
955 7.202185035969463
956 7.191106614309027
957 7.204061325048151
958 7.03275677026694
959 7.0026632894488055
960 7.1186813706550645
961 7.179541894616365
962 6.882189984955093
963 7.047931671627075
964 7.26439753325571
965 7.238846649690707
966 7.099083850894922
967 6.98240035708402
968 7.147538544334896
969 7.132961096211077
970 7.0089268465467605
971 7.197604596884393
972 7.234654599088084
973 6.9765917455755355
974 6.927569908801961
975 7.234828984844684
976 7.242256527254291
977 7.08807955228515
978 7.0171112160418385
979 6.907050303065717
980 7.478673547876683
981 7.492292164932661
982 7.2060044541126596
983 7.051267457059147
984 7.217014142259273
985 7.161705540113886
986 7.067595027947909
987 7.152653339816676
988 7.214741712331718
989 6.967834351268193
990 7.171330600335369
991 7.140135365142217
992 7.572806312804577
993 7.50872336331676
994 7.386361456979764
995 7.311382830496888
996 7.350056950218656
997 7.1413419799596065
998 7.297197492595345
999 7.338664864277282
1000 7.478221741507091
1001 7.3999791045723695
1002 7.43118534760928
1003 7.255663237600281
1004 7.191196530904799
1005 7.316088233425856
1006 7.459720740515889
1007 7.483842255962313
1008 7.634585025431723
1009 7.2142661936772186
1010 7.327660220339552
1011 7.296732945066391
1012 7.092740268365037
1013 7.218983563634615
1014 7.057235605275715
1015 7.490131774428002
1016 7.2979027347321574
1017 7.374911013092759
1018 7.095075601852124
1019 6.960596783285536
1020 7.198365170947685
1021 7.20124608278549
1022 7.309315818884162
1023 6.942589084233418
1024 7.027725545990901
1025 7.14394245926426
1026 7.185710478515457
1027 7.017675593204255
1028 7.285782290285055
1029 7.2216618327876985
1030 6.767649498642353
1031 7.0150523981956345
1032 7.12213549585826
1033 7.0154225627147255
1034 7.310564536855971
1035 7.119129688537805
1036 7.075420299068029
1037 6.879427710027277
1038 7.178801096161389
1039 7.0937875220083475
1040 6.77044001174947
1041 6.851727055835108
1042 7.185880888976616
1043 7.135199389905037
1044 7.1710909349749965
1045 7.0781656409979705
1046 7.205645141379527
1047 7.097172896595118
1048 7.122392388950786
1049 7.091752777945276
1050 7.024958934499229
1051 7.006601175995527
1052 7.0163237661563205
1053 7.1346770083952045
1054 7.162190308361875
1055 7.093395157160587
1056 7.208621798345361
1057 7.07308163573638
1058 7.091897927623237
1059 7.52471833003593
1060 7.215864632282228
1061 7.263286388464192
1062 7.146696838645919
1063 7.0424215555299945
1064 6.831605813645774
1065 7.077228387424122
1066 7.0737359245175035
1067 7.057270385421405
1068 7.1365500846427254
1069 7.07190803617859
1070 7.144237594012515
1071 7.051821145017579
1072 7.072011758175755
1073 7.2107877868865184
1074 6.863360179715093
1075 7.17595051628664
1076 6.50069982614429
1077 7.083814949685127
1078 6.973016717053347
1079 7.06641953942548
1080 6.833145927671753
1081 7.125915482048756
1082 6.924598975599826
1083 7.222262432291928
1084 6.893436564515937
1085 7.370659376173316
1086 6.853590167479448
1087 7.222669884171856
1088 6.974455540884504
1089 7.333127358465925
1090 6.967996237732257
1091 6.98300115557956
1092 7.041294942424157
1093 6.762332411064482
1094 7.166167194680497
1095 7.1398860507125566
1096 6.979138721895103
1097 7.05486314201652
1098 7.0646551479700905
1099 7.14464605440068
1100 7.146157263342031
1101 7.306179625211642
1102 7.402497354272366
1103 7.367728455289202
1104 7.853987445353304
1105 7.584062441928004
1106 7.438032999852976
1107 7.108350112537388
1108 7.124499160664126
1109 7.230749471017914
1110 7.070886440736953
1111 7.039009498980332
1112 7.012344341727875
1113 7.013607687270342
1114 7.200383915806857
1115 7.177221549074084
1116 7.135672969773841
1117 7.212909905102343
1118 7.143919555255926
1119 7.187104060141767
1120 7.125937706432666
1121 6.993023460124381
1122 7.1687006790196985
1123 7.157321804211057
1124 7.0147306542261685
1125 6.9757904378928455
1126 7.29757703414231
1127 7.033328976966186
1128 7.090881120374963
1129 7.184896678581805
1130 7.078290103637656
1131 7.38304122980575
1132 7.0996339551271594
1133 7.104044720795293
1134 7.203201361834171
1135 7.094652909869377
1136 7.091804665090014
1137 6.8840031368916375
1138 7.126522188563573
1139 7.189528294753399
1140 7.146672200323748
1141 7.176242726776738
1142 7.180731450982804
1143 7.007318629993596
1144 7.249882611239382
1145 7.214513056572647
1146 7.2149289211626035
1147 6.979519635178343
1148 7.073020659817236
1149 7.354740429499987
1150 7.068756774826916
1151 7.04532668871984
1152 7.1681959872942915
1153 7.026025395123167
1154 7.0535762421394645
1155 7.187366101119864
1156 7.088163968992264
1157 7.098235137048592
1158 7.271840550182052
1159 6.971490511619535
1160 7.323438966883786
1161 7.211660141770275
1162 7.196392420717942
1163 7.217748746178036
1164 7.12327096043141
1165 6.925835693298745
1166 7.112511931096514
1167 7.205400158319624
1168 6.957511408935412
1169 7.091480734010993
1170 7.221730027640908
1171 7.210557090437146
1172 7.071750120030519
1173 7.126075898277649
1174 7.292325551559613
1175 7.020890742926435
1176 6.907716307665316
1177 7.234063510027121
1178 6.930841640035993
1179 7.067436226941488
1180 7.045161377857304
1181 7.2228180148029315
1182 7.032372067116347
1183 7.291696250434599
1184 7.10731143204053
1185 7.044351589394937
1186 7.030304431689407
1187 7.190281535850742
1188 7.153380917308541
1189 7.137443331490043
1190 7.266957792412868
1191 7.039015207092938
1192 7.2284588701883745
1193 7.257617566660737
1194 7.227549781518079
1195 7.260523956130037
1196 7.0217243830812555
1197 7.1634548457079195
1198 7.093597083588007
1199 7.075916497432516
1200 6.977976180232118
1201 7.135455958374492
1202 6.912613831708178
1203 7.020408673542388
1204 7.362598984575972
1205 7.294083595558114
1206 7.0770517000624515
1207 7.159453254058423
1208 7.067809974597074
1209 7.148071175907641
1210 6.955292406247357
1211 7.031582794138179
1212 6.97671637764761
1213 6.974765732051123
1214 7.227341600360773
1215 7.076665835432861
1216 7.102766317871016
1217 7.043614930345745
1218 7.111573002730747
1219 7.284188062612276
1220 7.0374474468025445
1221 7.164252617421856
1222 7.031959865979906
1223 7.076156243394104
1224 7.130358993726689
1225 7.073341904946203
1226 7.144217360164436
1227 7.433202352630485
1228 6.987542354335809
1229 7.161905995527641
1230 6.810048202402903
1231 7.1528469653137146
1232 7.143560377957744
1233 7.231227609948171
1234 7.028583169184731
1235 7.2225051448847255
1236 7.3474036450550395
1237 7.143464632132692
1238 7.0554488114874285
1239 7.0243437713532
1240 7.100508045601002
1241 6.917566408595463
1242 7.125648277780114
1243 7.170622299196366
1244 7.159121934058031
1245 7.124259562976816
1246 7.0305242341016765
1247 7.129400563651172
1248 6.980509690188296
1249 7.042444092880136
1250 7.279682435878697
1251 7.071049466064013
1252 7.576375760134702
1253 6.957211425896012
1254 7.337545285046441
1255 7.281665008493252
1256 7.097707534307206
1257 7.236777862504113
1258 7.234556138694538
1259 6.98044737893898
1260 7.049391421096349
1261 6.921828447897838
1262 7.2015079611303445
1263 7.159498369452575
1264 7.146830062809869
1265 7.368375908805289
1266 7.145203068666969
1267 7.409623379374634
1268 7.011700758219489
1269 6.966645997301358
1270 6.912082718598622
1271 7.100663089896949
1272 6.978294618835941
1273 6.873867915941704
1274 6.946940811370726
1275 7.11540105692368
1276 7.215120133320608
1277 7.462122061391087
1278 6.991846678921793
1279 7.424625910737875
1280 7.050168837610863
1281 7.370733367035357
1282 7.1566632153916965
1283 6.979485185560327
1284 7.077918103217249
1285 7.240815465840237
1286 7.414431699336022
1287 7.458439404994115
1288 7.17972413867301
1289 7.117987746583076
1290 7.166340982137444
1291 7.245262497072079
1292 7.281927174295446
1293 7.130671820850186
1294 7.154491203452894
1295 7.169991990415553
1296 6.9182087169633455
1297 6.977743323561653
1298 7.252738303394863
1299 6.958402046104713
1300 7.133791587593876
1301 7.311585174221505
1302 7.229474885839277
1303 7.2390125256439415
1304 7.038535247404785
1305 7.228438796317765
1306 7.200742805669432
1307 7.046761340293949
1308 6.772634905802071
1309 7.190038158858192
1310 7.063046003623706
1311 7.123040715958199
1312 7.274076751807218
1313 7.005465498119314
1314 7.212728162753298
1315 7.413866395534351
1316 6.961269851629003
1317 7.023623466504648
1318 7.346667311223483
1319 7.146811528098051
1320 6.976089239612051
1321 7.218833866546851
1322 7.08214004313994
1323 7.225431176942438
1324 7.25429415866698
1325 7.031388579610738
1326 7.26314256310519
1327 7.128266171180292
1328 7.171924840054049
1329 7.1014725827279594
1330 7.1356928319666455
1331 7.05212451668685
1332 7.065901808585176
1333 7.414064059387365
1334 7.057946213135329
1335 7.281897529948717
1336 7.0483457656479604
1337 7.258475247026929
1338 7.059209461223611
1339 7.099748649244769
1340 6.92219568073606
1341 7.119278710636809
1342 7.624206783244692
1343 7.2735159106719625
1344 7.300866665002578
1345 7.230435767009643
1346 7.129987556734862
1347 7.123913874784151
1348 7.287526487495431
1349 7.023627794094213
1350 7.220624523131241
1351 6.8935328679383785
1352 7.194143947356742
1353 7.09118924878429
1354 7.3171113648004535
1355 7.186469057014827
1356 7.05738783912712
1357 7.098149931336264
1358 7.130735283090196
1359 6.956672861801664
1360 7.288722262899214
1361 7.276130713522161
1362 7.172270536606311
1363 7.122310219181019
1364 6.956473585876021
1365 7.091874395031908
1366 6.877484491712864
1367 7.30397216806472
1368 7.008080275957824
1369 7.241152771418167
1370 7.248406665495105
1371 7.092805592373677
1372 7.363423142012972
1373 7.172046005783688
1374 7.213499290146669
1375 7.108341441533207
1376 7.272190967100577
1377 7.126290279798326
1378 7.158019515458863
1379 7.08216348208559
1380 7.196004606407064
1381 7.009473334061207
1382 7.212972793678775
1383 7.19166749653472
1384 7.212944216722484
1385 7.073772272536962
1386 7.133043538028354
1387 7.143337278270237
1388 7.072252783105909
1389 7.1258517446863
1390 7.147598825799231
1391 7.199898835348814
1392 6.993409337213363
1393 7.097560285342661
1394 7.161443647709886
1395 7.108548901280455
1396 7.203664701283584
1397 7.075917143713154
1398 7.13241653909832
1399 7.236163079245254
1400 7.116332732012059
1401 7.10326782676844
1402 6.890531052961512
1403 7.107717998787446
1404 7.236607463424548
1405 6.9540092600025245
1406 6.971536153326309
1407 7.21790049912374
1408 7.138199880861908
1409 6.973178851305893
1410 7.240538722867127
1411 7.114050617695575
1412 7.115978055428541
1413 7.104728595039648
1414 7.0131633849332085
1415 7.367966290323024
1416 7.413375937060639
1417 7.511547396351305
1418 7.122846155333833
1419 7.080129513457847
1420 7.15695386521545
1421 7.034829427673424
1422 7.093160397153073
1423 7.016597459025705
1424 7.050517530198058
1425 7.221648830798178
1426 7.1426445713932
1427 7.10332789705681
1428 6.98589969520493
1429 7.128837711287227
1430 7.012792335435271
1431 7.108734851103746
1432 7.12181911986634
1433 7.326157789080429
1434 7.018193706064293
1435 7.139628903243544
1436 7.245516950979737
1437 7.003955763903911
1438 7.271262237859977
1439 7.293974535998238
1440 7.222284589941975
1441 7.043414481188316
1442 7.466880831500511
1443 7.12863729313807
1444 7.533227329152298
1445 6.9642092793274255
1446 7.063473662699289
1447 7.183130138959487
1448 7.411569006770327
1449 7.594549723553214
1450 7.0571490238396795
1451 6.896346169765022
1452 7.17558358345792
1453 7.062085015360895
1454 7.078390493063029
1455 7.130528376451592
1456 7.51930313729569
1457 7.132807480694398
1458 7.542261184083593
1459 7.478140851566189
1460 7.331860664151952
1461 7.251038308902031
1462 7.911718000926883
1463 9.244109706830637
1464 9.402340560976704
1465 9.73711624706965
1466 9.30688143494438
1467 7.6021454111404605
1468 7.968200327945313
1469 7.632137847986355
1470 7.293559294829812
1471 7.623434685127182
1472 8.181492960086354
1473 7.211854248080156
1474 6.966072000074693
1475 7.1063711584648175
1476 7.215948116250371
1477 6.916393328385995
1478 7.380411024713354
1479 7.072545274263047
1480 7.299006495088735
1481 7.200527504875898
1482 6.976550439253265
1483 7.275097658572284
1484 6.932043809617024
1485 6.477534704021228
1486 7.106801414819301
1487 7.06208415202122
1488 7.2528938465473605
1489 7.483499428979266
1490 7.0880837495068745
1491 6.9061762420389075
1492 7.1362761253777185
1493 7.045178811900739
1494 6.926559439832356
1495 7.158317458146547
1496 6.898350235179971
1497 7.109514312326681
1498 6.973005658965279
1499 7.1621222827377995
1500 7.049156732736934
1501 7.078750586022718
1502 7.270370694249986
1503 7.457491219989366
1504 7.488610381536072
1505 7.227660126079231
1506 7.322437235570324
1507 7.074782783852239
1508 7.018985448005608
1509 7.026383403134657
1510 7.0734161577877295
1511 7.196370742707317
1512 7.188135551396749
1513 7.367294446147733
1514 7.16367301784459
1515 7.758668400858681
1516 7.349934738110656
1517 7.13110983626037
1518 7.199135681697611
1519 7.326351561044067
1520 7.076456877507237
1521 7.337309625025343
1522 7.028600366734693
1523 7.0578409944261224
1524 7.1725624855465595
1525 6.874425908015734
1526 7.153678305521603
1527 7.102834093044991
1528 7.273620284892025
1529 7.077409153626581
1530 7.175311868377417
1531 7.087143341397943
1532 7.094745612475015
1533 7.304992548946203
1534 7.196694790415489
1535 7.023342018048119
1536 7.4055887355205865
1537 7.1985320555916354
1538 7.180263596686321
1539 7.275445491270054
1540 7.301037795882976
1541 7.133437121808683
1542 7.39369987162515
1543 7.283936988433609
1544 7.1502318376970315
1545 7.1180301994978254
1546 7.272616914749925
1547 7.4714092174645526
1548 7.34338381153506
1549 7.131778367732684
1550 7.13258135850939
1551 7.23867011518247
1552 6.894445371196901
1553 7.3735832733844715
1554 7.214825614330836
1555 6.9730895181339285
1556 7.314177593613497
1557 7.052323980968426
1558 7.154781472888862
1559 7.094034706339061
1560 7.125557904484474
1561 6.973645575938027
1562 6.967943042685909
1563 6.988257511347715
1564 7.003267265461768
1565 7.282297079667492
1566 7.152648051363386
1567 6.940522431609914
1568 7.058750137026593
1569 6.9523139796024855
1570 7.118049564230344
1571 7.1425426652468635
1572 6.994711843614539
1573 7.286946662352576
1574 7.340238090803163
1575 6.9663391461773525
1576 7.137930398260891
1577 7.118768355385445
1578 7.192757174304089
1579 7.251126851210936
1580 7.409697895884925
1581 7.1106913334738024
1582 7.104035321303272
1583 7.031977426398554
1584 6.886551360159434
1585 6.966283257870984
1586 7.234746115832313
1587 7.180589756674146
1588 7.128724862000579
1589 7.084685633405121
1590 7.200705927021681
1591 6.996197620167179
1592 7.1935212351665285
1593 6.787792550299052
1594 7.255730325087751
1595 7.082098054618134
1596 7.1721481630786625
1597 7.252010345034838
1598 7.326145582348992
1599 7.213855951661941
1600 7.149286237557068
1601 7.148346087422115
1602 7.222499276566796
1603 6.983847670639408
1604 7.060230592447528
1605 7.170075578048227
1606 7.070295578956125
1607 7.1635435842802835
1608 7.0198514386803055
1609 7.163286777564258
1610 7.369518306384708
1611 6.977993312941574
1612 7.105415665452785
1613 6.9681083035871305
1614 7.182597737876246
1615 6.948676576845269
1616 7.298252925808215
1617 7.396164922258192
1618 7.077782531191551
1619 6.939828940573955
1620 7.071581860884884
1621 6.9588449863597
1622 7.188314261589603
1623 7.104087400367473
1624 6.912798079434356
1625 7.142923206507169
1626 6.9494943132461655
1627 7.195420631559934
1628 7.1697807789146974
1629 7.0280252675837875
1630 7.048611749787231
1631 7.041329951115029
1632 7.207087648557201
1633 7.326100664971351
1634 7.0561485763657155
1635 7.073750866661214
1636 7.003720748287291
1637 7.076615327136213
1638 7.054949359948583
1639 7.218909040132194
1640 7.202792281114347
1641 6.979215769071389
1642 7.190027382963052
1643 7.305509233440575
1644 7.069724985168964
1645 6.943930665348309
1646 7.048048704135014
1647 7.15802960065614
1648 7.049639002415425
1649 7.03562000715818
1650 7.016757588272732
1651 7.155223174973359
1652 7.1076076992057615
1653 7.390984807055922
1654 7.374781851783015
1655 7.277714192915802
1656 7.161819272979262
1657 7.323892920173985
1658 7.2500796829279786
1659 7.3403354573408155
1660 7.085160182435886
1661 7.193202454206308
1662 7.343878668198547
1663 6.9388352636409545
1664 7.023645450129005
1665 7.099921631500351
1666 7.141622071775415
1667 7.097466042318286
1668 6.948518100955865
1669 6.88488465671279
1670 7.052548065174174
1671 7.162780264963819
1672 6.942229456621159
1673 7.171931051617042
1674 7.004913130614069
1675 7.0493326749087
1676 7.487970161951
1677 7.021316262925694
1678 7.040767125486381
1679 7.025110086236239
1680 7.076749835159139
1681 7.127075038271653
1682 7.313379074793594
1683 7.115725118507715
1684 7.12536201396809
1685 6.915533729630844
1686 6.971771220238158
1687 7.3093375048559315
1688 7.035191045840929
1689 6.954166466197233
1690 7.096923967679917
1691 6.967542032146858
1692 7.049657806924937
1693 6.991709636358915
1694 7.013573548816376
1695 7.008048362310134
1696 7.100840042860348
1697 7.127653252885932
1698 6.9816590284490925
1699 6.873243788947501
1700 7.186092725346002
1701 6.77675006521193
1702 7.015915719404626
1703 7.045511378493866
1704 7.109994755744732
1705 7.068091461550245
1706 7.34072726407078
1707 7.238223413363705
1708 7.318772532910923
1709 7.120347779285596
1710 7.2131536053599214
1711 7.072471028515586
1712 7.1369667897225435
1713 6.888395576221488
1714 7.178186297045352
1715 6.980248356079957
1716 7.245714633583015
1717 7.085539512197161
1718 6.888986499336146
1719 7.28068961669615
1720 7.075592833760226
1721 7.369774299780139
1722 7.07186780287946
1723 7.223558285472542
1724 6.9546254186412275
1725 7.088322121987105
1726 7.062812769801658
1727 7.215662376018337
1728 7.396292301545014
1729 7.389688489595887
1730 6.879188196836682
1731 6.903608822577651
1732 7.177995767710122
1733 7.107732274263582
1734 6.894702579747829
1735 6.9996003119390755
1736 7.0355200539358735
1737 7.268739357176972
1738 7.30547812716184
1739 7.028716178229689
1740 7.299352373975792
1741 6.907344101372124
1742 7.130204874260427
1743 7.118905114334169
1744 7.063953322262126
1745 7.072961165185626
1746 7.307968577604406
1747 7.178689434492062
1748 6.943327899468122
1749 7.256118092575299
1750 6.9182432921504144
1751 7.19845879104725
1752 7.0659458449776995
1753 7.128886124282776
1754 7.139679603475976
1755 7.355321673904197
1756 7.178588623907754
1757 7.058379177842225
1758 7.351280686448938
1759 7.209272433591687
1760 7.137796454276776
1761 7.257670088674959
1762 7.104195811679146
1763 7.351525052308705
1764 6.987026613861344
1765 7.019859235425827
1766 7.343224779009428
1767 7.002840148015486
1768 7.087999088675903
1769 6.940790325913589
1770 7.014934729425427
1771 7.2392727365497285
1772 7.237447870222495
1773 7.122433790117303
1774 7.046314923422422
1775 7.329894199372886
1776 7.0274977347201775
1777 7.304116701237164
1778 7.334061629576262
1779 7.374669158636936
1780 6.972027213428679
1781 7.043549876462559
1782 7.193963172211461
1783 6.949320742192664
1784 7.327789182674735
1785 6.915726917741765
1786 7.033849364908533
1787 6.962275504205773
1788 7.079930331339315
1789 7.388276556910024
1790 6.965943096763762
1791 7.251237097295681
1792 7.327201333948535
1793 6.896021952673044
1794 7.1431471669178
1795 6.964423845453063
1796 7.084805320337737
1797 6.9461834802280285
1798 6.974544589508227
1799 7.118947658703582
1800 7.292011662011746
1801 7.220027990326544
1802 7.306282977817284
1803 6.9936296454730975
1804 7.195287070503869
1805 7.056631350313327
1806 7.063348942030057
1807 7.118014585400378
1808 7.006243410488154
1809 7.155315244943704
1810 7.0262252325265555
1811 7.132091403117892
1812 6.9840207480647125
1813 7.025613986537821
1814 7.169960763245012
1815 6.9136252052111855
1816 7.20397770469111
1817 7.101569382511282
1818 7.058517797126155
1819 7.492682096551725
1820 7.332700251158351
1821 7.178713283931052
1822 7.040433794912126
1823 7.273322021453555
1824 7.100815632839343
1825 7.357438811201573
1826 7.1479469641363576
1827 7.0782681131417515
1828 7.0181807002384655
1829 7.356953333017715
1830 7.157665684672582
1831 7.100589166070764
1832 7.103153424553692
1833 6.902895718568487
1834 7.165551585013284
1835 7.141676876127228
1836 7.116154230150566
1837 7.121245554670252
1838 6.9917752266735995
1839 7.081306389155118
1840 7.146069853557636
1841 7.246553783028365
1842 7.159538310791214
1843 7.065969827899955
1844 7.107666431937471
1845 7.099494208797084
1846 7.354749469285383
1847 7.265707146293033
1848 7.107494611951827
1849 6.749223939026533
1850 7.244395293479566
1851 7.1310531304723
1852 6.914031661566736
1853 6.748487893457007
1854 6.980062070780443
1855 6.685920173091819
1856 7.0723433844222
1857 7.783214252050012
1858 7.464373514972415
1859 7.1206588005882
1860 7.300517267956083
1861 7.379701216912414
1862 7.242010271049385
1863 7.379887578247641
1864 6.971027598339326
1865 7.079710545992702
1866 7.117829884059391
1867 6.949813061754734
1868 6.946854268340964
1869 6.539678169039418
1870 7.1708569372305515
1871 7.298954747778202
1872 7.280716489293389
1873 7.360801785764812
1874 7.195243325474187
1875 6.979023475613777
1876 7.0018380622710765
1877 7.23631599332773
1878 7.072560017884271
1879 6.959510418237988
1880 7.11815974360518
1881 7.133071474346356
1882 7.0052917411900095
1883 7.186170636102786
1884 7.304963734507637
1885 7.1844366276133
1886 7.153855432042314
1887 7.081445809135512
1888 7.134361650303132
1889 7.2268070162245746
1890 7.050178477613731
1891 7.27328333192589
1892 7.314707371469449
1893 7.007635825127249
1894 7.06591188670153
1895 7.1044119317259975
1896 7.249462267266973
1897 7.037058713117624
1898 7.157851652836764
1899 7.134183402621696
1900 6.962290776719394
1901 7.039528369456409
1902 7.007952018732983
1903 7.047289149420915
1904 6.90123044543456
1905 7.118373622825631
1906 7.1729813824025435
1907 7.138837484995521
1908 6.9808408636065735
1909 6.981836845876556
1910 6.964811157672729
1911 7.140232259007083
1912 7.274235521372544
1913 7.257063805048678
1914 7.4386807902859235
1915 7.332607725651045
1916 6.886126521409654
1917 7.229342915870731
1918 7.044155520966035
1919 7.159299156983431
1920 7.43331054929912
1921 6.940378824510326
1922 6.945346386277257
1923 7.0807800644676435
1924 7.198104017456813
1925 7.148561287734306
1926 7.242190551406756
1927 7.016450115401715
1928 7.143693360051536
1929 7.090802220514175
1930 7.5027807288455195
1931 7.3024520651345695
1932 7.033556297833129
1933 6.994755944000296
1934 6.968817481869862
1935 6.999473490534143
1936 7.428970321842164
1937 7.080236333594193
1938 7.158836753822619
1939 7.067803212254327
1940 7.1534957117527975
1941 7.120205326535311
1942 7.293560802036285
1943 7.176032779425715
1944 7.158268130613961
1945 7.040556244786637
1946 7.030746291642336
1947 7.137824097573909
1948 7.337492891537517
1949 7.332656476530192
1950 7.592379992622992
1951 7.24168904173102
1952 7.147360233051349
1953 7.393134773609973
1954 7.534970242931475
1955 7.034863437142266
1956 7.122271659385348
1957 6.9897278238950085
1958 7.1113692262669845
1959 7.034047709970272
1960 7.218471527170182
1961 7.016757360440728
1962 7.312250405565149
1963 7.257247711979432
1964 7.396770197171201
1965 7.04993107581206
1966 7.101488388991685
1967 7.46120886209681
1968 7.153761819535065
1969 7.069577286858628
1970 6.921464937267075
1971 6.912227714455529
1972 7.028513936785238
1973 7.181696534727386
1974 7.234863109771997
1975 7.161577302685152
1976 6.992652201002665
1977 7.278367037826893
1978 7.230015431657147
1979 7.460830008939964
1980 7.198541761841344
1981 7.115031802837425
1982 7.1170053240409095
1983 7.133691988280257
1984 7.318425358313413
1985 7.409749142749261
1986 7.315384596521747
1987 7.28400099627301
1988 7.123363624769933
1989 7.091796676623159
1990 7.127271632450718
1991 7.1468900139635325
1992 7.0185734433319995
1993 7.217518844201924
1994 6.9358218922483035
1995 7.145016661992101
1996 7.18083566076391
1997 6.983873008686068
1998 7.100320973915035
1999 7.157040468750498
2000 7.168819462519856
2001 7.1238043573507355
2002 6.954307669305076
2003 7.243570342098368
2004 7.268564030322127
2005 7.1647239493185575
2006 7.263114247530233
2007 7.196850184581744
2008 7.260853617660879
2009 7.129118188497471
2010 7.102245337140998
2011 7.1199204400361005
2012 6.999870925696099
2013 7.061686846343941
2014 7.082855128441088
2015 7.069633748747681
2016 7.276643249250015
2017 7.115171783273714
2018 6.918452345383522
2019 7.113284463427896
2020 7.149323941229599
2021 7.204461493122878
2022 7.107646278078367
2023 6.906120860586708
2024 6.826196333919637
2025 6.9449203528459895
2026 7.094365581346779
2027 7.242630732510496
2028 6.9431283899516485
2029 7.182621746163453
2030 7.08082582275877
2031 7.34410936261946
2032 6.917679396945139
2033 7.0227830239816305
2034 7.2640428319579335
2035 6.8808591201263765
2036 7.121328737895926
2037 7.0965447569370035
2038 7.144424732318886
2039 7.251792304602027
2040 7.127217542154351
2041 7.2041016626717775
2042 6.890982292419152
2043 7.122420400758246
2044 7.19192309403528
2045 7.313654284421118
2046 7.202131573121129
2047 7.099173983012695
2048 7.100611069199571
2049 7.175825427505114
2050 7.328405585017227
2051 7.036616924552619
2052 7.265146607740326
2053 7.315625546436304
2054 7.131992691757563
2055 7.363769035572456
2056 7.313284817270572
2057 7.10503340272764
2058 7.289508068681327
2059 7.169165359192288
2060 7.1758613121168295
2061 7.173915212710711
2062 7.029199354554181
2063 7.319016631313018
2064 7.073135851318333
2065 7.097224092757352
2066 7.236448333925507
2067 7.388926269771645
2068 7.229859435408135
2069 7.164679846265462
2070 7.268179650326665
2071 7.001776130466137
2072 7.288994703151081
2073 7.27581838582018
2074 7.04174959748925
2075 7.009331876096633
2076 7.166864948804529
2077 7.351031948324864
2078 7.279977390085183
2079 7.349285609567786
2080 7.173464449981567
2081 7.139065622064404
2082 7.155129993034952
2083 7.274843485639248
2084 7.356003531875597
2085 7.32126383622472
2086 7.378282373401557
2087 6.946710248862118
2088 7.143625364784254
2089 7.304574244915837
2090 7.343317682429478
2091 7.309269021430469
2092 7.083134904937986
2093 7.378783473373008
2094 7.475274818173594
2095 7.046941610417642
2096 7.2750025751019685
2097 7.080196784264126
2098 7.2054125144693275
2099 7.255038273562441
2100 7.273886803634232
2101 7.397226798899103
2102 7.509489381895188
2103 7.1999471830775095
2104 7.079104956118797
2105 7.099789237102616
2106 7.100688910208729
2107 7.246351055527956
2108 7.136814155500726
2109 7.323680867518374
2110 7.244531489641162
2111 7.2336743254048725
2112 7.218301428253405
2113 7.102742560393516
2114 7.431207795605407
2115 7.208666480431454
2116 7.134931326275843
2117 7.343619990130316
2118 7.462206345024224
2119 7.080191255038155
2120 7.537908173495095
2121 7.436608789369498
2122 7.2691301560182024
2123 7.189704856309898
2124 7.433846481457623
2125 7.398715418320371
2126 7.203616160288002
2127 7.0699532348678344
2128 7.270771698243062
2129 7.016271858841268
2130 7.1621831894925
2131 7.288440103245776
2132 7.075776382458463
2133 7.154753977768319
2134 7.396501100656342
2135 7.34648878808102
2136 7.046828509483137
2137 7.190116086314969
2138 7.2438445409969265
2139 7.292277439030469
2140 7.252281805729872
2141 7.191143325009902
2142 7.313882329836409
2143 7.192530957635546
2144 7.1128135686520775
2145 7.111834898524862
2146 7.079500302243095
2147 7.277793031935216
2148 7.297468967658175
2149 7.247391064633513
2150 7.07103209566173
2151 6.9579182510460145
2152 7.1995827581517045
2153 7.166273900108006
2154 7.506331477577549
2155 7.415948116238887
2156 7.478476795721338
2157 7.220292759167489
2158 7.300572014101823
2159 7.264281279501797
2160 7.364780141225639
2161 7.158759293285675
2162 7.443360580034556
2163 7.563977047248543
2164 7.360540509772466
2165 7.275362801353166
2166 7.434364178677231
2167 7.67043298908282
2168 7.469175230005516
2169 7.608646510898847
2170 7.625971437971961
2171 7.2347973281064775
2172 7.276676889719706
2173 7.282195798399505
2174 7.582755184938592
2175 7.466205637982801
2176 7.487130472756077
2177 7.1357132468924656
2178 7.343321459285751
2179 7.568262703750444
2180 7.258116313905828
2181 7.241310925467007
2182 7.3888289056424625
2183 7.518446957387929
2184 7.360802265402958
2185 7.283772058164385
2186 7.167158189978583
2187 7.477422631615092
2188 7.400485986229801
2189 7.21018951975229
2190 7.351339503840821
2191 7.068175235302703
2192 7.704187246358605
2193 7.438065880649929
2194 7.315185842486611
2195 7.480938483852771
2196 7.7145117862010295
2197 7.477349615163386
2198 7.419556967096989
2199 7.347416469065299
2200 7.324715628725508
2201 7.266235554026846
2202 7.568541898159992
2203 7.400467490808571
2204 7.29299204585074
2205 7.334164453077419
2206 7.304507107584493
2207 7.25259569396368
2208 7.287932067598631
2209 7.484915345309108
2210 7.326378512914905
2211 7.236199115180314
2212 7.255911859521087
2213 7.315493747524476
2214 7.455201423419402
2215 7.521733057384287
2216 7.247723343143252
2217 7.176108003036103
2218 7.3479199339032135
2219 7.403078728308388
2220 7.159685968265329
2221 7.5553074488840934
2222 7.397159330570339
2223 7.438365060913486
2224 7.350249040943265
2225 7.553025010733428
2226 7.019345763057985
2227 7.309432217630448
2228 7.2624882676285925
2229 7.164516480163877
2230 7.657729403952408
2231 7.3718287774221505
2232 7.452673516028919
2233 7.493009768396881
2234 7.415333705025078
2235 7.56975170196274
2236 7.3202411675314165
2237 7.6789345574223145
2238 7.1412543987744606
2239 7.471115627060331
2240 7.566930455154727
2241 7.59624180120703
2242 7.390577559877793
2243 7.844684098777149
2244 7.663996141004858
2245 7.601417285574354
2246 7.472597239324527
2247 7.431939681105322
2248 7.400014893176483
2249 7.5399642924054735
2250 7.612947591439159
2251 7.658918666181569
2252 7.609211325518577
2253 7.572993435271955
2254 7.363518601807411
2255 7.4986388635561765
2256 7.473028118705638
2257 7.2483362683423636
2258 7.686925139507416
2259 7.4825185098650735
2260 7.460122079474574
2261 7.367875917928157
2262 7.4853420361357195
2263 7.855043717274417
2264 7.551684084426256
2265 7.217516084738292
2266 6.971435059678308
2267 7.091511953561724
2268 7.032262603750166
2269 7.175662962234848
2270 6.963238308445162
2271 7.001200020154366
2272 7.117028931876723
2273 7.237700888769214
2274 7.2377000138337815
2275 7.0680059073225685
2276 7.544226503572342
2277 7.098646369652031
2278 7.366664722921576
2279 7.437286806549729
2280 7.183781727373907
2281 7.063960162477657
2282 7.106167364259227
2283 7.2372130181316106
2284 7.0960660317428665
2285 7.2041259250859895
2286 7.09854145276689
2287 7.303378903420388
2288 7.231254496780945
2289 7.04208021998146
2290 7.21051762883922
2291 7.046589813876091
2292 6.816214683105623
2293 7.162081234276599
2294 6.858918253383004
2295 7.267685703830378
2296 7.098976905890187
2297 7.166567433779251
2298 7.556277815389893
2299 6.79228238726426
2300 7.254938754049821
2301 7.008638428278725
2302 6.893664084255467
2303 7.216733909415319
2304 7.155971028670761
2305 7.234853158253218
2306 7.0689550955251965
2307 6.831471545526503
2308 7.030124832540252
2309 7.03243222529148
2310 6.980487455949233
2311 7.170399756566302
2312 7.190060602655446
2313 7.165795800531239
2314 7.148197662385481
2315 7.065317036006484
2316 7.164189713611894
2317 7.128409729445741
2318 7.380378028765153
2319 6.9677158886405435
2320 7.112465741184538
2321 7.0326476271786875
2322 7.105276522519206
2323 7.169447746607413
2324 7.356800961957287
2325 7.142494076341695
2326 6.996362278370928
2327 7.071836501959068
2328 6.8707436203655226
2329 7.1773422859046425
2330 7.052202178101447
2331 7.0604944149895505
2332 6.968894264098133
2333 7.24936793658134
2334 7.030891710274219
2335 7.059713302771517
2336 7.073204165067046
2337 7.045115762338288
2338 7.215068576461563
2339 7.130840628619529
2340 6.963419737999672
2341 7.153006692910666
2342 6.99569298117059
2343 6.966223558696364
2344 7.398667507152981
2345 7.2444540675174425
2346 7.004341451006661
2347 7.192133725827917
2348 7.0434514084002044
2349 7.481860439281592
2350 7.177578652427511
2351 7.195931103190921
2352 7.3070580211331615
2353 7.336090356265762
2354 7.552514289605927
2355 7.266092922847017
2356 7.202843990686814
2357 7.471583781018624
2358 7.1059284013371755
2359 7.277154387679338
2360 7.288184962811691
2361 7.253083598046197
2362 7.325629373652475
2363 7.462871526548158
2364 7.421416872519131
2365 7.170197467719469
2366 7.227658191175857
2367 7.28130742289116
2368 6.997740516874542
2369 7.105319367260011
2370 7.181018406876836
2371 7.224512658983274
2372 7.484717921013829
2373 7.110718976841168
2374 7.305550663694835
2375 7.432520060613385
2376 7.218605578846288
2377 7.281140282456368
2378 7.318391369522053
2379 7.128034697943091
2380 7.12068218920698
2381 7.1714474182835115
2382 7.376552728879597
2383 7.191932155142846
2384 7.168821443833593
2385 7.410717006776367
2386 7.230241101339884
2387 7.310704698371945
2388 7.1643844782722566
2389 7.152622628289811
2390 7.817767979321208
2391 7.397950747518891
2392 7.239387320327503
2393 7.40077373475282
2394 7.555126337279877
2395 7.522944684770171
2396 7.205096143863692
2397 7.201911133086595
2398 7.4305441449027905
2399 7.755234523561207
2400 7.278039658533307
2401 7.21591301867419
2402 7.150686707178712
2403 7.134170599448409
2404 7.270381988879418
2405 7.1863227214653245
2406 7.2327068570587105
2407 7.286040692393431
2408 7.217461876460235
2409 7.220809415623052
2410 7.633666831296717
2411 7.409171000826842
2412 7.097463531418346
2413 7.247080279430535
2414 7.266978314599934
2415 7.1871574436225165
2416 7.26180693921812
2417 7.234553235704687
2418 7.188129787333462
2419 7.552783394419056
2420 7.154191345782633
2421 7.179676311020115
2422 7.3082676501298
2423 7.417332585698744
2424 7.335771461841398
2425 7.244862377150154
2426 7.340826994170601
2427 7.174936549950631
2428 7.124894826864372
2429 7.236470968771031
2430 7.140501337068244
2431 7.3582627085385095
2432 7.270898088510711
2433 7.215908366145869
2434 7.3116317838145495
2435 7.435649790725431
2436 7.434755697180358
2437 7.323950778903422
2438 7.110781101639382
2439 7.124988663170095
2440 7.129610574732283
2441 7.2467332009327405
2442 7.353145151516179
2443 7.106690176986803
2444 7.2150146598858
2445 7.282897082342228
2446 7.257732102978318
2447 7.407984875855878
2448 7.15912301357903
2449 7.31579902329476
2450 7.572227121297583
2451 7.485534424850307
2452 7.114801653037523
2453 7.344269487145989
2454 7.359957122647072
2455 6.964311590451478
2456 7.16867540467523
2457 7.325024312188379
2458 7.264038139440915
2459 7.335093393176249
2460 7.4111871420192506
2461 7.145903336246042
2462 7.090036340760177
2463 7.2252503580212935
2464 7.51616428438462
2465 7.302650865536595
2466 7.243248845142856
2467 7.151008374959196
2468 7.127688162865941
2469 7.174597671457511
2470 7.22466570366472
2471 7.050474238255683
2472 7.227983311585551
2473 7.168007585909645
2474 7.036052367543955
2475 7.1427102534743705
2476 7.194329072483269
2477 7.223134860645832
2478 7.191850025679399
2479 7.080050110069413
2480 7.101996261037194
2481 7.181397141773412
2482 7.269964955013484
2483 7.186033494820517
2484 7.0755535788063275
2485 7.097399822484296
2486 6.957733870418069
2487 7.1710450887787
2488 7.103076648805982
2489 7.282149166629716
2490 7.199589762281233
2491 7.129515264866489
2492 7.142739433585507
2493 7.1163392203366715
2494 7.146750756904425
2495 7.173818765897929
2496 6.926713387317545
2497 7.110073044394365
2498 7.221256519982882
2499 7.055563461065942
2500 6.975354678100735
2501 7.193277116512999
2502 6.978646591766123
2503 7.149579550265979
2504 7.100051502890028
2505 7.057444443405866
2506 7.137563219323517
2507 7.067670215118713
2508 7.345952704609717
2509 7.153688637360837
2510 7.1178654160688835
2511 7.308769518815319
2512 6.998962551023232
2513 6.884649937689124
2514 7.163966268315415
2515 7.080415512222841
2516 7.152263860667538
2517 7.094125888293436
2518 7.383802816838446
2519 7.2626309685694
2520 7.058279001042875
2521 7.01310575925198
2522 7.189553765261767
2523 7.072000662322728
2524 7.0227043702061644
2525 7.057410282827879
2526 7.224952140930911
2527 7.238615231658885
2528 6.988184698484053
2529 7.174215045891522
2530 7.1990431621310575
2531 7.1635098490552265
2532 7.113137015438895
2533 7.318626191178032
2534 7.001742474326638
2535 7.183462948255545
2536 7.2767043552927015
2537 7.2656008137913775
2538 7.042649462478687
2539 6.8603228363769215
2540 7.074492024231152
2541 7.15866127624759
2542 7.231200613401166
2543 7.21466390499894
2544 7.234987638754507
2545 7.0516247247819
2546 7.1599995047595995
2547 7.370088671669755
2548 7.100996857647003
2549 7.3151841213145055
2550 7.3054221318683075
2551 7.224280280895702
2552 7.162946973727622
2553 6.96317006670352
2554 7.1943378223526695
2555 7.191052543148729
2556 7.156211215853123
2557 6.973217271858068
2558 7.133887728048091
2559 6.954871035152764
2560 7.23622972870317
2561 7.315404104507333
2562 7.222682575308258
2563 6.968355877136661
2564 7.194215017755027
2565 6.9755323869212695
2566 7.1659961686202855
2567 7.0276479355319745
2568 7.1011772058235385
2569 6.864244104465537
2570 7.239072186563502
2571 7.071288016575668
2572 6.861338267985836
2573 6.919369889720304
2574 7.253596524246625
2575 7.314160604064986
2576 7.112079342401587
2577 7.2059058499754105
2578 7.148633163554859
2579 6.993416539829754
2580 7.168674407446011
2581 6.98967252006036
2582 7.283727998976684
2583 7.3099211909977955
2584 7.422254092928095
2585 7.0943800025424535
2586 7.289446936349188
2587 6.936983264224113
2588 7.334442769963508
2589 7.13140296402308
2590 7.074506116804892
2591 7.264695253028282
2592 6.973876107078135
2593 7.0539477025974335
2594 7.277798301612194
2595 7.17704246234132
2596 7.060663305919554
2597 7.149379435329915
2598 7.2495441295755825
2599 7.324095136351579
2600 7.173346676756969
2601 7.168469538077978
2602 7.174892177877684
2603 7.159172553868274
2604 7.364065318006057
2605 7.543823478123051
2606 7.351851485800934
2607 7.298905606535374
2608 6.902071252397311
2609 6.985333773854479
2610 6.991588398048076
2611 7.263691316940064
2612 7.201634209745781
2613 7.428881893074862
2614 7.207301870611639
2615 7.3277263787518105
2616 7.139293615379574
2617 7.15475115134467
2618 7.1860927144943485
2619 7.063213253267532
2620 7.093013907195207
2621 7.12026763761919
2622 7.102594066821885
2623 7.479418917485598
2624 6.969404939119258
2625 7.3353999711545335
2626 7.011227231933802
2627 7.095060260280123
2628 7.1668991131985
2629 7.168626778526868
2630 7.243228272960511
2631 7.333997937371848
2632 7.152312433324466
2633 7.318889915283563
2634 6.997905606662678
2635 7.029308397076819
2636 7.286231947402906
2637 7.277594869365488
2638 6.979843032988908
2639 7.27418667576718
2640 7.11109802254831
2641 7.225577937711966
2642 7.346258346115636
2643 7.105050074212052
2644 7.181022123288662
2645 7.329448576450881
2646 7.1215518818431205
2647 6.846424663570974
2648 7.104896576106081
2649 7.0166678877823605
2650 7.194125706495616
2651 7.276418640295789
2652 7.04783872251084
2653 7.166194159527561
2654 6.772856187392883
2655 7.081052461947725
2656 7.225248778017459
2657 7.170732498862982
2658 7.087105344665388
2659 7.228570508455405
2660 7.058086617762419
2661 7.154546569433479
2662 7.320714204736868
2663 7.185915275573537
2664 7.430997754319571
2665 7.4232056442696805
2666 7.21708984169578
2667 7.270841694620382
2668 7.152843869800864
2669 7.212020366132142
2670 7.209464103869797
2671 7.221055527945481
2672 7.037078178225753
2673 7.264674338319989
2674 7.052347899063269
2675 7.186971921096096
2676 7.270746747157536
2677 7.314156122752606
2678 7.292554034458729
2679 7.33165946775362
2680 7.258591993130642
2681 7.10228720145453
2682 7.206761244015767
2683 7.186847123101631
2684 7.197179240954115
2685 7.269729603827384
2686 7.155336561629425
2687 7.318444988975769
2688 7.134491441545664
2689 7.027091438471404
2690 7.324470075622703
2691 7.279551329725819
2692 7.156517339550981
2693 7.052230553411265
2694 7.1692883522717485
2695 7.095296069063529
2696 7.254962688524858
2697 7.11958900214912
2698 7.12588468857122
2699 7.196158841863227
2700 7.152678011680035
2701 7.175339328968988
2702 7.211756496237749
2703 7.252043933739647
2704 6.934117709473132
2705 6.904666482851758
2706 7.23654427912902
2707 7.142612393108987
2708 7.059374622006974
2709 7.130408546749434
2710 7.3151501437141615
2711 7.184276494553156
2712 7.068258462455578
2713 7.168243695831456
2714 7.192073174519975
2715 6.915176411832881
2716 7.204197664493439
2717 7.177563589684289
2718 7.293615369138002
2719 7.657287706068427
2720 7.219591732312121
2721 7.1338062622215785
2722 7.357354494138213
2723 7.4047570635473745
2724 7.334838421180225
2725 7.068851762817836
2726 7.110459225174199
2727 7.483734796894908
2728 7.156245859356174
2729 7.30919845443522
2730 7.441725299723464
2731 7.368300611664199
2732 7.200981043557752
2733 7.040379775066614
2734 6.98102565069315
2735 7.609467688741253
2736 7.118481174920974
2737 7.324735751486007
2738 7.313515169349409
2739 7.212812628770491
2740 7.184077574509925
2741 7.41689814013981
2742 7.179391333820732
2743 7.336870576072738
2744 7.253895360154457
2745 7.206416517045799
2746 7.119949862505967
2747 6.998613589556525
2748 7.119760795784032
2749 7.085652166092844
2750 7.374157965419052
2751 7.276279574287931
2752 7.138224791691713
2753 7.418560826287692
2754 7.101640462480096
2755 7.0609866392753355
2756 7.449299608966506
2757 7.338373139665233
2758 7.287987801245965
2759 7.373318887868688
2760 7.115417649259591
2761 7.202147005190646
2762 7.021630428366032
2763 7.310186535756398
2764 7.0550893398193075
2765 7.118929293459733
2766 7.227882368675632
2767 7.169118764027182
2768 7.246198809012345
2769 7.141119498143753
2770 7.1539079042825655
2771 7.007783027742642
2772 7.367810761765464
2773 7.1149181341676195
2774 7.206012514346189
2775 7.244837655148329
2776 7.129822402035569
2777 7.089444625170953
2778 6.9564868061378915
2779 7.443412046618145
2780 7.356195075862436
2781 7.937253998743874
2782 7.340420938478683
2783 7.1493209345011275
2784 7.519453565927471
2785 7.571517844514475
2786 7.503618187589251
2787 7.829614712385792
2788 7.30178898927292
2789 7.104158798364108
2790 7.019202416060711
2791 7.2414858943435325
2792 7.452193761758562
2793 7.4392904726678015
2794 7.364067964534684
2795 7.1704508604035055
2796 7.553811748028604
2797 8.084537009331703
2798 7.124762419038992
2799 7.38680716981799
2800 7.25562952764741
2801 7.2458307529971355
2802 7.1586356651162655
2803 7.423487112160444
2804 7.223612176142321
2805 7.157711243343124
2806 7.514649770202531
2807 7.186904991662516
2808 7.344485672716174
2809 7.055012762246466
2810 7.1211330449172925
2811 7.326958359996508
2812 7.1315166572781905
2813 7.121756159623383
2814 7.0634690102053606
2815 7.605095796423169
2816 7.470318007553769
2817 7.201880086898672
2818 7.0570783071949625
2819 7.372293000263315
2820 7.369125192705958
2821 7.385945256133251
2822 7.3142774527293914
2823 7.1029986475201845
2824 7.215194499283663
2825 7.146194289143765
2826 7.047837166604879
2827 7.550707678906858
2828 7.07114139847887
2829 7.288030490472996
2830 7.107128885882203
2831 7.210728901641788
2832 7.18894436858822
2833 7.402765882386525
2834 7.135441783890408
2835 7.117828731099757
2836 7.046087122301904
2837 7.428735377220694
2838 7.137684130272723
2839 7.186164440356648
2840 7.175970920238607
2841 7.3299648967985584
2842 7.346043726961383
2843 7.17653934632997
2844 7.230218139898503
2845 7.071968461188842
2846 7.409924147860035
2847 7.213547260933667
2848 7.112050802167505
2849 7.027495425033477
2850 7.149695314368857
2851 6.952259170795077
2852 7.064457529905481
2853 7.2595748318034365
2854 7.088760000116862
2855 7.31692697337742
2856 7.496616239162215
2857 7.203904448124282
2858 7.557228825866806
2859 7.630270147094847
2860 7.633634436855919
2861 6.833750113379639
2862 7.356797227710946
2863 7.181358425040928
2864 7.338354128033033
2865 7.064361222624
2866 7.568641432295953
2867 7.0324497469149865
2868 7.192479531715487
2869 7.202764841768001
2870 7.218029054250904
2871 7.313443216562348
2872 7.341961068255955
2873 7.229850272999225
2874 7.138638066491347
2875 6.97280080922846
2876 7.366196598817819
2877 7.10345388698105
2878 7.222806977341612
2879 7.192651324699118
2880 7.225268551586506
2881 7.1841217470804875
2882 7.0600675036154055
2883 7.2575121781629575
2884 7.193064048282124
2885 7.001379152991223
2886 7.279413708034665
2887 7.314002943804129
2888 7.126519893916253
2889 7.410710180989363
2890 7.49146854520075
2891 7.130622867346544
2892 7.097176412446207
2893 6.985795767862614
2894 7.148623974244398
2895 7.261208193260342
2896 7.007616719926526
2897 7.339142720406809
2898 7.109437337458913
2899 7.159434132081015
2900 7.089877533756738
2901 7.2545192200041475
2902 7.1206096485636365
2903 7.2595827839897416
2904 7.275809662987786
2905 7.2493093112814915
2906 7.044430086158627
2907 7.067182059925361
2908 7.469433080466496
2909 7.061219716880084
2910 7.1036478605288
2911 7.175120558050916
2912 7.100047397445687
2913 7.239158061620363
2914 7.0549644209862965
2915 7.033331606002402
2916 7.134866672830762
2917 7.284355024204384
2918 7.107043707489606
2919 7.063665537892628
2920 7.192292959401378
2921 7.1116841526509855
2922 6.901755958142106
2923 6.955818249510611
2924 7.1354272388757884
2925 7.12706970065873
2926 7.251922822993229
2927 7.249025343182465
2928 7.219012899641663
2929 7.176381112159402
2930 7.093327328482423
2931 7.285326812185519
2932 7.200879246230462
2933 6.938305955900716
2934 6.850062666743817
2935 7.212102084889789
2936 7.111217713355158
2937 7.0126636456299645
2938 7.306149174940155
2939 7.311856538984167
2940 6.978959508349278
2941 7.267261152545795
2942 7.092327712581007
2943 7.137794343429849
2944 7.271858827874122
2945 7.156055877157677
2946 7.315784845173458
2947 7.0265332314093785
2948 7.2828519067639474
2949 7.122548736941998
2950 7.181612380449056
2951 7.255389027570684
2952 8.190671107081208
2953 7.256701085024757
2954 7.407076546640888
2955 7.34424799837838
2956 7.119508893658989
2957 7.201392857058515
2958 7.190644001852392
2959 7.3080687174888235
2960 7.191485696355144
2961 7.472725476662545
2962 7.1856683607728185
2963 7.2423231363243925
2964 7.157244838818108
2965 7.205681702463912
2966 7.21188053734384
2967 7.43723997073738
2968 7.217848254364034
2969 7.3409342874901835
2970 7.141748431237651
2971 7.341633365180731
2972 7.172456326844389
2973 7.295916235418689
2974 7.176350293583352
2975 7.330579983613685
2976 7.2663185207931145
2977 7.167564373693171
2978 7.170095323776897
2979 7.435961686357958
2980 7.258173964150173
2981 7.252194786468792
2982 7.2794846208105985
2983 7.072363359488766
2984 7.178391302194655
2985 7.37857569029783
2986 7.618849156009722
2987 6.960173197536963
2988 7.143474896088427
2989 7.178039030795706
2990 7.3078769690608745
2991 7.156428233199034
2992 7.251148044540015
2993 7.16779437711825
2994 7.17413764095938
2995 7.231077761656276
2996 7.357793189552474
2997 7.419964961251052
2998 7.149434018975736
2999 7.29064183661513
3000 7.4481101332084085
3001 7.240559580478736
3002 7.447387517676452
3003 7.456531531164009
3004 7.192451823053849
3005 7.239912353837487
3006 7.298512138388841
3007 7.153099675706894
3008 7.308425020104092
3009 7.295873899845645
3010 7.410568164346714
3011 7.224956447884401
3012 7.195889598755299
3013 7.184266741661643
3014 7.416689466184925
3015 7.165041804626045
3016 7.2685759664962095
3017 7.257057057138679
3018 7.1558984212814405
3019 7.413242722610344
3020 7.460643879690688
3021 7.411240799853366
3022 7.111911563353328
3023 7.347843760144593
3024 7.183932911273171
3025 7.176169886191977
3026 7.168502866036594
3027 7.274484842974276
3028 7.441956740041177
3029 7.201942117255635
3030 7.26372961079007
3031 7.450017317910622
3032 7.043895979385693
3033 7.146146488324156
3034 7.151158535276909
3035 7.260290957253138
3036 7.119442709541891
3037 7.174358241977297
3038 7.383263797989222
3039 7.36485623857794
3040 7.3895008366165476
3041 7.348003042267202
3042 7.2925201698963065
3043 7.299966412553874
3044 7.066758442913041
3045 7.195638498350765
3046 7.275102528260772
3047 7.398101786429172
3048 7.421813736211794
3049 7.257119363316484
3050 7.360447986966705
3051 7.402162572769296
3052 7.43975621777587
3053 7.227897045981625
3054 7.125732085840201
3055 7.2617959660849545
3056 7.187581836250803
3057 7.343688289257467
3058 7.360396713649257
3059 7.2114959321504575
3060 6.986721125052121
3061 7.276809618288489
3062 7.271375143806282
3063 7.060975746434175
3064 7.1097905907973145
3065 7.159088487355564
3066 7.163526206956583
3067 7.315140678895759
3068 7.088674530302353
3069 7.415226603250691
3070 7.156553656967084
3071 7.12120169553666
3072 7.157676142881784
3073 7.200135225529811
3074 7.2756493925484635
3075 7.300461419283334
3076 7.313112877861455
3077 7.222893550196133
3078 7.060043502630037
3079 7.234685800233375
3080 7.192210399759861
3081 7.369701617978273
3082 7.172382036451464
3083 7.315713265831996
3084 6.9651591145342175
3085 7.127516805569888
3086 7.262135620145804
3087 7.100723182241728
3088 7.347091793022234
3089 7.538798593633634
3090 7.503443033083213
3091 7.9653885837484575
3092 7.647281551166466
3093 7.476879154412509
3094 7.473728079164155
3095 7.2391889958903155
3096 7.323074397437444
3097 7.394199132868324
3098 7.298431996018837
3099 7.246410574631321
3100 7.294289445488699
3101 7.18178230325616
3102 7.30202896760448
3103 7.153544371970777
3104 7.12035887989485
3105 7.341145701092271
3106 7.338687834423929
3107 7.1985965267569725
3108 7.175836947715985
3109 7.147904954782981
3110 7.343836557305561
3111 7.033914982287215
3112 7.296862376430356
3113 7.408474183588881
3114 7.434367938698142
3115 7.216562587098595
3116 7.267023584797474
3117 7.002515496378955
3118 7.095865749687597
3119 7.314456207802222
3120 7.331205769951951
3121 7.2996731601505385
3122 7.125685391963396
3123 7.405955662462525
3124 7.296265490145576
3125 7.287890520368502
3126 7.157737477100192
3127 7.196121713048447
3128 7.545423734294374
3129 7.270560896481571
3130 7.5722031481415835
3131 7.565999098104572
3132 7.7191670156039764
3133 7.845252431361958
3134 7.644153618038375
3135 7.45429001252584
3136 7.379921951755493
3137 7.528058303904087
3138 7.350909117071124
3139 7.410570568933341
3140 7.381992533899476
3141 7.4363334072099
3142 7.416457408410474
3143 7.312322713204209
3144 7.356708662347879
3145 7.3447285265094
3146 7.456779240490329
3147 7.54696282403246
3148 7.375803928493351
3149 7.382962892236087
3150 7.541185759546185
3151 7.341386673612171
3152 7.422053073449693
3153 7.439034367594904
3154 7.283071659711725
3155 7.311812504738205
3156 7.485751491619591
3157 7.498487833348566
3158 7.362081689061591
3159 7.3694075763983875
3160 7.183316765128089
3161 7.361533928993275
3162 7.420917712133408
3163 7.616131204881215
3164 7.600851705488305
3165 7.561972297065804
3166 7.404570602294824
3167 7.659182538578549
3168 7.398058578535177
3169 7.457952812485675
3170 7.258260100410606
3171 7.413728674304689
3172 7.269504745090234
3173 7.060982159804207
3174 7.294307746246206
3175 7.095008450179159
3176 7.129554327434756
3177 7.326828412727607
3178 7.327549013139278
3179 7.730574509726363
3180 7.287548775403399
3181 7.365392338683917
3182 7.472248947616431
3183 7.194052089195684
3184 7.288753702582516
3185 7.365748828179885
3186 7.599789541230202
3187 7.206914885812321
3188 7.21180038140427
3189 7.222771486808852
3190 7.497252971053528
3191 7.296568953939692
3192 7.300495851227367
3193 7.5673436744634
3194 7.23693258203802
3195 7.320483321836438
3196 7.262322441270385
3197 7.206136166970428
3198 7.457413725120962
3199 7.48775133259113
3200 7.37949852504755
3201 7.322188089102059
3202 7.303069897638049
3203 7.379216068453968
3204 7.276922781725258
3205 7.360064512910453
3206 7.39328688668287
3207 7.258828170567881
3208 7.21915193626527
3209 7.139627336404775
3210 7.049100500502203
3211 7.161670684849567
3212 7.258529113178501
3213 7.614751808339844
3214 7.439388215100777
3215 7.257766533488674
3216 7.5696326421505615
3217 7.439017559752059
3218 7.465823766550601
3219 7.621956259603441
3220 7.362535582773095
3221 7.369677657847309
3222 7.464111282758171
3223 7.40923871118009
3224 7.306048152601431
3225 7.505348542757942
3226 7.79552786407087
3227 7.479685555379155
3228 7.5427187176558945
3229 7.7219828360166325
3230 7.188938409352931
3231 7.241741734925809
3232 7.096063857305688
3233 7.212124047091713
3234 7.3246474155230565
3235 7.237762706020967
3236 7.1053775252429885
3237 7.137435333714699
3238 7.260004300289534
3239 7.550710233006129
