0 16.183109095177258
1 16.804852531256323
2 16.065736919136874
3 16.754572248721036
4 16.952236964991556
5 16.926974561772987
6 16.821233911640363
7 17.01497110342657
8 16.58022743313932
9 16.323062865468636
10 16.597202925893175
11 16.879492389105476
12 16.88756566749331
13 17.30928717565325
14 17.248016704828377
15 16.333009408313274
16 17.419731127735265
17 17.003203748257807
18 17.848241706893024
19 16.71507613430564
20 16.653279499506553
21 16.741895870147022
22 16.671900005651967
23 17.108979520996108
24 16.460133842814642
25 16.29775029497119
26 16.301014366227736
27 15.741708037299611
28 16.591632910403817
29 16.343128854497383
30 16.00232313187828
31 16.59589144942579
32 17.02215777140377
33 16.20917176465367
34 16.055507725624324
35 15.891652359144096
36 15.714541855883809
37 14.768771243864318
38 15.109165493206525
39 16.37977299043447
40 15.561837388745333
41 15.239453813457333
42 15.64046519235885
43 16.240378902944407
44 15.886080738069605
45 16.029876429144515
46 17.200099445022953
47 16.472915256956664
48 16.242875087452592
49 16.678702273961548
50 16.637928735831597
51 16.409733939182598
52 16.323149962460604
53 16.392321537734272
54 16.90300754484612
55 16.507137702828917
56 16.61946316731493
57 16.272618237537316
58 16.869942249386686
59 15.151239321777284
60 16.146601593028286
61 15.651912795717033
62 16.174731284447542
63 16.324170567694974
64 16.341152854810904
65 16.050787428592905
66 16.054219538763682
67 16.443510992065264
68 15.87450971619742
69 16.223060144841583
70 16.142098771581495
71 15.806375109859477
72 16.914770666579017
73 15.340790668766326
74 16.218663969148924
75 16.021469732174076
76 15.932945977104582
77 16.49058688691204
78 16.484231557895402
79 16.6274967964306
80 16.47227933586726
81 16.93970764612152
82 17.32920815964141
83 15.980331625084641
84 16.880276574703473
85 16.17982034547657
86 16.822287634576043
87 16.503708938129584
88 16.583060193591983
89 16.375907151458456
90 16.002888190507093
91 16.13185833786071
92 15.115937820341586
93 15.570447994922361
94 16.6365311323399
95 15.200683279710454
96 15.722941053192352
97 15.306965735214701
98 15.693205783514752
99 15.660548118474717
100 16.274119957745548
101 16.63550635111094
102 16.213289378175958
103 15.761634791213998
104 16.176131825303063
105 15.797900510000886
106 15.445965039820447
107 15.03238736278048
108 15.435121971052498
109 15.369581450593406
110 15.748697300948729
111 15.26643285184274
112 15.326547915946232
113 15.653936622119135
114 16.202704386592064
115 16.401643105203412
116 15.929826938126043
117 16.351324109674497
118 16.07683990378676
119 15.96774676673359
120 15.64132216889855
121 15.402946015673962
122 15.75961035955301
123 15.516636017916166
124 15.234074907983297
125 15.847448344319423
126 16.262643802614157
127 16.04224245090674
128 15.293341541657872
129 15.096821340754072
130 15.427174869496877
131 15.461868672561616
132 15.677223191167506
133 16.085250797982404
134 16.082503694565347
135 15.16462940048812
136 15.983958663293562
137 15.741297081262905
138 16.16657497546578
139 16.518333352856782
140 16.159410723557787
141 16.064613125873
142 15.364007141162887
143 15.223414035339507
144 15.898639175243419
145 15.930011321271442
146 16.89191320327713
147 15.89689455466018
148 16.468432413816664
149 16.257793111281224
150 16.467579078101416
151 16.173310968855837
152 15.09939098203835
153 16.520856228152937
154 16.880981325020095
155 16.734986736287844
156 16.128284920587497
157 16.59632231703645
158 16.404437073132083
159 16.104688769203328
160 16.935605432228073
161 16.57782667148313
162 16.99553630236196
163 16.774614412017506
164 16.83436149107596
165 16.50288721439771
166 16.647519866398646
167 16.9497750483288
168 15.764539159772944
169 15.538016707662061
170 15.964312807936548
171 16.597274623040587
172 15.446899202074842
173 15.997681044108566
174 16.3568100410374
175 16.75461742951944
176 16.355082216901298
177 16.979600075429833
178 15.751731846965281
179 16.078789665570127
180 17.049198358054547
181 16.674382360169158
182 16.058852042897467
183 16.529769526129492
184 16.357186520415347
185 16.349619234002752
186 16.140431300727016
187 16.261817454596244
188 16.735259852320652
189 16.846551974629893
190 16.532874251383692
191 17.076117208249435
192 16.754150489487962
193 17.007141551718572
194 16.772673767455043
195 17.18904467721014
196 16.20574963647974
197 16.196555507216953
198 15.633298394222004
199 16.391758762631735
200 17.033123147089412
201 17.020232443771285
202 16.08921602337765
203 16.605830343873077
204 16.821044465191274
205 17.018027316773686
206 16.064192565935734
207 15.397409542320235
208 15.567599917470275
209 16.55699012074367
210 15.975003755354178
211 16.0309970380977
212 15.856973850694448
213 16.504244064397447
214 15.89362792257637
215 16.23899864547258
216 15.867860957036788
217 16.474371177873316
218 16.65636245477384
219 15.84957075427672
220 16.05576257070332
221 15.936070797425527
222 15.996520641998327
223 15.379225671854842
224 15.697720682873518
225 15.773007476125553
226 16.280603671736525
227 15.671993250737
228 16.183603931279475
229 15.879494739437444
230 15.728394911463253
231 15.923024226931108
232 15.964401431843907
233 15.742813231367037
234 15.284966978909821
235 17.00734667733443
236 16.360386575049027
237 16.71606647370541
238 16.937569941463767
239 16.415105531121892
240 16.467591156527245
241 16.41783454725319
242 16.573673621545797
243 16.577325884185722
244 15.932346987952414
245 16.144596879227905
246 16.31210763681684
247 16.35225076063161
248 16.460085833326634
249 16.431246763021775
250 16.09322429958508
251 15.990016630534866
252 16.27693338332651
253 15.77622780514065
254 15.654325036954742
255 15.903766723766655
256 16.11753349178201
257 15.726651548792038
258 15.791645542705766
259 16.369589740674005
260 15.651358374983058
261 16.00345680756872
262 15.03452591042922
263 15.759504257022693
264 15.448355970569772
265 15.745955782518132
266 16.192336681248335
267 16.026979898107054
268 16.045438195206053
269 17.154397226069495
270 15.57687087289921
271 16.778904740742373
272 16.64065532541627
273 16.213650855995983
274 16.32797915006856
275 16.6767792023942
276 16.53930142388054
277 16.403279014323886
278 16.421979916257996
279 16.52187237588092
280 17.4744677623849
281 17.10719027358346
282 16.875112526069355
283 16.79988247345816
284 17.86165572598557
285 18.473003273453962
286 18.326716732087107
287 18.593958160642025
288 18.643723350108466
289 18.24819175301037
290 18.5759922635798
291 18.629735286998535
292 18.565808545299078
293 19.364777169490868
294 17.838087208700347
295 17.964367197014
296 18.52728147629363
297 17.878330798352668
298 18.134605031967947
299 18.693763028024353
300 17.67068212038534
301 17.170412045307156
302 17.216244297609492
303 16.705290803266667
304 16.99302981694793
305 16.835230877788007
306 17.650893319445455
307 16.931367946132912
308 18.226577546134347
309 18.689672581149036
310 18.805363705552672
311 18.019022982873366
312 18.21127337796842
313 17.451919142648713
314 18.014082290156818
315 18.17060588384397
316 18.280775187463828
317 18.28727702233293
318 17.956810559098518
319 17.960089683392443
320 17.825790663335948
321 16.933380595404184
322 16.13090616750669
323 17.217421406586514
324 17.912796074095446
325 17.281255364536033
326 17.243660534106112
327 16.947897262754836
328 17.457220537699538
329 17.75196245324734
330 18.412410888202842
331 18.822078242860464
332 19.18856584933358
333 18.718344460099438
334 18.50851848071482
335 18.366494906717037
336 18.33651156111486
337 17.139202110145874
338 18.06321137151355
339 18.592141246844974
340 18.590983700880347
341 18.54044446305827
342 18.02399260955353
343 17.15488946235254
344 17.759569469584974
345 17.85470298921849
346 16.722282454415637
347 16.304369837011574
348 15.873180695862995
349 16.22137390933272
350 16.702031375181136
351 16.752305051459416
352 16.44800795596906
353 16.333403183382142
354 16.36499490085202
355 16.43815309690106
356 17.158704441448606
357 16.235202347974674
358 16.55099606871938
359 16.908156900982288
360 16.18125960294183
361 16.517340832409438
362 16.666625951350046
363 16.600974598176705
364 15.380171380789818
365 16.41318973626195
366 15.822262878031149
367 15.54531285683728
368 15.81006166010338
369 16.55085619679504
370 15.946840384026315
371 16.442248159990765
372 16.93148033750673
373 16.731305235964744
374 17.31276453865774
375 16.990800150392218
376 16.633067103974064
377 16.501507305906955
378 16.359497341897995
379 16.793195545624037
380 17.165728151807798
381 16.033758259025095
382 15.991391764448451
383 16.77001058377056
384 16.981916661823632
385 17.540948242997892
386 16.708529681276527
387 16.923215892601537
388 16.826450276043502
389 16.73884158775655
390 15.371662189332026
391 15.599890798346534
392 15.895878070266075
393 15.804512081653344
394 15.550924017109084
395 16.343048424432958
396 15.142314114943005
397 16.73110340299143
398 16.220042424716056
399 16.232433357489494
400 16.690766303761922
401 16.558572822100434
402 16.58193806722495
403 16.632605245814478
404 17.07270782875562
405 17.02654406400265
406 17.210242605123053
407 16.498214882033814
408 16.669278063753097
409 16.154113631174624
410 17.133538779483274
411 16.72407729452924
412 16.84863539367578
413 16.21276652930301
414 16.510102470258126
415 16.00295507663543
416 15.5895326508887
417 16.003950294698793
418 16.556040999006218
419 15.909354115123364
420 16.37324702520851
421 16.91651624101429
422 17.331154979910266
423 16.519994138153017
424 16.66522930587442
425 16.700457330349288
426 17.00903925793079
427 17.016506206483097
428 16.590037452277436
429 16.239832465959935
430 16.38783663176571
431 16.517879019280876
432 17.013387691214508
433 16.182382837559807
434 15.862357346533209
435 16.312848896213016
436 16.73229823160733
437 17.737857744547657
438 17.699788730533008
439 18.036480522393383
440 17.090957795233617
441 17.174894633826707
442 17.435928406104694
443 17.628505918029017
444 17.883974831647347
445 17.36357169764202
446 17.492204718113396
447 17.51918576474659
448 17.380224654815002
449 15.966948319264848
450 16.688845586377578
451 15.984024176343812
452 15.663275519389858
453 16.288382289859726
454 16.41308777787853
455 15.552938315824829
456 16.226129134844474
457 17.12055630233887
458 16.77595113225584
459 15.915709487460292
460 15.90397097537553
461 15.472736848610932
462 15.865643602424424
463 15.94751333292007
464 16.058941904047526
465 15.800572406680633
466 15.712710991870225
467 16.974964248924664
468 15.802907188825605
469 16.150592666394296
470 15.91343613812637
471 15.578949340429345
472 15.76088188156216
473 16.068878098879622
474 15.998779404193586
475 16.1933117113284
476 16.822408635747458
477 14.937695204784465
478 16.393185299851286
479 16.07154765165987
480 16.285730002750054
481 16.727037729867575
482 16.08855255130508
483 16.553925406497285
484 16.86899059133672
485 17.213285305542016
486 16.567452184563603
487 17.006941924081005
488 16.85127096446485
489 17.041344108525745
490 16.847818855904855
491 16.98209049210991
492 16.98219235851534
493 16.899345655209085
494 16.58951488900179
495 16.889092934930808
496 17.18832587311682
497 17.62966252378075
498 16.03317425706144
499 16.49934603451796
500 16.35553737377228
501 17.08064056930691
502 16.66960199127616
503 16.408847409576264
504 16.3392545833202
505 16.641906853745972
506 17.35891930980222
507 16.344105194229453
508 16.765268657375593
509 16.889923738206402
510 16.855005603897315
511 16.666480673649428
512 17.537225356582912
513 16.395013120218106
514 16.628696258264053
515 16.47629838431571
516 17.00811502514178
517 16.183782497643598
518 17.069601026473165
519 17.361019512862583
520 17.239758263757484
521 17.161272862167582
522 17.00424905523676
523 16.372831351204077
524 16.566345437603736
525 16.84769128232762
526 16.52114485660196
527 16.641220213180503
528 16.439408370769982
529 15.252517693175202
530 15.856279918310575
531 16.294797517004753
532 16.078357680630127
533 16.592168611935236
534 17.333331013706037
535 16.507000391525647
536 17.097350628986398
537 17.201657106096075
538 16.574948816121328
539 16.7799774283319
540 16.328918657660715
541 16.745799742942825
542 16.58819630462878
543 16.97867540148535
544 17.214548196932604
545 17.667081338323783
546 17.307674585948284
547 17.128598615468942
548 17.600179310861233
549 17.13155656505299
550 16.77323844782294
551 17.486023723113995
552 16.916440985812127
553 17.717776842202696
554 16.680511312924605
555 16.51438667933728
556 16.906862398049114
557 16.709824594462646
558 17.136199059987945
559 17.183720248955794
560 17.343052309942525
561 17.865218204495047
562 17.331284426822442
563 16.93977984434283
564 17.07894033741819
565 16.54226107160729
566 16.62184559082162
567 17.6942551337483
568 16.811230996451513
569 16.996244796352155
570 16.818276055171975
571 16.636460044676458
572 16.725678309636393
573 16.659976854367233
574 16.40870329116621
575 16.2638161092311
576 16.6695306364564
577 16.92404003557008
578 16.93160955574275
579 16.9358280749396
580 17.187444015267296
581 17.187800090098133
582 17.041210932497094
583 16.880248306548587
584 17.189223979932773
585 16.605136530604845
586 16.21233674214106
587 17.153632073397198
588 16.965776186832684
589 16.396354311827587
590 16.27243632506921
591 16.59862221578631
592 17.159559826958862
593 16.193499497228864
594 17.050054892348726
595 17.187453789364824
596 16.24569190257692
597 16.948383904260464
598 17.231465630373556
599 17.284475540164326
600 17.654303594760634
601 17.264650981463266
602 17.28350218488618
603 17.5211999795214
604 17.16184546204112
605 17.185497483312396
606 16.828562528107824
607 16.680181622009645
608 16.425942052237943
609 17.21684679289162
610 17.03148669058917
611 16.240122847284688
612 17.323743197540555
613 17.780585593341698
614 17.30093725679706
615 17.15105172006779
616 17.37614605797661
617 17.474633754419326
618 16.884213656802544
619 17.695800205814294
620 17.142879636903942
621 17.061140309485598
622 17.38452300267293
623 17.477382991035682
624 16.95968765499832
625 17.83402585939145
626 17.001576176512323
627 17.203322753791166
628 17.503535664513276
629 17.514621780225507
630 17.35482766192026
631 17.806125324619973
632 17.078132824755038
633 17.07570190043906
634 17.749539008253688
635 17.814027046330363
636 17.69746492425005
637 16.81204310834115
638 17.361707695405762
639 17.54944703411875
640 17.793315360874402
641 16.952589656462305
642 17.50410955279568
643 17.49323623648443
644 17.29875281069364
645 17.065529466137566
646 17.969909265101055
647 18.032431179456573
648 16.3243489532596
649 16.892573046389906
650 17.397698701593264
651 17.447280488023807
652 16.501707205664474
653 17.355836734249504
654 17.088409679853264
655 17.257948920401017
656 17.54565309074988
657 16.743615489437857
658 16.81681786623984
659 17.614510550607456
660 17.63627071381845
661 16.830902007679683
662 17.359921283492188
663 17.09070066172127
664 17.06351471198002
665 17.328598387878444
666 17.69083700772029
667 17.186535443249046
668 16.948526863414756
669 17.159306243865064
670 17.094558641002987
671 17.05816403508801
672 16.893943059381897
673 16.646093181444368
674 17.127748120274237
675 17.242651165391
676 17.261632994546492
677 17.738446391104613
678 17.197913395732883
679 16.682427025979134
680 17.499662775145403
681 17.323969654082585
682 17.16278947762185
683 17.45611656608245
684 17.589986362402435
685 16.858652010667694
686 17.233992823429748
687 16.549251756288168
688 16.042846859744568
689 16.43816062999887
690 17.370875036188252
691 17.22233006852512
692 17.743672653196555
693 16.987537148184867
694 16.720163864932818
695 17.73897954201966
696 17.550720385148583
697 17.875491648479766
698 17.437177423882893
699 17.480797084293993
700 17.155014467051767
701 17.56267954101806
702 16.52798935834472
703 17.533906610234066
704 16.930816005423903
705 17.623037224532
706 17.2466043473105
707 16.84092452594668
708 16.89874329783116
709 16.796690113325692
710 16.927459655578964
711 17.436949365537153
712 16.59707779553686
713 17.580760453370946
714 17.587329996967238
715 16.667083725963696
716 16.29911591146112
717 16.484600393740457
718 17.346360258760367
719 17.178906547601127
720 17.258500802908543
721 17.847826894944244
722 16.985724215745226
723 17.702673024381962
724 16.445792439010134
725 17.542163694436763
726 17.25132119631664
727 16.50563437985266
728 16.971061318380546
729 16.773650213088317
730 16.795361728064485
731 16.87462504614246
732 16.102072965732386
733 17.724137715087704
734 17.655476896839712
735 18.19260755447738
736 17.745724324017136
737 17.481198694140403
738 17.70915172350838
739 17.80431020785617
740 17.296811252287245
741 16.97665279596257
742 17.635859105271205
743 17.462619631403076
744 17.795545970367225
745 17.59936557051303
746 17.79981638531605
747 17.565797877842517
748 17.158141270103616
749 17.515342095778678
750 17.274705219065424
751 18.182763346161416
752 17.355846113617822
753 17.969209843734543
754 16.976422130022
755 17.73584630070459
756 16.87345190724583
757 17.24753844282292
758 17.27566728717864
759 17.403081244658654
760 17.660994037304032
761 17.163349573961753
762 17.54399595026674
763 17.57143216175172
764 16.949800863388216
765 18.01561097578058
766 16.993909859894554
767 16.84036422212695
768 16.78787666443281
769 17.582657509946753
770 17.542034940802775
771 17.299417096922998
772 17.562367102076706
773 17.875936970352626
774 17.450793860327103
775 17.598292894891895
776 18.124545546717737
777 18.278955837023155
778 17.442105081814162
779 17.554366178411616
780 17.157015268670083
781 17.617411622248824
782 17.469066812492656
783 17.866523648829457
784 17.98355496945268
785 16.73705764116193
786 17.12788598098642
787 18.13477343606106
788 18.35653324197731
789 17.928839877880392
790 17.393951157971166
791 17.71829437227195
792 17.347614104849335
793 17.080039698018222
794 17.451256231385347
795 17.473135194988906
796 17.4208788372503
797 17.00155239927785
798 16.940746256836388
799 16.902694273526315
800 17.453040969912315
801 18.033230089089393
802 17.16682053125202
803 16.500029696506356
804 17.630579419013376
805 17.617451862722966
806 17.350224395562012
807 17.566967672887372
808 17.93905962708043
809 17.878346996678655
810 17.156465742994357
811 17.562798436495207
812 17.879538064457474
813 16.86968245953877
814 17.25237560561233
815 17.275267780708838
816 17.878209719925053
817 17.535212103607577
818 17.0125110527429
819 17.18616797939916
820 16.516786633792556
821 16.720629785559726
822 17.185532222783582
823 17.63727536861431
824 16.744435262761428
825 17.205704657028384
826 17.081709158035483
827 16.773264886743508
828 16.39841184318555
829 16.834035851896914
830 17.40309786524448
831 16.6417393641309
832 16.93590208107243
833 16.74524944254207
834 16.531588315571852
835 16.63286814734643
836 16.899218613023898
837 17.179134711205712
838 16.424801516479086
839 17.63701155551858
840 17.35586976104131
841 17.251153939880545
842 16.593824487794492
843 16.72416060507228
844 16.88052862102416
845 16.883821294237244
846 17.673666337308845
847 17.550972380729135
848 17.80008882277589
849 16.8299629422476
850 17.232628788120206
851 17.18683377516426
852 17.388215727890646
853 17.52438984174776
854 16.621598017802363
855 16.89099383106709
856 16.874982937312947
857 17.587284567441326
858 17.712675829564155
859 17.358743825562186
860 17.645700421591464
861 17.067624584874306
862 17.346146588994205
863 17.568349550585708
864 18.217404675926794
865 16.93328205160563
866 17.382739933376996
867 16.854370958165497
868 17.830546573803066
869 17.333832070698204
870 17.195027879380234
871 17.64645203956696
872 17.408536128651363
873 17.66852998851687
874 17.452430290325957
875 16.68940679495334
876 16.969128407992507
877 17.25984368721685
878 17.118305960149154
879 17.044183963706942
880 16.856315348917565
881 16.975599939847456
882 17.880863570228666
883 17.11025391864697
884 16.310132439702176
885 16.39467784036735
886 17.06968959185783
887 17.269984944169494
888 16.891023331049077
889 16.30021263321969
890 16.822454732227477
891 16.543961615515677
892 15.958060654839482
893 16.095709440996565
894 16.889698362542827
895 16.63849177463819
896 17.18729862214459
897 16.820838075871922
898 15.60289267964572
899 15.023038786668158
900 16.378030434279708
901 16.00574515432284
902 15.504178150848709
903 15.838543032124567
904 15.78305023651911
905 16.116382058139227
906 16.929057100677372
907 16.353731347444082
908 16.157019086958
909 16.384341729801097
910 17.304826295918318
911 16.54946117689775
912 16.25172395697762
913 16.15249368693471
914 15.768296016321557
915 16.838776037362333
916 16.902965068545974
917 17.525268588048863
918 17.405485342657688
919 17.721546885170604
920 17.49134651376624
921 17.515158936355746
922 17.499742463767923
923 17.762673833512626
924 16.905469838298277
925 17.22102029887538
926 16.990164204352286
927 16.023753663582156
928 16.70925016412972
929 16.562454365181054
930 16.83473097471183
931 16.17536341471568
932 17.713961675860464
933 16.900892318314792
934 15.975359167145175
935 17.746657431152244
936 16.984816665462265
937 16.74786811868026
938 16.39067463666594
939 16.809789334087164
940 16.409679721781178
941 17.41989372924647
942 17.958050383546894
943 17.338328836968508
944 16.776029780746626
945 17.30538688955037
946 16.638864489146975
947 16.698975617795952
948 16.51328483753454
949 16.08128626124
950 16.48508625207578
951 15.554734185175343
952 15.966079989126843
953 16.003078104840878
954 15.588423059144676
955 16.373407924363352
956 16.54865039923884
957 16.137507590922763
958 16.72717610469123
959 16.295477503532585
960 15.655007044606576
961 15.782339290811121
962 16.23767796866789
963 16.656666587228933
964 16.674825695565325
965 15.573766366819743
966 15.604725189470772
967 15.319520380856146
968 15.852381640307641
969 16.727370853436796
970 15.701244641398295
971 15.461797002784873
972 16.0775255069418
973 15.95841876493602
974 16.119618394320543
975 15.58571905681422
976 16.054607422353737
977 15.694855855241299
978 15.482906509523229
979 15.994455230208231
980 16.280956237612017
981 15.228846486999409
982 15.686680468193813
983 15.802981150845522
984 15.222570584868038
985 15.799797127793028
986 15.906191861838593
987 16.517434938569632
988 17.098468180630103
989 15.780138901987963
990 17.186424521321104
991 17.2940234039151
992 16.527667187038578
993 16.456896034180918
994 17.156413387938002
995 16.72914816805585
996 16.883432820051123
997 16.803429291329852
998 16.75422129082194
999 16.92031475196594
1000 17.11737827627737
1001 17.358005827383607
1002 16.66220302643013
1003 16.906234795898428
1004 16.43673620500948
1005 16.749738142638098
1006 17.31563122733552
1007 16.880924715414153
1008 17.43272282077165
1009 17.786845927782988
1010 16.985513609460845
1011 16.115818934570033
1012 15.767014465383486
1013 16.944512082847982
1014 16.272781270985128
1015 16.649827228619653
1016 15.996681913556854
1017 15.85121071841093
1018 16.289900043720664
1019 16.155858416304472
1020 16.377869090508685
1021 16.151128922877426
1022 16.395537308522393
1023 16.103731559113182
1024 15.948503678248096
1025 17.021282672926237
1026 16.72310059816007
1027 15.921494321803468
1028 16.5508372942301
1029 17.1083738336048
1030 17.07065169325669
1031 16.9354274957863
1032 16.957478782244056
1033 16.157315075216516
1034 16.286284587319606
1035 15.683708013291605
1036 15.901822395399051
1037 16.564656914267626
1038 15.522883634514159
1039 16.690139895659883
1040 16.012740865257257
1041 15.992688896154794
1042 16.168170631631558
1043 16.670205982132632
1044 16.751795162783893
1045 16.600092978686025
1046 16.813045053166018
1047 16.048567112713357
1048 17.0390866169856
1049 17.1026921164714
1050 16.157289461777303
1051 17.836919531627856
1052 17.05196086736739
1053 17.253076989509122
1054 17.504918115100214
1055 16.30727180126447
1056 16.506433070310145
1057 16.192113809087623
1058 16.676954420265872
1059 16.103405786426187
1060 17.18343740833882
1061 16.47686674682395
1062 16.460202409805778
1063 16.618510975512976
1064 17.317383345435406
1065 16.882487861414972
1066 16.276802322950136
1067 16.80711176392062
1068 16.643570700693193
1069 17.15810309634283
1070 16.082477312286112
1071 17.009787738584123
1072 16.657812694055288
1073 16.690924079941308
1074 16.109927580990586
1075 16.043449833394018
1076 15.792827690082833
1077 16.467913062411007
1078 16.231880326362067
1079 15.755341509581323
1080 16.331328875045898
1081 15.385579421661582
1082 15.276779979126358
1083 15.27084321005184
1084 16.03349805839016
1085 16.568365460760994
1086 16.13192324874531
1087 16.26977979617571
1088 17.059331426514007
1089 16.66926808241507
1090 16.840276893783628
1091 16.872309434911177
1092 16.606414809493582
1093 16.36759443108846
1094 16.15790401406919
1095 16.457073674012616
1096 16.30822027010855
1097 16.523744296127138
1098 16.003800008356826
1099 16.379522895841387
1100 16.777979313157168
1101 16.95943131173694
1102 17.064859183887755
1103 16.832874201661962
1104 16.23686017584246
1105 17.06807048407306
1106 16.719978930338588
1107 16.75256321629854
1108 16.97743148978537
1109 16.618042955397502
1110 17.88762772901107
1111 16.814252956412428
1112 16.403335839229296
1113 16.803334361003497
1114 16.00976950207189
1115 17.07561721107923
1116 16.269107285859068
1117 17.17844619331393
1118 16.815995227509212
1119 16.917313059296227
1120 16.678688964633857
1121 16.88646141626182
1122 17.42657684871563
1123 16.537764645761595
1124 16.245839099119298
1125 16.77149352302149
1126 15.623377237120636
1127 16.14183710837873
1128 16.422715302672902
1129 16.157867938059983
1130 15.36833049300682
1131 15.744981985640788
1132 15.92373637219247
1133 15.331151739331403
1134 15.905092737216174
1135 16.578303776425866
1136 16.080607126238515
1137 15.859150685288327
1138 15.719693034912888
1139 15.913982078618684
1140 15.364516142530501
1141 16.23666685551443
1142 16.01008841169761
1143 15.894567658300256
1144 15.717027222001974
1145 16.156447589648
1146 15.39675280552547
1147 16.15520132222692
1148 15.64702325410299
1149 16.260117063425135
1150 15.872279648718704
1151 16.815787875113465
1152 17.268569641532228
1153 16.739084680087558
1154 17.164582600019337
1155 17.414614418467895
1156 17.419133238158707
1157 16.770710382344227
1158 16.65237023079224
1159 16.891330755342228
1160 16.570807742014466
1161 16.242810910598493
1162 16.378702220442623
1163 16.650866447357334
1164 16.451470427440263
1165 16.67197897695617
1166 17.094094383764606
1167 17.391925559595105
1168 17.273058758984813
1169 16.596252319390043
1170 16.74565484874444
1171 16.806124382909434
1172 16.743195022041807
1173 16.23313307758081
1174 16.700734628467213
1175 17.16988435298558
1176 16.82210586880273
1177 16.91023634921949
1178 16.793469198859864
1179 17.73115174527344
1180 16.116979461810374
1181 16.51367892534875
1182 16.73618864460408
1183 16.647814165408928
1184 16.951799612456206
1185 17.13586296477185
1186 16.07758821238598
1187 17.360375096937535
1188 17.31700180941915
1189 17.602150842860958
1190 16.927902979205665
1191 16.933041710414447
1192 16.887042673933447
1193 17.038782570779745
1194 17.20240525511009
1195 16.874380056974672
1196 16.023357294976663
1197 16.72451237698176
1198 16.79877304687772
1199 16.279427224779745
1200 17.24837688878555
1201 16.970361066264033
1202 16.798102668392684
1203 15.26226915596256
1204 16.392208380914962
1205 15.460683124635159
1206 16.680304249399178
1207 17.153872761763644
1208 16.729462144460072
1209 16.96009972049085
1210 16.83174934827592
1211 17.148539840428647
1212 17.59977384268862
1213 16.363308593549725
1214 17.75979645206357
1215 17.63237744477946
1216 17.347128665588
1217 16.551028734763932
1218 16.62166869604187
1219 17.083617803992716
1220 17.21547894996324
1221 16.328338529843343
1222 16.986525323690636
1223 17.34321254287691
1224 16.651528586066885
1225 17.47105489398762
1226 17.27742831685365
1227 17.531759304762282
1228 17.115703707287004
1229 17.06207427399192
1230 17.95385933727207
1231 17.138034330746517
1232 17.641788774739393
1233 17.02894280640742
1234 16.510740614586517
1235 16.862130218760814
1236 16.500640179490205
1237 16.237170824435953
1238 16.995131927126366
1239 16.402256318475562
1240 16.306698398422366
1241 16.60940605389551
1242 17.45277423787729
1243 16.69054180778526
1244 17.232389611925967
1245 17.19562067655157
1246 17.062728631830883
1247 17.073838006576185
1248 17.483616336966957
1249 17.424124329425744
1250 17.654759347464278
1251 17.440542030721765
1252 16.577743552248705
1253 16.67158323311952
1254 16.411782308915175
1255 16.782910783650863
1256 16.210408032733426
1257 16.30523542488994
1258 16.29528548536583
1259 16.389076829007177
1260 15.846882422767086
1261 15.590653870066337
1262 15.890438537101456
1263 16.674971956339434
1264 16.301165351099883
1265 16.180708512605708
1266 16.23343596694857
1267 16.60629107172664
1268 16.42340497288181
1269 16.32072531412816
1270 16.56911091886939
1271 17.142732920572666
1272 16.70488891541555
1273 16.902875408088136
1274 16.55409492180929
1275 16.46947813462215
1276 16.344170468981627
1277 16.18671960428956
1278 16.231511721966072
1279 16.076738896905784
1280 16.425087711147473
1281 16.34645671301728
1282 16.976658495731822
1283 17.02719063788546
1284 16.91912599499944
1285 16.9812660399313
1286 16.291882990349894
1287 17.240391929367068
1288 17.004055505607834
1289 18.08163692619788
1290 16.745433943559764
1291 17.274161110755486
1292 17.158612517580636
1293 16.86973609532103
1294 17.735257675083595
1295 17.23237334454767
1296 17.016667477820928
1297 17.056696400579582
1298 17.134958695050006
1299 17.164696462050617
1300 17.416910330244107
1301 17.438774104026866
1302 17.19357307186462
1303 17.50210856828222
1304 17.327059813661172
1305 17.086214650890994
1306 17.460068629694344
1307 17.238562158453327
1308 17.182503149566823
1309 16.975655985423554
1310 17.768725216354667
1311 17.073370707627085
1312 17.055692464425135
1313 17.601649121216592
1314 16.796980811655892
1315 17.23595614652476
1316 17.876314128681827
1317 17.27813941018944
1318 17.747447039122072
1319 16.44283945952058
1320 17.098824659126276
1321 17.166892333206413
1322 16.78792992849981
1323 17.662693360059436
1324 16.639297393245812
1325 16.99966571072816
1326 17.109186177323604
1327 17.016814510304542
1328 17.16249918987654
1329 17.03741841093345
1330 16.752688163225233
1331 17.0991528652979
1332 16.298552066607126
1333 15.142664654541006
1334 14.698607620461782
1335 15.343925720485657
1336 15.520110406995338
1337 14.978376885923817
1338 16.242139767064852
1339 15.420721380818776
1340 16.109900508260118
1341 15.438137317920567
1342 16.098673543113478
1343 16.24198980127469
1344 16.355639267778983
1345 16.256767584343606
1346 16.13023600656579
1347 16.22410740087239
1348 16.13470986072158
1349 16.1762118458923
1350 15.859668468917983
1351 16.45220067770091
1352 16.606376881255223
1353 15.592704751669801
1354 15.782507036712362
1355 16.959100363205472
1356 15.9450857893501
1357 15.576307508355052
1358 16.33088078448283
1359 16.342114022860624
1360 16.865674241820546
1361 16.32318039973324
1362 16.254365102052795
1363 16.440600839151912
1364 15.973634262992084
1365 16.30386656508411
1366 16.005523371582033
1367 16.30243416562449
1368 16.531164999287213
1369 16.46200541658449
1370 16.028346287073077
1371 16.212678566614663
1372 16.600466898622802
1373 16.14682940464561
1374 16.342047534110698
1375 16.634090574800435
1376 16.8230902635881
1377 16.345640050394696
1378 16.288550261274555
1379 16.26649604665304
1380 16.02265513467159
1381 16.160842013022144
1382 16.11730757750268
1383 16.827925138770873
1384 16.364871104471792
1385 15.983977174806835
1386 16.695714005926636
1387 16.28067666945797
1388 17.130049795695022
1389 17.363656043814196
1390 16.462785707000894
1391 16.350695753950585
1392 17.17469698598992
1393 17.097646069684693
1394 17.102193170133162
1395 17.13952726226972
1396 16.59705342078712
1397 17.044858972276437
1398 17.61674466375978
1399 17.208134884364874
1400 17.529371733709944
1401 18.089725409150393
1402 17.59786088179771
1403 17.774124095048556
1404 17.515313068914004
1405 16.92803418694265
1406 17.317036374975523
1407 17.326339456685574
1408 16.94096383212084
1409 17.13051276170632
1410 17.438797684970368
1411 16.728415544666394
1412 17.055781270503964
1413 16.783022113351386
1414 17.073650353909905
1415 16.886823996555897
1416 17.186369789014208
1417 17.269006190373624
1418 17.418611163676708
1419 16.429961113393126
1420 16.55084901681648
1421 16.794507863314298
1422 16.656557573210453
1423 16.146849495728095
1424 17.38922959292718
1425 17.244366212284447
1426 17.330931902669906
1427 17.523536189642897
1428 17.977864942915804
1429 17.421743565837662
1430 17.75937098717512
1431 17.016055189868023
1432 17.219466512541313
1433 17.174317720011018
1434 17.945305599719056
1435 17.38468789971374
1436 17.388540072146196
1437 17.599054868737007
1438 17.16386719107451
1439 16.944703624067323
1440 17.226276896236282
1441 17.33124321971047
1442 16.908062953187393
1443 16.990799842313816
1444 16.94018520645067
1445 16.64686199156995
1446 16.446617827431457
1447 16.758284454539137
1448 16.349966268420086
1449 17.439676855971257
1450 17.35640929283889
1451 17.193178305634312
1452 16.839297668809095
1453 16.674351546450147
1454 16.636659240999098
1455 17.38035944548058
1456 17.500603451683766
1457 17.397248549561635
1458 17.728236739741824
1459 17.485707243103114
1460 17.824284272280984
1461 17.352468432002446
1462 17.26972495959223
1463 16.95266893815594
1464 17.130902942306488
1465 16.52618046977002
1466 16.57342922691797
1467 16.762671236836084
1468 16.49106165300568
1469 16.840760678915125
1470 16.92077874182529
1471 16.877022158925325
1472 17.11029981403575
1473 17.040976695830775
1474 17.415204265231228
1475 16.882703965595955
1476 16.627291947681123
1477 16.789817024923664
1478 16.52857498186781
1479 17.218041073166308
1480 17.26946247732289
1481 16.76423730312968
1482 17.49607822847024
1483 17.07982558639477
1484 17.572475157274635
1485 17.095497693262622
1486 16.72113952309719
1487 16.60454420072248
1488 16.861325455839538
1489 17.190102780416648
1490 16.533478462403814
1491 16.846694210430645
1492 16.557478527226124
1493 17.433921656328188
1494 17.534139865262336
1495 16.751147062698067
1496 16.094800014300983
1497 16.74857906312947
1498 16.656262558241103
1499 16.22017093675736
1500 17.165686300901516
1501 16.684882049715767
1502 15.887174952127792
1503 16.70160132075144
1504 16.133993026705205
1505 16.713530726240442
1506 16.57777859650913
1507 16.68246463851484
1508 17.05144892911928
1509 17.596832039854007
1510 16.86362372324074
1511 16.56804578107548
1512 17.61457771713734
1513 16.709820417590585
1514 17.144255596594512
1515 16.53151908915869
1516 17.242745430989242
1517 17.68221678575591
1518 17.246907261600253
1519 16.94848510885117
1520 17.21262114545326
1521 16.790293218294007
1522 16.953133453421515
1523 17.389658792089417
1524 17.371547018260713
1525 17.126416248913976
1526 16.95956909592391
1527 17.564238974254362
1528 17.77934415730911
1529 17.086331406007506
1530 17.04151451589951
1531 17.281309495886656
1532 17.801751928132937
1533 17.793794276766246
1534 16.99022330928721
1535 16.60975223890296
1536 17.076591839641775
1537 17.565552108918098
1538 17.43391642826134
1539 17.604398447035692
1540 17.472901233179783
1541 17.909270027521526
1542 17.594816565300782
1543 17.643126723864405
1544 18.117158000236245
1545 17.673992716641493
1546 17.699905449419685
1547 17.7522904753576
1548 17.938024509913557
1549 16.9752232258125
1550 17.752139786706586
1551 17.027566287885815
1552 17.238846400162746
1553 17.24907431491425
1554 17.57698207702275
1555 17.44745863056583
1556 17.208703033468886
1557 17.372599196929407
1558 17.401963860589976
1559 17.335508049306554
1560 16.823804869367788
1561 17.539651667163337
1562 16.886502141804673
1563 17.102586799628057
1564 16.8452359495646
1565 17.3986562878129
1566 16.656317300275365
1567 17.72040067255337
1568 16.587142495995067
1569 16.661174758851665
1570 16.63730758614949
1571 16.5020480930899
1572 16.961183193764747
1573 17.05336600599964
1574 17.23994099571088
1575 17.69202951314888
1576 17.76942256865758
1577 18.14459995123505
1578 17.877818121649433
1579 17.968235169467892
1580 17.110530318536995
1581 17.28092515882005
1582 17.803265459286727
1583 17.874004211635945
1584 17.61635892224909
1585 17.77329918054252
1586 17.521406267370185
1587 18.061156287459387
1588 17.71867242807102
1589 17.852195172730756
1590 17.779180240265884
1591 17.147609383148076
1592 17.75469013369907
1593 17.545085189746967
1594 17.609135280267015
1595 17.09953687040873
1596 17.83372866104915
1597 17.295558795828786
1598 17.30934215529863
1599 17.15450088885928
1600 17.236814345948428
1601 17.50969318593656
1602 17.5772009624969
1603 17.480314832389503
1604 17.03228135403052
1605 17.378097605293238
1606 16.844835022826977
1607 17.530386102350707
1608 17.575394151818138
1609 16.953091066837693
1610 17.302110506737467
1611 16.806100914944714
1612 16.711494540850207
1613 17.333367113860316
1614 17.21512510324728
1615 17.238842010224783
1616 17.300783758957284
1617 16.710164708554103
1618 18.056285871616783
1619 17.876292800512825
1620 16.789643880876337
1621 17.62217346904577
1622 17.57790017025769
1623 17.433445699566924
1624 17.751113612435486
1625 17.873028657982687
1626 17.279299874796514
1627 17.407628563236294
1628 17.008991683790338
1629 17.441351876773854
1630 17.62604693148576
1631 17.137728212162322
1632 16.884693897314193
1633 18.185174612928147
1634 17.37734021763859
1635 17.125157986395415
1636 17.778463062107946
1637 17.472705796259593
1638 17.802503898477315
1639 16.67909448476608
1640 17.28604857238593
1641 17.05027196487956
1642 17.332182611603656
1643 17.187661521274944
1644 16.718668346861673
1645 16.999488763712577
1646 16.72412604599124
1647 16.11184734755792
1648 16.878314166858413
1649 17.101020675023616
1650 16.91249711107582
1651 16.715653724162298
1652 17.541156258497185
1653 17.942295270086294
1654 16.791527956615298
1655 17.405471239659956
1656 16.554388854269924
1657 17.735835111132698
1658 16.63831874559494
1659 17.341902298677972
1660 17.56381044314323
1661 17.092089122192462
1662 17.71278145239462
1663 18.3549819989159
1664 16.883641378703327
1665 17.320652959765955
1666 17.73922470016742
1667 17.43097991326013
1668 17.051268577033866
1669 17.72747650385293
1670 17.439496146303956
1671 17.710609268286042
1672 17.355382813822214
1673 17.238823958278235
1674 17.308516428119518
1675 17.64145441098172
1676 17.02769851756018
1677 16.965232534982583
1678 17.043464979307032
1679 17.925173061166355
1680 17.367542628195352
1681 17.389700457018836
1682 18.05398707645192
1683 16.95742272670257
1684 17.41053179388903
1685 16.367252325609886
1686 17.281978752196586
1687 17.53748439673591
1688 17.488349251577162
1689 17.730951907410013
1690 17.888961825140107
1691 17.301013062676233
1692 16.56701122773061
1693 17.859125069862678
1694 18.446472656774773
1695 17.990852838279228
1696 18.064087486205615
1697 17.968849027064174
1698 18.52395971983365
1699 17.512206454366275
1700 17.228813546272786
1701 17.58835605956982
1702 17.20744408760457
1703 17.41509758750661
1704 17.135280214991127
1705 17.67255090423788
1706 16.90258992857288
1707 17.120238430479873
1708 17.010998570127395
1709 17.993000735349014
1710 18.030645187375754
1711 18.364349237490835
1712 17.091850531249484
1713 17.85164551252163
1714 17.455762718784417
1715 17.617914566587306
1716 17.9854485291643
1717 18.421784686091907
1718 17.94126201588245
1719 17.476386595791617
1720 18.107953064732904
1721 17.77088130704558
1722 16.930863840465033
1723 17.57551353490626
1724 17.64738998275278
1725 17.719057101605543
1726 18.244452490688612
1727 17.52587952074188
1728 17.362382591191153
1729 18.047429242168
1730 17.33969863830835
1731 17.64310935317103
1732 17.260805474308654
1733 17.582263435143208
1734 17.60786852290196
1735 16.96766284005601
1736 17.480061423380057
1737 16.478756769289248
1738 17.439520578314646
1739 17.197233826793077
1740 17.056455829416176
1741 16.399263343817328
1742 17.959690206789862
1743 17.15830570338722
1744 18.204122025353854
1745 18.103131309712413
1746 16.61431807352
1747 17.17052233435431
1748 18.018138512178457
1749 17.639593322633953
1750 18.65081490575968
1751 16.914334963523014
1752 17.28295585309085
1753 17.588221747144168
1754 17.531089826141915
1755 17.842858609403375
1756 18.31972744068554
1757 17.222870754258903
1758 17.830690217251966
1759 17.29155191642471
1760 17.799994271249226
1761 17.613265547633343
1762 17.313027014903593
1763 16.953085951136185
1764 17.232178347089846
1765 16.983743745155696
1766 16.788616401850376
1767 16.712676333035127
1768 16.999679446231955
1769 17.379970129033843
1770 17.0300224061443
1771 17.133587162122208
1772 17.049114315356213
1773 17.207708239719878
1774 17.195198631824674
1775 17.281255404773304
1776 16.90547570447695
1777 17.717441130248176
1778 17.332236152877478
1779 17.52924769406089
1780 17.469199817046267
1781 16.98783249606671
1782 16.951134922621865
1783 17.322193600716034
1784 17.508437100252166
1785 16.478674969174484
1786 17.20192355717394
1787 17.530237184287593
1788 16.739427156122915
1789 17.59896292182557
1790 17.25319681273913
1791 17.37920705895996
1792 16.782866345883058
1793 17.50499370683415
1794 17.49153465427474
1795 17.277897024811168
1796 17.318633218791735
1797 17.442465503530816
1798 17.367970750750178
1799 17.747181131448695
1800 17.619697734841058
1801 16.894624082210214
1802 17.761778958124143
1803 17.508435630007302
1804 17.467718876264005
1805 16.62363321217666
1806 16.970876793811673
1807 16.672389179084295
1808 17.14627873338789
1809 17.54691996300747
1810 16.87655242397449
1811 17.11181979209626
1812 17.297175465248042
1813 17.23599405011381
1814 16.421579358561345
1815 17.31824556584283
1816 17.171848412718994
1817 17.2316436994524
1818 17.52346248855572
1819 17.846331356912334
1820 17.07713659673258
1821 17.63869664841876
1822 17.717482748299233
1823 17.031402965093818
1824 17.41884447885826
1825 17.128029173301414
1826 17.473599498232474
1827 17.825417057873075
1828 18.482078914687513
1829 17.868543564866137
1830 16.991048824061377
1831 17.274526096236304
1832 17.473631210832696
1833 18.09608291164427
1834 17.944631623929208
1835 18.15575074638188
1836 17.856116977635487
1837 17.085294753828943
1838 17.919307993964527
1839 16.796914130480822
1840 17.015656458401775
1841 17.777553694763938
1842 17.221666982120666
1843 17.063852811148067
1844 17.688906457130976
1845 17.309911908442125
1846 17.822223231426147
1847 18.515780440383374
1848 18.241923725814296
1849 18.376481822115544
1850 17.599575365272287
1851 17.64666625541406
1852 17.019693503896075
1853 17.80014772441957
1854 16.699762960027414
1855 16.567487714739077
1856 17.097494633116856
1857 17.11269344263982
1858 17.357603751749373
1859 17.39228102024963
1860 17.00446028988026
1861 17.872969095361825
1862 17.596921787753143
1863 17.497940820342148
1864 17.361701263207053
1865 17.536473998163792
1866 17.938303165988494
1867 17.961240023460366
1868 17.03917991712799
1869 17.410677671085466
1870 17.21649120586767
1871 17.499717459294537
1872 17.577669803008554
1873 17.186645538740535
1874 17.585726359180043
1875 16.98598963324252
1876 16.754636067199613
1877 17.682119399665858
1878 17.098808200526577
1879 17.380711532015177
1880 17.7665809020788
1881 17.36262264205698
1882 17.63475255173239
1883 16.90688491999816
1884 17.26448116174308
1885 17.72539819750829
1886 17.372826949820812
1887 18.061041968476186
1888 17.970094973692316
1889 18.591502753657206
1890 17.87901250865363
1891 17.28737697515824
1892 17.656726748599777
1893 18.27495964857415
1894 17.5994516796581
1895 16.865924206542687
1896 17.48963630550056
1897 18.407509972252324
1898 17.47306508644865
1899 17.11650342824633
1900 17.593546869154565
1901 16.986125477424658
1902 16.47695318132398
1903 17.236819840724174
1904 17.460935080968095
1905 17.742145304022337
1906 17.945100133403788
1907 17.103496736176016
1908 17.27085967952331
1909 17.454863954231953
1910 16.8889744430123
1911 17.23475290266501
1912 16.55586840341547
1913 17.302363288006315
1914 17.362963295451028
1915 17.26425240575991
1916 17.616226524680684
1917 17.477600913574282
1918 17.589216923928372
1919 17.7874871275905
1920 17.92537071704441
1921 17.94053517027598
1922 16.970051585273712
1923 17.50621350260041
1924 17.432319618057242
1925 17.96298203680524
1926 17.750883902689047
1927 17.65759807082068
1928 16.714740224846466
1929 18.15379191011147
1930 17.467511301837614
1931 17.24783671314278
1932 16.902016961422106
1933 16.77321898201784
1934 17.273257328131855
1935 17.329242582558923
1936 16.60495094836152
1937 17.174347095219268
1938 16.923515318223288
1939 16.887462054387022
1940 17.281986952358835
1941 16.821652325547497
1942 16.850305426308054
1943 16.656901350912886
1944 17.018898276803796
1945 16.64897882892156
1946 17.34362971208104
1947 16.64330074079635
1948 17.214393142194446
1949 17.735301300041847
1950 18.14730360346521
1951 17.015210869666866
1952 16.89822084641976
1953 17.550505210618983
1954 16.98995216519838
1955 17.660836573944927
1956 17.270232690961784
1957 16.73443826462345
1958 17.820193774933923
1959 17.662190862516063
1960 18.33774970634731
1961 17.567095392731545
1962 17.056609756471534
1963 17.555503523945383
1964 17.25545989648682
1965 17.223161210042093
1966 17.964501867929073
1967 17.97117606658548
1968 17.068605597683057
1969 17.66455748138987
1970 17.292520738372897
1971 18.05294494496736
1972 17.681544224181017
1973 17.803332108955626
1974 17.276402815031208
1975 17.778006973471918
1976 17.821589141434583
1977 17.7946737827147
1978 17.013063641001096
1979 17.1492570745155
1980 17.391521763100506
1981 17.505719800867713
1982 17.058205799153097
1983 16.855801820428816
1984 17.055444438473167
1985 16.413091708628443
1986 16.62674783353593
1987 17.303001931730297
1988 16.793527674355985
1989 16.765468868715608
1990 16.75386469788571
1991 16.7493775117254
1992 16.905085971325
1993 18.131280484112505
1994 17.913799065227774
1995 17.41426897017655
1996 16.938345905306132
1997 16.625719568907787
1998 16.913273959599362
1999 16.727940048179633
2000 16.829438476733348
2001 17.067108434438545
2002 17.392136321843864
2003 16.759094491496764
2004 16.99238948551001
2005 17.056873753393223
2006 16.898983152556116
2007 15.879288339770646
2008 16.979144506751595
2009 16.238488406217613
2010 16.70433622249586
2011 17.047469751835617
2012 16.36493332583168
2013 17.637501975991988
2014 18.023474345467204
2015 16.96698345022863
2016 16.180152648596987
2017 16.621667666029992
2018 16.57628003303105
2019 17.234017655488504
2020 16.91435281951938
2021 17.09562713333232
2022 17.112733073149936
2023 16.99883352345928
2024 17.47922215164498
2025 17.8611034785558
2026 17.670325163479394
2027 16.942726853356763
2028 16.607773964107928
2029 17.34366771617467
2030 16.91054214490447
2031 17.159505817415333
2032 16.68986522674492
2033 17.295783094114128
2034 17.19785932843332
2035 17.404967656780183
2036 17.745475389327705
2037 17.663177660651698
2038 17.449465063068065
2039 17.122985471325542
2040 16.743781653250938
2041 17.027584296384127
2042 16.149459915271578
2043 17.272859685319528
2044 16.741886956015787
2045 16.808307462123178
2046 17.222945185959542
2047 16.574192172132772
2048 17.43185276662512
2049 17.041997895295218
2050 16.812536185696906
2051 17.38434456822907
2052 16.472111099888522
2053 16.59484029829056
2054 16.312589494971643
2055 16.445440368683894
2056 17.187903577627708
2057 16.842728469195883
2058 16.832478305725974
2059 16.251169935889784
2060 16.365456176196936
2061 16.436179840503797
2062 16.629288513566756
2063 16.642843384006277
2064 17.1812109832237
2065 17.061243215704327
2066 17.47454219989309
2067 16.73149843688005
2068 16.673789130256417
2069 16.544811839845995
2070 16.504069437930852
2071 16.375309324930228
2072 16.55854319370348
2073 17.46701571173816
2074 16.862035772892284
2075 16.446306280982384
2076 17.29116583121103
2077 17.13197198621211
2078 17.40372618972642
2079 16.64231005565284
2080 16.88531841869645
2081 15.900701990151376
2082 16.190122826083947
2083 16.004685762591144
2084 17.253811448986607
2085 16.298115529703587
2086 17.065863800164525
2087 17.288415291275527
2088 17.017743656864376
2089 17.164409535719166
2090 17.34542540373242
2091 16.904803784712424
2092 17.414350720976433
2093 17.330660288322477
2094 16.452585247717774
2095 17.06799985079715
2096 17.429734002667388
2097 16.148507004640955
2098 16.437791199973695
2099 16.5500749900412
2100 16.817451755642804
2101 16.569848482950242
2102 16.738490602870762
2103 16.474512341843905
2104 16.366744548088402
2105 17.1697750587459
2106 17.01236991809896
2107 17.19278890757386
2108 17.137358416865748
2109 16.64544315979196
2110 17.20506656495072
2111 18.10904284252102
2112 17.416485580921286
2113 17.406476711833516
2114 18.208586327608128
2115 17.020539479854552
2116 17.53792784267018
2117 17.725023830676218
2118 17.570606001443466
2119 17.565552669375897
2120 17.68003237189915
2121 17.955325222150584
2122 17.220627181256763
2123 16.890108266021393
2124 17.119079205721913
2125 16.68049971727848
2126 16.50454398408916
2127 17.20692159521112
2128 17.832908177636888
2129 17.281256759296358
2130 17.537385113285744
2131 17.126180672502286
2132 17.26681814799351
2133 16.92799875265358
2134 17.136419904622308
2135 16.61101776275686
2136 17.479174911695168
2137 17.212639806942466
2138 17.131412268590267
2139 17.344493481537096
2140 16.62492419868774
2141 16.927548068837673
2142 17.182202484853125
2143 17.230359017787993
2144 18.11081177021266
2145 16.5379984663546
2146 16.68280858385598
2147 16.62038383463469
2148 16.556220213984673
2149 16.45365348108997
2150 16.61681299864757
2151 17.248377828681914
2152 16.468470682957815
2153 16.92186948966089
2154 17.01414266694753
2155 17.36904696956964
2156 17.201668407164767
2157 16.99619761547258
2158 16.57740891749896
2159 17.039246159404602
2160 16.796870651057098
2161 17.181389647974125
2162 17.82713697766606
2163 17.44398151898801
2164 17.52155422928217
2165 17.716124459850725
2166 17.185066386648344
2167 17.073018998491417
2168 17.425604099545133
2169 17.209365195057178
2170 17.549888794546707
2171 17.34537693000463
2172 17.704731822325062
2173 17.117822533047143
2174 17.65761021627962
2175 17.40620279410133
2176 17.158534358146998
2177 17.509529890100268
2178 17.307201172965897
2179 17.117352159706538
2180 17.280428423824226
2181 16.99493584512647
2182 17.524060879742837
2183 17.997311447584266
2184 17.575170008255366
2185 17.33158318810859
2186 17.29878814383699
2187 17.459239299931646
2188 17.050579546719028
2189 17.478658613943786
2190 17.31766216041622
2191 17.029592708713942
2192 17.13017551982171
2193 17.061487357555812
2194 17.036862946382215
2195 16.651841641744657
2196 17.38494274651357
2197 16.89373202759815
2198 17.359135165803764
2199 16.87834367844539
2200 17.267298231015328
2201 17.313556907845133
2202 17.087003197785414
2203 16.868681361073676
2204 17.25051539933448
2205 16.80105619072206
2206 16.958893030618935
2207 17.616536791300465
2208 17.08326642636326
2209 17.119282847769576
2210 16.961462371276333
2211 16.774248748671926
2212 17.553516142726338
2213 16.764398230556022
2214 16.95064347529798
2215 16.401451547841436
2216 16.25755574536264
2217 16.595922833965894
2218 16.5823684281082
2219 16.821898532766898
2220 16.941938688903775
2221 17.447981226487865
2222 17.62494705895636
2223 17.34425342157827
2224 17.039847381568148
2225 17.15649178143069
2226 17.65307439777232
2227 17.257954506507414
2228 17.314107513606288
2229 17.43923834409897
2230 16.993966824459235
2231 16.940603435411163
2232 17.330990735194803
2233 16.130755032120256
2234 17.24315043139065
2235 16.40318388958824
2236 16.308069901331855
2237 16.988322598033818
2238 16.416223347310666
2239 16.627658805758614
2240 16.492143121018433
2241 16.270106066290115
2242 16.821631317620465
2243 16.791837744310236
2244 16.379150464022057
2245 15.526606970270254
2246 16.220369377038942
2247 16.30287113296476
2248 15.860961980147245
2249 16.44522797976848
2250 16.230668192340588
2251 16.515009016383562
2252 16.650576038720498
2253 15.734275884509314
2254 15.883338156834501
2255 16.176067042681773
2256 16.587549392767155
2257 16.55763576447084
2258 15.762585396011955
2259 16.28331457388898
2260 16.554761636492778
2261 16.426339452021182
2262 16.41099185131537
2263 16.674606513096283
2264 16.677374583931904
2265 17.0921032094897
2266 16.865798303533758
2267 16.747529733582088
2268 16.642053690838328
2269 16.768198475669013
2270 16.60468650278519
2271 16.66681198892344
2272 16.724298076734026
2273 16.8364684119331
2274 17.250837577574117
2275 16.682474256427643
2276 17.2751740450973
2277 16.492386969486255
2278 17.046237728619623
2279 17.514852327266482
2280 16.906769976167134
2281 16.50022779830962
2282 16.456020280116444
2283 16.96771500667638
2284 16.754826523763768
2285 17.168937631745237
2286 16.364137805512716
2287 16.784601206518932
2288 16.109077510940278
2289 16.419854269308665
2290 16.377032893418495
2291 17.62130922310214
2292 16.941244720480174
2293 17.496041647959103
2294 16.851463556029234
2295 16.55188193427465
2296 16.110523158204874
2297 16.574748440047653
2298 16.59459515931829
2299 17.45368086374225
2300 17.568487945285383
2301 17.83011166627818
2302 16.88887725566002
2303 16.8185207135375
2304 17.107392821730315
2305 16.866820190229056
2306 16.75283952180722
2307 17.15876148517365
2308 16.495385564680053
2309 17.447147824898835
2310 17.18786886321448
2311 16.962133480151135
2312 16.78768414833997
2313 17.551529037466022
2314 16.233671867795966
2315 16.567963450771195
2316 17.369372978433475
2317 17.330765796069652
2318 16.991413153714603
2319 17.18184013605347
2320 16.81349441386085
2321 16.936052048750522
2322 17.322668621171896
2323 16.79561965371314
2324 17.09642720965434
2325 17.212886384470025
2326 16.99822933015589
2327 16.89230780582024
2328 16.794498637474042
2329 18.09108610936763
2330 17.514710872613772
2331 17.8526241963993
2332 17.319852844796117
2333 17.473857523358085
2334 16.93942283747389
2335 16.996425626772023
2336 17.472521912766137
2337 17.117186170972694
2338 16.98264568031287
2339 16.2465946600295
2340 16.902641364932773
2341 17.015002012556884
2342 17.58164349161713
2343 16.997669009638013
2344 16.863151646173144
2345 17.198023091606963
2346 17.40846136214299
2347 17.02952060803621
2348 17.527683571629282
2349 17.24718337067681
2350 17.2819240729872
2351 17.63223770992676
2352 16.968206779377738
2353 17.39805252528061
2354 17.499890356118154
2355 16.852650610894834
2356 17.216574259107617
2357 17.293742049464743
2358 16.4911094746908
2359 17.397417631032532
2360 16.93443291805938
2361 17.206603869725473
2362 17.207461757857715
2363 17.513555249271505
2364 18.09315145415181
2365 17.8371913965807
2366 17.351496617001636
2367 18.143927337490524
2368 18.06254250401735
2369 17.817312535903238
2370 17.35563447148218
2371 16.653095895150383
2372 17.31621674640062
2373 17.28778820679967
2374 17.200101710719824
2375 17.159327638923944
2376 17.348850779528195
2377 16.82497326817578
2378 17.184948684130955
2379 16.854027611136527
2380 16.991579428536742
2381 17.08738430594215
2382 17.472074978549237
2383 17.06812884079987
2384 16.683276638256743
2385 16.90204167516508
2386 17.045552150679374
2387 17.36879334179053
2388 16.995847851154572
2389 17.320449742244765
2390 17.80709254801864
2391 17.480751313441502
2392 17.504625917550538
2393 17.363450432143175
2394 17.505284298543067
2395 17.543529505278265
2396 17.122683237276974
2397 17.24842621962812
2398 16.03649472271701
2399 16.259405573778288
2400 17.211184696852
2401 16.708933437706076
2402 17.485351932348426
2403 17.497551871053894
2404 17.560380265288327
2405 18.202438907223897
2406 18.340916107512147
2407 17.37572811277463
2408 17.55013925953047
2409 17.894618697133694
2410 17.86153963928252
2411 17.383191037526796
2412 17.99808610360382
2413 17.79173766723655
2414 17.40684626389117
2415 16.856173684459492
2416 17.321722093114595
2417 16.33442158432071
2418 15.804591378669015
2419 17.413895010820244
2420 16.58525768345678
2421 17.069363951727084
2422 17.048848063561127
2423 17.30524880123079
2424 17.385867839410064
2425 17.990435518865212
2426 17.300925529628486
2427 17.09021149047099
2428 16.871288695808527
2429 16.77772019068093
2430 16.604531397158617
2431 16.80219320214092
2432 17.445474007655093
2433 17.37334589464872
2434 17.143102616343953
2435 17.052097766469362
2436 16.985309984313066
2437 16.82724362795595
2438 17.427015504643048
2439 18.205996059440405
2440 17.178377876786527
2441 16.84358546940157
2442 16.750411670036023
2443 16.7029840161832
2444 16.82674024186077
2445 16.868482678993246
2446 17.26817928139131
2447 17.080076207087217
2448 17.231773218718427
2449 17.526626075825572
2450 16.709336279659443
2451 17.320349888933947
2452 17.462084106766806
2453 17.938002320128234
2454 17.670971718385008
2455 16.60285943334478
2456 18.102697069057516
2457 17.266225391460114
2458 17.061968264934013
2459 17.229726507430023
2460 17.07011156822248
2461 17.27687250011366
2462 17.364247369669904
2463 17.38850975308698
2464 17.14507440929035
2465 16.961975156017242
2466 17.178890114134834
2467 16.958125253031163
2468 16.682298959783076
2469 16.86035645246767
2470 17.70816618613014
2471 16.272097647197686
2472 17.23020501336385
2473 18.087222328747277
2474 17.32754163983495
2475 17.371391631313777
2476 17.5447602140864
2477 17.71179187736596
2478 17.511380807579478
2479 16.631615671518432
2480 16.88193705896319
2481 16.892915973485174
2482 17.049790838483084
2483 16.876737146140076
2484 17.509277000070956
2485 17.008364679832187
2486 17.47216741432338
2487 17.782141313815007
2488 17.44817927215158
2489 17.440931323847536
2490 17.08671281339087
2491 16.562573253142183
2492 17.42432825423847
2493 17.038698073936715
2494 17.396801860168797
2495 17.50467228856019
2496 17.875114911210567
2497 17.89674821160577
2498 17.476055147298318
2499 18.20047614474288
2500 17.567780122670868
2501 18.086368981285425
2502 16.867817644912005
2503 17.239024755050025
2504 16.80182258542026
2505 17.438615091259155
2506 17.469632395428523
2507 17.109847427665244
2508 16.88133620106672
2509 17.113884715364854
2510 17.60500853362959
2511 17.338695457370488
2512 17.052918897290905
2513 16.726584812026537
2514 16.55128814106905
2515 17.171269228569223
2516 17.434383505281208
2517 16.367467678998135
2518 17.085038231760155
2519 17.43747705610516
2520 16.91045064469572
2521 17.672175180742286
2522 17.65533912335678
2523 17.184175532483835
2524 17.58915503599331
2525 17.311713028322114
2526 17.17793162092086
2527 17.11714937443296
2528 17.33071394355557
2529 16.872106005886845
2530 16.78707567658057
2531 16.76400005605214
2532 17.052821764447984
2533 17.228729367417515
2534 16.40118320052709
2535 17.378196450869567
2536 17.258835168767426
2537 16.78747894468274
2538 17.520633134767
2539 17.31994545186539
2540 17.185825576108297
2541 16.95030154031101
2542 17.652983734053905
2543 16.936236895865704
2544 17.57462959369839
2545 17.030549456562632
2546 17.232311175651507
2547 17.031477932232043
2548 17.23283462823157
2549 17.277204584874912
2550 17.9635921983225
2551 17.639595689399833
2552 17.594104766915617
2553 17.240651086398184
2554 17.312971996324972
2555 17.247458940770393
2556 17.27926619399937
2557 16.977462192865875
2558 17.40668621495966
2559 17.19770191197912
2560 17.705703526028078
2561 18.01236867232891
2562 18.24638853803838
2563 17.558775746096526
2564 17.443214882382545
2565 16.73084425522936
2566 16.99943921009627
2567 16.850344027903006
2568 17.746390222253897
2569 17.76321775081607
2570 18.17188743035435
2571 17.530794652598654
2572 17.743400691571214
2573 17.416258991445275
2574 17.08797591191378
2575 17.853004598408873
2576 16.8913247675585
2577 17.10293194295222
2578 17.498106772659924
2579 17.48425903503677
2580 17.503738345135503
2581 17.795835136755557
2582 17.84431093977578
2583 17.553891644060773
2584 17.981658880270505
2585 17.270857689413607
2586 16.814942911198628
2587 16.947142488080726
2588 17.266452246605713
2589 17.510391878605613
2590 16.938361826908395
2591 17.991131077172213
2592 17.820140353008995
2593 17.53479225664563
2594 17.633538621637488
2595 17.091410663936763
2596 17.626144157518098
2597 17.55370242275516
2598 17.312728319936436
2599 17.297530375733924
2600 17.443899942387947
2601 17.393696654920117
2602 16.85771098794594
2603 17.52590972557811
2604 17.37168627366961
2605 17.26768000718946
2606 17.630299183768432
2607 17.17507888010406
2608 17.62116077152336
2609 17.973349456914665
2610 16.99470537669635
2611 17.14169919774447
2612 16.91458693738314
2613 16.978484155465683
2614 17.04395394611283
2615 17.27653063867714
2616 17.257695387672815
2617 17.268677470529237
2618 17.530176689457672
2619 17.118133512817675
2620 17.137959559482454
2621 17.376622880714873
2622 17.074090937402843
2623 17.117101536634586
2624 17.471672271353494
2625 17.82615845032554
2626 17.78313078550167
2627 17.270915448390237
2628 17.547695397470466
2629 17.64357119742105
2630 17.591495548425097
2631 17.62373870543322
2632 17.90850981857496
2633 17.17090580909875
2634 17.00633737701323
2635 17.698783244206556
2636 17.720527644856812
2637 17.417584541536293
2638 17.092947268328476
2639 17.861201529964564
2640 17.4600839424724
2641 17.740435538403727
2642 17.944634643928115
2643 17.760254259992188
2644 17.14825993658492
2645 17.35746419097995
2646 17.23740408359161
2647 17.342343343207933
2648 17.675944017864182
2649 17.716255213256044
2650 17.42033170554332
2651 17.91533261305602
2652 17.1725287045301
2653 16.88888048085584
2654 17.014675288099195
2655 17.48516901905415
2656 17.674147642795088
2657 17.773266105782387
2658 17.42805617598179
2659 17.6151626258749
2660 17.931604015677923
2661 16.907235313555404
2662 17.514023802715794
2663 17.502046117307874
2664 17.771206971051637
2665 17.45794302664716
2666 17.686299568333943
2667 17.08795617004277
2668 17.12162343634389
2669 17.4153417486546
2670 17.515801052665967
2671 17.796863869416015
2672 17.514687471788218
2673 16.71207050220254
2674 17.484148204635233
2675 17.543630669721804
2676 16.83750538222305
2677 17.41268864152486
2678 17.478530468783692
2679 17.294466648898492
2680 18.109251498178573
2681 17.89217836144069
2682 17.099965712917122
2683 16.427280411439728
2684 16.977655302338068
2685 16.839704046186647
2686 17.842911370909928
2687 17.927175845475556
2688 17.007384546509826
2689 17.28646673826212
2690 17.078210563187646
2691 17.108001670033918
2692 16.61718893410469
2693 17.120509256060448
2694 17.423809546651785
2695 17.136901356801996
2696 17.837709336327165
2697 17.503937049352825
2698 16.907564293922167
2699 17.24594460571569
2700 17.53260002173051
2701 17.062074617482377
2702 17.5043015436107
2703 17.710564860449995
2704 17.231770602142063
2705 16.45346904065277
2706 16.843287132774126
2707 17.878015228526923
2708 17.303172912789783
2709 17.042083757525578
2710 17.41552818513855
2711 16.96088368269729
2712 16.93097702314219
2713 17.651628230912706
2714 17.127722746827605
2715 17.584796085829883
2716 17.971446471005468
2717 17.336662328094302
2718 17.34602342567304
2719 17.132298823740637
2720 17.86421934360724
2721 17.663528124626232
2722 17.425549662702235
2723 17.37420553560397
2724 17.36306904911944
2725 17.4394032036789
2726 17.92030816305359
2727 17.80072401234156
2728 17.69842401878915
2729 16.835079599365233
2730 17.25926709912668
2731 18.5974982775729
2732 17.28334087032927
2733 16.941701025731838
2734 17.22365952355784
2735 17.36362650891485
2736 16.990902561439942
2737 17.592648907229584
2738 17.147868977208613
2739 16.83968855698222
2740 17.58234374762508
2741 16.88336864168918
2742 17.571905485728312
2743 17.096408325671685
2744 17.62659543136551
2745 17.480255657418567
2746 17.381609713769986
2747 16.784766206648158
2748 16.886330335885795
2749 17.29912053306993
2750 17.58299065280155
2751 17.502411323041166
2752 16.93743835316324
2753 16.777265830046577
2754 17.033407535340945
2755 17.128372582401457
2756 16.897431673110226
2757 17.516217738267844
2758 16.58864054487841
2759 16.496160719885214
2760 16.190133208895492
2761 16.39370786120975
2762 16.54784909122415
2763 16.92916099212433
2764 17.13291392253649
2765 16.725077996709917
2766 16.289910266358124
2767 17.351917123547427
2768 15.480249635613085
2769 16.96167706918991
2770 16.629975223147316
2771 16.56453200481759
2772 16.025600187702533
2773 16.26725561522766
2774 16.91110968132723
2775 16.70349590668711
2776 16.83496083076589
2777 16.130830330973712
2778 16.101585617618603
2779 15.450419213388306
2780 15.55705428124497
2781 16.905341650380933
2782 17.116105680595936
2783 16.434238885503895
2784 17.00212412419498
2785 16.36569965185668
2786 16.503995389906816
2787 16.770874030080208
2788 16.085484836108204
2789 16.259808130631708
2790 16.93706687663234
2791 16.176986724056345
2792 17.40195491490203
2793 16.0827402988188
2794 16.680461885952536
2795 16.999356008432397
2796 16.746147667275913
2797 16.439786012968877
2798 16.875997932240896
2799 17.228584182085626
2800 16.84839423021474
2801 16.914692947289456
2802 16.5633785122352
2803 17.104677929261722
2804 17.082821629749443
2805 16.72512359169312
2806 17.0689306012062
2807 17.78407967968618
2808 17.30551773755591
2809 17.343110890653204
2810 17.11519634117346
2811 17.213500052399144
2812 16.456236650993162
2813 17.625914609904093
2814 16.798880489383503
2815 17.06351719564567
2816 16.69326241221101
2817 16.564723269661997
2818 17.060848779582955
2819 17.31924300529381
2820 16.68697043596486
2821 16.65389414163855
2822 17.91675088457371
2823 17.86163251521607
2824 17.04672259335538
2825 16.73398804730832
2826 17.371598158784966
2827 17.113013862102726
2828 17.255009101578235
2829 17.966528283328444
2830 17.80653162997107
2831 16.709605889407765
2832 17.542352840449517
2833 17.11583743921384
2834 17.05930943288743
2835 17.423530660241507
2836 17.80935467728465
2837 17.196901796005076
2838 17.196821025821
2839 17.39635370663339
2840 17.35309757077946
2841 16.690254309646008
2842 16.808848907920524
2843 16.98307728152372
2844 16.931620014125194
2845 16.541128831514335
2846 16.35651652480716
2847 17.311008189860107
2848 17.71064415315478
2849 17.083316496383727
2850 17.269026232863613
2851 17.286135550045387
2852 17.93514960185074
2853 17.52272031715205
2854 17.218331946516
2855 16.934156743007765
2856 16.83988265582051
2857 16.893988762864677
2858 17.10366159775348
2859 17.470983995518427
2860 17.97612830286226
2861 17.43628758187213
2862 16.79497118597245
2863 17.237254735418926
2864 17.688181568459328
2865 17.396876563450924
2866 17.03367390716531
2867 16.853259504201976
2868 17.226878590931875
2869 16.68604851041651
2870 16.45195045553431
2871 16.818417156903543
2872 17.21625517329046
2873 16.970615999544595
2874 17.60493653594345
2875 17.27971490071957
2876 17.600410574656703
2877 17.472111180938313
2878 17.106267842476488
2879 17.009963420412845
2880 16.49424000804604
2881 17.161924056158714
2882 16.699218327401457
2883 16.98690566613453
2884 17.19748505847593
2885 17.743826763707936
2886 18.320039072258734
2887 17.348977908483747
2888 16.720355013168064
2889 17.46828190606535
2890 17.245434052936897
2891 17.13542797251903
2892 17.180586340811246
2893 17.28022471124349
2894 16.953271497107508
2895 16.865896470401214
2896 16.749215194169356
2897 17.39564705254216
2898 17.121156416362087
2899 17.278528651422416
2900 17.57672458547687
2901 16.765423349691964
2902 17.626941635669528
2903 16.304298732800156
2904 16.568014179548065
2905 16.878663682053954
2906 17.290508649002028
2907 16.912239448369192
2908 17.19293075308568
2909 17.120459390057174
2910 17.222884848737834
2911 17.150273391979624
2912 17.59292204201637
2913 17.005026131400687
2914 17.220350568425474
2915 17.4871618032957
2916 17.763700695831957
2917 17.180221854395057
2918 17.050337610971198
2919 17.468126323171774
2920 16.882985453590106
2921 17.412097581930485
2922 16.7808350379233
2923 16.278062695121346
2924 16.755062689627483
2925 17.222424157644223
2926 17.563194838563973
2927 17.759198287300748
2928 17.67189198672292
2929 17.40983176562112
2930 17.463386835763142
2931 17.913432021526155
2932 17.861144097866244
2933 17.646300886014608
2934 17.603463745165232
2935 17.362059514209413
2936 17.2548952269792
2937 17.56019028946034
2938 17.197867434000905
2939 17.755591141251255
2940 17.357676608841924
2941 17.86662467354894
2942 17.246857942024025
2943 17.223803533439014
2944 17.24497644574469
2945 17.09078338477578
2946 17.975935279600712
2947 17.031995361405027
2948 16.838621996357066
2949 16.739222472562673
2950 17.392106463097967
2951 17.75558787015476
2952 16.885199309817473
2953 17.59887138033965
2954 17.0778221726452
2955 17.17966896193008
2956 17.38723115938196
2957 17.492158149790576
2958 17.809524534691704
2959 16.897984809177583
2960 17.11984215148292
2961 17.431074398967766
2962 17.27744637982409
2963 17.75055411427792
2964 17.518276042947157
2965 17.421893310059897
2966 17.198065438236164
2967 17.310569285646807
2968 17.50121555024491
2969 16.5706275280571
2970 17.276717189388954
2971 17.570500128578697
2972 17.300133726804287
2973 16.87541694456686
2974 16.919127089802796
2975 17.317448548302586
2976 17.122058864809333
2977 17.371680508925774
2978 17.203909422994535
2979 16.594734991309835
2980 17.32172531253627
2981 16.718099500630988
2982 16.960286390637947
2983 17.451920803310244
2984 17.55924091450387
2985 16.62310306675639
2986 17.07651446972524
2987 16.832001456415515
2988 16.129809126057218
2989 16.418981523603033
2990 17.04547166932516
2991 17.249133657099318
2992 16.67892964643013
2993 16.982416086850314
2994 16.135948391359697
2995 16.844203831435692
2996 16.96490453102608
2997 17.556410640780378
2998 16.19200279832114
2999 15.933346545594429
3000 17.16249351778043
3001 17.161492580236835
3002 17.070161276497792
3003 16.556263339382397
3004 16.78184864194409
3005 16.44979751905642
3006 17.050390467100716
3007 16.925802670222534
3008 16.24494302619722
3009 16.601030717019174
3010 17.17258970328012
3011 16.636557503192847
3012 16.933890806423747
3013 17.093750764443985
3014 16.836430625647367
3015 16.983777825900308
3016 16.771522115290946
3017 17.068858119653946
3018 17.160151390350617
3019 16.972728447493516
3020 17.028501003463028
3021 17.04241829496983
3022 16.637536837792567
3023 16.92900737762065
3024 17.054238330175593
3025 17.418549251010646
3026 17.16754190567707
3027 16.723003321195723
3028 17.578873809117933
3029 17.173125381847587
3030 15.894643537080189
3031 16.33151858242608
3032 16.123427531166307
3033 16.522825777291857
3034 16.186839330385357
3035 17.097380532090614
3036 16.671405125474624
3037 17.30837979623894
3038 17.477756850379315
3039 16.711772032408316
3040 16.845657803401608
3041 16.740985849342618
3042 16.872180044030817
3043 17.380940365306394
3044 17.15736742694074
3045 17.481863098233756
3046 17.32771509715426
3047 17.29972767385033
3048 17.504950720630575
3049 17.62753206455034
3050 16.878533934020986
3051 17.29483172253054
3052 16.98391894584208
3053 16.82396258768611
3054 17.447608602815954
3055 17.77789714309018
3056 17.290170792147844
3057 17.154996541824133
3058 17.798045949846138
3059 16.322772545445698
3060 16.967783549034248
3061 17.24374993058579
3062 16.974216508391283
3063 16.17679743232198
3064 17.06818197937594
3065 17.771719878453467
3066 17.60695948388353
3067 17.500255005414022
3068 17.618551295606277
3069 17.58850479780258
3070 17.472465966875777
3071 17.458395491928854
3072 17.300744545364836
3073 17.55614085748746
3074 17.9168300236498
3075 17.608877941127144
3076 17.806194425773473
3077 16.759671650118072
3078 17.072012170671936
3079 17.1749826146625
3080 17.889523135743545
3081 17.410907945065112
3082 16.91129620622216
3083 16.19018366280692
3084 15.775400029304983
3085 17.076295738075014
3086 17.24024843992699
3087 16.708279331072745
3088 16.951535739087905
3089 17.08350687930501
3090 17.148753516044327
3091 16.92112489446196
3092 17.240878256690124
3093 16.614443233001992
3094 17.339206438533243
3095 17.925133979253463
3096 17.369555370359624
3097 17.272438590481535
3098 16.710285736310947
3099 16.895893923803232
3100 16.64305389537856
3101 15.912756369647825
3102 15.895230600567304
3103 16.878094455002092
3104 17.09944113818681
3105 16.3646250848587
3106 17.4149418083817
3107 17.410350978996945
3108 17.306549631711476
3109 17.14507376764116
3110 17.404892914106092
3111 17.36985852850992
3112 17.328514072997645
3113 18.13537499184321
3114 17.836999232732676
3115 17.420452450214135
3116 17.243086465070096
3117 16.889960374063246
3118 17.894286617998784
3119 16.349168497553425
3120 18.050398302003376
3121 17.505960182144722
3122 17.618368580394783
3123 17.494290634470758
3124 17.5569359833976
3125 17.747982077882984
3126 17.641419439763826
3127 17.263541159938242
3128 17.16777499995947
3129 16.906826995983867
3130 17.05475134581523
3131 16.92753755222584
3132 16.236866968256596
3133 16.135743990611452
3134 16.420589991002107
3135 16.688935436592452
3136 16.87748102691123
3137 16.702004473096842
3138 17.228127298380425
3139 16.727872915375556
3140 17.910040593221147
3141 17.201411524214976
3142 17.380761695562274
3143 16.91862660470029
3144 17.03505814046727
3145 17.707005494295224
3146 17.65266742120522
3147 17.77682459770479
3148 16.96990475365423
3149 17.208874796150774
3150 17.24079653914421
3151 17.132782364742997
3152 16.877336622955337
3153 17.332519068351427
3154 17.016686060552445
3155 17.11614272265556
3156 16.516396984843187
3157 16.74772576531954
3158 16.916731042042844
3159 16.81204039273799
3160 17.39067800698997
3161 17.3461087755981
3162 16.514149005691255
3163 17.592868213414597
3164 17.11401244031489
3165 17.40698710826608
3166 17.42962259934812
3167 17.580762711302217
3168 17.142995892319018
3169 16.88414881038893
3170 17.28974648999252
3171 17.488809360962627
3172 17.60772445069191
3173 17.411119210966696
3174 17.131628546957817
3175 17.382936588729166
3176 17.194267274784153
3177 16.517483094350975
3178 16.21265982515135
3179 17.663189370984433
3180 16.975243539770158
3181 17.689959975429097
3182 17.73591992879917
3183 17.37537891485835
3184 17.826967760459617
3185 17.730205587696055
3186 17.87841986038529
3187 17.95430099481923
3188 17.75052919124545
3189 17.63894351109868
3190 17.16299972328593
3191 17.642934718190087
3192 18.215486035228036
3193 17.497351834542872
3194 17.454586675432466
3195 17.99179144868626
3196 17.637048086337032
3197 17.40060368422199
3198 17.500670792478843
3199 17.56322216609238
3200 17.32531552024497
3201 17.03443741812947
3202 17.054183262450646
3203 16.84261381799591
3204 17.39487042110653
3205 16.82290240875721
3206 17.21972118966981
3207 17.210010721370022
3208 17.12906318532069
3209 17.286046319001187
3210 17.601144383836488
3211 17.654391237436847
3212 17.999745724763446
3213 16.949907554931656
3214 17.768152043552654
3215 17.664063023013615
3216 17.091940604787858
3217 16.822760918323443
3218 17.45328706311371
3219 17.21326805783498
3220 17.47817131696738
3221 17.63710816986174
3222 17.898037397843993
3223 17.590509726383306
3224 16.66060833052178
3225 17.27033704637574
3226 18.010990925952328
3227 17.456304252046486
3228 18.150132266456634
3229 17.254969950188425
3230 17.78201585484255
3231 17.473053708604112
3232 17.563684262862264
3233 17.362315035789642
3234 16.622337546870057
3235 17.558866632534208
3236 17.98402652143912
3237 17.586663515272914
3238 17.542835585042084
3239 17.151945765979434
