0 10.406157977283387
1 10.852282770641406
2 10.752365211629025
3 10.337399751814814
4 10.589291577582484
5 10.726632800813618
6 10.910360101259238
7 10.412944839603366
8 10.522451701643943
9 10.773005621797958
10 10.491041170364294
11 10.369351028616737
12 10.604098336454197
13 10.443550786802838
14 10.537814764909143
15 10.483580853884478
16 10.070931625972111
17 10.572297847932102
18 10.60485677286358
19 10.612150485578102
20 10.356617268780086
21 10.105367519845489
22 10.1153344822861
23 10.139631378299988
24 10.16258954521631
25 10.783765446025974
26 10.498907559152427
27 10.238458178505407
28 10.15748189562752
29 10.245738360705358
30 10.295840873616179
31 10.177788477591518
32 10.297253952730351
33 10.697092283555326
34 10.974573335040866
35 10.572195867963828
36 10.378034124867812
37 10.604662781666025
38 10.600348338025611
39 10.31141074514951
40 10.177354983836006
41 10.691417610598943
42 10.402124636169772
43 10.387841445065257
44 10.124493161589507
45 10.458925286647334
46 10.846769707125214
47 10.428765240102438
48 10.422359067155035
49 10.413841321028094
50 10.380246710195815
51 10.478059420885982
52 10.514356127430997
53 10.50301336661377
54 10.570653839102883
55 10.422501559915418
56 10.674760702553845
57 10.532301964334629
58 10.757059577432953
59 10.59805971146946
60 10.996495029701263
61 10.345330867031015
62 10.541742429696708
63 10.404964250267966
64 10.440671949223775
65 10.354447878090632
66 10.731243238212764
67 10.475112005300558
68 11.00698285837643
69 10.830001741592598
70 10.633594766582172
71 10.574394762415517
72 10.75173086699403
73 10.804778224341211
74 11.250716913238687
75 11.29125273633609
76 11.266181684187725
77 11.294272320724767
78 11.195150943608825
79 10.823120135562064
80 10.366496886619352
81 10.47557002661977
82 11.031730091456083
83 10.511920955069602
84 10.69546101156145
85 10.475883519800526
86 10.421425852914117
87 9.95455882633503
88 10.251742287019347
89 10.473180522342677
90 10.827054344399107
91 10.29726599813354
92 10.685183636137962
93 10.448047404020807
94 10.445569369955221
95 9.99990083554712
96 10.486531588287818
97 10.684800063608641
98 11.202554341723594
99 10.432533665500388
100 10.2138500177274
101 10.30686030875258
102 10.480666924971652
103 10.487338607020925
104 10.369867950047288
105 10.79945042665474
106 10.272979514788492
107 10.583003641226798
108 10.407830777041788
109 10.290333109077002
110 10.461262163086955
111 10.534388291661477
112 10.063531910857181
113 10.597702647531543
114 10.703211841822679
115 10.305105453502586
116 10.57888220235712
117 10.263320814707766
118 10.524189544613062
119 10.731381617292156
120 11.061727415370601
121 11.125471547104928
122 11.254281383352817
123 10.806287934788926
124 11.023973528182065
125 10.388771144915955
126 10.300219694545879
127 10.894701913151255
128 10.519282100168246
129 10.65641179275296
130 10.41540269551561
131 10.511252668779026
132 10.388734022720183
133 10.776189979379174
134 10.698966902872693
135 10.698130217503312
136 10.617157072912658
137 10.79503274083712
138 11.202952019649809
139 10.506302327966893
140 10.84131120386051
141 10.45037504553838
142 10.372704113761088
143 10.385482903899305
144 10.560951928567434
145 10.783256479351694
146 10.183577718977578
147 10.635876076955332
148 10.607145793698361
149 10.321831467300976
150 10.371799091760156
151 10.303374390982789
152 10.368170191734864
153 10.509086905814511
154 10.680487229048813
155 10.509195818316318
156 10.811444959291967
157 10.533510272588902
158 10.234540943125433
159 10.156123017162889
160 10.963967131589937
161 10.794288432951893
162 10.441222372577226
163 10.715137141949631
164 10.363643793821094
165 10.408929895455131
166 10.777971097015104
167 10.379416817176466
168 10.39463381249108
169 11.046767032807969
170 10.32062931434804
171 10.099173776911602
172 10.751085308725939
173 10.778085454603165
174 10.41529098654321
175 10.893018048201586
176 10.134003181503195
177 11.20328117780547
178 10.335526100754704
179 10.229598758816271
180 10.498962362510367
181 10.560999096504256
182 10.874021260003577
183 10.607230621704469
184 10.826056270404205
185 11.168061151202524
186 10.635116775803676
187 10.744237380512779
188 10.91506609505174
189 11.2009484419863
190 11.344767207377952
191 11.185375910100227
192 11.213363285665205
193 11.512979600935253
194 11.42284044591138
195 11.384406377047002
196 10.847941249433662
197 11.107414931587838
198 11.046473035498716
199 11.113677406596757
200 10.860633275016442
201 10.981264040261118
202 11.564247850791645
203 11.334792789336852
204 10.502875461212048
205 10.506172395776966
206 10.717768582010557
207 10.979103513260016
208 10.739192490389316
209 10.540429253748476
210 10.646843827131287
211 10.558654051692178
212 11.086216411776936
213 10.442909011920184
214 10.654202469980934
215 10.715861919339792
216 11.015774069453974
217 10.51440970155873
218 10.482038357373595
219 10.328234893181149
220 10.50282479774584
221 11.029264886362016
222 11.119656783639812
223 10.87150841678171
224 10.595412238943805
225 10.444574174520886
226 10.843856858411385
227 10.495251776119831
228 10.80956705516599
229 11.065020772213076
230 10.607161459914611
231 10.682647395412504
232 10.165442817737699
233 10.80229535568877
234 10.701689690908907
235 10.092321671780915
236 10.840723341497249
237 9.933167234898782
238 11.878041644909654
239 10.489186426148844
240 10.6312518910348
241 10.064153468733824
242 10.545473289161455
243 10.324112591698219
244 10.204015742938134
245 10.430431612577072
246 10.301154101592411
247 10.537998257163062
248 11.173608029650547
249 11.169326047969545
250 11.588141657461017
251 10.896168052342597
252 10.64608927060272
253 10.522529523604915
254 10.410005784693274
255 10.17930319921168
256 10.430919444608135
257 10.27177322942006
258 10.162467265452424
259 10.136260301800219
260 10.282395624472606
261 10.562791055943919
262 10.208420227963241
263 10.294247892292463
264 10.005931239981805
265 10.383328065435391
266 10.483018500184135
267 10.28694596490358
268 10.591446935678434
269 10.198775836225833
270 10.19794579128369
271 10.163642177123295
272 10.311539262362748
273 10.51906375251754
274 10.134484217018803
275 10.534700625419834
276 10.516903512460804
277 10.431455314055974
278 10.792642345268169
279 10.011071460331644
280 10.296351291771265
281 10.026408838008907
282 10.393217708989592
283 10.455764412864479
284 11.106142031968497
285 10.949309619554011
286 10.993774590979768
287 11.273919028486755
288 10.947105541025733
289 11.253954356108581
290 11.163260725072483
291 11.083783454483056
292 10.728979128572057
293 10.44017393093931
294 10.28947144405629
295 10.718138887908534
296 10.524475163320854
297 9.799583466273083
298 10.224182582697093
299 10.317254328288245
300 10.276338616773947
301 9.827088426797303
302 10.802796725080409
303 10.494783683060597
304 10.431728533592478
305 10.621306615107816
306 10.50099735566067
307 10.657040740270448
308 10.457057550817233
309 9.960301808783926
310 10.364034982115403
311 11.045938134317435
312 10.499646402003771
313 10.545129215085334
314 10.710639945258109
315 10.536548941109135
316 10.23559952795373
317 10.173771602807486
318 10.58551301335672
319 10.302767770396132
320 10.405656128651094
321 10.919096976878599
322 11.35442058511274
323 10.24810928935769
324 10.39922269351912
325 9.832606396843136
326 10.226150065531954
327 10.051649358560761
328 10.263160735816426
329 10.457801533718106
330 10.259978066002386
331 10.230624296107878
332 10.786164227534588
333 10.329360875364355
334 10.096408643032156
335 10.226117297465354
336 10.56513277147607
337 10.30374847486897
338 10.604995237812288
339 10.363689686758784
340 10.180450885450188
341 10.969097743418844
342 10.350514986586711
343 10.131446510177156
344 10.193285973733966
345 9.874629516494078
346 10.256295952621468
347 10.711636199937827
348 10.513525492393958
349 10.006496406071433
350 10.984176010560823
351 10.154433100470886
352 10.151626539613682
353 10.120295342351028
354 10.487373501576336
355 11.538851323998616
356 10.496570191371534
357 10.753948365697246
358 10.00126249899452
359 11.280729783808441
360 10.426263645324308
361 10.873328688335132
362 10.753941480747766
363 10.926197438254599
364 10.845551361299163
365 10.737472499494636
366 10.27138228107387
367 10.426163218690316
368 10.158047013587682
369 10.20094004196656
370 10.420995098967474
371 10.345976523172979
372 10.477420886028732
373 10.420800080665888
374 10.128568162603246
375 10.611317255184264
376 10.614338702699403
377 10.816066375697456
378 10.324749545752018
379 10.304507415590955
380 10.155372006437238
381 10.319416802115198
382 10.283686945375933
383 10.893308563647212
384 10.654835442590093
385 10.669061541951192
386 10.529905615857771
387 10.129056330685462
388 10.221500051453772
389 10.590053871376542
390 10.602288577734349
391 10.012143520138153
392 10.18892932281372
393 10.361226709288191
394 10.329902543775944
395 10.016658133096533
396 9.866452509164898
397 10.572551139371342
398 10.370997772058837
399 10.318531136025909
400 10.636464472651515
401 10.282381465725646
402 10.6192274291745
403 10.445989454049595
404 10.334358217922954
405 10.306351987078626
406 11.0460266436589
407 10.501496522285516
408 10.762524150721564
409 10.164746347042326
410 10.487611139958325
411 10.723585398383626
412 10.696957771150393
413 10.511588674202038
414 10.561821722601293
415 11.044506699697592
416 10.479147799976644
417 10.475967910389315
418 10.779421114312917
419 10.228444282840549
420 10.224075993893399
421 10.336018486897922
422 10.267679293335203
423 10.057346139939396
424 10.000654321933974
425 10.774204822990045
426 10.546416565553617
427 10.306415394603153
428 10.50228305507948
429 10.427904169001462
430 10.12011278191553
431 10.263651224981778
432 10.325950130233384
433 10.371603173054496
434 10.501186028580632
435 11.119226817155653
436 10.45702367287004
437 10.54652174610036
438 10.489446667194281
439 10.435219395436738
440 10.480374119386704
441 10.58887084189144
442 10.053117923182239
443 10.216150695622279
444 10.321598038093708
445 10.399290754483689
446 10.449213429689456
447 10.193785555744949
448 10.67913224876863
449 10.155144982984302
450 10.852840739324751
451 10.216576645999888
452 10.014438452520386
453 11.184856090496737
454 10.346386577028916
455 10.487978424881076
456 10.14610308474833
457 10.401141276042406
458 10.915211262710203
459 10.800107098873807
460 10.629675286724757
461 10.439401426129916
462 10.545640940244796
463 10.58551919421127
464 10.278614149297287
465 10.75798318709294
466 10.146272094118693
467 10.53413294778603
468 10.340770504191573
469 10.485434554166982
470 10.354499686037657
471 10.279694138453563
472 10.564819370294218
473 10.116153172505337
474 10.707289196994344
475 10.052202417342658
476 10.533090233440815
477 10.30124401702352
478 10.167773579735275
479 10.760446580584857
480 10.15836088767529
481 10.575110201004128
482 10.38837805587486
483 10.205508058515262
484 10.146718692378137
485 10.454105960105053
486 10.643503587781398
487 10.407983510761278
488 10.544958514074233
489 10.283940631603695
490 10.390541470815162
491 10.128709433569185
492 9.928000325785826
493 10.440834128029058
494 10.404915121002135
495 10.375343265153546
496 9.88512943454329
497 10.269288933647816
498 10.589616134259131
499 9.998262747664091
500 10.226177480502624
501 10.581847578830132
502 10.161032963138572
503 10.336558981028563
504 9.930893469126206
505 10.093891789054064
506 10.63075255679206
507 10.649275304051024
508 10.288506185984357
509 10.151369100239743
510 10.105854262725964
511 10.513142641454156
512 10.165041879397528
513 10.514193415646098
514 10.087221567407349
515 10.006775593933167
516 10.357955636489304
517 10.26986981076565
518 10.558854151463814
519 10.726982957506818
520 10.04619862779766
521 10.25813335608559
522 10.80486179735222
523 10.341200453028017
524 10.12080914122358
525 10.252855359178687
526 10.312376016004134
527 10.18127157812592
528 10.36957134610633
529 10.63085704093924
530 10.088842973908783
531 10.38402891862547
532 10.131486391369789
533 10.224570246896208
534 9.934387957228404
535 10.189713286773566
536 10.248609713141308
537 10.533261698089927
538 10.266573338966314
539 10.468711409520179
540 9.788517819745847
541 10.169002682618878
542 10.116962813245577
543 10.229047235752661
544 10.368460955968223
545 10.042611494575628
546 10.47773874049222
547 10.968046979671433
548 11.163810670988749
549 10.561982349477695
550 10.67617511394085
551 10.572483975702163
552 10.128922917400395
553 10.3205171208781
554 10.032144346964609
555 9.89703576672244
556 10.28671811786979
557 10.637554687036072
558 10.527944019319877
559 10.710288441959307
560 10.250629268589599
561 10.3686383881937
562 10.294564257111167
563 10.366389396770517
564 10.305996967417585
565 9.806804349110612
566 10.471626061450324
567 10.177425227259068
568 10.105216265097496
569 10.354330324990768
570 10.41678549299852
571 10.050074943076144
572 10.793961597602006
573 9.878050348462184
574 9.969105488520372
575 10.09860804945356
576 9.61478193913492
577 10.156294190120574
578 10.485354489292643
579 10.039023496325827
580 10.882896487879734
581 10.161717904142751
582 10.747712940984092
583 11.029592749581383
584 10.714081245356207
585 10.97737588836176
586 10.292346216061862
587 10.418779241817878
588 10.456246268577997
589 10.376820616968566
590 9.766916079307252
591 10.424682293894817
592 10.055372268115146
593 9.610343637608672
594 9.990716899603736
595 9.38860658826871
596 9.890967239241057
597 10.137323485280195
598 9.990067883760078
599 10.320501314140087
600 10.393808917181383
601 10.742931377930924
602 10.077736630198864
603 10.232080481804198
604 9.89698619859077
605 10.281434827211573
606 10.038070361239367
607 10.088079630489144
608 10.086526259491283
609 9.609154481685046
610 9.860052848871259
611 9.761666344354746
612 9.87620531034077
613 10.02348706536211
614 9.940767583829338
615 9.586308465714826
616 9.826300594174159
617 9.554661080137866
618 9.498141563398478
619 9.897285739287968
620 9.798068864298578
621 10.01932155686958
622 9.87913573290551
623 9.89416496364171
624 9.712654442537595
625 9.985982927180983
626 9.742321603632496
627 9.657929470409542
628 9.878309136412316
629 9.937024171212151
630 9.581910096740975
631 9.654731982970674
632 9.834094785193473
633 9.989831935912687
634 9.425919581874297
635 10.125401550918616
636 10.069114893327175
637 9.918365299159825
638 10.009224488126204
639 10.42104898492562
640 9.571617889635709
641 9.646105664669246
642 10.188141346574106
643 10.139104145518923
644 10.040377070716453
645 9.78473417311393
646 9.939315144673547
647 10.279869418006731
648 10.28878129781644
649 9.903854700904278
650 9.589968909871585
651 9.692532998041546
652 10.222795614495206
653 9.907819140046755
654 10.152008537969742
655 9.671093438208642
656 9.886174002807074
657 9.739157940735835
658 9.75256249710169
659 9.21492402451392
660 9.902573639293676
661 9.934294275236237
662 10.291222154797193
663 9.610647573283556
664 9.792267819297914
665 9.66400365299317
666 10.092222688745922
667 10.348121924339079
668 10.234543948320768
669 10.273788783247596
670 10.109041686664016
671 10.238460786499225
672 9.844724502933817
673 9.580246500241305
674 9.925925158066665
675 9.89312681379641
676 10.261750046716019
677 9.717417462844509
678 10.278139864815076
679 10.064504001248672
680 9.993100325857068
681 10.162810422715546
682 9.743057943600618
683 9.358711158355177
684 9.22472280462468
685 9.580074639547236
686 9.950899807380441
687 9.691175032239125
688 9.774397027175171
689 9.530370100685177
690 9.619708262317104
691 10.144994076079415
692 10.179284024150263
693 9.960753958083739
694 9.407182652066256
695 10.378040611169356
696 10.165405847733203
697 10.064133922971921
698 10.255180852727348
699 10.402441848097938
700 9.731195133279241
701 9.890673092004702
702 9.840361967511884
703 9.325145409938331
704 9.406069106922372
705 9.635155108055422
706 9.981158164048765
707 9.773072535665086
708 9.830291559410364
709 9.570405943394896
710 9.761163492792468
711 9.839605550006484
712 9.802472121699376
713 9.866819860517715
714 10.031773915551254
715 9.882240956535226
716 9.271755412174095
717 9.778454240039324
718 9.398098910377499
719 9.593122974260082
720 9.934888995921623
721 9.739613042276366
722 9.500769503383237
723 10.271502207588666
724 9.50964225160355
725 9.812592195816231
726 9.822923444692522
727 9.735606854211335
728 9.695825093780108
729 10.004164670778874
730 9.770857189759543
731 9.686943460785823
732 9.595130347772457
733 9.75555716835193
734 9.535979039488323
735 9.754524890227144
736 9.66040568227151
737 9.876459395130656
738 9.769557456927469
739 9.470026608898484
740 9.326197684786226
741 9.56088119798173
742 9.365189208568008
743 9.826899243718062
744 9.553608500168382
745 10.027227479058425
746 9.823841193978218
747 9.92823553303584
748 9.735618370370446
749 9.466586999253575
750 9.934041891330002
751 9.977356736334722
752 9.641846781630345
753 10.09377647200087
754 10.679616635870687
755 10.260845200244209
756 9.956428751971215
757 9.636057818684149
758 9.78348032097879
759 9.520946413021067
760 9.475312326575569
761 9.567930755965872
762 8.68561051143296
763 9.095919378490557
764 9.347211159859672
765 9.573800077424918
766 9.203514109386406
767 9.482403665057658
768 9.512351247533154
769 9.644127695035046
770 9.763062245549591
771 9.770918348216084
772 9.683387893619784
773 9.940593934849247
774 9.950735772912973
775 9.290864078722377
776 9.51930215050168
777 9.919959489194595
778 9.661582634052227
779 9.195590634835186
780 9.325506124586934
781 9.598840615176941
782 9.261090474141863
783 9.746404604682393
784 9.861677721152244
785 9.669645767435256
786 9.468624133606944
787 10.283565210280114
788 10.085478687675622
789 9.910821427200661
790 9.597805695834003
791 9.82923505890494
792 9.840051493897727
793 9.411336934842078
794 10.00245061703016
795 9.963480987756526
796 9.686459892063565
797 9.587990410523155
798 9.690562168376285
799 9.80510820992416
800 10.347072598849383
801 10.03020710627581
802 10.23629992247299
803 10.274963413628447
804 10.332036683583807
805 10.245907163799203
806 10.40898450327533
807 11.045741474553443
808 10.227332319853378
809 10.595210292717802
810 10.480996410141318
811 10.722590915315882
812 10.439196081849081
813 10.204090610344931
814 10.376639949459953
815 10.43964156932829
816 10.082757970754026
817 10.122207698804749
818 10.392086932759478
819 10.523815727310442
820 11.075256965852654
821 11.0789090954514
822 10.738523982282954
823 10.109025354473722
824 10.570005996481399
825 9.879469499202623
826 10.29907452564437
827 10.76067139997531
828 9.640432554984862
829 10.836952248169657
830 10.53656015891636
831 9.778739272853757
832 10.525899146309273
833 9.975682644049746
834 9.962598124748569
835 9.816775364005878
836 9.596365709774025
837 9.546319373807773
838 9.30438614635281
839 9.183034813960655
840 9.14665410091694
841 9.221210331150171
842 9.241303318597359
843 9.616319234601672
844 9.690237659054562
845 9.90274523058233
846 9.746417631475886
847 9.336028799382483
848 9.537056718907321
849 9.463900427414359
850 10.07157354528845
851 9.340361201080086
852 9.604738471565762
853 9.069711553662946
854 9.96069183589327
855 9.635386043127697
856 10.030071825545628
857 9.545383385331426
858 9.49860529534299
859 9.430950473411215
860 9.407743761108806
861 9.99241522621213
862 9.797086195579922
863 9.712905275017459
864 9.571280826930185
865 9.615621170713965
866 9.5071266068976
867 9.732096297241842
868 9.587877814169632
869 9.703560505710868
870 9.91571654231435
871 9.975986140197506
872 10.177655429623302
873 10.552601347414528
874 10.102983991639187
875 9.97223930618247
876 10.262386843609898
877 9.927222577997707
878 9.922541385629746
879 10.0881754641832
880 10.282041399974089
881 10.339217715370518
882 10.410481834828559
883 10.407990819330575
884 10.79466327385358
885 10.372738814148518
886 10.484588123270184
887 10.41393375977688
888 10.428893296241073
889 10.400857839069621
890 10.224241139272486
891 10.001000170786803
892 10.191592483463221
893 10.424787254284853
894 10.37490132543258
895 9.991846447006228
896 10.49920440967188
897 10.484934100664407
898 10.779021911540845
899 10.230180758189084
900 10.29182838984451
901 10.052221114357415
902 10.450261961525644
903 11.084133908969642
904 10.825954728106616
905 11.244432446816107
906 10.568591303048311
907 10.387645744608252
908 10.376901507963483
909 9.99042656255607
910 9.939890338611592
911 10.315343702845253
912 9.539261429788619
913 9.455711781543389
914 9.73419911938192
915 9.793373429268842
916 9.810516063237236
917 9.872429936158065
918 9.740391840614182
919 9.272628603917621
920 9.56772863519939
921 9.671545955703033
922 9.624758633705445
923 9.646231328826104
924 9.366298974079491
925 9.80496562163674
926 9.369832847644755
927 9.756126605073431
928 9.841064199043926
929 9.914581883856602
930 9.70289154345745
931 9.79007474321939
932 9.89045320178569
933 9.594994079349735
934 9.80442151213827
935 10.472908423963087
936 9.608856140554815
937 9.793532904375764
938 9.496193950218442
939 9.647671300573403
940 9.697326454290904
941 9.973361520960296
942 9.811683768740838
943 9.552189301823738
944 9.775271095548321
945 9.75917130536815
946 9.86665882049271
947 10.314239426148669
948 9.839081136115013
949 10.125786547717299
950 9.57118806725404
951 10.495129879194875
952 9.996568673290602
953 10.060233324677899
954 9.676800197173119
955 9.774844325100995
956 10.176241464661846
957 9.799888274634444
958 10.124901252877017
959 9.6466394364566
960 10.168482683203974
961 9.892385487124201
962 9.963014424173357
963 10.209124398940839
964 10.101989259677538
965 9.944284574132872
966 9.93913667211739
967 9.650651830664627
968 9.908213083749748
969 9.694018040182103
970 10.144973112684468
971 9.393823627433484
972 9.77048680709408
973 9.764441210861328
974 10.175500939391167
975 10.090124685073972
976 9.870069685833615
977 10.152081580163907
978 10.39059953181194
979 10.16048484072496
980 9.76868948409824
981 10.076947194687083
982 9.941195304947785
983 10.001497737512393
984 10.138431834814398
985 9.942473477021897
986 10.036048625666986
987 9.82213138291082
988 9.911033594209018
989 10.204779480609153
990 9.543667190492934
991 9.69046547740886
992 10.123345606925083
993 10.268220381614384
994 9.418219080067741
995 9.407578642992616
996 9.514747217762485
997 10.14519932059822
998 9.54831881164338
999 9.822471666488616
1000 9.754055940699816
1001 9.724009014463737
1002 10.133115997821928
1003 9.987708880417955
1004 9.786678685924905
1005 9.831706424714103
1006 10.091107525791726
1007 10.246053523177382
1008 10.024725895596292
1009 9.835311928750764
1010 10.279583462951031
1011 9.952961240068868
1012 10.176590113130608
1013 9.928897640882967
1014 9.987530354045372
1015 10.008325926152226
1016 10.043021544537794
1017 10.233169157048767
1018 9.915038396520476
1019 10.09648291965095
1020 9.798519473997409
1021 9.689826696655937
1022 9.905483186819193
1023 10.090732159954587
1024 9.737022019054443
1025 9.590397450532869
1026 10.271367564144665
1027 9.55055947549001
1028 9.777735381200698
1029 9.768893436015295
1030 9.956488744867153
1031 10.133897311204958
1032 9.920594419703269
1033 9.972933472664902
1034 10.038099396099293
1035 9.990877657679565
1036 9.921429074430032
1037 10.04690193366959
1038 9.974843920911788
1039 10.272987068479544
1040 10.166331858016733
1041 9.841056018726835
1042 10.129490909377733
1043 9.866834087440193
1044 9.998158537017868
1045 9.845101850715956
1046 10.247365548999655
1047 9.943037013519456
1048 10.503812792791686
1049 10.660677000683245
1050 10.30508958431067
1051 9.864488549126605
1052 9.736934923808235
1053 10.02005578687092
1054 9.802600760081452
1055 10.09164576472381
1056 9.460833877626088
1057 9.95798666610646
1058 10.215921073075554
1059 9.754932080673143
1060 9.648531507465785
1061 9.298316053009813
1062 9.289854948712142
1063 9.367702202716849
1064 9.326757167527628
1065 9.394695347726257
1066 10.026675576674553
1067 10.195065671328667
1068 9.921039299181311
1069 9.7852893176509
1070 10.101071298408174
1071 10.131059829366357
1072 9.69366206416888
1073 10.034412247510552
1074 9.528270880851128
1075 9.989544457357757
1076 9.86992902729777
1077 9.643494124810301
1078 9.742556532531736
1079 9.565562336237651
1080 9.54830826873526
1081 9.996070509925241
1082 9.770089553520894
1083 9.88694920631682
1084 9.912209660042302
1085 9.98044140961299
1086 9.993442258697671
1087 9.859042395316852
1088 9.434704443783145
1089 9.811972664440253
1090 9.872955048460556
1091 9.597221017975127
1092 9.7694023481143
1093 9.962932381706649
1094 9.772243067640108
1095 9.976526842174426
1096 9.670733446043215
1097 10.053498936447372
1098 9.824106544047506
1099 9.696942336905568
1100 9.925407629056803
1101 10.023358784450377
1102 9.931566307960404
1103 10.166216281190533
1104 10.11774885194372
1105 10.285587126146632
1106 10.163432447327935
1107 10.002446364043864
1108 10.043476740684707
1109 9.813824770359979
1110 9.590245689879831
1111 9.867744863800542
1112 9.652422585500473
1113 9.484668054868449
1114 9.645408484772723
1115 9.793652847197265
1116 9.86351791404817
1117 9.665842832458887
1118 9.544950484260736
1119 9.444047981147566
1120 9.363069510368373
1121 9.416713275253315
1122 9.772140511672523
1123 9.700992688316799
1124 9.816415900220058
1125 9.79899672451386
1126 9.63607816379224
1127 9.761804312203653
1128 9.814822381142253
1129 9.477340651161526
1130 9.82937981754393
1131 9.789777953312464
1132 9.496257061013306
1133 10.17835445073958
1134 10.05420049697267
1135 9.700366989958086
1136 9.878936623913729
1137 9.655662064615749
1138 9.914295313914888
1139 10.015801478425038
1140 9.83690663575672
1141 9.695881521541995
1142 10.419150936858376
1143 10.512727152099284
1144 9.706163262471552
1145 9.713515027237909
1146 9.65941189895453
1147 9.434819077530559
1148 9.614694617863329
1149 9.449257877075162
1150 9.392217291103803
1151 9.439243463902748
1152 9.602160813145305
1153 9.342448120398535
1154 9.847615758514728
1155 10.022800005848294
1156 9.827843007706706
1157 9.654636233671054
1158 9.767405585139505
1159 10.05703654844866
1160 9.612909786969395
1161 9.548879685116972
1162 9.852408413255207
1163 9.795002882210492
1164 9.608916706218944
1165 9.526424905340503
1166 9.043064373096612
1167 9.59152288615601
1168 9.954665025114867
1169 9.843525388203881
1170 9.739059472345424
1171 10.299933698680917
1172 9.641236775991601
1173 9.699392166817326
1174 9.974295650516915
1175 9.52239071573014
1176 9.138895924548375
1177 9.508553649189077
1178 9.46154975036506
1179 9.592784112954329
1180 9.354207498542406
1181 9.416020978164825
1182 9.764004322266336
1183 9.602807229232214
1184 9.870576575710581
1185 9.985336532501673
1186 9.494719713462294
1187 9.650655615677335
1188 9.842895437639568
1189 9.464694270021846
1190 9.715487230584722
1191 9.763131048684665
1192 9.675974035049965
1193 9.729815181014473
1194 9.726771833232403
1195 9.733142186981953
1196 9.191834214140183
1197 9.835586361067007
1198 9.756236985557475
1199 10.175681674029029
1200 10.166913121865688
1201 9.919286637838697
1202 9.785920798715555
1203 9.842282803257897
1204 9.715967202356753
1205 9.782103647983744
1206 9.864433158284129
1207 10.01931542299902
1208 10.085751495200551
1209 10.089636752258432
1210 10.11743785111147
1211 9.792666538530446
1212 9.571587816539688
1213 9.38686131162418
1214 10.142553345552631
1215 9.486908205050481
1216 9.998521721205371
1217 9.993810046618368
1218 9.74543479028951
1219 10.140605098885288
1220 9.815912960937503
1221 9.938127143644873
1222 9.568084744814161
1223 9.876826226095714
1224 10.119963270610944
1225 9.721947701396429
1226 9.658906952464891
1227 10.218570621506974
1228 9.514264916779798
1229 9.98437206516457
1230 9.414851698736653
1231 10.175495841188772
1232 9.71031294186331
1233 9.690631225381198
1234 9.558736530815251
1235 9.884498055684178
1236 9.954047671758687
1237 9.722789461325736
1238 9.400272432916983
1239 9.942338979236224
1240 9.838546697591703
1241 9.929138591694715
1242 9.99868876986801
1243 9.623976408005435
1244 9.806932834469729
1245 9.93441864229727
1246 9.927041813128032
1247 9.536759602633422
1248 9.960500389244588
1249 9.989201527910346
1250 9.540013176969923
1251 10.22661358284969
1252 9.871268089311782
1253 9.80926636234565
1254 10.021424855361593
1255 9.714347977932736
1256 10.255968061552851
1257 9.896274247034913
1258 9.93781761218993
1259 9.846726341900467
1260 9.666326148152821
1261 10.111529748285058
1262 10.154237691832018
1263 10.289712571101067
1264 9.87992525156613
1265 9.95073334983294
1266 10.038594172246716
1267 9.866096646161195
1268 10.006177888213031
1269 10.152348330133737
1270 10.002468211381258
1271 9.94757890831324
1272 9.484417055004725
1273 9.7464220029466
1274 9.566939731373626
1275 9.482339835498793
1276 9.724706771785968
1277 10.125221596823195
1278 9.974693034939934
1279 9.843453775186939
1280 9.381461191710304
1281 10.036413421394922
1282 9.889617263567047
1283 9.964840954939788
1284 9.437112670389226
1285 10.361165566178974
1286 9.712493577971024
1287 10.034809625717012
1288 9.918339632812229
1289 9.976335901985795
1290 9.837057570538295
1291 10.004376198902554
1292 10.027665106970453
1293 9.955083999371455
1294 9.552369794782589
1295 9.82867967854521
1296 10.229907964414965
1297 9.848327514705709
1298 9.947530264753226
1299 9.99054180617418
1300 10.098221395596184
1301 10.055593456222821
1302 9.937712454375035
1303 10.111314231857593
1304 10.058045662148846
1305 9.979938880872679
1306 9.93825483055858
1307 10.114874743259945
1308 10.089767031881271
1309 10.102276676544768
1310 9.966117973488997
1311 10.097968132944926
1312 10.306922353418786
1313 10.440285302498054
1314 10.10636970395657
1315 10.46390833063863
1316 9.950843411745444
1317 9.58090304829903
1318 10.09001214994835
1319 10.593610985024622
1320 10.506765356760623
1321 9.915010772439269
1322 9.98144301624502
1323 9.861012757425232
1324 10.387614515744108
1325 9.555357893010441
1326 9.973446017117054
1327 10.299825462078555
1328 10.162992166271408
1329 10.000290384472907
1330 9.762871918178169
1331 9.857201345969234
1332 9.605327195634507
1333 9.798981612589547
1334 9.714704670026643
1335 10.09550317097245
1336 10.032274187372659
1337 10.216344664599022
1338 11.080422482653837
1339 10.839424386721346
1340 10.777052709587831
1341 10.427363563433037
1342 10.178528925625605
1343 9.811425922510287
1344 9.963042152882252
1345 10.401603965415108
1346 9.785395689054893
1347 9.840946608571494
1348 10.386376081880172
1349 9.77269125496532
1350 9.828925194271445
1351 9.770863840437613
1352 9.965774250701799
1353 10.755996699965035
1354 9.9843783278717
1355 9.776233426728117
1356 9.704352262445507
1357 9.811406749796957
1358 10.05162598847369
1359 10.138150815269395
1360 10.359194491267283
1361 9.791269054319178
1362 10.118829864888117
1363 9.873022642962258
1364 9.963855539569861
1365 10.375936464782155
1366 9.591642059973827
1367 9.618475133560217
1368 9.698225253046997
1369 9.525072242230001
1370 9.85556971115461
1371 9.910457873522851
1372 10.421188171233146
1373 10.449014511206254
1374 9.560252673394677
1375 9.666822557576614
1376 9.826904284064392
1377 9.681024096173784
1378 9.563358598769982
1379 9.910878869993137
1380 9.731231624341593
1381 9.862871515698721
1382 9.909549514009196
1383 10.223762846382925
1384 10.107423047704222
1385 10.304485415748834
1386 9.744223904268326
1387 10.249899180302009
1388 10.247542745714155
1389 10.069262855795655
1390 10.178154601367087
1391 10.087410756119766
1392 10.450920901888903
1393 10.097154760206816
1394 11.001097384916735
1395 10.670312883142397
1396 10.021736641985381
1397 10.38810818723577
1398 10.997213983835744
1399 10.766371024078117
1400 10.458329224223428
1401 10.936654087318578
1402 10.669880293556709
1403 10.300872165529078
1404 11.083462371852566
1405 11.161762840156072
1406 10.992312477671986
1407 10.615968117893889
1408 10.603643152828404
1409 10.581218511260873
1410 10.60234408902773
1411 10.444315865910786
1412 10.04385582552875
1413 10.162776754586016
1414 10.389860427408586
1415 10.953969972827407
1416 10.772701816545268
1417 10.526022725111533
1418 10.186225700069922
1419 10.635129990041747
1420 10.351627124781592
1421 10.756905391430543
1422 9.88786751913787
1423 9.86413164487941
1424 10.30948845818179
1425 10.043837444020543
1426 9.792478796710206
1427 9.197179947505505
1428 9.618626375462316
1429 9.292095988246034
1430 9.018420725735607
1431 9.241079995340263
1432 9.80915832288406
1433 9.062312519368138
1434 10.144693211348152
1435 9.680236540761353
1436 10.004979114720927
1437 10.067311875937174
1438 9.544104881904685
1439 10.059601120496726
1440 9.731723066952439
1441 9.953759938026925
1442 10.067029936624586
1443 10.271858397248533
1444 9.384022850051306
1445 9.61841123452564
1446 9.13991529510891
1447 9.150831939429377
1448 9.173983355048346
1449 9.760729263353738
1450 9.246734496394364
1451 9.105964520673691
1452 8.979209766133273
1453 9.1769647778087
1454 8.816277101202086
1455 9.647636428686889
1456 9.163295041020998
1457 9.13500901725928
1458 9.846270615016822
1459 9.972978753025428
1460 10.145479560486958
1461 9.979888836066005
1462 9.96104424979531
1463 9.878658252120859
1464 9.667063711404861
1465 9.948244101956925
1466 9.965818551986468
1467 9.522778253138156
1468 9.901883185617042
1469 9.7443539304299
1470 9.834634946783261
1471 9.536579498080295
1472 9.080209731326683
1473 9.3828271652415
1474 9.640119734726547
1475 9.698947678435312
1476 8.910140265057178
1477 9.694817299105514
1478 10.287855006668652
1479 11.614409580067736
1480 12.002025825726735
1481 11.001950189458164
1482 11.151995151899676
1483 11.354009225698357
1484 11.181812956957609
1485 11.416315201649658
1486 10.96339952185025
1487 11.300608797388893
1488 11.059183544180602
1489 11.434445927056252
1490 10.855920715794207
1491 11.184507631811506
1492 11.361213147701136
1493 11.157322439868809
1494 11.744205327067123
1495 11.526542667287458
1496 11.114569048015541
1497 11.481770440786903
1498 11.280022945113886
1499 10.91614218548731
1500 11.958490345049235
1501 12.288189460354213
1502 11.916280951338582
1503 11.545857682076813
1504 11.779695565393078
1505 11.608155070666824
1506 12.119372959330605
1507 11.288284283691649
1508 11.584112115853264
1509 12.145114175221973
1510 11.95456279983842
1511 11.609575457654033
1512 11.249012032220316
1513 11.70334937976558
1514 11.412746213964589
1515 10.785796478952564
1516 11.362915299320798
1517 11.344280005533555
1518 11.363281996626341
1519 10.847271004139436
1520 10.622235575665616
1521 11.094813294212093
1522 10.495148842496851
1523 10.702702050977832
1524 12.081249952930484
1525 11.17033592045857
1526 11.375252581672678
1527 10.506300729660232
1528 10.95157915168608
1529 10.644911677488343
1530 11.204388270517713
1531 10.621048837239737
1532 10.76027482037692
1533 10.484024259460277
1534 11.23013400721553
1535 11.091727572158847
1536 12.108769797873103
1537 11.608210046602768
1538 11.228488903270383
1539 11.92995224429762
1540 11.466223309520618
1541 11.801172595652307
1542 11.057854692935488
1543 10.961334422073858
1544 10.386316264736873
1545 11.304208429543365
1546 11.167348097127574
1547 11.52025219619127
1548 10.864210494864826
1549 10.265200737857475
1550 11.147563295587751
1551 11.54972730473057
1552 11.796873861760663
1553 10.812377249783884
1554 10.819549102901853
1555 11.228276384073448
1556 11.642496842707272
1557 10.787029386258336
1558 10.93915425787058
1559 11.674445317295408
1560 11.273763584117138
1561 11.61854201888901
1562 12.328763231467427
1563 11.600005761391845
1564 11.93342352437964
1565 12.066804800620947
1566 11.580720797795253
1567 12.181895010139895
1568 11.667399556239301
1569 10.787053876719451
1570 11.263732740159268
1571 11.418094699753176
1572 11.5804397848292
1573 10.7387200149888
1574 10.77814888811175
1575 11.446026378663964
1576 11.31742907422693
1577 10.947609372179802
1578 11.97060130591891
1579 11.13962041749277
1580 11.723918833318441
1581 11.361608003090735
1582 11.190390247584165
1583 11.314425127242915
1584 11.074859350850039
1585 10.87193284067649
1586 11.22352446144244
1587 11.463519771899872
1588 11.82655162142351
1589 12.243179911721901
1590 11.345288233617161
1591 11.125818678694978
1592 11.261810415785776
1593 11.102482633115489
1594 12.113893214251362
1595 11.456783850073782
1596 11.198343201209807
1597 11.026973343523373
1598 11.939828603816615
1599 11.481201598000293
1600 11.53562835349372
1601 12.044524372319726
1602 11.839866204661448
1603 11.44664122921548
1604 11.147528809251527
1605 11.118773544291944
1606 11.1546649583739
1607 11.069523794570525
1608 12.31176287611708
1609 11.08605555443796
1610 11.308469428634318
1611 11.036037695370611
1612 10.48709798143249
1613 11.072290670915331
1614 10.973620674714486
1615 11.230956959341782
1616 12.417399693652062
1617 11.751021788515802
1618 12.048505007089403
1619 12.178966625295821
1620 11.985542330828896
1621 11.875972386374288
1622 11.880603831945859
1623 12.19108941382297
1624 12.335141677962781
1625 11.488967818131913
1626 12.0141021327089
1627 12.41749451383576
1628 11.679966970204218
1629 11.293207679069834
1630 11.025493544086665
1631 10.372411085732608
1632 11.013005836822126
1633 10.947938237760814
1634 11.471980068548863
1635 11.40178880295129
1636 11.060780222086757
1637 11.318951573722769
1638 11.375258608534038
1639 11.236214484249224
1640 11.470693083503356
1641 11.333410672294319
1642 11.999705293192093
1643 11.032324966087797
1644 11.423206918337808
1645 11.48954716228267
1646 11.958147466362698
1647 11.47879233601606
1648 10.972772888739845
1649 11.445476599794606
1650 11.702087739511322
1651 12.287379241416607
1652 11.658784633976731
1653 11.089529050658529
1654 11.117227500395133
1655 11.108287740359216
1656 11.571443678217573
1657 11.233225981298181
1658 10.890292531049276
1659 11.036010481465388
1660 10.971806137309711
1661 10.974914807491627
1662 11.218417486658595
1663 10.66593385320618
1664 10.987440687389752
1665 11.272893261409578
1666 10.672322257139307
1667 10.68926759108814
1668 10.948022016740794
1669 9.536294285749364
1670 10.743831551397337
1671 10.657471654504558
1672 11.248450987787917
1673 10.574256611650437
1674 11.03094088141145
1675 11.10676979547645
1676 10.746879150610537
1677 10.622547532252526
1678 11.253679069074959
1679 11.226137116251405
1680 10.624831792145823
1681 10.665124622579787
1682 10.787699679371801
1683 11.019818268819945
1684 11.3827938109102
1685 11.500315542499665
1686 11.102470950411151
1687 11.076192124390667
1688 11.76688191662702
1689 11.132889909027782
1690 11.070585757645828
1691 10.84599680996678
1692 10.542952063702144
1693 11.062674338267032
1694 12.12688969512292
1695 10.92291616927302
1696 10.580385965042113
1697 10.994465609138642
1698 11.351131178992187
1699 10.874610999734104
1700 11.339710212105157
1701 11.17659939588997
1702 10.303800647732274
1703 11.659590041391297
1704 10.684486214849532
1705 11.197209054079035
1706 10.787978223974399
1707 10.923299951389186
1708 11.348651788665766
1709 9.95555703834419
1710 10.951576813585392
1711 11.150444738834262
1712 11.316063640668242
1713 11.336953133904716
1714 11.84427692785596
1715 11.15496269160492
1716 12.53197351515454
1717 11.206686586273445
1718 11.186016836609921
1719 10.231127746697647
1720 10.227385007085552
1721 10.550654633493801
1722 11.101295513870445
1723 10.987330092318643
1724 10.656831559194963
1725 11.029661819629682
1726 10.595947147542198
1727 10.976094554848116
1728 10.603301668665532
1729 10.945242150559691
1730 10.601582280701345
1731 11.719597193480626
1732 11.80582132183705
1733 11.857956064482941
1734 11.35496524558092
1735 11.338952718113694
1736 10.826583210553036
1737 11.500601395325472
1738 11.522189498532304
1739 11.520684436398449
1740 11.205278186403628
1741 11.395056463064005
1742 11.5285368968437
1743 10.521901732194317
1744 10.469012925109778
1745 10.408426222834212
1746 10.400383241469253
1747 10.74164975612644
1748 10.388862466418523
1749 10.256822599080191
1750 11.099173029647
1751 10.96671852978513
1752 10.957174411088582
1753 10.459942143407124
1754 10.985929628082522
1755 11.130455731465723
1756 11.652469528790185
1757 11.582048387654936
1758 10.638541186795404
1759 11.443384964427935
1760 10.780890580720845
1761 11.771883976039456
1762 12.02674837758036
1763 11.592647327073996
1764 10.774338647676977
1765 10.699311737490053
1766 10.47474300991605
1767 10.975423564486336
1768 10.689887477082282
1769 10.342987080043702
1770 10.394183765716159
1771 10.365030366774626
1772 10.136888171220296
1773 10.832677493738633
1774 11.224260425680349
1775 11.812508016273197
1776 10.74817801837697
1777 10.724929148766531
1778 10.551959135111684
1779 10.120807785279617
1780 9.954186201943006
1781 10.430158535078435
1782 10.363365122329746
1783 10.475035253666736
1784 11.45974239004808
1785 11.57298024536952
1786 11.427941973069704
1787 11.127865409880549
1788 10.273740232131104
1789 10.557463311570096
1790 11.407592294256204
1791 10.794317484086044
1792 10.074068704537579
1793 10.905808020339245
1794 10.537449058324908
1795 11.253799424552033
1796 10.877772239812474
1797 10.195561807662841
1798 10.692791563664558
1799 10.269062237724299
1800 10.856873117018068
1801 10.909400376054402
1802 10.608289886040954
1803 10.961417813677272
1804 10.683063813587546
1805 10.204421313897695
1806 10.904824637523946
1807 11.106977245193141
1808 11.663070671564638
1809 10.899683502693739
1810 11.625952147139861
1811 11.785063781787409
1812 12.031902347207168
1813 11.560109905587383
1814 11.70386693838495
1815 11.992653376111408
1816 11.789420351564651
1817 10.790409864146042
1818 10.587924394165706
1819 10.946295308849523
1820 10.97740409523297
1821 10.935330900356023
1822 11.154034599551041
1823 11.583732587206057
1824 11.448886703771867
1825 11.252787251320333
1826 11.45519895954947
1827 11.91303814387275
1828 11.38312764388519
1829 11.618798007922948
1830 11.377686611591104
1831 12.357669717797586
1832 11.04897032392415
1833 11.172832972959402
1834 11.084544966609768
1835 11.340919237007329
1836 10.853164416683574
1837 10.904911614903005
1838 11.428435178827483
1839 10.255695528002553
1840 10.938951550563385
1841 11.061979321612007
1842 11.197610859087666
1843 10.714452741934311
1844 10.58032743010022
1845 10.646517578796594
1846 10.350884238924506
1847 10.934982437768655
1848 11.196205012110731
1849 11.32466830898411
1850 11.079393579319191
1851 11.216958413174964
1852 10.561818812934028
1853 10.981697610091725
1854 11.371991869627495
1855 11.421543132510752
1856 11.00115839569293
1857 11.625595878386287
1858 11.216947121725012
1859 11.842079588794522
1860 11.700925342321488
1861 11.83760311084955
1862 11.91585170471482
1863 11.377050914300737
1864 11.284339383140562
1865 12.256592438638718
1866 11.823892407502775
1867 11.358109513621434
1868 11.541053508295581
1869 12.16023109881226
1870 11.785261114877324
1871 11.509443970880795
1872 11.544732829295725
1873 10.946824960490314
1874 12.824464208647928
1875 11.989321687798146
1876 11.822795175351393
1877 11.529814424660774
1878 11.61144430421484
1879 11.163601164508718
1880 11.192413933800898
1881 11.762940284068529
1882 11.173654108858202
1883 11.335226105058437
1884 11.667637180155657
1885 11.676934834592778
1886 11.503917413210877
1887 10.538675629242539
1888 10.442468832238186
1889 10.867372805511355
1890 11.958865862587107
1891 11.794768996998096
1892 10.876822816527095
1893 11.386761252203236
1894 11.132428727260121
1895 10.772527940540805
1896 10.144749532550689
1897 10.105732330703397
1898 10.11730362403873
1899 9.261786431432736
1900 9.672151337776366
1901 10.353693358161246
1902 11.238536099197605
1903 11.150678829628205
1904 11.508468427699013
1905 11.554534086734634
1906 11.60622785444012
1907 11.585571617255942
1908 11.146589900531469
1909 10.825604435344376
1910 12.233130515385954
1911 10.648368801089013
1912 10.915591957504502
1913 11.435840247290821
1914 11.692688654296868
1915 10.92854350333972
1916 11.544346193407048
1917 10.996562417413932
1918 11.048041288667664
1919 10.637506545874093
1920 10.881932833445902
1921 10.97479432019422
1922 10.738287307899919
1923 10.781758541006653
1924 10.322977298636312
1925 10.463104508259423
1926 11.108852074098946
1927 10.209170861397542
1928 10.470440609267193
1929 10.94899079376351
1930 11.143776378383064
1931 11.309014781491822
1932 11.333578507763718
1933 12.186280326126514
1934 12.047517211058981
1935 10.978118025731986
1936 11.441395411929996
1937 11.876241102321366
1938 11.109720731962758
1939 11.489547421681198
1940 11.566675399839678
1941 11.472110288261351
1942 12.297284489929254
1943 11.819159942528199
1944 10.707441637128728
1945 10.254778822087443
1946 10.550237066449847
1947 10.455076659858117
1948 11.566552566481466
1949 11.499136227948057
1950 11.620675739766552
1951 11.186155539483984
1952 11.186410601849506
1953 11.084420639241992
1954 10.710550625916477
1955 10.063292281930872
1956 10.215671986405134
1957 11.066930690497768
1958 10.916272807446552
1959 10.802075003033758
1960 11.452326462100778
1961 10.897791181629772
1962 11.302762815929663
1963 11.736176401986897
1964 11.460348673280139
1965 11.17479910765703
1966 11.121431551539807
1967 12.054002387106005
1968 11.662062821649206
1969 11.301941958023026
1970 10.405735301613499
1971 11.046675044048179
1972 9.803580297868958
1973 10.255461758057988
1974 10.368246701030847
1975 10.837652429068202
1976 10.400276457817283
1977 10.317211810745043
1978 11.198566523300695
1979 10.916206967513808
1980 11.560220941141814
1981 12.27589376028444
1982 11.419808453957522
1983 12.21473920463068
1984 11.798384453546799
1985 12.232491374417497
1986 11.6330862420155
1987 10.910038580342285
1988 10.93939894899116
1989 11.666595682760123
1990 11.061342186182813
1991 10.807513787651864
1992 10.302083530389668
1993 11.297397278591548
1994 10.907141415914841
1995 10.48005110353637
1996 11.178413038159647
1997 10.933346637888311
1998 10.959881982064205
1999 10.598986596860474
2000 10.716262926498123
2001 11.134572504690247
2002 11.64796517273924
2003 11.193002046512815
2004 11.282028221296518
2005 11.443333532616919
2006 11.94554984619245
2007 11.224516544376481
2008 11.00244651884136
2009 11.021288203012649
2010 10.932066629024654
2011 10.590049166887002
2012 10.935202872501481
2013 10.969766518044455
2014 10.91498016576388
2015 10.265256517616626
2016 11.493018471685415
2017 10.680601577115182
2018 10.736802690168094
2019 10.615715557242448
2020 10.699335698962093
2021 9.903980285170459
2022 10.750484417972215
2023 10.996574862998989
2024 9.760414355934934
2025 10.21001434179731
2026 10.070705008832574
2027 9.767055095593273
2028 10.582208567768804
2029 11.219037646963843
2030 10.788307003396925
2031 11.565625190404095
2032 11.059584295894112
2033 10.66770274677608
2034 10.773496300601236
2035 10.804728204807535
2036 11.001117955999659
2037 10.812663632513377
2038 10.872250642797505
2039 11.472324380168905
2040 11.413512827974914
2041 11.514418636849243
2042 10.950334086300504
2043 11.570314021666146
2044 11.363609924306417
2045 10.856344862121558
2046 11.519500441721434
2047 11.265080502978012
2048 11.065033555991999
2049 10.792279042717686
2050 11.007319342126127
2051 11.21817969159436
2052 11.310001531648417
2053 11.087374067444824
2054 10.989243156030835
2055 11.213749983913022
2056 11.536159799129226
2057 10.882701582586638
2058 11.086780925644147
2059 10.692517073580982
2060 10.980205139380429
2061 10.96736245201561
2062 11.150508397991864
2063 10.363756375381858
2064 11.538224456769699
2065 11.135198889555884
2066 11.485690981622081
2067 11.191933806219014
2068 10.959493070923564
2069 11.088715655607054
2070 11.479478933795084
2071 11.66314368279032
2072 10.99208941125039
2073 10.85566045944392
2074 10.768750540210329
2075 9.811792001539256
2076 10.782690094981636
2077 11.062802100518978
2078 10.404571495925603
2079 10.424098633934493
2080 10.926308505147876
2081 10.495309180085853
2082 10.422871105233973
2083 11.250313323949259
2084 11.060185479357136
2085 11.437754344867503
2086 11.607657976642418
2087 10.26346279490696
2088 10.203650186965122
2089 10.82280048493937
2090 10.29817920053522
2091 10.237867353073804
2092 11.071919970513266
2093 11.157587407618195
2094 11.342243662555827
2095 11.504892020563641
2096 11.169034051364132
2097 12.171913844755828
2098 11.774436613525543
2099 11.486389815629801
2100 12.14054427308174
2101 11.608956547211788
2102 11.576738408914274
2103 11.37465113778388
2104 11.406315786791072
2105 11.463936063914765
2106 11.126965935659886
2107 11.334598181424754
2108 11.255744692461086
2109 10.658409955155005
2110 10.824271865293518
2111 10.803811131451145
2112 11.443091988925403
2113 10.518451620343845
2114 10.706355540447042
2115 10.477259275037149
2116 11.08254864732248
2117 11.790814297441203
2118 10.99765258770657
2119 10.598455650280817
2120 11.134179983139461
2121 11.515488730507963
2122 11.17590553403702
2123 11.404159110739256
2124 12.062983542013653
2125 11.453144033929494
2126 11.936889067371068
2127 10.41088054707388
2128 11.012989063311448
2129 11.515926792718107
2130 11.22108557671883
2131 11.546412987633447
2132 11.080431138359621
2133 11.284815824999631
2134 11.183637745197792
2135 11.956576765390965
2136 11.673439821905001
2137 11.428778332155844
2138 11.644294571474582
2139 11.493288851655239
2140 10.841340971956367
2141 10.830379630174177
2142 11.337640699932
2143 10.255683177029166
2144 11.546176447350845
2145 10.440658863676122
2146 10.646027427649447
2147 10.764597550901259
2148 11.157946459265121
2149 11.342672276449193
2150 11.322698965205213
2151 11.693702811789272
2152 11.95255064964534
2153 11.260319744263947
2154 11.386590620392978
2155 10.563354998539408
2156 11.638025590228903
2157 11.330154694698138
2158 11.42748044971836
2159 11.874952280258206
2160 11.429415671165842
2161 11.079016511951982
2162 11.05241784154248
2163 11.58048677821905
2164 12.46190786563193
2165 12.767316235831235
2166 11.988513669138928
2167 11.731618358046637
2168 11.30991014847849
2169 11.481410399029091
2170 11.254089523001703
2171 12.116191450999152
2172 11.988087532819108
2173 11.614197581803175
2174 12.057855694112575
2175 12.749573589431373
2176 11.914840776487143
2177 12.565117722257934
2178 10.92806401162855
2179 12.383323833874426
2180 11.972996329787547
2181 11.603926069992479
2182 12.443559646950405
2183 11.926787659645003
2184 12.447783709724343
2185 11.888074897530885
2186 12.0943854003454
2187 11.387026503168393
2188 12.226075055494933
2189 11.882316436787816
2190 12.412365401252968
2191 12.67696795611577
2192 11.546554696652812
2193 11.685860294132882
2194 12.085441093174992
2195 12.267395040248001
2196 12.520218471751615
2197 10.689354925020524
2198 10.960311344223376
2199 11.846828188087123
2200 12.018739107903171
2201 12.091760851702805
2202 10.880983727726958
2203 11.212703153151889
2204 11.14013236261029
2205 11.244392430767515
2206 11.64129490892013
2207 11.541965869285207
2208 11.726096220162978
2209 10.587241446714733
2210 11.49575973452649
2211 11.14811612354523
2212 11.854311985036663
2213 11.749173918995611
2214 12.297836867937095
2215 11.89740034298672
2216 10.7388198716383
2217 11.238498509046517
2218 11.476913423982694
2219 11.908903263438022
2220 11.570208710407526
2221 12.150069051976592
2222 12.168881113790082
2223 11.382140390495364
2224 11.776770932172388
2225 11.183201487714301
2226 11.32501721615989
2227 12.240171370517041
2228 11.985488169994284
2229 11.666039096481473
2230 12.411407458772288
2231 12.05678339841661
2232 11.593239401545805
2233 11.32398150210664
2234 11.812186872642016
2235 11.983450488394366
2236 11.154931366126645
2237 11.431012522728569
2238 10.93929939786514
2239 11.427474512029729
2240 11.393106945714873
2241 11.246923728316384
2242 12.093121521213629
2243 12.036039741283677
2244 11.523471268668574
2245 11.57799150573123
2246 11.9025997257794
2247 12.150212257945386
2248 11.284196536934173
2249 11.302235030047303
2250 11.323010392744422
2251 10.569054087598849
2252 11.00763657881907
2253 11.273700416298237
2254 11.634739762555473
2255 11.939859610848279
2256 10.595442744861915
2257 10.94931598649127
2258 10.860093061312664
2259 11.3848752214252
2260 11.294937288740966
2261 11.387050688297125
2262 11.017560995542743
2263 11.091061323357245
2264 11.264674831133888
2265 11.441532104039775
2266 11.81997418545334
2267 11.560943858405096
2268 11.917358476277625
2269 11.78166517597551
2270 11.585764513058756
2271 11.394452545265946
2272 11.801493492809584
2273 10.951692010587996
2274 11.372304097652668
2275 11.424459429483887
2276 11.055492403014062
2277 10.872624031801697
2278 11.215854309502394
2279 11.079068652898288
2280 11.002076899903761
2281 10.645917571620178
2282 10.82397943871221
2283 11.077507976260145
2284 11.555496713453653
2285 11.570588707595732
2286 11.13496215318134
2287 11.39077450986003
2288 12.003664974522804
2289 11.552033101943604
2290 11.271535672415718
2291 11.241859711021226
2292 10.588094337687215
2293 11.117467694819716
2294 11.38295666426081
2295 11.696287194021513
2296 11.618503385998745
2297 11.463116372625352
2298 11.674516697981806
2299 10.951775193646153
2300 11.50823155600707
2301 11.342108162425447
2302 11.495729795070519
2303 11.636189585186187
2304 11.412725016002044
2305 11.934553833477729
2306 11.524094860455874
2307 12.19406108623257
2308 12.057203775746949
2309 12.08354204605418
2310 12.36714018481635
2311 12.428494328145606
2312 12.279120983506418
2313 11.897102172034007
2314 11.217311176867955
2315 11.198546057237241
2316 11.032801459107246
2317 10.993980961851605
2318 11.22345793891783
2319 11.482103707103787
2320 11.760804193141611
2321 11.321602377189695
2322 11.754078470831828
2323 11.168441480830722
2324 10.566217343379016
2325 11.466620584624858
2326 11.351139958681452
2327 11.184674528472806
2328 11.776692206506787
2329 11.600395453566694
2330 11.921957386910297
2331 11.338342707808366
2332 11.222460823240759
2333 11.86357156438551
2334 11.738201326264528
2335 11.591755346800902
2336 11.19689975473354
2337 11.466159225064821
2338 11.420244158028948
2339 11.056371345824134
2340 11.351739075683167
2341 11.577895777803075
2342 11.282123598880622
2343 11.096585314323335
2344 11.086460844372391
2345 11.562272186466467
2346 11.237322738313438
2347 10.932331180654579
2348 11.007637865362693
2349 10.817670924834836
2350 11.520271829668799
2351 11.163114364142336
2352 11.62305347286879
2353 11.168834185131127
2354 11.290274176242225
2355 10.476205435830048
2356 10.716873232301444
2357 11.192408698290727
2358 10.80693587101303
2359 11.037262666551525
2360 10.977909380392552
2361 11.669669506495135
2362 11.060937041980239
2363 11.414128558503126
2364 11.557123718340849
2365 11.686237351494594
2366 11.615202000991571
2367 11.078469203722463
2368 11.06992182902302
2369 10.676924605478606
2370 11.809228693925025
2371 10.69600123345677
2372 10.890121138730152
2373 11.136295611955347
2374 11.936095083288034
2375 10.964583006253328
2376 10.797649534960449
2377 10.524554572463916
2378 11.195964030050082
2379 11.926648423775383
2380 10.615879937704051
2381 11.292530739730969
2382 10.61613873195848
2383 10.969003724178021
2384 11.063157036827667
2385 11.089919433949976
2386 10.605069422136692
2387 11.291717565775073
2388 11.715232399560035
2389 11.430743133619718
2390 11.453463526410399
2391 11.74015768650043
2392 11.57202168694378
2393 10.652560558811679
2394 11.596434271911795
2395 11.76694304667367
2396 11.814376149638575
2397 11.322179650054755
2398 11.443877136566979
2399 11.70706733566747
2400 11.907556807420146
2401 12.06154189661525
2402 11.31855497563116
2403 10.90066175614255
2404 11.518463585219685
2405 11.383168505695524
2406 11.477453831792651
2407 10.886927323367969
2408 11.28029150407356
2409 11.509294308412075
2410 10.870572626813408
2411 11.53666354184709
2412 11.462516509768566
2413 11.00344037615661
2414 11.585122013646926
2415 11.373800668242074
2416 11.342370342238983
2417 11.617890762576888
2418 11.886218525849559
2419 11.206184141933711
2420 11.59657371811514
2421 11.32414707477867
2422 11.275131217926912
2423 11.378737988719823
2424 11.540328217816318
2425 11.347085244085294
2426 12.064400052448372
2427 11.261440335535205
2428 11.139087554664284
2429 11.782236220962178
2430 12.333779016851633
2431 11.57715737738693
2432 10.6133768462602
2433 11.353416217010336
2434 11.142598225433275
2435 10.534789092988335
2436 10.83195397866015
2437 11.974116155323511
2438 11.322768689155666
2439 11.786844918189969
2440 12.3446232407783
2441 11.884238731664494
2442 11.62146888446326
2443 12.43203038758022
2444 11.67601584102383
2445 10.793626335669892
2446 11.27791004173051
2447 12.257143584552189
2448 11.764526379328757
2449 11.587396989665544
2450 11.954801426946862
2451 11.546059706813105
2452 11.66138519556939
2453 11.09754983036327
2454 11.751067323691286
2455 11.61024829240277
2456 11.487390561611077
2457 11.078640391863747
2458 10.79265302127826
2459 11.33526883727725
2460 11.506003011209353
2461 11.223779699754777
2462 11.53128889897211
2463 11.518225863296259
2464 11.415391207273524
2465 11.548129123993164
2466 12.035722869644626
2467 12.19833219831808
2468 11.694536310532774
2469 11.57334051042578
2470 11.778257546599136
2471 11.268442852434271
2472 11.040387242042696
2473 11.736672910796308
2474 11.734929711554935
2475 11.511227286573176
2476 11.486526476324237
2477 11.549020288809574
2478 11.881703719260038
2479 11.015391691805322
2480 11.713608690079912
2481 11.799642989778413
2482 11.700578072358239
2483 11.725085683204771
2484 11.760726861087226
2485 11.951501659075054
2486 11.815260897726384
2487 11.675221416390503
2488 11.9449815939815
2489 10.877454152133403
2490 11.726397393016159
2491 11.562166031189427
2492 11.670070029654534
2493 11.20676618383753
2494 11.8562900302308
2495 12.028509439905182
2496 12.596670947524236
2497 11.384785036064068
2498 11.900759992917877
2499 12.247324869991397
2500 11.801574399295145
2501 11.34447028459328
2502 11.90186067297559
2503 11.777607555004519
2504 11.258260182993503
2505 11.688098142316063
2506 11.710698584835553
2507 11.466817748094414
2508 12.160570615860168
2509 12.171532931646192
2510 11.599768935292005
2511 12.420121381278111
2512 11.911867307623668
2513 11.880401139047349
2514 11.6134537329285
2515 11.33395763991441
2516 11.232864438938945
2517 11.496286753252532
2518 11.78132358981199
2519 10.649411842752537
2520 11.72550668473639
2521 11.056869481137864
2522 11.532921903469694
2523 11.196005354410975
2524 11.63264851964733
2525 11.63635329503336
2526 11.471238656803113
2527 11.373143782729397
2528 11.755507308288156
2529 11.818508538784736
2530 11.5138071610707
2531 10.900384507171204
2532 12.270815196806986
2533 11.034669088638408
2534 11.54948932847976
2535 11.67680413926961
2536 11.14004939022291
2537 11.347798368833505
2538 11.579519597215986
2539 11.71610983109273
2540 11.52900100535391
2541 12.439083785836468
2542 11.420816623803576
2543 11.171890684935997
2544 11.500474283441477
2545 11.689837888732848
2546 12.086944779247052
2547 11.48760786875638
2548 11.446230114937643
2549 11.41275203171948
2550 11.346032523847976
2551 11.263892695798093
2552 11.984299568175897
2553 11.600736464723465
2554 11.752566052834883
2555 11.796347531174057
2556 11.575449057541098
2557 11.43208784873648
2558 11.752479493145831
2559 11.460869549660602
2560 11.591544095104474
2561 11.762470603989966
2562 11.479924455896976
2563 12.22846432945291
2564 12.08727925684731
2565 11.413755850661564
2566 10.791886559632374
2567 11.69074716869198
2568 11.452321578587506
2569 11.165100666269506
2570 11.679302713959975
2571 11.322271041220729
2572 11.28502422046308
2573 11.057517002136281
2574 11.555811068407824
2575 11.724118374326244
2576 12.097848959469504
2577 11.714772878800925
2578 11.91192863471064
2579 12.041230551041444
2580 11.247438471772364
2581 11.099617834606018
2582 11.395797148628715
2583 11.272516470683504
2584 11.246135382474655
2585 11.566244337749302
2586 10.980614349225828
2587 11.121894261756943
2588 12.315633353372624
2589 10.848736518691823
2590 11.170132832645688
2591 11.261863103571935
2592 11.100070770907028
2593 11.653545749332794
2594 12.016395288717975
2595 11.166729898581156
2596 11.79236726661199
2597 11.84910004822245
2598 10.532995161198356
2599 10.890717562136583
2600 11.746038093921637
2601 11.42327383008604
2602 11.392896902269609
2603 11.527484112318588
2604 11.587272608996654
2605 10.781236090118826
2606 11.172633243770855
2607 11.646856976902301
2608 11.759246036377936
2609 10.82258037137846
2610 11.201497935175452
2611 11.0715391338917
2612 10.341301367959362
2613 11.604430384864052
2614 10.71100317546701
2615 11.469198184664464
2616 11.259391104479892
2617 11.119651144010154
2618 11.573585134394701
2619 11.721680207726243
2620 11.738864474535497
2621 11.167301637145865
2622 11.13697621792461
2623 10.98323395903919
2624 11.453737723362504
2625 11.85259319285245
2626 11.311603589391925
2627 11.243163176571256
2628 11.609843472742979
2629 10.86466477023621
2630 11.526357235037578
2631 11.648692565725128
2632 11.074288242972813
2633 11.957088891014978
2634 11.478183757256248
2635 11.142264121983875
2636 11.452961787247277
2637 12.50729630672642
2638 11.00353527371129
2639 11.923433124431607
2640 11.587483700798186
2641 11.700481288138965
2642 12.394707353693521
2643 11.796043802747398
2644 11.728038519777531
2645 11.641585990979927
2646 12.073715811344544
2647 11.862211736117438
2648 11.88221090645613
2649 11.331099032998482
2650 10.933526403694154
2651 11.756561243315684
2652 11.448730530054556
2653 11.586027083781085
2654 11.28138004336578
2655 10.80125868633411
2656 11.588110547395125
2657 11.170817492872024
2658 11.087550736096755
2659 11.772074896998445
2660 11.940730151271547
2661 12.247614389005157
2662 10.992215488739292
2663 11.375001153185334
2664 11.143660980780027
2665 11.953980788581301
2666 11.565606918482239
2667 11.830365521736308
2668 11.171680846426995
2669 11.702920644854775
2670 11.777143971215203
2671 12.006036739148078
2672 11.063758056891958
2673 12.307260850282756
2674 11.463601129858555
2675 11.64081676470259
2676 11.631287894686468
2677 11.642049652119034
2678 11.547684007041472
2679 12.334515807646358
2680 11.99343313296972
2681 11.876139331701436
2682 12.610224481090459
2683 11.207027612107396
2684 11.091065984003663
2685 11.302426001260113
2686 10.953358003200846
2687 11.35733541831917
2688 11.101244547781958
2689 11.652314429770506
2690 11.42500388968633
2691 11.738587079603647
2692 11.800960171260641
2693 11.651938093616977
2694 12.269101650029931
2695 12.368147991003195
2696 11.55151580233258
2697 11.369681362328691
2698 11.706456943403849
2699 11.904837125940935
2700 11.286381282163562
2701 11.787247281614082
2702 11.108429758897682
2703 11.990592768732155
2704 11.949040377369979
2705 11.34272322847356
2706 12.034794305060535
2707 11.711411496455467
2708 12.334798267530216
2709 11.998703874079668
2710 11.593194290078118
2711 12.051334948869835
2712 11.57976214336487
2713 11.085967289034153
2714 11.734933824447351
2715 12.116917074703382
2716 11.916886081301543
2717 11.978370373528415
2718 11.507561223904093
2719 11.174167831931879
2720 11.609498960375914
2721 11.718981776196161
2722 11.894357762326047
2723 11.471298652645883
2724 11.695061431835303
2725 12.201176407745532
2726 11.64020854010549
2727 12.321268717863614
2728 11.832779043982356
2729 11.957106298385316
2730 11.825884043117876
2731 12.316493381352105
2732 11.36648390775839
2733 11.71903857193703
2734 12.100104294824028
2735 11.926608598610853
2736 12.3871880077099
2737 11.169571822760672
2738 12.14343830299232
2739 11.742491400615759
2740 12.04345232876556
2741 11.856952756755026
2742 10.717332103663255
2743 11.701145031979761
2744 11.446326947513883
2745 12.217297178187984
2746 11.643595561972045
2747 11.586685562739763
2748 12.513269718119531
2749 11.617151517023315
2750 12.450376726191783
2751 11.855440995748666
2752 11.55358244018978
2753 12.009327202689569
2754 11.056299125403305
2755 11.42280952455275
2756 11.994975244517228
2757 11.832756153911662
2758 11.530458448716484
2759 12.206886916440569
2760 12.415053992932435
2761 11.811775291683464
2762 12.084688104408658
2763 11.956703097203569
2764 11.834121263338279
2765 12.404843163267458
2766 11.754311778943146
2767 12.515081564328327
2768 12.398119212860351
2769 12.275421712289969
2770 13.494828117051252
2771 11.825103716732329
2772 11.035608328280507
2773 11.046211632631625
2774 11.55938247604831
2775 10.805723498543523
2776 11.236552075431884
2777 11.322846267999642
2778 11.315796899205898
2779 11.52530722123555
2780 11.332205050557347
2781 11.377407872890085
2782 12.016151686382983
2783 12.470125207000834
2784 12.821477803780654
2785 11.938246227409813
2786 12.1268239342747
2787 11.771362863479064
2788 11.693446862738304
2789 12.595407406687034
2790 12.041739619173594
2791 12.744560605612303
2792 11.987643408176975
2793 11.902319668266594
2794 12.50988044033504
2795 12.017033442043944
2796 12.232800869254461
2797 12.698007342697364
2798 12.59138852341177
2799 12.483137681567257
2800 11.585045560601825
2801 11.969185162465175
2802 12.222348161433283
2803 11.710359282001738
2804 12.038754945404019
2805 12.33289351790645
2806 11.680165996321604
2807 11.558996992703866
2808 11.545788222902486
2809 11.518066858612107
2810 11.508191701680463
2811 12.276394996407678
2812 11.191649744015159
2813 11.63620652725354
2814 11.366066622854103
2815 11.60772837903058
2816 11.353656884556514
2817 11.325650585653138
2818 11.926326829522566
2819 11.15257589905942
2820 11.547539547814875
2821 11.82521599792606
2822 11.104218295881843
2823 11.759298054157332
2824 11.718960426009051
2825 11.972933179115165
2826 11.813380929420285
2827 11.703684389910622
2828 11.462548200240724
2829 11.485822195548906
2830 11.894083237063176
2831 11.59235972092072
2832 11.930286541412537
2833 11.720884214363194
2834 11.6884264612457
2835 11.78549602217992
2836 11.89580493383334
2837 11.438897440161789
2838 11.793533405972187
2839 11.091294637942795
2840 10.889107084936368
2841 11.680578004465337
2842 11.41225250700206
2843 11.928535322267138
2844 11.235589682030318
2845 11.612095804955331
2846 11.621390606803857
2847 11.993990778968561
2848 11.177059035019656
2849 11.343255086857095
2850 11.610871218193251
2851 11.085991318739424
2852 11.258454054532583
2853 11.666511195759174
2854 11.452538773171648
2855 11.772251151158
2856 11.755344715832324
2857 11.368338671059918
2858 11.200936046854112
2859 11.553969938316628
2860 11.544201723520237
2861 11.587994228458044
2862 11.04121844707943
2863 11.064961561908145
2864 11.207723510969469
2865 11.485304845332196
2866 11.22352806559875
2867 11.183877344088351
2868 10.843442938187254
2869 11.319072785684199
2870 11.236671288441583
2871 11.510611460143881
2872 11.027520230473298
2873 11.475814572852553
2874 11.168134091285424
2875 11.815481160373452
2876 11.181005546229514
2877 11.73185338757879
2878 11.705672092857435
2879 11.331775904860702
2880 12.166373733259233
2881 11.76394413984856
2882 11.36773563543566
2883 11.600218003783882
2884 12.788505055279193
2885 12.38202510776422
2886 12.032898317659095
2887 11.860438633086911
2888 11.64321837092919
2889 12.141444693935481
2890 11.527195001717592
2891 11.9144928587812
2892 12.023540863520585
2893 12.025099223560863
2894 11.353098815786177
2895 11.616180991021325
2896 12.305086179478307
2897 11.776478680863661
2898 11.536625838680502
2899 11.687241848218084
2900 11.670234736719847
2901 11.793286232297792
2902 11.695605023528435
2903 12.103436322965969
2904 12.080120605756292
2905 11.561705199620656
2906 11.588729132305124
2907 11.468141887529702
2908 12.004273964854741
2909 11.78937641001839
2910 12.142014697390053
2911 11.800581694147155
2912 11.747871315172386
2913 11.961040193613819
2914 11.56193212550369
2915 11.373327702531284
2916 11.501390859034672
2917 11.390292790787628
2918 11.471442852896436
2919 11.32623778158071
2920 11.26352489650564
2921 11.585095485984466
2922 11.429635668809945
2923 11.336714206549296
2924 11.583533417789347
2925 11.540087200215643
2926 12.129705655514773
2927 11.302462880662883
2928 11.890715267629343
2929 11.154603857748963
2930 11.749386292772533
2931 11.814333241538785
2932 11.159061959042592
2933 11.445103529774709
2934 11.899411592528061
2935 11.351846002947335
2936 11.55198472143483
2937 11.33089625309665
2938 11.66821693350002
2939 11.358203880520655
2940 11.469284654427897
2941 11.597240008346107
2942 11.54494596045486
2943 12.124436401262061
2944 11.607784328895537
2945 11.372758539041767
2946 11.74542258102577
2947 11.466013244737276
2948 12.00436398906766
2949 11.407109909301193
2950 11.24871025731965
2951 11.66981593211529
2952 11.604463944107989
2953 11.720253962395383
2954 11.605964684300595
2955 11.35338778350433
2956 11.691250696766486
2957 11.908724773372915
2958 12.019377550299602
2959 11.61567666093795
2960 11.42639824955675
2961 11.245713229101858
2962 11.608980455451954
2963 11.60518880583551
2964 11.593842759195796
2965 11.229841226901922
2966 10.890405705863465
2967 11.408173555528611
2968 11.587996180037834
2969 11.808431931582835
2970 11.270848317091643
2971 11.549144836216229
2972 11.397154840047767
2973 11.590809407228736
2974 11.271498372801073
2975 11.652648350541364
2976 11.70430057925612
2977 11.40747670795445
2978 11.12665957404523
2979 12.257580465196346
2980 11.75936241641725
2981 11.86826093129776
2982 12.452050886232717
2983 11.439495915765761
2984 11.629182904706958
2985 12.167731526857033
2986 11.881730474909892
2987 11.566912905577928
2988 12.014284023770855
2989 11.936925746263928
2990 12.171865325243449
2991 11.815158111048234
2992 12.074087064187966
2993 11.885575801571068
2994 12.00721088218441
2995 12.350079313951497
2996 11.471321020163423
2997 11.44717925429212
2998 11.556832551535082
2999 11.996349788108073
3000 11.543730399651338
3001 11.452073700989365
3002 10.958926245328584
3003 11.671137372152524
3004 11.697884210005899
3005 11.641907891112734
3006 11.449321533749044
3007 11.319363226881277
3008 11.243156202358797
3009 11.35328480742129
3010 11.63132544737971
3011 11.943709118219825
3012 11.357049682030588
3013 11.355991241197819
3014 11.724930112752164
3015 11.160523818819076
3016 10.936403659764615
3017 11.763798603161536
3018 11.12597188593023
3019 11.704825851246722
3020 11.349792825972788
3021 11.263418462216126
3022 11.22639225597456
3023 11.241397520591137
3024 11.519696565433957
3025 11.93589929761823
3026 11.391188298816282
3027 11.451180978790704
3028 11.092658076994484
3029 11.336125730940974
3030 11.26515918599347
3031 11.213191371653112
3032 11.24583984324634
3033 11.083433180141679
3034 11.303234945906855
3035 11.687711289125827
3036 11.321456187233093
3037 11.267442209790017
3038 11.76880013066018
3039 11.489415349714754
3040 11.793934714232963
3041 10.8355740155248
3042 11.591114659993915
3043 11.171045680886644
3044 11.547541640701203
3045 11.592357870910723
3046 12.12969577728883
3047 11.85005985636272
3048 11.91627257481033
3049 11.489634850134914
3050 11.759540755905542
3051 11.68104702599406
3052 11.745008232566327
3053 11.209115403120633
3054 11.127289417486459
3055 11.463444864128359
3056 11.020434716493018
3057 11.616768524938687
3058 11.727780692125055
3059 11.108621299375836
3060 11.739003730669706
3061 11.611649566160732
3062 11.096000560564375
3063 11.16118565066597
3064 11.633860980721535
3065 11.397071082737588
3066 11.460020925702391
3067 11.853715633468143
3068 11.375193010929808
3069 11.629212756640463
3070 11.693864884681414
3071 11.5230059781116
3072 11.222647237051538
3073 11.49187648173268
3074 11.692967643013484
3075 11.636344526103615
3076 11.277074394570507
3077 11.219948100853173
3078 11.6001661052185
3079 10.91906607171564
3080 10.993211402394556
3081 11.38649895544488
3082 11.599687999296263
3083 11.380923151013329
3084 11.19991605504365
3085 11.18465676784818
3086 11.589756899681175
3087 11.05949837884673
3088 11.390892909552383
3089 11.091895073903235
3090 11.490129894455288
3091 11.19096767307751
3092 11.384473272422479
3093 11.616193704055064
3094 11.384152264969728
3095 11.526549791686586
3096 11.434136456029634
3097 11.155391059301646
3098 11.803804220730665
3099 11.373222700058292
3100 11.0707528412749
3101 12.191411238873192
3102 12.034523132927271
3103 11.567487927099432
3104 10.935827241884537
3105 11.216781682619736
3106 11.666174956541107
3107 11.881212885937616
3108 11.435537481561491
3109 11.401647088025305
3110 11.579243652006102
3111 11.463137002678268
3112 11.157169908286237
3113 11.013315091852629
3114 11.612277066271412
3115 11.658300057402329
3116 11.678265367553063
3117 11.383990783908457
3118 11.773067209303122
3119 11.34341561794967
3120 11.585109517896438
3121 11.157723515423562
3122 11.66690287732264
3123 11.143023038719742
3124 11.255526262834314
3125 11.732820969562784
3126 11.355902144107084
3127 11.787485385154836
3128 11.45000428962206
3129 11.410213878858936
3130 11.7010915454327
3131 11.766340036384129
3132 11.274138715118017
3133 11.925804199267773
3134 11.567541345601157
3135 11.737507505483098
3136 11.419456509382247
3137 11.27414769505821
3138 11.25316939561305
3139 11.283476078635164
3140 11.256251533433659
3141 11.743908476808297
3142 11.97322182574906
3143 11.693717741007474
3144 11.50126516901459
3145 11.556244370989793
3146 11.57805189795627
3147 11.491066451033607
3148 11.43007323008914
3149 11.083470611170087
3150 11.213460262141814
3151 11.587068629928117
3152 11.033777642927824
3153 10.919281297745975
3154 11.300889701085762
3155 11.26230496902691
3156 10.912121515630856
3157 10.718744793139383
3158 10.971443502262707
3159 11.34166267114604
3160 10.94224053187347
3161 11.83805957511529
3162 11.792284324078901
3163 11.845014378043457
3164 11.788945745269604
3165 11.25268265734615
3166 10.998050823671427
3167 10.917261198762347
3168 11.61884279292605
3169 11.392861696272242
3170 11.609248219985806
3171 12.081227145505583
3172 11.446879646231064
3173 11.528615219974185
3174 10.936508760688966
3175 11.095400007173293
3176 10.951025242367916
3177 11.183907911192275
3178 11.534317177825923
3179 11.627464159032627
3180 11.712767240283284
3181 11.732971790216173
3182 11.627404657476276
3183 11.113579304201746
3184 10.908160252323176
3185 11.406146422429444
3186 10.876976527294678
3187 11.692373737484116
3188 11.119721671742269
3189 11.05878884129289
3190 10.804041855411498
3191 11.30979924672923
3192 11.276677456650228
3193 12.102920653314706
3194 11.030884895511054
3195 11.096154001389541
3196 11.011044459667572
3197 12.270987082830862
3198 11.690318116503276
3199 11.264667604494548
3200 11.047955947621825
3201 11.386997715654818
3202 11.086183390732591
3203 11.571191655733214
3204 11.61646109662309
3205 11.52445521259495
3206 11.801687635140928
3207 11.365099207366077
3208 11.264832881367179
3209 11.346704828063636
3210 11.077307486727618
3211 11.183461591948145
3212 11.066676477551137
3213 11.474425948283875
3214 11.55557958742358
3215 11.91192820596694
3216 11.683664577729157
3217 11.72923649233281
3218 11.522587480509346
3219 11.982265469929917
3220 10.918202367696852
3221 11.36517848564351
3222 11.343843485927637
3223 11.308232684957506
3224 10.940343681145066
3225 11.53846938157952
3226 11.421750296609357
3227 11.11909637978326
3228 11.04607973687037
3229 11.040786834993622
3230 11.24660654442859
3231 10.97726014508975
3232 11.602341057579125
3233 11.359903978548704
3234 11.532681120635619
3235 11.577903649988475
3236 11.558614535432097
3237 11.859864293237052
3238 12.019489242007477
3239 11.90575230091478
