0 7.2511942044263185
1 7.224414147361209
2 7.1741377548684255
3 7.2248782364240505
4 7.260426309257835
5 7.34976884717258
6 7.3294254626546635
7 7.135303537568497
8 7.1653368658120735
9 7.17496719152219
10 7.3551036370439915
11 7.159063365436117
12 7.19341866857094
13 7.653843692652616
14 7.357792868602321
15 7.566318692929814
16 7.339220135950659
17 7.2254467096465
18 7.166835395455199
19 7.271085683746846
20 7.477495713541003
21 7.295680813092856
22 7.201288160960703
23 7.308890274129901
24 7.379385050497493
25 7.100357139225258
26 7.266104638553609
27 7.223613461249926
28 7.396641271445856
29 7.360508621050243
30 7.341258192569696
31 7.169224393170325
32 7.287921655517679
33 7.183232837030479
34 7.392173505523383
35 7.1925418440099405
36 7.319135393236532
37 7.361821922043133
38 7.871761214564769
39 7.4861595106062
40 7.223994387087868
41 7.477516048928528
42 7.182474139948997
43 7.111691170145759
44 7.254833772339739
45 7.1615237823972775
46 7.35178551596668
47 7.235509382480392
48 7.184426137534522
49 7.167093007461262
50 7.307076689816843
51 7.365610972873642
52 7.2584527481674055
53 7.2720008759588834
54 7.326508348431755
55 7.360074009262811
56 7.398557035400888
57 7.058677674720355
58 7.392309477517501
59 7.165278961547039
60 7.147587441233159
61 7.002620833634909
62 7.2688421287577265
63 7.310604593453395
64 7.169475935791822
65 7.235158836270067
66 7.1058475013393565
67 7.315679548967969
68 7.333664744330887
69 7.515146634840792
70 7.105831835983344
71 7.1528558815555385
72 7.2420702026187715
73 7.2843497945192
74 7.291221468066065
75 7.946447121172913
76 7.337592756014359
77 7.5172512111742735
78 7.248762382822654
79 7.301795510547364
80 7.128252872529479
81 7.371138067053906
82 7.684720517703798
83 7.2542355751188365
84 7.26914809344041
85 7.199829748459532
86 7.325001115732527
87 7.239309697018794
88 7.12559942599674
89 7.375175357340136
90 7.334285935163689
91 7.244239268289585
92 7.258345882400832
93 7.270510056847595
94 7.094926403233585
95 7.33661671582425
96 7.151355197074038
97 7.228613687499189
98 7.460117780510282
99 7.152486424428901
100 7.341734477044511
101 7.1433648377040315
102 7.393316426962507
103 7.11905760801221
104 7.226638565384565
105 7.30627946972578
106 7.202290126480839
107 7.708978190808454
108 7.250031928514745
109 7.250424955151406
110 7.384032571172999
111 7.329243883943811
112 7.087908833254276
113 7.283613372199743
114 7.0365799829800935
115 7.210824001539376
116 7.31870265724677
117 7.338744851134635
118 7.358675629952271
119 6.909123483086845
120 7.34823496081961
121 7.243742249366931
122 6.9002628411622045
123 7.136379642202487
124 7.042465183136882
125 7.242303451416415
126 7.327249739643859
127 7.1920091924882295
128 7.447548065718181
129 7.371855615210616
130 7.763683821846202
131 7.1739233164492715
132 7.079441948610982
133 7.340422280862113
134 7.565906110133144
135 7.359724802411683
136 7.052040477961544
137 7.321346319465314
138 7.579178368849969
139 7.118289149610505
140 7.178598081807912
141 7.3232485461112455
142 7.480262718394669
143 7.1384475260147315
144 7.265406472033359
145 7.0045018773876615
146 7.193039102448658
147 7.277291763270974
148 7.414725611203151
149 7.380403179068061
150 7.310755507484272
151 7.308893392729408
152 7.227566125127534
153 7.455923122424747
154 7.393346244210149
155 7.435220373069479
156 7.210060977028536
157 7.625323427381343
158 7.139979514498376
159 7.161615245016762
160 7.27602271903744
161 7.133854853708707
162 7.182665809763406
163 7.31751100846938
164 7.110256871260664
165 7.367398010473224
166 7.1386115382413555
167 7.119246892386644
168 7.256128871014056
169 7.688756210871485
170 7.253949052478777
171 7.139749238302514
172 7.301807539421568
173 7.422596938599778
174 7.271143266509953
175 7.278982681606117
176 7.278238681536481
177 7.202372294043825
178 7.377271396090274
179 7.246802863192452
180 7.022194433395826
181 7.13148546836562
182 7.196857417285428
183 7.326815333534471
184 7.143031586851154
185 7.261755737010394
186 7.377900873499849
187 7.193713304080781
188 7.467820909856997
189 7.273469237629875
190 7.005602667453273
191 6.919107012401498
192 7.305145397707566
193 7.15158287313711
194 6.935965297113769
195 7.0321375415782486
196 7.115251997737576
197 7.1459510207661925
198 7.089623707173385
199 7.097183008575133
200 7.159011931199154
201 7.413697390416941
202 7.3169255351009514
203 7.237457894875134
204 7.394981179660507
205 6.991125190592918
206 7.1500439695065845
207 7.309226315785942
208 7.036234595225169
209 7.172073887044254
210 7.227384619301045
211 7.205410769129281
212 7.292410216359922
213 7.239515246783162
214 7.119306744221907
215 7.14434355206205
216 7.226000257703463
217 7.133430009738307
218 7.617387209447451
219 7.376913111336143
220 6.9924675299949195
221 7.261253932027867
222 7.106901193687973
223 7.212177133041448
224 7.238842455144545
225 7.170441791601708
226 7.175698974523496
227 7.365771538807021
228 7.211603454087665
229 7.216565053966817
230 7.367383329432795
231 7.087321756831205
232 7.385734165810324
233 7.3963717576728225
234 7.4294940912451946
235 7.299148435712935
236 7.415966320278405
237 7.091263325418085
238 7.576195844691914
239 7.3386504246963105
240 7.117333398782415
241 7.1399593451554955
242 7.397563410884484
243 7.298838703559176
244 7.085685457995733
245 7.451181242091167
246 7.236424427004374
247 7.365244644034474
248 7.190779349473755
249 7.219310445363979
250 7.109010100248926
251 7.357676577224339
252 7.27299081569773
253 7.133300682426472
254 7.17097102275997
255 6.868727455717467
256 7.302027287635982
257 7.148881060188433
258 7.311571856805197
259 7.099756461680324
260 7.224574178825831
261 7.602571537036207
262 7.262359496882903
263 7.36352320716351
264 7.343450683291951
265 7.229245947164535
266 7.434764906742711
267 7.281621646805572
268 7.343871438625204
269 7.32547471041941
270 7.484467426126554
271 7.461553008854984
272 7.795401298900897
273 7.0531686884652425
274 7.229657940480335
275 7.12911989192653
276 7.297574681946129
277 7.292967540605704
278 7.699571053838168
279 7.112587844013692
280 7.345612787977564
281 7.625833933244145
282 7.337553129228984
283 7.177842114151337
284 6.99178082084691
285 7.025034287958604
286 7.186692006547113
287 7.345359811566952
288 7.0838054921927975
289 7.232960951331984
290 7.139534230868186
291 7.000380926193474
292 7.320157313966186
293 7.140615960755065
294 7.222044253872203
295 7.314398585720604
296 7.363300801897331
297 7.147137523109445
298 7.028179633239372
299 7.181325031876957
300 7.494070198421562
301 6.963781813906566
302 7.273619256765306
303 7.0942641434960265
304 7.261227649667896
305 7.160099248063435
306 7.470244886959047
307 7.351389525421312
308 7.211911572247487
309 7.279373452017424
310 7.2694660236534006
311 7.037450421796212
312 7.372476606932304
313 7.041473201728354
314 7.384692877813132
315 7.256122502548238
316 7.021238393640302
317 7.266487825693827
318 7.401472188461812
319 7.1562215050126206
320 7.40292218561011
321 7.268055802376258
322 7.673406247884453
323 7.125760206255561
324 7.383935741491271
325 7.186127929967768
326 7.199730897648325
327 7.19980192666123
328 7.102584631434445
329 7.6176466689211955
330 7.273101823678578
331 7.182736841591012
332 7.255555154087243
333 7.25970617215591
334 7.082658519397844
335 7.2135301577125555
336 7.492836860230237
337 7.27071120040772
338 7.4083870159984615
339 7.319380088623883
340 7.161136074215778
341 7.058874279092951
342 7.2350235783143795
343 7.08761541118662
344 7.206583450925534
345 7.3561774841410115
346 7.031868301740499
347 7.338478151719898
348 7.278197662908006
349 7.259930823808455
350 7.125803941009277
351 7.328232403483361
352 7.36885548022128
353 7.553298186553531
354 7.165589660447697
355 7.133038390014588
356 7.157156194052795
357 7.21646435115168
358 6.963975377186983
359 7.585818286268209
360 7.472877671946481
361 7.27308988084374
362 7.825369082483743
363 7.69927800763977
364 7.229684800563603
365 8.041878783269292
366 7.301501735503249
367 7.2185130221868805
368 7.082719903544817
369 7.353708891847056
370 7.273792197925207
371 7.138726196167966
372 7.376056776989651
373 7.216211093208017
374 7.288231920636646
375 7.85854866918942
376 7.488457649501866
377 7.568374294698077
378 7.134390930134616
379 7.77122349101725
380 7.736144492185532
381 7.100914044645696
382 7.452124039964499
383 7.757385365923243
384 7.208975073832694
385 7.7335421851148
386 7.304866903525749
387 7.214784964184693
388 7.133272340495645
389 7.159253124104014
390 7.558376982771842
391 7.285021380414249
392 7.4253991340802195
393 7.330949286127597
394 7.174083982377244
395 7.224982109841247
396 7.243084131716167
397 7.244732826796943
398 7.418561340804724
399 7.178728120174938
400 7.189300336598589
401 7.856931720113172
402 7.63774901210283
403 7.328815112139736
404 7.634411293116017
405 7.179000287810241
406 7.449745296600202
407 7.035921677489606
408 7.029812211184988
409 7.257363321866569
410 7.436042137090266
411 7.3135360759262555
412 7.47719835184852
413 7.492883853649205
414 7.579936488853985
415 7.769059742573735
416 7.586157226850622
417 7.38380467889352
418 7.583680011513357
419 7.617683857974944
420 7.1482877692816675
421 7.547475332748725
422 7.442040653783119
423 7.405744935918356
424 7.135545971351472
425 7.4470172950525315
426 7.291801347724686
427 7.144933069079287
428 7.646124083548221
429 7.316814097386881
430 7.346606978882229
431 7.481835528488462
432 7.094946939177543
433 7.338580970618624
434 7.345217800705796
435 7.179082774739377
436 7.362015979372981
437 7.23937192228507
438 7.37270454796362
439 7.092186917993272
440 7.186710071051163
441 7.349021692136105
442 7.718503175011767
443 7.267902773339193
444 7.325651128262985
445 7.397225213077493
446 7.836559886468556
447 8.228220335566958
448 7.344662011614082
449 7.1120992126944405
450 8.104500157964752
451 7.989988474589767
452 7.3993176395335345
453 7.130980477038273
454 7.239985763327127
455 7.525922860465145
456 7.370529815311979
457 7.392662873545851
458 8.161993930304794
459 7.2208960471234915
460 7.446326695922688
461 7.575925696002147
462 7.227622355700516
463 7.253166610539361
464 7.0456937730077875
465 7.188996914508573
466 7.099167991272885
467 7.121033942090963
468 7.80514203504241
469 7.818377183242474
470 7.145684128990439
471 7.24378317221465
472 7.037977474442811
473 6.990513678465756
474 7.4047237466208005
475 7.327796001297129
476 7.296627881470429
477 7.192932327388174
478 7.086220868788436
479 7.5713068347611765
480 7.175084504716233
481 7.112956084388795
482 7.2228142196188605
483 6.948248624313527
484 7.013589605967236
485 7.25578993813495
486 7.073242444043462
487 7.091208163812477
488 7.10931301993562
489 7.152310115599568
490 7.050082174411394
491 7.412259190256132
492 6.879749427683991
493 7.169414033188217
494 7.294547233422208
495 7.391327772066822
496 7.08729561973794
497 7.4550077547437725
498 7.680004267599064
499 7.099371361459091
500 6.962307583216288
501 7.312590139054019
502 7.225757253883937
503 7.156194511387871
504 7.198150407086275
505 6.9877664245555025
506 7.276052209077239
507 7.1541039089364045
508 7.082426465070327
509 7.327585317738552
510 7.051732308604212
511 7.4424599219267265
512 7.1294771921853295
513 7.29029647624509
514 7.2706227046127
515 7.338231958222827
516 7.377564138968622
517 7.064419048299416
518 7.192127897146422
519 7.3703458226196386
520 7.363482014802061
521 7.2872618980845765
522 7.224596806897929
523 7.3381513276008885
524 7.228199980647601
525 7.222254132965118
526 7.147576061797222
527 6.966450876381463
528 7.3592207094759585
529 7.159551500044784
530 7.173399307324175
531 7.204699337716504
532 7.489933808751281
533 7.524400843978589
534 7.126660189189343
535 7.114650030182409
536 7.182273021941515
537 7.127869429612372
538 7.415127164765301
539 7.423941857535297
540 6.9776611399892285
541 7.11590986644067
542 7.0629849668133105
543 7.25529041614557
544 7.436236185804266
545 6.986930479101174
546 7.182162360340547
547 7.428938420611622
548 7.164504303409916
549 7.2220429488119455
550 7.343788579304719
551 7.189224791307096
552 7.223596694062085
553 7.2984166199496245
554 7.322666348176116
555 7.120807847034905
556 7.044714564650275
557 7.236429767110141
558 7.174444397802548
559 7.291878360236302
560 7.025855342298026
561 7.152618121968878
562 7.280937717444088
563 7.238111361058313
564 7.187314907984564
565 7.179033662893012
566 7.098153972403476
567 7.236746594338292
568 7.191857276134385
569 7.051270094549435
570 7.157793388386859
571 7.150372743541996
572 7.018832146889459
573 7.141096729831502
574 7.018358065217812
575 7.286784394255225
576 7.113229620150702
577 7.279180606193841
578 7.094519888303873
579 6.82595914552655
580 7.308345954332312
581 7.124344871710697
582 7.1642233525404615
583 7.254616433204591
584 7.054000703726281
585 7.145996727328194
586 7.1791699294824705
587 7.259156512222745
588 7.123057722186914
589 7.237849670239454
590 7.275666720569296
591 7.087466886040957
592 7.25624169474594
593 7.130114374528174
594 7.202676548796028
595 7.103590419041803
596 7.286771487359092
597 7.171066326707034
598 7.265898304972796
599 7.090827791000426
600 7.210731903734579
601 7.111258749816483
602 7.072993211353459
603 7.110008506666681
604 7.247936218577294
605 7.165592595388547
606 7.145835780486018
607 7.367924452309275
608 7.130598584692052
609 7.311844158410279
610 6.903563254401008
611 7.283976738226212
612 7.659824688139487
613 7.155061109202671
614 7.164441835585489
615 7.187376206339654
616 7.157332922365797
617 7.282634423149948
618 7.072064207959258
619 7.198899094566965
620 6.945763914081499
621 7.565119254587025
622 7.295878164940306
623 7.281340376600466
624 7.267029162922374
625 7.121436540423815
626 7.063529699194574
627 7.1982238228781075
628 7.446724802253978
629 7.095012227129294
630 7.189283577179675
631 7.006421681520778
632 7.343478587060405
633 7.069829731928693
634 7.073540112206092
635 6.8860720789258
636 7.230675342217458
637 7.120805698127909
638 7.092990675063558
639 7.144441653343306
640 6.998409468354142
641 7.165267455196244
642 7.071515426170417
643 7.211743315506033
644 7.294206699733505
645 7.077518425037221
646 7.180579646729843
647 7.139390567268543
648 7.170102782769497
649 7.00253274282113
650 7.391593701137369
651 7.051714308206073
652 7.150959759906402
653 7.371997749700588
654 7.340876130120353
655 7.0595278567047135
656 7.208966111437826
657 7.405799220119906
658 6.995469741743583
659 7.215720654708708
660 7.147737514174915
661 6.968048784189878
662 7.315716937154263
663 7.188945265512209
664 7.212454253759443
665 7.312371859749608
666 7.129426135153243
667 7.136840199555914
668 7.330169928791051
669 6.933963394361512
670 7.1283982300596085
671 7.168805581815361
672 7.271621074463382
673 7.054023947702983
674 7.134996622011556
675 7.287437827782632
676 7.105963670181776
677 6.941519636465597
678 7.470587208950732
679 7.2609051126637825
680 7.276858605395152
681 7.146900522106637
682 7.29190601734501
683 7.349738167154849
684 7.124924209210796
685 7.01431924690116
686 7.038059005061725
687 7.091540749478617
688 7.224942649167012
689 7.19138332768416
690 6.913491998586632
691 7.196344034774572
692 7.302192816707669
693 7.127079268928496
694 7.217680425381518
695 7.04250100787515
696 7.184215471930736
697 7.192069694053605
698 7.096462741258945
699 7.097930450496808
700 7.039556698042643
701 6.97422251186589
702 7.301156705141679
703 7.0490744804420515
704 7.306523415675009
705 7.460680838051628
706 7.275519791266717
707 7.292194979847292
708 7.166781634137629
709 7.187414321730232
710 7.180396999520366
711 7.377263549016846
712 7.296255918066298
713 7.199864736175154
714 7.257378144755452
715 7.002778305541005
716 7.3888734534456795
717 7.314388651240013
718 7.258370160402543
719 7.102427927044447
720 7.486517719833394
721 7.190247455653513
722 7.387952952480043
723 7.367308999436322
724 7.060321246880416
725 7.1675126930634745
726 7.477245855814963
727 7.128779011251346
728 6.980810561905185
729 7.264901930667293
730 7.25103092509577
731 7.292831249997026
732 7.38016879541281
733 7.003763991962081
734 7.1782042821643754
735 7.26883899137125
736 7.2892690973812275
737 7.5062072268674545
738 7.704152105734072
739 7.170799087172644
740 7.145430022056057
741 7.1275390302979575
742 7.305931197812861
743 7.118072124265237
744 7.234165900338494
745 7.222074014913734
746 6.921060219216558
747 7.2194474905382995
748 7.0716123004851665
749 7.0896944302828935
750 7.168056461402117
751 7.088647945904179
752 7.236163233962199
753 7.085259815242052
754 7.792902775416365
755 8.034840304006845
756 7.071792988879155
757 7.287811492061511
758 7.393564559398853
759 7.25845747158638
760 7.209199103635793
761 7.290310944302242
762 7.318804175712663
763 7.200168515946194
764 7.206770138333251
765 7.001231280885074
766 7.085935824098755
767 7.403370882882643
768 7.247422546636806
769 7.297845115442863
770 7.255304634255173
771 7.475118745046047
772 7.225009635109052
773 7.345355426002668
774 7.278884809752983
775 7.289907185093801
776 7.149223394972081
777 7.474470512514183
778 7.361176501140637
779 7.381392888959862
780 7.023418195695774
781 7.254053246201481
782 7.228911089359938
783 7.223708258571196
784 7.153500437145453
785 7.15621872159674
786 7.422492851466244
787 7.41300396711786
788 7.360219090185878
789 7.21218776533471
790 7.425387314051193
791 7.23324564088542
792 7.573596190229125
793 7.420867680813177
794 7.405422688504438
795 7.405783983541938
796 7.38334197167683
797 7.248597627550029
798 7.269271421121797
799 7.371985174857782
800 7.331342365527891
801 7.11554937236569
802 7.562055978659702
803 7.124140421213865
804 7.416536555459207
805 7.1751857235438905
806 7.5297730244247765
807 7.321470992753448
808 7.1827729888404335
809 7.319125345739603
810 7.405634437906385
811 7.395920360897904
812 7.283471850877286
813 7.154428176582451
814 7.279354204568363
815 7.304956466505039
816 7.593940422958546
817 7.539194244996258
818 7.350642730539942
819 7.396625070773468
820 7.353445508868256
821 7.491917299774068
822 7.361364299180355
823 7.499275103095142
824 7.308757191602359
825 7.261837123773937
826 7.264451643686199
827 7.518889761252061
828 7.3064222349542485
829 7.354594967193905
830 7.381066488168342
831 7.248670023650984
832 7.319267396313959
833 7.323722987566879
834 7.3473318412164765
835 7.365234298450906
836 6.878788062937331
837 7.250634393401677
838 7.449314960533663
839 7.325738123669703
840 7.420608502644019
841 7.316599272977579
842 7.253862892675625
843 7.343567090491001
844 7.471987779607414
845 7.5446829360009
846 7.3465505311065336
847 7.321660523871776
848 7.192999125085755
849 7.144955925064568
850 7.225439058997781
851 7.021231922347028
852 7.250258675205167
853 7.08036340473496
854 7.342457727418796
855 7.48362846660645
856 7.186032658448876
857 7.498795183294733
858 7.2693703190630234
859 6.986191208781095
860 7.25130495642071
861 7.198610996544985
862 7.210495823591834
863 7.0579906250226605
864 7.138264898728039
865 7.317396754746869
866 7.015153232765616
867 6.987997065110738
868 6.939924620331115
869 7.106488782007189
870 7.089787427235666
871 7.1964433799773655
872 7.020768590797155
873 7.08660107413371
874 7.553683859818685
875 7.075729746122593
876 7.332529581634289
877 7.159900988054328
878 7.222499519973161
879 7.460207762061708
880 7.406746314102453
881 7.108627282897408
882 6.96081840273168
883 7.4863930397341765
884 7.109127079655046
885 7.120068028847108
886 7.287768635974797
887 7.22096622367078
888 7.146789630132951
889 7.186228302754524
890 7.274868291569815
891 7.350402382044494
892 7.239406936830551
893 7.214614767139118
894 7.478825793036832
895 7.149935823358082
896 7.114697359717883
897 7.629563145868538
898 7.269882722913292
899 7.149709431598522
900 7.247235243231605
901 7.097853375571087
902 7.256951730924041
903 7.139946760747616
904 7.187938335237182
905 7.1624616815801625
906 7.144725857582107
907 7.062806727889611
908 7.20601308305292
909 7.306744856680441
910 7.161092092178489
911 7.0778040373029425
912 7.301953357236164
913 7.328087901960101
914 7.556203016284423
915 7.247202432916919
916 7.098873779170358
917 7.707318886461717
918 7.3659526416846175
919 7.484119717288712
920 7.548143084222959
921 7.362884741825688
922 7.237754246724995
923 7.0928000530132795
924 7.309540662937657
925 7.456371483275042
926 7.417428472390554
927 7.485642603416228
928 7.055408584658821
929 7.096196544063798
930 7.379596929815819
931 7.171164906620669
932 7.468608569538256
933 7.456818912721642
934 7.310979738569985
935 7.39875309181259
936 7.522610868626089
937 7.222828005028181
938 7.0005722296243835
939 7.075481318355841
940 6.993502958465366
941 7.248522889065858
942 7.621340298040882
943 7.569065194593438
944 7.503801980165808
945 7.39767566555157
946 7.964303150605834
947 7.238656562198894
948 7.349021150074306
949 7.2686278259761234
950 7.424147386420076
951 7.562104293310921
952 7.394548457577276
953 7.3332816437814365
954 7.450524902424298
955 7.197039440385934
956 7.311590366965582
957 7.486871092383026
958 7.5359633866065625
959 7.400353357649133
960 7.620960142421928
961 7.550678253569878
962 7.2903086648059165
963 7.280586319837854
964 7.51233849971016
965 7.258662178270654
966 7.4789852968113815
967 7.517182219612601
968 7.505233043464532
969 7.513596431070772
970 7.353643851449137
971 7.308842952163806
972 7.358781221072934
973 7.261004901170709
974 7.499948115346848
975 7.477704555757983
976 7.498548196035055
977 7.461198499260024
978 7.318864624714396
979 7.652042681121077
980 7.183873441835084
981 7.337301986529758
982 7.497788580601627
983 7.513210056808583
984 7.366753971106265
985 6.957133007314479
986 6.493460592661397
987 6.699151825013545
988 7.410708123962401
989 7.026792109432162
990 6.8215388704194195
991 6.918967576113766
992 7.251639484113767
993 7.40288763258407
994 6.315456843995952
995 6.614554277209431
996 6.835367878963225
997 7.424959342986367
998 6.873644559700998
999 7.552547623041276
1000 7.0838751002451055
1001 6.7230212504208975
1002 6.803515426312507
1003 7.0435686376657
1004 7.196669087574098
1005 7.279993095788075
1006 7.292168229453993
1007 7.477880609467496
1008 7.395298301604059
1009 7.2701137041538795
1010 7.465129222425519
1011 7.224538292365039
1012 7.467126076974865
1013 7.237273443398041
1014 7.2653355743669215
1015 7.3906552246372765
1016 7.4073589929036325
1017 7.34746579045539
1018 7.198072000755206
1019 7.30545301288735
1020 7.455619031472615
1021 7.411588304504756
1022 7.347285359235
1023 7.33846525401085
1024 7.396894895856949
1025 7.248585502605158
1026 7.2816082700859885
1027 7.324752379007833
1028 7.412247127547797
1029 7.462052980528371
1030 7.394846320537268
1031 7.421835610490502
1032 7.015981546825336
1033 7.514453894235185
1034 7.315078867648622
1035 7.352813007877929
1036 7.529972925058656
1037 7.370137170892181
1038 7.436783604270885
1039 7.307897495005353
1040 7.474991813700924
1041 7.403745132433776
1042 7.49658433654643
1043 7.1947781025699555
1044 7.427085580253189
1045 7.280560958993054
1046 7.304317351048656
1047 7.220132861485558
1048 7.240110808582759
1049 7.349916994548774
1050 7.368289070520018
1051 7.387292844805409
1052 7.2617242401460205
1053 7.196609970474533
1054 7.149874475042194
1055 7.164288319205211
1056 7.3169703593176285
1057 7.177132799979678
1058 7.003127760955017
1059 7.320204169089061
1060 7.365645262870283
1061 7.3267740348406845
1062 7.191397908965737
1063 7.158295231846934
1064 7.284096031532236
1065 7.080355722124316
1066 7.313154060363518
1067 7.210981429116637
1068 7.751331868717405
1069 7.414999501003229
1070 7.264149718709285
1071 7.2319122544676855
1072 7.119644443800916
1073 7.264193908679815
1074 7.213005527729499
1075 6.889039344114758
1076 7.164627208130625
1077 7.357540529899592
1078 7.20596148095472
1079 7.0639891062442866
1080 7.14602492109395
1081 7.16364626688898
1082 6.99258316272396
1083 7.098993112879971
1084 7.2868389075757305
1085 7.205110424644399
1086 7.452350423602347
1087 7.123474593459752
1088 7.496492305857517
1089 6.978607558877234
1090 6.917522430912172
1091 7.100458333534489
1092 7.419826303976333
1093 7.511744614032156
1094 7.500849149595378
1095 7.221293974157478
1096 7.211611523023071
1097 7.242438635483683
1098 7.438950138467567
1099 7.275144544855057
1100 7.224999829269129
1101 7.440735365050081
1102 7.2425811248395116
1103 7.3089674430975275
1104 7.277525946039975
1105 7.114142172390414
1106 7.355362921418656
1107 7.374562943220386
1108 7.251034673863619
1109 7.356903381270352
1110 7.293175512626941
1111 7.384188005663063
1112 7.1577249004824095
1113 7.310156885801493
1114 7.3688011300978165
1115 7.02632062239813
1116 7.382742763253085
1117 7.0994252558548405
1118 7.139265285020249
1119 7.64201783404822
1120 7.278540234923512
1121 7.322499643266855
1122 7.193324600153596
1123 7.268398292255739
1124 7.317908744513318
1125 7.379460378906048
1126 7.21487209894645
1127 7.196139135029619
1128 7.2195358378096675
1129 7.1772613885274845
1130 7.350291971294732
1131 7.234287994762457
1132 7.289566679691175
1133 7.928372904865662
1134 7.729094110271048
1135 7.367490832485875
1136 7.268395718944896
1137 7.2228934467856245
1138 7.079761585468759
1139 7.373280007319685
1140 7.095034701798512
1141 7.180379420133225
1142 7.298747830970667
1143 7.27106931709339
1144 7.261210367834569
1145 7.346737524786579
1146 7.557380495524851
1147 7.030608450205392
1148 7.280298150188652
1149 7.2492606049583355
1150 7.388158843893479
1151 7.094195888662801
1152 7.2357112061962665
1153 7.281980225035137
1154 7.206623175496325
1155 7.309672665141589
1156 7.166585084837937
1157 7.449578590017988
1158 7.556650349154096
1159 7.156550732852649
1160 7.212939173968019
1161 7.3326998939792665
1162 7.282411224701395
1163 7.405962056110588
1164 7.098893060736952
1165 7.17739250382552
1166 7.0032300988446
1167 7.192366403639734
1168 7.210579315987578
1169 7.177959627446681
1170 7.42278907025793
1171 7.288495451692743
1172 7.258002231286004
1173 7.187016540918696
1174 7.379024155285923
1175 7.544804868457829
1176 7.216277739606399
1177 7.310156890689689
1178 7.427674847450015
1179 7.264172587214339
1180 7.466091188632822
1181 7.4054319152611185
1182 7.202793326966619
1183 7.405374942650238
1184 7.241541547174035
1185 7.281060484371981
1186 7.2342404904762585
1187 7.310171056157847
1188 7.393946033827915
1189 7.149227294086666
1190 7.122651631411141
1191 7.351469411706612
1192 7.329584284527298
1193 7.389909717525193
1194 7.437181252426974
1195 7.187694040632221
1196 6.776944852359151
1197 7.442495109505549
1198 7.322396523424112
1199 7.457798846678192
1200 7.444109551277198
1201 7.714311373025347
1202 7.3611176358956865
1203 7.490721011533075
1204 7.42743156667348
1205 7.466338988779356
1206 6.987580766266486
1207 7.330213586737767
1208 7.28668535817052
1209 7.353284415192468
1210 7.399314710371964
1211 7.364259219912972
1212 7.130045794258098
1213 7.5178162908413135
1214 7.380452800899709
1215 7.197947653174685
1216 7.406640630126233
1217 7.674598037388257
1218 7.256476742313585
1219 7.358805555077878
1220 7.333185301428781
1221 7.563381611683604
1222 7.338250588602843
1223 7.371286478705963
1224 7.448987331526895
1225 7.326191173715898
1226 7.235303703699172
1227 7.2638104360360165
1228 7.25399057135553
1229 7.2401306482681065
1230 7.322846969550615
1231 7.185643228513931
1232 7.415975749583845
1233 7.073730276907978
1234 7.313176367393045
1235 7.2686859010520415
1236 7.489361939383842
1237 7.223792018647178
1238 7.148028392436117
1239 7.239259121361397
1240 7.368911103940216
1241 7.4649535879948745
1242 7.195578870213022
1243 7.087784362685121
1244 7.285952524340627
1245 7.573008112115404
1246 7.137276500119259
1247 7.172579505151641
1248 7.282222587721953
1249 7.369336491452809
1250 7.13753792693019
1251 7.192119333667387
1252 7.238216499061081
1253 7.3129828735301095
1254 7.200976125131314
1255 7.304749747130764
1256 7.458516641823033
1257 7.305743712482056
1258 7.333114293033802
1259 7.343306442410736
1260 7.105180332398738
1261 7.3712558808987945
1262 7.1807612181214875
1263 7.202498336359095
1264 7.194470288705187
1265 7.164971485561794
1266 7.201192673236906
1267 7.172652178266084
1268 7.166390133486188
1269 7.611109896548026
1270 7.2943696917744685
1271 7.14440736280227
1272 7.2742940603679225
1273 7.277171434027171
1274 7.248547358473962
1275 7.235944911981002
1276 7.255034276705366
1277 7.160147883563699
1278 7.202115322053321
1279 7.43699386727506
1280 7.369778083298713
1281 7.186760788793006
1282 7.343418596024984
1283 7.242441908059782
1284 7.192454691917095
1285 7.281897978961015
1286 7.11803527260061
1287 7.1467229718546745
1288 7.1165140317685935
1289 7.218474833970437
1290 7.148470804642145
1291 7.243587964354999
1292 7.325683125212604
1293 7.234829048589843
1294 7.218246177162845
1295 7.0574349087061545
1296 7.338748682824039
1297 7.209247909289455
1298 7.250943814467093
1299 7.146521402110763
1300 7.368767535486789
1301 7.2390488157676725
1302 7.039801305329069
1303 7.12617266836922
1304 7.224735808614141
1305 7.114664111378062
1306 7.296024394272114
1307 7.314691901295335
1308 7.370153792936394
1309 7.306741551431375
1310 7.405676584645858
1311 7.2504816868159
1312 7.305040013412398
1313 7.577867115840195
1314 6.986903413950739
1315 7.425492367213984
1316 7.226844971998362
1317 7.019975540011921
1318 7.248192054885909
1319 7.29963820854825
1320 7.092317785355216
1321 7.119609108932263
1322 7.3834875193127845
1323 7.206820645502614
1324 7.3812776715576325
1325 7.213553757086258
1326 7.276656322817434
1327 7.275633767964804
1328 7.398831459233591
1329 7.062223979849864
1330 7.124754070827725
1331 7.09454992780292
1332 7.319354570497125
1333 7.117248427835038
1334 7.363178998897187
1335 7.3510659872337145
1336 7.239925134389016
1337 7.265121986209181
1338 7.342662070378075
1339 7.242865184757807
1340 7.232682027627339
1341 7.358883176661079
1342 7.371180023272416
1343 7.106870487081661
1344 7.2757993032016905
1345 7.352357830045752
1346 7.211385106367031
1347 7.3463235465308525
1348 7.2646923279752915
1349 7.278055943719027
1350 7.181958249859967
1351 7.272846902577112
1352 7.209758743491461
1353 8.125059663869292
1354 7.498732532520284
1355 7.181993524263644
1356 6.991731957397751
1357 7.32161238772303
1358 7.332080233637095
1359 7.283275942259575
1360 7.269216559394033
1361 7.175951285716822
1362 7.313031325996465
1363 7.136009173702993
1364 7.0947358977016375
1365 7.183273064299317
1366 7.029177727213134
1367 7.106769416496218
1368 7.281589628034912
1369 7.19444816829804
1370 7.42066251401555
1371 7.316839147598814
1372 7.369364844884902
1373 7.208647398983317
1374 7.308681270427812
1375 7.207566260784236
1376 7.336326566541673
1377 7.634432736089709
1378 7.407236740498622
1379 7.202368871259729
1380 7.242941749546311
1381 7.281947237137928
1382 7.288145561091912
1383 7.225345932400475
1384 7.099088208905883
1385 7.220942036892844
1386 7.221479672950495
1387 7.439136306414517
1388 7.341521311864532
1389 7.283152246565454
1390 7.227747689790349
1391 7.1007290686337905
1392 7.340493099690984
1393 7.259658840875
1394 7.481294212802259
1395 7.178536798921439
1396 7.258666850486651
1397 7.1026405357656435
1398 7.236282541951965
1399 7.178281354415911
1400 7.230577676472685
1401 7.175104018188053
1402 7.196453684308248
1403 7.277111733948031
1404 7.0841768578771465
1405 7.351668265372103
1406 7.2351664724966565
1407 7.377399767342736
1408 7.293241184232177
1409 7.059129393020026
1410 7.339568976032359
1411 7.050522251423851
1412 7.265652889625348
1413 7.2956619741407795
1414 7.27406834717225
1415 7.332089079821306
1416 7.355716635502644
1417 7.482474547684911
1418 7.178369526481881
1419 7.297489118794992
1420 7.339950322269948
1421 7.510899960770185
1422 7.170623573940373
1423 7.12696328164431
1424 7.180078918277082
1425 7.287235112453475
1426 7.189521025257217
1427 7.438032747870703
1428 7.187089983998833
1429 7.226971546755009
1430 7.386747214650709
1431 7.281178503581552
1432 7.334378817221996
1433 7.379508405455888
1434 7.463585252215628
1435 7.125869564238352
1436 7.532443090451162
1437 7.49918433297971
1438 7.569438336097172
1439 7.513202030667362
1440 7.297691597527977
1441 7.2663328510070295
1442 7.283534962060434
1443 7.3729678605834525
1444 7.068895502097727
1445 7.372908887711989
1446 7.1743390286090145
1447 7.24760562563463
1448 7.188913083559191
1449 7.237716110571484
1450 7.501313405478511
1451 7.339278121711166
1452 7.2415446987466785
1453 7.163501606269374
1454 7.442764398846969
1455 7.3738635757092865
1456 7.785016640517417
1457 7.439790626121786
1458 7.302150386498577
1459 7.378236461520585
1460 7.302340181533996
1461 7.335282376658997
1462 7.202526246600802
1463 7.486740865534597
1464 7.6017721031069385
1465 7.2682870285009535
1466 7.879911559154076
1467 7.906965589701392
1468 7.513412056105175
1469 7.215787130786392
1470 7.276667397842598
1471 7.215855969558438
1472 7.432658167146161
1473 7.66117009697736
1474 7.329884618110111
1475 8.063067259111989
1476 7.283130425673556
1477 7.159913731362427
1478 7.9819293855046975
1479 9.403479263807656
1480 10.06294200440914
1481 9.254123629105809
1482 9.807692576072725
1483 9.3236301595664
1484 9.00903903026766
1485 9.665693585474205
1486 9.409556712520398
1487 9.844231718428045
1488 9.31650652826178
1489 10.018481894669675
1490 10.03609283004172
1491 9.756904385655712
1492 9.879528577089241
1493 9.376965610787522
1494 9.80810363997525
1495 9.508655336683177
1496 9.472920495606576
1497 10.117776927509782
1498 9.337139069232252
1499 9.753990551375049
1500 10.214763882500906
1501 10.256705204499678
1502 10.374150571749267
1503 9.959092449088628
1504 10.236355758518343
1505 9.916368846635402
1506 10.286973823773314
1507 9.564565709337183
1508 10.314322270861997
1509 10.463953124543783
1510 10.639868284905843
1511 10.517767064672073
1512 10.203565977282427
1513 10.239931707470364
1514 9.958114664760805
1515 9.834715767521752
1516 10.060213648092443
1517 9.954289283824005
1518 10.401190429309137
1519 10.380010815669108
1520 9.307985932145638
1521 9.53216870052434
1522 9.740719922733792
1523 9.889051291183923
1524 11.183526037414634
1525 10.195081725591779
1526 9.995131300671938
1527 9.718217869353815
1528 10.180100616143632
1529 9.971315285520618
1530 9.786152536363439
1531 9.790558499990915
1532 9.893902486285928
1533 9.240254519122736
1534 10.098310161821326
1535 10.163689239422366
1536 10.888049083713668
1537 10.38619248974545
1538 10.547707322634805
1539 10.591372952995517
1540 10.58423207768284
1541 10.84873043505526
1542 10.089387115245044
1543 10.199729716435062
1544 10.117352516122715
1545 10.443967437282732
1546 10.042095717126427
1547 10.635964140915927
1548 9.984350917181654
1549 10.353599236761642
1550 10.463909030016053
1551 9.696115728388337
1552 9.823187039229127
1553 9.479406996088073
1554 9.624276286487948
1555 10.042661516672835
1556 10.342571862748784
1557 9.63070044863338
1558 9.711769523255336
1559 10.0835763778145
1560 9.929577911227772
1561 9.844805093897557
1562 10.14405935049654
1563 10.043286308643548
1564 9.929982485707436
1565 9.885461175929574
1566 9.490795490937698
1567 9.492307236202045
1568 10.308221379554995
1569 9.695892632049476
1570 10.102833682979352
1571 9.842290721559579
1572 10.123958908867607
1573 9.718356670131124
1574 9.75899286124908
1575 10.383092502099176
1576 10.002581103536286
1577 9.927597409616716
1578 10.595281329396048
1579 9.821960455874526
1580 9.889467011350574
1581 9.576667376561371
1582 9.715544852191345
1583 10.243679720662563
1584 10.021211620865234
1585 9.936796068624385
1586 9.812280195343243
1587 10.098668106425103
1588 10.44602742249553
1589 10.542708298806623
1590 10.151483428090327
1591 9.862508574278362
1592 9.766576538177942
1593 10.128756417709756
1594 10.466663425435497
1595 10.214674217215082
1596 9.787542626057945
1597 10.288506530289425
1598 10.393060715276043
1599 10.281803350090714
1600 9.956107045229713
1601 9.9049325042595
1602 10.539249141594524
1603 9.526543602754124
1604 9.588544894607177
1605 9.966055931085359
1606 9.694403593233643
1607 9.299682433050796
1608 10.354156974619132
1609 9.630043873367248
1610 9.963056854872244
1611 9.55990005249973
1612 9.608584507288567
1613 9.725217859419097
1614 9.595174893642346
1615 9.950912690645348
1616 9.9480065429343
1617 10.227254840162123
1618 10.52313002044579
1619 9.698051024338637
1620 10.139343646900345
1621 10.214687905928072
1622 10.130148343571937
1623 10.29017976681574
1624 10.310192010143215
1625 9.925285242248098
1626 10.03027759097839
1627 10.590564966820358
1628 9.97853197509997
1629 10.053916574290952
1630 9.597017554363953
1631 9.572963960736473
1632 9.406116864705071
1633 9.492293260956004
1634 9.765784616301225
1635 9.84199403245102
1636 9.843247382857594
1637 9.815019209677958
1638 10.224515631125017
1639 10.223700115966006
1640 10.367836312994772
1641 10.273401127331041
1642 10.458468042645253
1643 10.209860157319405
1644 10.421651442589281
1645 10.69295744453697
1646 10.764991469143055
1647 10.399710648804659
1648 10.180097046633827
1649 10.33615478724184
1650 11.24483721528703
1651 12.032111199637283
1652 11.103865951083044
1653 10.297844481819219
1654 10.74825975115694
1655 10.50675478143272
1656 10.606990503503344
1657 10.440351569519683
1658 9.975230136381793
1659 10.118966461334677
1660 10.424249407725624
1661 9.73820585085785
1662 10.269392951421182
1663 9.640674060695801
1664 10.094653405761427
1665 10.40369663495071
1666 10.451606458150003
1667 10.647021017026846
1668 10.536233328337568
1669 9.615148882737687
1670 10.121448136884897
1671 10.110350088232764
1672 10.873583969336705
1673 10.392491486364195
1674 10.556680716164003
1675 10.634595448296917
1676 10.242646918094882
1677 9.86197208888184
1678 10.352431032038556
1679 10.296182910895933
1680 10.12156180546727
1681 10.01994772216056
1682 10.02381175526508
1683 10.039765527073001
1684 9.964497039250755
1685 10.944900647914025
1686 9.961824528583278
1687 10.173358771918052
1688 10.571811560531883
1689 10.1620203762025
1690 10.114473752377224
1691 10.209274720410669
1692 10.674911242171822
1693 10.17104969407663
1694 10.501889134993293
1695 9.874919566342646
1696 9.706197117383434
1697 10.234700313497445
1698 9.984706477319694
1699 9.999182142120583
1700 10.091164023671148
1701 10.260072109409315
1702 10.083106471023937
1703 10.688958628854703
1704 10.354971971339767
1705 9.657409616123065
1706 9.673621350824314
1707 10.082100904274718
1708 10.12975505766802
1709 9.640599103070697
1710 10.05372700574943
1711 10.285096038396853
1712 10.088341045857582
1713 9.95480698787419
1714 10.63553482942024
1715 10.022769547070018
1716 10.40690690789933
1717 10.271986884801134
1718 10.197683746291707
1719 9.76113319586584
1720 9.53486103828973
1721 10.15580486726371
1722 10.428706948599912
1723 9.426747368195242
1724 9.976522832633664
1725 9.853892053703502
1726 9.794874722717427
1727 10.422617620719715
1728 10.25923054357466
1729 10.296403590522862
1730 10.027719310998762
1731 10.670616068786963
1732 10.849285196313232
1733 10.30299342557837
1734 10.465978324070647
1735 10.071512037771619
1736 9.78932301998393
1737 10.431823339284904
1738 10.635594138824315
1739 10.660563787773114
1740 10.238635608176972
1741 9.737019574938412
1742 10.138566690777893
1743 10.245296882633149
1744 10.272905743309622
1745 10.188994948942744
1746 10.062833567965397
1747 10.357986808178273
1748 10.081184247208213
1749 9.901556081902385
1750 10.103832534869307
1751 9.828461930878388
1752 9.464277984085
1753 9.993965772740651
1754 10.465950489346689
1755 10.039850254878152
1756 10.498788202565398
1757 10.603277718436743
1758 10.01460349379291
1759 10.456209139507985
1760 10.02421270389431
1761 10.460738604939372
1762 10.379848063500532
1763 10.678809297346229
1764 10.323131473060151
1765 9.827244117607592
1766 10.551944131786295
1767 10.818868427884327
1768 10.215031509518937
1769 9.619485683403452
1770 10.102025112573852
1771 10.496565158682472
1772 10.366506351964125
1773 10.469618138605634
1774 10.4832412691466
1775 10.881349594877035
1776 10.232084333985403
1777 10.26789215955709
1778 10.160532915419093
1779 10.00352324899411
1780 9.904076832282762
1781 10.360427223361828
1782 10.230546043130122
1783 9.947066146488908
1784 10.763232988604631
1785 10.46654609338666
1786 10.706670660980294
1787 10.644938670396956
1788 9.97987100629578
1789 9.853627292789461
1790 10.499206133938335
1791 9.946631275479902
1792 9.79752737624048
1793 9.750431120586867
1794 10.125659508971845
1795 10.182681649127353
1796 9.613435672623234
1797 9.660142736532801
1798 9.360996408479261
1799 9.988103433451823
1800 10.300059783585327
1801 9.729652588312705
1802 9.392795999942136
1803 9.89040848917046
1804 10.074181909412811
1805 9.62278979087351
1806 9.652420118384363
1807 10.223683048993555
1808 10.221618601714372
1809 9.470105933047776
1810 9.277819006886494
1811 9.826187350661664
1812 9.257760419807646
1813 9.35067385774325
1814 9.432178318706843
1815 9.591817967524205
1816 10.196423667362907
1817 9.264149754137454
1818 8.860695153377064
1819 9.104260978047705
1820 8.72677846613586
1821 8.992820643085349
1822 9.962485893117528
1823 10.11465235490184
1824 9.723294600112595
1825 10.013407937464242
1826 10.008197686332121
1827 10.573396151135709
1828 10.281921365607301
1829 10.206830271509133
1830 10.743505916240863
1831 10.520255570312397
1832 10.219459018137304
1833 9.950787164580616
1834 10.100140053686706
1835 10.75242581847376
1836 9.912956359313311
1837 9.904213162266462
1838 10.484216689551006
1839 10.335499163162222
1840 10.005301012696995
1841 10.491888023109041
1842 10.50959357316149
1843 10.078885161358333
1844 9.525441316708406
1845 10.33426949118574
1846 10.121414353053488
1847 10.10371072316784
1848 10.390704330450559
1849 10.128592646634047
1850 9.585692286631188
1851 9.634613682535585
1852 10.14684499341098
1853 10.385339763578052
1854 10.690641513179608
1855 11.020087319264178
1856 10.588860277310136
1857 10.561785119599834
1858 10.403112382178083
1859 11.427801614773239
1860 10.534331646454582
1861 10.40018733499978
1862 11.259807806974708
1863 10.28620177932453
1864 10.210324040188247
1865 10.316936713691643
1866 10.08832874828337
1867 9.932720422748574
1868 10.288474057601507
1869 10.300779753647804
1870 10.275473780532538
1871 10.828954829444093
1872 10.625712644998956
1873 10.44231496808283
1874 10.961663923300513
1875 10.47480134552057
1876 10.806984679915887
1877 10.4381334597821
1878 10.901560304363375
1879 9.98867939185995
1880 10.250742489428315
1881 10.316989546044576
1882 9.868010717769724
1883 9.943531222209836
1884 10.179536265344222
1885 10.213635756816005
1886 10.401753950540236
1887 9.465869453393928
1888 9.707927175892937
1889 9.71800053491307
1890 10.729167093122705
1891 10.242794744395681
1892 9.852123063403088
1893 10.711836941939245
1894 10.095095768130287
1895 10.221949792775058
1896 9.653449306846662
1897 9.487608660590343
1898 9.565945502512712
1899 9.385623014282723
1900 9.670480449564556
1901 10.267573509727812
1902 10.35126640730871
1903 10.321377833012322
1904 10.216487497739324
1905 10.326997581184191
1906 10.262699022062703
1907 10.311839636222656
1908 9.96521221572103
1909 9.885657339277506
1910 10.78627016330005
1911 9.892104769416191
1912 9.732153372972778
1913 10.401806488945446
1914 10.65899549338848
1915 9.68570104665785
1916 9.813868004323396
1917 10.30598269892575
1918 9.735149401134581
1919 10.006341911069406
1920 10.436241839926742
1921 9.542642979708305
1922 10.559232850941488
1923 10.075287807558398
1924 9.570331539155863
1925 10.129841068578918
1926 10.098400975515842
1927 9.648517286961253
1928 9.60712977735328
1929 9.870211989161115
1930 10.129300667111078
1931 10.205764233729985
1932 10.160686206826012
1933 10.0308643834708
1934 9.959146590379621
1935 9.474573989745256
1936 10.323671959438185
1937 10.4688904648907
1938 10.52059011733952
1939 10.642998972883257
1940 10.463967166942918
1941 10.662648279137834
1942 10.646366321931136
1943 10.81517512697043
1944 10.444723061525414
1945 10.275583141997854
1946 10.132455649462132
1947 10.539941647998058
1948 10.435519966017615
1949 10.047161080326466
1950 10.507273653838201
1951 10.319047820488798
1952 10.378497590692405
1953 10.199547903751968
1954 10.46321899697213
1955 9.688578468737143
1956 9.735684861908473
1957 9.606425052974371
1958 9.703767710873022
1959 10.015797037119073
1960 10.158132698445677
1961 9.543225073495979
1962 9.72173656504495
1963 10.295137128950802
1964 10.294406158925684
1965 9.602208348716282
1966 9.427341015489606
1967 10.019264268734059
1968 10.157513111142256
1969 9.230732646832866
1970 9.859983534981083
1971 10.329980342637484
1972 9.581239291562571
1973 9.5097121835504
1974 9.125146403078446
1975 9.596079704471835
1976 9.006726839269103
1977 8.908815160190194
1978 9.31458094878957
1979 9.15726178386309
1980 9.914794178391341
1981 10.456270896369135
1982 10.093189311732662
1983 9.897360944644246
1984 10.636457331211973
1985 10.08327092186828
1986 10.029627496471889
1987 10.739559363243284
1988 10.342469289950277
1989 10.181295646496139
1990 10.462098869244523
1991 9.767790710453546
1992 10.246281917169428
1993 10.432946555498809
1994 10.239370221064569
1995 9.872053610672364
1996 10.701543777226016
1997 10.215726832182431
1998 10.41555755833726
1999 10.67517488100608
2000 10.089073088876948
2001 10.017076298566534
2002 10.573240310736617
2003 10.81848692707585
2004 10.128365063361821
2005 10.345474122435295
2006 10.307919564927248
2007 10.631094053881423
2008 10.241708133420152
2009 10.287824769637936
2010 10.58208378430351
2011 9.627259210362144
2012 10.258457179981365
2013 10.265161458207379
2014 10.042975392839825
2015 10.166509412663777
2016 10.572389618776842
2017 9.884366263490831
2018 10.405604979603787
2019 10.517068844057492
2020 10.5273321598596
2021 10.135510886306818
2022 10.05718857155117
2023 9.792230472929129
2024 8.215081579647586
2025 9.063562834479274
2026 8.547699611751993
2027 8.600153653834496
2028 9.76680898915754
2029 10.484530178245324
2030 10.161037595409493
2031 10.324150556179148
2032 9.769989405286623
2033 10.269137397657362
2034 9.970768858045297
2035 10.00583106402351
2036 10.348818393046123
2037 9.722050787617883
2038 9.953617366522343
2039 10.306669802415351
2040 10.178127603915279
2041 10.347801303565472
2042 10.127281237444866
2043 10.264990674579696
2044 10.003139238592484
2045 9.958770467049154
2046 10.160417719603545
2047 10.30087335050072
2048 10.420518278775921
2049 10.349264417033766
2050 10.175419412930733
2051 10.311431586300149
2052 10.270788813530249
2053 10.200547479572379
2054 10.579087492871942
2055 10.404472931148058
2056 10.442887325284799
2057 9.844049991823153
2058 10.229805279203967
2059 10.186905230102289
2060 10.252841914704986
2061 10.375450305897859
2062 9.789323639070586
2063 10.036396450616055
2064 10.263743143156145
2065 10.4262948466044
2066 10.043415919063257
2067 9.809501940133622
2068 9.647331535930507
2069 9.862521971084558
2070 10.226558770070206
2071 10.113541721437585
2072 10.509189899376885
2073 10.538691644578378
2074 9.918664859837854
2075 9.88345654019925
2076 9.816001594385718
2077 9.988337927078806
2078 9.922983446417206
2079 9.541245565121118
2080 10.239269259622134
2081 9.309790676581805
2082 10.01098460918613
2083 9.970204945522982
2084 9.661385543064913
2085 10.117507786552974
2086 10.254296412501713
2087 10.114135180334555
2088 9.659226793281459
2089 9.861894020829665
2090 9.560838223765998
2091 9.884512103165457
2092 9.924645565499347
2093 9.883230726564575
2094 9.445488443894412
2095 10.353392800254369
2096 9.641093428664046
2097 10.468257253123202
2098 10.32913209992355
2099 10.582411296056176
2100 10.319407174176549
2101 10.438305229460251
2102 10.439949175210659
2103 10.185656437095899
2104 10.005650041882685
2105 10.419658149626478
2106 10.505964338104523
2107 10.868515288437928
2108 9.961767524040658
2109 9.935054828701443
2110 9.613583869299017
2111 9.913662467883235
2112 9.857846310326241
2113 10.12715938039105
2114 9.696319774260848
2115 9.501716897917087
2116 10.089280028874713
2117 10.373242291399919
2118 9.933151368312195
2119 9.707720240936977
2120 9.578644652556633
2121 10.470019116436033
2122 10.434607830634254
2123 9.896829393555787
2124 9.788642838767132
2125 9.962017751414642
2126 10.574046326156092
2127 10.060320019868609
2128 9.264074792472602
2129 9.514314280043834
2130 9.553550124916555
2131 10.120028915117702
2132 9.876159534107586
2133 9.898471912601664
2134 9.893499042691936
2135 10.315515755844535
2136 9.9100620804949
2137 9.919943869992071
2138 10.265216441296701
2139 10.013669211678488
2140 9.725670992384616
2141 9.86195989990027
2142 9.770543624882135
2143 9.704628555242385
2144 10.317396644633238
2145 9.765879353243239
2146 9.833333872670316
2147 9.990480337228986
2148 10.519818252181338
2149 10.068606391789983
2150 10.293599773568143
2151 9.87445584580199
2152 9.91849926217217
2153 9.76139642718074
2154 9.36286552118569
2155 9.585490775684116
2156 9.929777122657802
2157 9.513564494644976
2158 9.723563207160172
2159 10.238642158282147
2160 9.929546203663973
2161 9.305849641122991
2162 9.072346529689261
2163 9.728478737504021
2164 10.228337380094704
2165 9.92415051356847
2166 9.484705095838441
2167 9.423372800417058
2168 8.920128547441307
2169 9.139561628454835
2170 9.434858133466742
2171 10.195703024901292
2172 9.9366257630082
2173 9.587886816436157
2174 9.829346054404528
2175 10.328305176989979
2176 10.012227496315646
2177 10.425128609110827
2178 9.419426822517629
2179 10.254550003196973
2180 10.40621858742085
2181 9.336894213591039
2182 9.757645654308398
2183 10.516152798742255
2184 10.731941480472642
2185 10.089805974900667
2186 9.904876192553722
2187 9.863845746283612
2188 10.167988905130716
2189 10.177091968832027
2190 10.709639078785315
2191 10.173254884560867
2192 10.43653055964805
2193 10.247353427098972
2194 10.214190231460394
2195 10.607081970219058
2196 10.299015432166344
2197 9.542069676887296
2198 9.78349914841476
2199 9.813131498575942
2200 10.566724617613295
2201 10.4814677599605
2202 9.877779124587649
2203 10.068769312696599
2204 9.65061341897733
2205 9.976499288308373
2206 9.976914564060282
2207 9.992303453667528
2208 10.312093639209326
2209 10.037792066581323
2210 10.131756736263597
2211 9.989331260520679
2212 10.102700845200484
2213 10.132866614491611
2214 10.152010817020248
2215 10.081572812698033
2216 9.549593056320848
2217 10.151645916742067
2218 9.923363729153722
2219 10.391692960591246
2220 10.156775456264558
2221 10.24508063774064
2222 10.151134937715309
2223 9.508418104313023
2224 9.721601585007358
2225 9.79419562717629
2226 9.46649543317088
2227 9.916457141449133
2228 10.182420289506295
2229 9.595214757675718
2230 10.01955213472459
2231 9.82767217628905
2232 10.518142103186111
2233 9.946648201066017
2234 9.853141922757839
2235 10.310059392999404
2236 9.779228599546684
2237 10.351043219800355
2238 9.949926437109351
2239 9.99960448858512
2240 10.1521011374232
2241 10.250068434288005
2242 10.570564933120016
2243 9.750158408281246
2244 10.122852166556786
2245 10.112117259332694
2246 10.280413339469042
2247 9.94883975349589
2248 9.71702465808701
2249 9.857851751657723
2250 10.032037518529034
2251 9.816650972320275
2252 9.780118611529335
2253 10.076582166628448
2254 10.093027991117115
2255 10.57262553605902
2256 9.731470244969145
2257 9.964903375071595
2258 9.571710051067697
2259 10.482624426516653
2260 10.18369142936096
2261 9.977902973764259
2262 9.54269427200197
2263 9.830505302780898
2264 9.587072177224982
2265 10.355682182457109
2266 9.891283019173905
2267 9.955559140675724
2268 10.184118260970255
2269 10.365955034301727
2270 9.854262194653254
2271 10.27132678766625
2272 10.182583979579876
2273 9.608323027509794
2274 10.551421618400717
2275 10.492417885631232
2276 9.592574762938009
2277 10.04388768078863
2278 10.150303730534116
2279 9.438804705288321
2280 9.143226041982066
2281 9.297970797851331
2282 9.908303333888082
2283 9.650934347309061
2284 10.1080367128598
2285 10.119100325938636
2286 9.923031841145322
2287 10.038532435244292
2288 10.23490255638544
2289 10.16187638843006
2290 10.165648562768432
2291 10.11034112010825
2292 9.503078345776593
2293 10.070922459256982
2294 9.99874223003998
2295 10.036436317440984
2296 10.162102707312169
2297 10.356290159265063
2298 10.136439495091492
2299 9.777684906942142
2300 10.022399397813844
2301 9.420499344161009
2302 10.330199372576889
2303 10.103020087577145
2304 9.991038637492952
2305 10.242505784037766
2306 10.28465383403741
2307 10.1766506915011
2308 10.028086867559841
2309 9.848013914055556
2310 10.47367476467859
2311 10.277651292545352
2312 9.962004574365604
2313 9.712194831005966
2314 9.99712733450354
2315 10.253957056938795
2316 10.30636309649782
2317 9.87649288722104
2318 10.590818189359474
2319 10.281541491785694
2320 10.02159719710757
2321 10.197494334613847
2322 10.189651613864633
2323 10.218211252207077
2324 9.569973860959312
2325 10.549046507164697
2326 10.769998398806768
2327 10.181048246668176
2328 10.563877884861
2329 10.735283501926556
2330 10.781280473588485
2331 10.213615539252316
2332 10.63835886698878
2333 10.18882960087747
2334 10.208298442539803
2335 10.62309135379742
2336 9.497126547845475
2337 9.969294553438196
2338 9.951202345362363
2339 9.94773574401238
2340 9.665065642592333
2341 9.596226128144954
2342 9.879886580393883
2343 9.898407371477008
2344 10.154620494487371
2345 10.08481418177664
2346 9.606533423452031
2347 9.922464738767102
2348 9.522513810711288
2349 9.379939733216359
2350 9.866086454246854
2351 9.780865257563748
2352 10.019288476041858
2353 9.793980773359005
2354 9.545923483612366
2355 9.29427474424387
2356 10.29576351884277
2357 10.042967857868623
2358 9.68131652543636
2359 9.4361049151992
2360 9.754828322177183
2361 10.210821223488274
2362 9.716483167376696
2363 9.936333728697978
2364 9.720162240022761
2365 9.827036142634295
2366 9.920582617230503
2367 9.925559022141522
2368 9.656688914175966
2369 9.288167463671074
2370 9.848945893292251
2371 9.479317847162715
2372 9.634690800809167
2373 10.098132086660923
2374 10.10382789891621
2375 9.308186400579553
2376 9.385057846923248
2377 10.398110404196464
2378 9.781867131857583
2379 10.960774047605693
2380 9.96228011087196
2381 10.011900289079747
2382 9.732323193114755
2383 9.666265298445682
2384 10.113006394989291
2385 10.246243057161514
2386 9.961168643805951
2387 10.34777873281075
2388 10.713045062255118
2389 10.010920490664578
2390 9.9386995828729
2391 10.084265388195162
2392 10.266224791121086
2393 10.354819227233367
2394 10.376464542947923
2395 10.096432931844463
2396 10.46814708029323
2397 10.351239589036341
2398 9.881329245646853
2399 10.270610152648928
2400 9.796489813722603
2401 9.673341028165089
2402 10.245266367818251
2403 9.940890270867207
2404 9.81053480278572
2405 10.39211070672828
2406 9.637887204229427
2407 9.704962924961372
2408 9.643963350898632
2409 9.845589204032466
2410 9.789497298654423
2411 10.340357542596898
2412 10.005056496263427
2413 9.83906366057181
2414 9.807194169264125
2415 10.57495970474041
2416 10.632746505669148
2417 10.343782217949931
2418 10.543245940635199
2419 10.468457826210948
2420 10.619890508346755
2421 10.580636215765043
2422 10.17768112563999
2423 10.297349384073792
2424 10.616881861950802
2425 10.53842619926789
2426 10.776578018814151
2427 10.068231123662342
2428 10.267017170793284
2429 10.317457005310915
2430 10.292088538189157
2431 10.326749068467159
2432 9.688456820110005
2433 9.906771491124578
2434 10.073068587774156
2435 10.088992147088087
2436 10.07265328559963
2437 10.220265944534036
2438 10.164953780600285
2439 10.274518395496452
2440 10.120108413071351
2441 10.53968134669985
2442 10.162428747022028
2443 10.730646160902896
2444 10.349084713180334
2445 10.184267798876009
2446 10.15726857461604
2447 10.356559983414996
2448 10.630535121512606
2449 10.258856417452542
2450 10.551020328811225
2451 10.219710394549017
2452 10.162076689415928
2453 10.23566854580899
2454 10.274372973671317
2455 10.03999096268683
2456 10.169044099921832
2457 10.169250969409168
2458 9.856270952880365
2459 10.021304608706595
2460 10.296704334321308
2461 10.16505628253461
2462 10.217731531085736
2463 10.364465958772277
2464 10.109270867527682
2465 10.13605437432583
2466 10.525712235778606
2467 10.472825474025262
2468 9.843331699248244
2469 9.215471315097213
2470 10.142580273664073
2471 9.999018035220052
2472 9.72528284535199
2473 10.153294911130237
2474 10.020906703074806
2475 9.875670741661263
2476 10.005915104319348
2477 10.062405301043608
2478 10.329415391918511
2479 9.770978851205276
2480 10.248744088835323
2481 10.276560147863997
2482 10.196940129392612
2483 9.915371878573087
2484 10.519612638922379
2485 10.456532949499195
2486 10.563903763322129
2487 10.505159319882381
2488 10.297067598481732
2489 10.235059085391663
2490 10.528911425459741
2491 10.205583947662198
2492 10.183671242122992
2493 10.119257162126807
2494 10.578717488881168
2495 10.777700910529799
2496 10.435268328080454
2497 10.151592012766613
2498 10.436474805228686
2499 10.441162261861296
2500 10.603950558114708
2501 10.552789502580604
2502 10.736345391372218
2503 10.382579091370657
2504 10.15379402585439
2505 10.483722034268713
2506 10.56663913470641
2507 10.235069567066537
2508 10.676179479195959
2509 10.871569310422258
2510 10.786693018830675
2511 10.292208544858061
2512 10.232597496473161
2513 9.766780424979768
2514 9.837756139705412
2515 9.593480064953294
2516 10.039354818683886
2517 10.15008225226667
2518 10.232987419345012
2519 9.664552782025718
2520 10.078270015091535
2521 9.663693302219427
2522 10.222413143311874
2523 9.52705258839704
2524 10.288238119270204
2525 10.205238192337802
2526 9.78704462246727
2527 9.960930925290915
2528 10.176139525374083
2529 10.427222577290227
2530 9.8766432033936
2531 9.732861533782836
2532 10.909959010438383
2533 9.821475013777603
2534 9.772678899703514
2535 9.80258560540228
2536 9.416424202827454
2537 9.731418397296448
2538 9.68036595348192
2539 10.047997892260149
2540 9.955898958267698
2541 10.484804885296802
2542 9.825314657690797
2543 9.866841196059939
2544 9.735577524821561
2545 9.65359548641333
2546 10.103597134993521
2547 10.125904922794302
2548 9.845421517328308
2549 9.859197752802787
2550 10.162614374111616
2551 10.185142024854121
2552 10.114676726885861
2553 9.82817558600876
2554 9.996252133641995
2555 10.181522978668529
2556 10.237954546291185
2557 10.01807612435636
2558 10.004412384469733
2559 10.155085012084557
2560 9.945326128509263
2561 10.095082382994024
2562 9.717223570179955
2563 10.432423979151716
2564 10.229842413421672
2565 10.64422944859013
2566 10.286559580165019
2567 10.792590240212137
2568 10.278275641242166
2569 9.691390366280098
2570 10.112611686679616
2571 10.036238244318747
2572 10.256247621672852
2573 9.553003434462882
2574 10.319870211211365
2575 10.110945027110931
2576 9.876640630189142
2577 9.743488041886797
2578 10.343007003593298
2579 9.928957742665082
2580 10.100663313820887
2581 9.735816490568876
2582 9.311375081847153
2583 10.0558389799107
2584 10.010368148476944
2585 10.136287717391259
2586 9.78930561861905
2587 10.009562821841282
2588 10.33207477953162
2589 9.565913373695835
2590 10.171983829971525
2591 10.347858739336878
2592 10.095942614971989
2593 10.189889326817914
2594 10.256482940339275
2595 10.327585712690526
2596 10.816919808533347
2597 10.522815272747517
2598 9.672107637170539
2599 9.640735498710832
2600 10.099450706136382
2601 10.376022613917662
2602 9.581836887022225
2603 9.811573170244358
2604 10.19434049569428
2605 9.886934529822613
2606 9.728672866129116
2607 9.912142541060454
2608 9.781544410289529
2609 9.908569495697112
2610 10.47587317548252
2611 9.833942229766446
2612 9.52824096501086
2613 10.185167768023724
2614 9.763045625891797
2615 10.125637410342582
2616 10.258160357826158
2617 10.110308853759301
2618 10.263152105469056
2619 10.601528861765312
2620 10.204310951278835
2621 10.202148471434938
2622 9.857491000950734
2623 9.924436045125843
2624 9.934861567613218
2625 9.994059248729624
2626 10.16156604002641
2627 10.140204170679526
2628 10.191659658251728
2629 9.640723639946817
2630 10.26211503124983
2631 10.104741798778624
2632 9.81595018704034
2633 10.892950203147127
2634 10.479550705233788
2635 9.999426479404573
2636 9.959841915418616
2637 10.531267338267755
2638 9.91451048164088
2639 10.41824607661448
2640 10.187092638172802
2641 10.02875595163848
2642 10.297206324180008
2643 9.863739062527355
2644 9.946007356576784
2645 10.106795767482161
2646 10.112557297497627
2647 10.132636773407874
2648 10.351771796384114
2649 9.939003515001753
2650 9.634166895170578
2651 10.371885248421266
2652 10.085510259597598
2653 10.158747392091858
2654 9.985566344495178
2655 9.92445504730583
2656 10.150876666787969
2657 10.086585683256933
2658 9.817460387160576
2659 10.503556418937295
2660 9.941558173470622
2661 10.423276547843864
2662 10.498253415877423
2663 10.39847168368271
2664 10.146092836157514
2665 10.36563941038973
2666 10.525305087250242
2667 10.32332468178057
2668 10.431455799896355
2669 10.487312926279314
2670 10.458008348734635
2671 10.788005705722123
2672 9.755851639168172
2673 10.904350409620942
2674 10.844443116071005
2675 11.026698038225945
2676 10.775449351640587
2677 10.655662532638866
2678 10.664996433175498
2679 10.76655605968149
2680 10.935177600121284
2681 10.597591446723465
2682 10.657100676451808
2683 10.28102625334289
2684 10.666687206813858
2685 10.536632687627685
2686 10.560198583780485
2687 10.397389670451828
2688 10.188967771198987
2689 10.253753397570975
2690 10.170545447568532
2691 10.042335448009513
2692 10.37665087332961
2693 10.464936308590756
2694 10.46018132833053
2695 10.975072440811541
2696 10.621357407396788
2697 10.930715764104571
2698 10.479705788543352
2699 9.978909006579444
2700 10.47675062037578
2701 10.463449196176095
2702 10.485772704387724
2703 10.6595558736372
2704 10.911354261725007
2705 10.819839445994521
2706 10.929459230093903
2707 10.79307886832582
2708 10.633672927270057
2709 10.455633130847541
2710 10.413983789481033
2711 10.843162287819892
2712 10.589983292870022
2713 10.044199844101845
2714 10.192046167781317
2715 11.122597319064045
2716 10.768835693018158
2717 10.9124689794926
2718 10.139408374721706
2719 10.11560099317362
2720 10.659537774460029
2721 10.259129344869288
2722 10.218703319173743
2723 10.516083059442835
2724 10.292464100574545
2725 10.609813799096063
2726 10.318962991834121
2727 10.76680705264591
2728 10.214308602218393
2729 10.57717667254435
2730 10.620788775499516
2731 10.792579498281652
2732 9.880979206805165
2733 10.129386835772594
2734 10.228399232576
2735 10.532349562156957
2736 10.85335377094888
2737 10.451039083344124
2738 10.79934592294948
2739 10.045194205049533
2740 10.155735603382388
2741 10.257067234965271
2742 9.664758859013554
2743 10.182507921782902
2744 9.992680023428024
2745 10.898878040747038
2746 10.319241978366735
2747 10.289599814765992
2748 10.574411587298117
2749 10.7710435286223
2750 11.175137161662983
2751 10.905634795091574
2752 10.283131091765778
2753 10.221530853720878
2754 10.105882204208513
2755 10.456814749613907
2756 10.70460920098903
2757 10.583600648335517
2758 10.48206398482833
2759 10.338634579765799
2760 10.682268763051246
2761 10.412031689065945
2762 10.811885033357068
2763 10.340748386004073
2764 10.508207217825792
2765 10.861655496222271
2766 10.584016247777642
2767 10.714742792957109
2768 10.798156394664344
2769 11.087443136545616
2770 11.231007693180505
2771 10.320346604557907
2772 10.131432893670056
2773 10.20596899255773
2774 10.264426800410716
2775 10.26158273191188
2776 10.696088918477198
2777 10.766077561624659
2778 10.494938703495876
2779 10.608925097459327
2780 10.30732066147433
2781 10.081464171650891
2782 10.550520707770856
2783 10.322584518888709
2784 11.193129157361264
2785 10.500675375188154
2786 10.56738902724857
2787 10.356903614285736
2788 10.815688649656861
2789 10.507477461280693
2790 10.668972252091177
2791 10.606475989850818
2792 10.588837855216548
2793 10.451758258358707
2794 10.875671941465646
2795 10.206707318931763
2796 10.077814131029953
2797 10.763462311539977
2798 11.034370271560054
2799 10.729570999925357
2800 10.575530780110139
2801 10.441812635183942
2802 11.078555075756107
2803 10.34473025519248
2804 10.21311786441242
2805 10.444975690012344
2806 9.810785506257481
2807 10.291619443247596
2808 10.339500896318913
2809 10.166323925106752
2810 10.505260985557177
2811 10.564353956631562
2812 9.763776658539378
2813 10.410374566437522
2814 9.957778006368562
2815 10.259287055812058
2816 9.927020027373098
2817 10.160737327993955
2818 10.916273825154178
2819 9.919507581439666
2820 10.295712265778127
2821 10.506939232676713
2822 10.634551160555356
2823 10.76759484058712
2824 10.587242102222612
2825 10.718792341896066
2826 10.907842347721582
2827 10.602355559263605
2828 10.511101765973372
2829 10.395276096001028
2830 10.615561730652074
2831 10.407603091415064
2832 10.73866897001328
2833 10.641161736035047
2834 10.524161497541092
2835 10.568869236213528
2836 10.35050717639953
2837 10.4919697246069
2838 9.939560981753832
2839 9.604385379170651
2840 9.373823645011708
2841 9.819071331254557
2842 10.107965138443243
2843 10.54517143450801
2844 10.257834997636067
2845 10.156895380143244
2846 10.456886049411388
2847 10.18419583230259
2848 9.828277945506503
2849 10.043355129691177
2850 9.886469452573577
2851 9.791072104092295
2852 10.295985402768103
2853 10.717843765587736
2854 10.730080411215722
2855 10.805549071017092
2856 10.602554130136385
2857 10.45548607535066
2858 9.950384455265523
2859 10.679885348889846
2860 10.198034258839035
2861 10.602664002208547
2862 10.742732631070314
2863 10.547814173951544
2864 10.700595377076382
2865 10.135989797128078
2866 10.24047739826095
2867 10.433345263799252
2868 9.96683650178834
2869 10.452493445143652
2870 10.354987770322394
2871 10.460051424221376
2872 10.132381967849515
2873 10.430541141747478
2874 10.511773648595256
2875 10.351160074725966
2876 9.834271932386953
2877 9.842990902920599
2878 10.058018024587893
2879 10.361333015708393
2880 10.358248141630638
2881 10.47491276647497
2882 10.242070618358863
2883 10.084191219612483
2884 10.505874692166575
2885 10.755736636451054
2886 10.532632750849375
2887 10.810859703220185
2888 10.892215404224753
2889 10.36449659483649
2890 10.87231488163334
2891 10.779944687796489
2892 10.994064711383725
2893 10.12217958116221
2894 10.068711935706386
2895 10.41733376517608
2896 10.341884307440134
2897 10.239158893629265
2898 9.943901108764925
2899 10.047058061069437
2900 10.538165904243789
2901 10.063258742202613
2902 10.557260240512054
2903 10.358570986292815
2904 10.827294264956016
2905 10.444930128400317
2906 9.649461190369733
2907 10.423491602261663
2908 10.230741196643047
2909 10.65973500200708
2910 10.02174248673131
2911 10.343739315657432
2912 9.993134657769364
2913 10.323251559575025
2914 9.906075242511324
2915 10.168978511478723
2916 9.94676565991974
2917 9.711374135048034
2918 10.194852834168014
2919 9.92485889632667
2920 10.108649369501434
2921 9.534409351049746
2922 9.966083082148515
2923 9.754053246532314
2924 10.011085470560731
2925 9.72514590485752
2926 10.225235072057648
2927 9.698921162393022
2928 9.97827806195474
2929 10.078808577053149
2930 9.87089637654945
2931 10.107561969733387
2932 9.835506217573172
2933 9.876846544469203
2934 9.951167256686764
2935 10.04816072241211
2936 9.834768979996449
2937 9.469098387996453
2938 10.315653548904779
2939 9.896692146341799
2940 9.664273025437575
2941 9.761831873325253
2942 9.864669758854586
2943 10.708293081135341
2944 10.479917523079218
2945 10.41989084767654
2946 10.70299278471047
2947 9.452150262347567
2948 10.128074828282523
2949 9.821672185059493
2950 9.6111640508899
2951 9.56443836235713
2952 9.959381535590618
2953 9.703277962712171
2954 9.68901362761407
2955 9.924747403836088
2956 10.090127777659117
2957 10.03944254395034
2958 10.261582215614004
2959 9.995356966766979
2960 10.297056377905236
2961 9.816650700218354
2962 9.989740313295771
2963 9.269394708369616
2964 10.032858173821044
2965 9.808811247070606
2966 9.939534939549402
2967 10.023766176014464
2968 10.43988624527869
2969 10.058535884015866
2970 9.943488511387699
2971 10.112736248661975
2972 10.005588508520058
2973 9.744982076527645
2974 9.898608900359317
2975 10.464896691727303
2976 10.06274662960288
2977 10.144880789622388
2978 10.064015182083999
2979 10.454883285871597
2980 10.242458553798592
2981 9.855122427608046
2982 10.585289290145957
2983 10.28809299330508
2984 10.463325497928642
2985 10.660678190570302
2986 10.429478692311395
2987 10.326359905729307
2988 10.468268899899943
2989 10.593255887205416
2990 10.27056667348302
2991 10.145370923925718
2992 10.017878063580925
2993 9.895642310803275
2994 10.363777512722066
2995 9.902546348272752
2996 10.158922669806824
2997 10.25195758814007
2998 10.459326397481538
2999 10.828811186173253
3000 10.520712993760313
3001 10.062690415597823
3002 9.961024034692722
3003 10.532734679834805
3004 10.391475973973867
3005 10.086253212211732
3006 10.139456651573948
3007 9.715899776477427
3008 10.243205822111529
3009 10.39638674244696
3010 10.23550972022305
3011 10.954232328841117
3012 9.93816634388131
3013 10.079701847533313
3014 10.338311210579676
3015 9.68094728946054
3016 10.098587868259367
3017 10.724145295436935
3018 10.005339373576225
3019 10.310583153189457
3020 10.004805278294608
3021 10.151313159986191
3022 10.118889812098976
3023 10.223384564459566
3024 9.924703341867023
3025 10.036183638334373
3026 9.890467301998852
3027 10.314739659885964
3028 9.63791378310292
3029 10.203673425048683
3030 10.59541760287436
3031 10.813540271266092
3032 10.50679978654904
3033 10.350343527279898
3034 10.461697330417264
3035 10.725684588371653
3036 10.232356395120894
3037 9.819689354357516
3038 10.010725302840973
3039 10.140423719283424
3040 10.370048377457946
3041 9.986201827288461
3042 11.032410718877689
3043 10.04153683597714
3044 10.14895536323173
3045 10.05504752273667
3046 10.53403496039815
3047 9.911757550191755
3048 10.189743041522702
3049 9.994625054633463
3050 10.571823240509916
3051 10.475958537605676
3052 10.289217165060949
3053 9.851604980889448
3054 9.896495079215013
3055 10.316480124508898
3056 9.43711912316207
3057 9.789846166334598
3058 10.500750678611611
3059 10.30395765486496
3060 10.19045025851745
3061 9.940867823141138
3062 9.967597319531585
3063 10.313731077163068
3064 10.376280458560379
3065 10.30627362483782
3066 10.210886654471995
3067 10.587286613103714
3068 10.731045342674243
3069 10.090210182477188
3070 10.50541307367667
3071 10.181758389333531
3072 9.973190493844562
3073 10.543336511980739
3074 10.17296907343577
3075 10.735828182412492
3076 9.981000895957544
3077 10.472423667798866
3078 9.916260244399691
3079 10.045986892519062
3080 9.790524920966439
3081 10.211986261803922
3082 10.311528184159457
3083 9.729125141401372
3084 9.734148486692282
3085 9.898575910897078
3086 10.360620347917342
3087 9.943559509826615
3088 9.905736217361152
3089 9.689801060535405
3090 10.126476187883018
3091 10.133375485529331
3092 10.24902949758626
3093 9.395812202890582
3094 10.385659504378191
3095 10.094480379538018
3096 10.044308611470978
3097 9.84523204005454
3098 10.280054668367578
3099 9.828136365731421
3100 10.138341510058062
3101 11.012238598009509
3102 10.733205595682112
3103 10.655025977006018
3104 10.029422410567417
3105 9.820120010566615
3106 10.412641145502787
3107 10.844932286943127
3108 10.248538544180127
3109 10.29997131378657
3110 10.36744251692882
3111 10.023741594588717
3112 10.216657523203649
3113 10.028884381655491
3114 10.47167996557717
3115 10.412448060558974
3116 10.250490800771972
3117 9.822682039203489
3118 10.035612991746575
3119 10.302536400939115
3120 10.241607171010642
3121 9.56333167167513
3122 10.610341975706078
3123 10.056516363622036
3124 9.74859217373573
3125 10.277636389183145
3126 10.158148039309536
3127 10.112357729014349
3128 10.56270726642579
3129 10.745927819071724
3130 10.969122385768125
3131 10.787146104727034
3132 10.425416081216781
3133 10.606620330465073
3134 10.579090330258836
3135 10.268521647535419
3136 10.46629936706911
3137 9.709117968711771
3138 10.209947777010175
3139 10.239601357514923
3140 9.647443202898732
3141 9.754890566109546
3142 10.734638273538293
3143 10.25047733862993
3144 10.470992621740129
3145 10.547636739065997
3146 10.270191014162616
3147 9.965389582820432
3148 10.059056847537798
3149 10.017595807280026
3150 9.947505297127998
3151 10.13835989577639
3152 10.005246432492967
3153 9.609851278784955
3154 10.087724698748833
3155 10.117195152158924
3156 9.65718718110589
3157 9.784145984851904
3158 10.287078433079886
3159 10.32441745751433
3160 9.98215019319818
3161 10.480148798118163
3162 10.400148011232513
3163 10.014338762074011
3164 10.513426751367026
3165 10.056519578312384
3166 9.786256316102701
3167 10.06153995063813
3168 10.134496192387497
3169 9.94221184970963
3170 10.01568523758728
3171 10.258345481498282
3172 9.970032099235839
3173 10.179695466666034
3174 10.12710221573575
3175 10.259339663793376
3176 9.641990195556806
3177 10.122313965860728
3178 10.109722164762323
3179 9.995665327807325
3180 10.412336392475712
3181 10.560117891944037
3182 10.523062583861549
3183 10.557498810746045
3184 10.097239347717114
3185 9.953852618952869
3186 9.874109852380313
3187 10.438426596976154
3188 10.174136278796926
3189 9.669433489547417
3190 9.77217753414058
3191 10.115950688652811
3192 10.121660455617361
3193 10.312910682426393
3194 9.986805937015315
3195 9.672098809904293
3196 10.032116843012151
3197 10.760655492007853
3198 10.56746728539007
3199 10.0906062366167
3200 10.340737871703405
3201 10.079935982574975
3202 10.119819072970559
3203 9.894093724992867
3204 10.195478165365843
3205 10.752428712541498
3206 10.631160415351097
3207 10.328908367663907
3208 9.954302690172364
3209 9.869402305381344
3210 9.93106398659031
3211 9.967905752968978
3212 9.959413708427054
3213 10.452007127944583
3214 9.766340712415543
3215 10.218160226032268
3216 10.137511482369787
3217 10.511183963136082
3218 10.53658152642348
3219 10.375976744151158
3220 9.63959506624082
3221 10.213650734559351
3222 10.067479898267838
3223 9.878131475052937
3224 9.840373284407566
3225 10.21968982613927
3226 10.062578294004515
3227 10.166922350888917
3228 10.278390070222525
3229 9.982015819960997
3230 10.396734664538666
3231 9.773430245693607
3232 10.255069741506368
3233 10.007560808065591
3234 10.180808699892083
3235 10.121369992434243
3236 9.813445654998453
3237 10.228594551824981
3238 10.003469996246535
3239 10.67689884760228
