14.698607620461782 1
14.707958661642202 0
14.71730970282262 0
14.72666074400304 0
14.736011785183459 0
14.745362826363877 0
14.754713867544297 0
14.764064908724716 1
14.773415949905134 0
14.782766991085554 0
14.792118032265973 0
14.801469073446391 0
14.81082011462681 0
14.820171155807229 0
14.829522196987648 0
14.838873238168068 0
14.848224279348486 0
14.857575320528905 0
14.866926361709325 0
14.876277402889743 0
14.885628444070163 0
14.894979485250582 0
14.904330526431 0
14.91368156761142 0
14.92303260879184 0
14.932383649972257 1
14.941734691152677 0
14.951085732333096 0
14.960436773513514 0
14.969787814693934 1
14.979138855874353 0
14.988489897054771 0
14.997840938235191 0
15.007191979415609 0
15.016543020596028 1
15.025894061776448 2
15.035245102956866 0
15.044596144137286 0
15.053947185317705 0
15.063298226498123 0
15.072649267678543 0
15.082000308858962 0
15.09135135003938 2
15.1007023912198 1
15.11005343240022 1
15.119404473580637 0
15.128755514761057 0
15.138106555941476 2
15.147457597121894 1
15.156808638302314 1
15.166159679482734 0
15.175510720663151 0
15.184861761843571 0
15.19421280302399 1
15.203563844204409 0
15.212914885384828 0
15.222265926565246 3
15.231616967745666 2
15.240968008926085 0
15.250319050106503 1
15.259670091286923 2
15.269021132467342 2
15.27837217364776 1
15.28772321482818 1
15.2970742560086 0
15.306425297189017 1
15.315776338369437 1
15.325127379549857 2
15.334478420730274 1
15.343829461910694 1
15.353180503091114 0
15.362531544271532 5
15.371882585451951 2
15.38123362663237 1
15.390584667812789 2
15.399935708993208 1
15.409286750173628 0
15.418637791354046 2
15.427988832534465 1
15.437339873714883 2
15.446690914895303 3
15.456041956075723 3
15.46539299725614 1
15.47474403843656 2
15.48409507961698 0
15.493446120797397 0
15.502797161977817 1
15.512148203158237 2
15.521499244338655 2
15.530850285519074 1
15.540201326699494 1
15.549552367879912 4
15.558903409060331 2
15.568254450240751 4
15.577605491421169 2
15.586956532601588 4
15.596307573782006 3
15.605658614962426 0
15.615009656142846 1
15.624360697323265 1
15.633711738503683 2
15.643062779684103 3
15.65241382086452 4
15.66176486204494 1
15.67111590322536 2
15.680466944405778 2
15.689817985586197 3
15.699169026766617 1
15.708520067947035 3
15.717871109127454 3
15.727222150307874 2
15.736573191488292 4
15.745924232668711 3
15.755275273849131 7
15.764626315029549 3
15.773977356209969 6
15.783328397390388 1
15.792679438570806 4
15.802030479751226 6
15.811381520931644 0
15.820732562112063 1
15.830083603292483 1
15.839434644472902 2
15.84878568565332 5
15.85813672683374 5
15.867487768014158 4
15.876838809194577 4
15.886189850374997 7
15.895540891555415 7
15.904891932735834 6
15.914242973916254 3
15.923594015096672 4
15.932945056277092 3
15.942296097457511 4
15.951647138637929 2
15.960998179818349 5
15.970349220998768 3
15.979700262179186 4
15.989051303359606 7
15.998402344540025 11
16.007753385720445 3
16.01710442690086 5
16.02645546808128 7
16.0358065092617 4
16.04515755044212 4
16.05450859162254 5
16.06385963280296 5
16.073210673983375 10
16.082561715163795 5
16.091912756344215 4
16.101263797524634 9
16.110614838705054 7
16.11996587988547 2
16.12931692106589 12
16.13866796224631 7
16.14801900342673 12
16.15737004460715 5
16.166721085787568 5
16.176072126967984 12
16.185423168148404 10
16.194774209328823 2
16.204125250509243 8
16.213476291689663 6
16.222827332870082 6
16.2321783740505 15
16.241529415230918 8
16.250880456411338 9
16.260231497591757 6
16.269582538772177 10
16.278933579952596 7
16.288284621133013 8
16.297635662313432 14
16.306986703493852 7
16.31633774467427 7
16.32568878585469 9
16.33503982703511 8
16.344390868215527 9
16.353741909395946 8
16.363092950576366 13
16.372443991756786 12
16.381795032937205 4
16.39114607411762 11
16.40049711529804 12
16.40984815647846 9
16.41919919765888 11
16.4285502388393 6
16.43790128001972 13
16.447252321200136 10
16.456603362380555 7
16.465954403560975 11
16.475305444741394 7
16.484656485921814 6
16.494007527102234 12
16.50335856828265 11
16.51270960946307 16
16.52206065064349 8
16.53141169182391 7
16.54076273300433 9
16.550113774184744 20
16.559464815365164 14
16.568815856545584 15
16.578166897726003 7
16.587517938906423 15
16.596868980086843 16
16.60622002126726 9
16.61557106244768 13
16.624922103628098 14
16.634273144808517 22
16.643624185988937 12
16.652975227169357 14
16.662326268349773 12
16.671677309530192 21
16.681028350710612 15
16.69037939189103 7
16.69973043307145 14
16.709081474251867 17
16.718432515432287 21
16.727783556612707 16
16.737134597793126 17
16.746485638973546 22
16.755836680153966 7
16.765187721334385 15
16.7745387625148 13
16.78388980369522 14
16.79324084487564 18
16.80259188605606 10
16.81194292723648 17
16.821293968416896 20
16.830645009597315 20
16.839996050777735 18
16.849347091958155 14
16.858698133138574 12
16.86804917431899 21
16.87740021549941 29
16.88675125667983 25
16.89610229786025 19
16.90545333904067 24
16.91480438022109 14
16.924155421401508 21
16.933506462581924 25
16.942857503762344 15
16.952208544942764 20
16.961559586123183 17
16.970910627303603 18
16.98026166848402 21
16.98961270966444 24
16.998963750844858 19
17.008314792025278 21
17.017665833205697 9
17.027016874386117 20
17.036367915566533 21
17.045718956746953 22
17.055069997927372 22
17.064421039107792 23
17.07377208028821 19
17.08312312146863 23
17.092474162649047 20
17.101825203829467 18
17.111176245009887 26
17.120527286190306 16
17.129878327370726 25
17.139229368551142 14
17.14858040973156 17
17.15793145091198 29
17.1672824920924 19
17.17663353327282 22
17.18598457445324 24
17.19533561563366 20
17.204686656814076 20
17.214037697994495 24
17.223388739174915 20
17.232739780355335 22
17.242090821535754 27
17.25144186271617 15
17.26079290389659 19
17.27014394507701 27
17.27949498625743 22
17.28884602743785 15
17.298197068618265 21
17.307548109798685 17
17.316899150979104 20
17.326250192159524 24
17.335601233339943 14
17.344952274520363 15
17.354303315700783 28
17.3636543568812 17
17.37300539806162 17
17.382356439242038 17
17.391707480422458 17
17.401058521602877 19
17.410409562783293 24
17.419760603963713 15
17.429111645144133 16
17.438462686324552 21
17.447813727504972 17
17.45716476868539 10
17.466515809865808 27
17.475866851046227 21
17.485217892226647 13
17.494568933407066 19
17.503919974587486 20
17.513271015767906 17
17.52262205694832 18
17.53197309812874 13
17.54132413930916 16
17.55067518048958 14
17.56002622167 18
17.569377262850416 14
17.578728304030836 13
17.588079345211256 16
17.597430386391675 18
17.606781427572095 9
17.616132468752514 16
17.625483509932934 14
17.63483455111335 18
17.64418559229377 10
17.65353663347419 12
17.66288767465461 12
17.67223871583503 7
17.681589757015445 7
17.690940798195864 8
17.700291839376284 6
17.709642880556704 14
17.718993921737123 9
17.72834496291754 8
17.73769600409796 13
17.74704704527838 14
17.7563980864588 9
17.765749127639218 10
17.775100168819638 12
17.784451210000057 5
17.793802251180473 12
17.803153292360893 9
17.812504333541312 5
17.821855374721732 10
17.83120641590215 8
17.840557457082568 6
17.849908498262987 7
17.859259539443407 11
17.868610580623827 9
17.877961621804246 9
17.887312662984662 6
17.896663704165082 2
17.9060147453455 7
17.91536578652592 4
17.92471682770634 6
17.93406786888676 8
17.94341891006718 4
17.952769951247596 8
17.962120992428016 12
17.971472033608435 4
17.980823074788855 4
17.990174115969275 7
17.99952515714969 1
18.00887619833011 5
18.01822723951053 3
18.02757828069095 4
18.03692932187137 0
18.04628036305179 4
18.055631404232205 6
18.064982445412625 0
18.074333486593044 1
18.083684527773464 4
18.093035568953884 2
18.102386610134303 6
18.11173765131472 1
18.12108869249514 1
18.13043973367556 4
18.139790774855978 3
18.149141816036398 3
18.158492857216814 0
18.167843898397233 2
18.177194939577653 2
18.186545980758073 1
18.195897021938492 3
18.205248063118912 3
18.21459910429933 2
18.223950145479748 1
18.233301186660167 1
18.242652227840587 3
18.252003269021007 0
18.261354310201426 0
18.270705351381842 2
18.280056392562262 2
18.28940743374268 0
18.2987584749231 0
18.30810951610352 0
18.317460557283937 3
18.326811598464356 0
18.336162639644776 3
18.345513680825196 0
18.354864722005615 2
18.364215763186035 2
18.373566804366455 1
18.38291784554687 0
18.39226888672729 0
18.40161992790771 1
18.41097096908813 1
18.42032201026855 1
18.429673051448965 0
18.439024092629385 1
18.448375133809805 0
18.457726174990224 0
18.467077216170644 1
18.476428257351063 1
18.48577929853148 0
18.4951303397119 0
18.50448138089232 1
18.51383242207274 1
18.523183463253158 2
18.532534504433578 1
18.541885545613994 0
18.551236586794413 0
18.560587627974833 1
18.569938669155253 1
18.579289710335672 0
18.58864075151609 5
18.597991792696508 0
18.607342833876928 0
18.616693875057347 0
18.626044916237767 1
18.635395957418186 1
18.644746998598606 1
18.654098039779022 0
18.66344908095944 0
18.67280012213986 0
18.68215116332028 1
18.6915022045007 1
18.700853245681117 0
18.710204286861536 1
18.719555328041956 0
18.728906369222376 0
18.738257410402795 0
18.74760845158321 0
18.75695949276363 0
18.76631053394405 0
18.77566157512447 0
18.78501261630489 0
18.79436365748531 0
18.80371469866573 1
18.813065739846145 1
18.822416781026565 0
18.831767822206984 0
18.841118863387404 0
18.850469904567824 0
18.85982094574824 0
18.86917198692866 0
18.87852302810908 0
18.8878740692895 0
18.89722511046992 0
18.906576151650334 0
18.915927192830758 0
18.925278234011174 0
18.934629275191593 0
18.943980316372013 0
18.953331357552432 0
18.962682398732852 0
18.972033439913268 0
18.981384481093688 0
18.990735522274107 0
19.000086563454527 0
19.009437604634947 0
19.018788645815363 0
19.028139686995782 0
19.037490728176202 0
19.04684176935662 0
19.05619281053704 0
19.065543851717457 0
19.07489489289788 0
19.084245934078297 0
19.093596975258716 0
19.102948016439136 0
19.112299057619555 0
19.121650098799975 0
19.13100113998039 0
19.14035218116081 0
19.14970322234123 0
19.15905426352165 0
19.16840530470207 0
19.177756345882486 0
19.187107387062905 1
19.196458428243325 0
19.205809469423745 0
19.215160510604164 0
19.224511551784584 0
19.233862592965004 0
19.24321363414542 0
19.25256467532584 0
19.26191571650626 0
19.27126675768668 0
19.280617798867098 0
19.289968840047514 0
19.299319881227934 0
19.308670922408353 0
19.318021963588773 0
19.327373004769193 0
19.33672404594961 0
19.34607508713003 0
19.355426128310448 0
19.364777169490868 1
