11.818997092654904 1
11.831578369222202 0
11.8441596457895 0
11.856740922356797 0
11.869322198924097 0
11.881903475491395 0
11.894484752058693 0
11.90706602862599 0
11.919647305193289 0
11.932228581760587 1
11.944809858327886 1
11.957391134895184 1
11.969972411462482 0
11.98255368802978 0
11.995134964597078 0
12.007716241164376 0
12.020297517731676 0
12.032878794298973 1
12.045460070866271 0
12.05804134743357 0
12.070622624000867 1
12.083203900568165 1
12.095785177135465 0
12.108366453702763 0
12.12094773027006 0
12.133529006837358 0
12.146110283404656 1
12.158691559971954 0
12.171272836539254 1
12.183854113106552 0
12.19643538967385 0
12.209016666241148 0
12.221597942808446 0
12.234179219375743 2
12.246760495943043 2
12.259341772510341 0
12.271923049077639 0
12.284504325644937 1
12.297085602212235 1
12.309666878779533 1
12.32224815534683 1
12.33482943191413 0
12.347410708481428 1
12.359991985048726 1
12.372573261616024 2
12.385154538183322 1
12.39773581475062 3
12.41031709131792 0
12.422898367885217 2
12.435479644452515 2
12.448060921019813 0
12.460642197587111 0
12.473223474154409 1
12.485804750721709 0
12.498386027289007 1
12.510967303856305 2
12.523548580423602 1
12.5361298569909 2
12.548711133558198 1
12.561292410125498 4
12.573873686692796 2
12.586454963260094 0
12.599036239827392 3
12.61161751639469 2
12.624198792961987 0
12.636780069529287 1
12.649361346096585 2
12.661942622663883 1
12.67452389923118 5
12.687105175798479 2
12.699686452365777 5
12.712267728933075 3
12.724849005500374 5
12.737430282067672 6
12.75001155863497 8
12.762592835202268 1
12.775174111769566 2
12.787755388336866 4
12.800336664904163 4
12.812917941471461 5
12.82549921803876 2
12.838080494606057 1
12.850661771173355 5
12.863243047740653 6
12.875824324307953 4
12.88840560087525 2
12.900986877442548 5
12.913568154009846 3
12.926149430577144 8
12.938730707144442 7
12.951311983711742 7
12.96389326027904 6
12.976474536846338 4
12.989055813413636 11
13.001637089980933 8
13.014218366548231 8
13.026799643115531 8
13.039380919682829 15
13.051962196250127 2
13.064543472817425 7
13.077124749384723 8
13.08970602595202 9
13.102287302519319 7
13.114868579086618 13
13.127449855653916 9
13.140031132221214 12
13.152612408788512 15
13.16519368535581 13
13.17777496192311 10
13.190356238490407 13
13.202937515057705 14
13.215518791625003 9
13.228100068192301 6
13.240681344759599 12
13.253262621326897 14
13.265843897894197 16
13.278425174461495 14
13.291006451028792 10
13.30358772759609 13
13.316169004163388 20
13.328750280730688 15
13.341331557297986 13
13.353912833865284 13
13.366494110432582 15
13.37907538699988 11
13.391656663567177 13
13.404237940134475 11
13.416819216701775 16
13.429400493269073 14
13.44198176983637 19
13.454563046403669 23
13.467144322970967 18
13.479725599538265 21
13.492306876105562 18
13.504888152672862 21
13.51746942924016 17
13.530050705807458 23
13.542631982374756 23
13.555213258942054 21
13.567794535509353 27
13.580375812076651 20
13.59295708864395 20
13.605538365211247 19
13.618119641778545 28
13.630700918345843 17
13.64328219491314 23
13.65586347148044 25
13.668444748047738 24
13.681026024615036 19
13.693607301182334 29
13.706188577749632 19
13.718769854316932 16
13.73135113088423 19
13.743932407451528 29
13.756513684018826 25
13.769094960586123 26
13.781676237153421 22
13.79425751372072 22
13.806838790288019 26
13.819420066855317 20
13.832001343422615 22
13.844582619989913 22
13.85716389655721 29
13.86974517312451 29
13.882326449691806 34
13.894907726259106 27
13.907489002826404 31
13.920070279393702 30
13.932651555961 29
13.945232832528298 34
13.957814109095597 22
13.970395385662895 27
13.982976662230193 22
13.995557938797491 27
14.008139215364789 33
14.020720491932087 25
14.033301768499385 32
14.045883045066685 29
14.058464321633982 33
14.07104559820128 24
14.083626874768578 29
14.096208151335876 16
14.108789427903176 27
14.121370704470474 19
14.133951981037772 32
14.14653325760507 21
14.159114534172367 26
14.171695810739665 23
14.184277087306963 28
14.196858363874263 36
14.20943964044156 27
14.222020917008859 18
14.234602193576157 24
14.247183470143455 25
14.259764746710754 20
14.27234602327805 24
14.28492729984535 24
14.297508576412648 20
14.310089852979946 23
14.322671129547244 17
14.335252406114542 23
14.347833682681841 20
14.36041495924914 23
14.372996235816437 24
14.385577512383735 24
14.398158788951033 16
14.410740065518333 16
14.423321342085629 22
14.435902618652928 25
14.448483895220226 17
14.461065171787524 16
14.473646448354822 17
14.48622772492212 23
14.49880900148942 25
14.511390278056718 23
14.523971554624016 20
14.536552831191313 15
14.549134107758611 14
14.56171538432591 22
14.574296660893207 14
14.586877937460507 18
14.599459214027805 20
14.612040490595103 10
14.6246217671624 11
14.637203043729698 12
14.649784320296998 9
14.662365596864296 14
14.674946873431594 8
14.687528149998892 6
14.70010942656619 11
14.712690703133488 11
14.725271979700786 9
14.737853256268085 13
14.750434532835383 6
14.763015809402681 14
14.775597085969979 8
14.788178362537277 12
14.800759639104577 9
14.813340915671873 5
14.825922192239172 6
14.83850346880647 7
14.851084745373768 8
14.863666021941066 9
14.876247298508364 6
14.888828575075664 9
14.901409851642962 8
14.91399112821026 7
14.926572404777557 13
14.939153681344855 1
14.951734957912153 6
14.964316234479451 8
14.97689751104675 7
14.989478787614049 8
15.002060064181347 7
15.014641340748645 5
15.027222617315942 6
15.039803893883242 5
15.05238517045054 7
15.064966447017838 5
15.077547723585136 8
15.090129000152434 6
15.102710276719732 5
15.11529155328703 5
15.12787282985433 4
15.140454106421627 4
15.153035382988925 3
15.165616659556223 3
15.17819793612352 1
15.19077921269082 4
15.203360489258117 3
15.215941765825416 2
15.228523042392714 4
15.241104318960012 6
15.25368559552731 2
15.266266872094608 3
15.278848148661908 3
15.291429425229206 3
15.304010701796503 2
15.316591978363801 0
15.3291732549311 0
15.341754531498399 1
15.354335808065695 4
15.366917084632995 1
15.379498361200293 4
15.39207963776759 2
15.404660914334888 3
15.417242190902186 3
15.429823467469486 1
15.442404744036784 0
15.454986020604082 0
15.46756729717138 4
15.480148573738678 1
15.492729850305976 2
15.505311126873274 0
15.517892403440573 1
15.530473680007871 1
15.543054956575169 2
15.555636233142467 0
15.568217509709765 4
15.580798786277064 1
15.593380062844362 2
15.60596133941166 1
15.618542615978958 2
15.631123892546256 2
15.643705169113554 0
15.656286445680852 1
15.668867722248152 0
15.68144899881545 0
15.694030275382747 1
15.706611551950045 4
15.719192828517343 1
15.731774105084643 0
15.744355381651939 1
15.756936658219239 0
15.769517934786537 1
15.782099211353835 3
15.794680487921132 1
15.80726176448843 1
15.81984304105573 0
15.832424317623026 0
15.845005594190326 1
15.857586870757624 1
15.870168147324922 1
15.882749423892221 0
15.895330700459517 1
15.907911977026817 1
15.920493253594115 1
15.933074530161413 0
15.94565580672871 0
15.958237083296009 1
15.970818359863308 0
15.983399636430605 3
15.995980912997904 0
16.008562189565204 1
16.0211434661325 1
16.0337247426998 0
16.046306019267096 0
16.058887295834396 1
16.07146857240169 1
16.08404984896899 2
16.09663112553629 0
16.109212402103587 3
16.121793678670887 0
16.134374955238183 0
16.146956231805483 1
16.15953750837278 0
16.17211878494008 0
16.184700061507378 0
16.197281338074674 0
16.209862614641974 1
16.22244389120927 1
16.23502516777657 0
16.247606444343866 1
16.260187720911166 0
16.272768997478465 0
16.28535027404576 0
16.29793155061306 1
16.31051282718036 1
16.323094103747657 1
16.335675380314953 2
16.348256656882253 0
16.360837933449552 0
16.37341921001685 1
16.386000486584148 0
16.398581763151448 1
16.411163039718744 2
16.423744316286044 0
16.43632559285334 1
16.44890686942064 1
16.461488145987936 1
16.474069422555235 0
16.486650699122535 0
16.49923197568983 0
16.51181325225713 0
16.524394528824427 1
16.536975805391727 0
16.549557081959023 0
16.562138358526322 1
16.574719635093622 0
16.58730091166092 2
16.599882188228218 1
16.612463464795518 0
16.625044741362814 0
16.63762601793011 0
16.65020729449741 0
16.66278857106471 0
16.675369847632005 0
16.687951124199305 2
16.700532400766605 3
16.7131136773339 0
16.725694953901197 0
16.738276230468497 0
16.750857507035796 0
16.763438783603092 0
16.776020060170392 1
16.788601336737692 2
16.801182613304988 0
16.813763889872288 0
16.826345166439584 0
16.838926443006883 0
16.85150771957418 0
16.86408899614148 0
16.87667027270878 3
16.889251549276075 0
16.901832825843375 0
16.91441410241067 0
16.92699537897797 0
16.939576655545267 1
16.952157932112566 1
16.964739208679866 0
16.977320485247162 0
16.989901761814462 0
17.00248303838176 0
17.015064314949058 0
17.027645591516354 0
17.040226868083653 0
17.052808144650953 0
17.06538942121825 1
17.07797069778555 1
17.09055197435285 0
17.103133250920145 0
17.11571452748744 1
17.12829580405474 0
17.14087708062204 1
17.153458357189336 0
17.166039633756636 0
17.178620910323936 1
17.191202186891232 0
17.20378346345853 0
17.216364740025828 0
17.228946016593127 1
17.241527293160424 0
17.254108569727723 0
17.266689846295023 1
17.27927112286232 1
17.29185239942962 1
17.304433675996915 0
17.317014952564215 0
17.32959622913151 0
17.34217750569881 1
17.35475878226611 0
17.367340058833406 0
17.379921335400706 1
17.392502611968006 1
17.4050838885353 2
17.417665165102598 0
17.430246441669897 0
17.442827718237197 0
17.455408994804493 0
17.467990271371793 1
17.480571547939093 0
17.49315282450639 1
17.50573410107369 0
17.518315377640985 0
17.530896654208284 0
17.54347793077558 1
17.55605920734288 0
17.56864048391018 0
17.581221760477476 0
17.593803037044776 0
17.60638431361207 0
17.61896559017937 0
17.631546866746667 0
17.644128143313967 0
17.656709419881267 0
17.669290696448563 1
17.681871973015863 0
17.69445324958316 0
17.70703452615046 0
17.719615802717755 0
17.732197079285054 0
17.744778355852354 0
17.75735963241965 0
17.76994090898695 0
17.78252218555425 0
17.795103462121546 0
17.80768473868884 0
17.82026601525614 0
17.83284729182344 0
17.845428568390737 0
17.858009844958037 0
17.870591121525337 0
17.883172398092633 0
17.895753674659932 0
17.90833495122723 0
17.920916227794528 0
17.933497504361824 0
17.946078780929124 0
17.958660057496424 0
17.97124133406372 0
17.98382261063102 0
17.996403887198316 0
18.008985163765615 0
18.02156644033291 0
18.03414771690021 0
18.04672899346751 0
18.059310270034807 0
18.071891546602107 0
18.084472823169403 0
18.097054099736702 1
