6.735530843323598 1
6.745104656143168 0
6.754678468962737 0
6.764252281782307 0
6.773826094601876 0
6.783399907421446 0
6.792973720241015 0
6.802547533060584 1
6.812121345880153 0
6.821695158699723 0
6.831268971519292 0
6.840842784338862 0
6.850416597158431 0
6.859990409978001 0
6.86956422279757 0
6.87913803561714 0
6.888711848436709 0
6.898285661256279 0
6.907859474075848 0
6.917433286895418 0
6.927007099714986 0
6.936580912534556 0
6.946154725354125 0
6.955728538173695 0
6.965302350993264 0
6.974876163812834 0
6.984449976632403 1
6.994023789451973 0
7.003597602271542 0
7.0131714150911115 0
7.022745227910681 0
7.0323190407302505 0
7.04189285354982 0
7.0514666663693895 0
7.061040479188958 0
7.0706142920085275 0
7.080188104828097 0
7.0897619176476665 0
7.099335730467236 0
7.1089095432868055 0
7.118483356106375 0
7.128057168925944 0
7.137630981745514 0
7.147204794565083 0
7.156778607384653 0
7.166352420204222 0
7.175926233023791 1
7.18550004584336 0
7.19507385866293 0
7.204647671482499 0
7.214221484302069 0
7.223795297121638 1
7.233369109941208 0
7.242942922760777 0
7.252516735580347 0
7.262090548399916 0
7.271664361219486 0
7.281238174039055 0
7.290811986858625 0
7.300385799678194 1
7.309959612497763 0
7.319533425317332 0
7.329107238136902 0
7.338681050956471 0
7.348254863776041 0
7.35782867659561 0
7.36740248941518 0
7.376976302234749 0
7.386550115054319 0
7.396123927873888 0
7.405697740693458 0
7.415271553513027 1
7.424845366332596 0
7.434419179152165 0
7.443992991971735 1
7.453566804791304 0
7.463140617610874 0
7.472714430430443 0
7.482288243250013 0
7.491862056069582 0
7.501435868889152 0
7.511009681708721 1
7.520583494528291 0
7.53015730734786 0
7.5397311201674295 0
7.549304932986999 0
7.5588787458065685 0
7.568452558626137 0
7.578026371445707 0
7.587600184265276 0
7.5971739970848455 0
7.606747809904415 2
7.6163216227239845 1
7.625895435543554 0
7.6354692483631235 2
7.645043061182693 0
7.654616874002262 0
7.664190686821832 1
7.6737644996414005 0
7.68333831246097 1
7.6929121252805395 2
7.702485938100109 2
7.712059750919678 4
7.721633563739248 1
7.731207376558817 3
7.740781189378387 4
7.750355002197956 2
7.759928815017526 1
7.769502627837095 0
7.779076440656665 0
7.788650253476234 2
7.798224066295804 3
7.807797879115373 3
7.817371691934943 0
7.826945504754511 4
7.836519317574081 5
7.84609313039365 2
7.85566694321322 3
7.865240756032789 2
7.874814568852359 3
7.884388381671928 3
7.893962194491498 3
7.903536007311067 7
7.913109820130637 2
7.922683632950205 2
7.932257445769775 4
7.941831258589344 4
7.951405071408914 6
7.960978884228483 6
7.970552697048053 2
7.980126509867622 5
7.989700322687192 8
7.999274135506761 8
8.00884794832633 6
8.0184217611459 5
8.02799557396547 6
8.037569386785039 7
8.047143199604609 8
8.056717012424178 10
8.066290825243748 9
8.075864638063317 5
8.085438450882886 5
8.095012263702456 12
8.104586076522025 8
8.114159889341593 5
8.123733702161164 16
8.133307514980732 7
8.142881327800302 15
8.152455140619871 12
8.16202895343944 14
8.17160276625901 14
8.18117657907858 10
8.190750391898149 7
8.200324204717719 11
8.209898017537288 6
8.219471830356857 13
8.229045643176427 10
8.238619455995996 14
8.248193268815566 9
8.257767081635135 17
8.267340894454705 12
8.276914707274274 24
8.286488520093844 11
8.296062332913413 17
8.305636145732983 15
8.315209958552552 17
8.324783771372122 14
8.334357584191691 10
8.34393139701126 16
8.35350520983083 17
8.3630790226504 12
8.372652835469967 12
8.382226648289539 20
8.391800461109106 24
8.401374273928676 14
8.410948086748245 16
8.420521899567815 25
8.430095712387384 12
8.439669525206954 14
8.449243338026523 19
8.458817150846093 20
8.468390963665662 29
8.477964776485232 18
8.487538589304801 11
8.49711240212437 13
8.50668621494394 14
8.51626002776351 16
8.52583384058308 15
8.535407653402649 25
8.544981466222218 14
8.554555279041788 18
8.564129091861357 16
8.573702904680927 10
8.583276717500496 7
8.592850530320066 18
8.602424343139635 29
8.611998155959203 16
8.621571968778774 14
8.631145781598342 15
8.640719594417911 16
8.65029340723748 14
8.65986722005705 20
8.66944103287662 13
8.679014845696189 15
8.688588658515759 18
8.698162471335328 17
8.707736284154898 18
8.717310096974467 25
8.726883909794036 17
8.736457722613606 17
8.746031535433175 10
8.755605348252745 17
8.765179161072314 7
8.774752973891884 17
8.784326786711453 13
8.793900599531023 12
8.803474412350592 16
8.813048225170162 11
8.822622037989731 19
8.8321958508093 17
8.84176966362887 17
8.851343476448438 11
8.86091728926801 8
8.870491102087577 13
8.880064914907148 11
8.889638727726716 11
8.899212540546287 12
8.908786353365855 10
8.918360166185424 17
8.927933979004994 11
8.937507791824563 9
8.947081604644133 14
8.956655417463702 10
8.966229230283272 15
8.975803043102841 13
8.98537685592241 11
8.99495066874198 13
9.00452448156155 10
9.01409829438112 11
9.023672107200689 12
9.033245920020258 11
9.042819732839828 12
9.052393545659397 15
9.061967358478967 9
9.071541171298536 11
9.081114984118106 16
9.090688796937675 16
9.100262609757245 12
9.109836422576812 14
9.119410235396384 18
9.128984048215951 17
9.138557861035522 11
9.14813167385509 16
9.15770548667466 16
9.16727929949423 15
9.176853112313799 17
9.186426925133368 10
9.196000737952938 17
9.205574550772507 11
9.215148363592077 12
9.224722176411646 9
9.234295989231216 18
9.243869802050785 13
9.253443614870354 20
9.263017427689924 12
9.272591240509493 14
9.282165053329063 24
9.291738866148632 22
9.301312678968202 14
9.310886491787771 14
9.32046030460734 13
9.33003411742691 19
9.33960793024648 14
9.349181743066048 13
9.358755555885619 15
9.368329368705187 20
9.377903181524758 11
9.387476994344325 14
9.397050807163897 12
9.406624619983464 16
9.416198432803034 13
9.425772245622603 18
9.435346058442173 15
9.444919871261742 12
9.454493684081312 17
9.464067496900881 19
9.47364130972045 19
9.48321512254002 16
9.49278893535959 17
9.50236274817916 15
9.511936560998729 16
9.521510373818298 12
9.531084186637868 10
9.540657999457437 10
9.550231812277007 24
9.559805625096576 13
9.569379437916146 10
9.578953250735715 14
9.588527063555285 21
9.598100876374854 16
9.607674689194422 18
9.617248502013993 6
9.62682231483356 15
9.636396127653132 12
9.6459699404727 8
9.655543753292271 12
9.665117566111839 16
9.674691378931408 13
9.684265191750978 9
9.693839004570547 20
9.703412817390117 11
9.712986630209686 16
9.722560443029256 16
9.732134255848825 4
9.741708068668395 8
9.751281881487964 15
9.760855694307534 20
9.770429507127103 15
9.780003319946672 16
9.789577132766242 18
9.799150945585811 13
9.808724758405381 15
9.81829857122495 8
9.82787238404452 15
9.83744619686409 12
9.847020009683657 12
9.856593822503228 16
9.866167635322796 10
9.875741448142367 7
9.885315260961935 11
9.894889073781506 15
9.904462886601074 11
9.914036699420643 7
9.923610512240213 12
9.933184325059782 15
9.942758137879352 13
9.952331950698921 12
9.96190576351849 7
9.97147957633806 11
9.98105338915763 8
9.9906272019772 11
10.000201014796769 9
10.009774827616338 8
10.019348640435908 9
10.028922453255477 8
10.038496266075047 10
10.048070078894616 11
10.057643891714186 9
10.067217704533755 7
10.076791517353325 6
10.086365330172894 11
10.095939142992464 7
10.105512955812031 5
10.115086768631603 4
10.12466058145117 11
10.134234394270742 4
10.14380820709031 6
10.15338201990988 6
10.162955832729448 6
10.172529645549018 6
10.182103458368587 2
10.191677271188157 5
10.201251084007726 6
10.210824896827296 1
10.220398709646865 5
10.229972522466435 5
10.239546335286004 3
10.249120148105574 2
10.258693960925143 5
10.268267773744713 2
10.277841586564282 4
10.287415399383852 0
10.296989212203421 2
10.30656302502299 2
10.31613683784256 5
10.32571065066213 1
10.335284463481699 3
10.344858276301268 2
10.354432089120838 2
10.364005901940406 0
10.373579714759977 4
10.383153527579545 0
10.392727340399116 1
10.402301153218684 0
10.411874966038255 3
10.421448778857823 2
10.431022591677392 2
10.440596404496961 0
10.450170217316531 1
10.4597440301361 1
10.46931784295567 2
10.47889165577524 0
10.488465468594809 0
10.498039281414378 0
10.507613094233948 3
10.517186907053517 2
10.526760719873087 1
10.536334532692656 0
10.545908345512226 0
10.555482158331795 0
10.565055971151365 1
10.574629783970934 2
10.584203596790504 0
10.593777409610073 0
10.603351222429641 2
10.612925035249212 2
10.62249884806878 0
10.632072660888351 0
10.641646473707919 3
10.65122028652749 2
10.660794099347058 0
10.670367912166627 0
10.679941724986197 1
10.689515537805766 2
10.699089350625336 2
10.708663163444905 1
10.718236976264475 0
10.727810789084044 0
10.737384601903614 0
10.746958414723183 1
10.756532227542753 0
10.766106040362322 0
10.775679853181892 0
10.785253666001461 0
10.79482747882103 0
10.8044012916406 0
10.81397510446017 0
10.823548917279737 0
10.833122730099308 0
10.842696542918876 0
10.852270355738447 1
10.861844168558015 0
10.871417981377586 0
10.880991794197154 1
10.890565607016725 0
10.900139419836293 0
10.909713232655864 0
10.919287045475432 0
10.928860858295003 0
10.938434671114571 0
10.94800848393414 0
10.95758229675371 0
10.96715610957328 1
10.976729922392849 0
10.986303735212418 0
10.995877548031988 0
11.005451360851557 0
11.015025173671127 0
11.024598986490696 0
11.034172799310266 0
11.043746612129835 1
11.053320424949405 0
11.062894237768974 1
11.072468050588544 0
11.082041863408111 0
11.091615676227683 0
11.10118948904725 0
11.110763301866822 0
11.12033711468639 1
11.12991092750596 0
11.139484740325528 0
11.1490585531451 0
11.158632365964667 0
11.168206178784239 0
11.177779991603806 0
11.187353804423378 1
11.196927617242945 0
11.206501430062515 0
11.216075242882084 0
11.225649055701654 0
11.235222868521223 0
11.244796681340793 0
11.254370494160362 0
11.263944306979932 0
11.273518119799501 0
11.28309193261907 0
11.29266574543864 0
11.30223955825821 0
11.311813371077779 0
11.321387183897349 0
11.330960996716918 0
11.340534809536486 0
11.350108622356057 0
11.359682435175625 0
11.369256247995196 0
11.378830060814764 0
11.388403873634335 0
11.397977686453903 1
11.407551499273474 0
11.417125312093042 1
11.426699124912613 0
11.43627293773218 0
11.445846750551752 0
11.45542056337132 0
11.464994376190889 0
11.474568189010458 0
11.484142001830028 0
11.493715814649597 0
11.503289627469167 0
11.512863440288736 1
