9.794405526573167 1
9.803405568319427 0
9.812405610065685 0
9.821405651811945 0
9.830405693558204 0
9.839405735304464 0
9.848405777050722 0
9.857405818796982 0
9.86640586054324 0
9.8754059022895 0
9.884405944035759 0
9.89340598578202 0
9.902406027528277 0
9.911406069274538 0
9.920406111020796 0
9.929406152767056 1
9.938406194513314 0
9.947406236259575 0
9.956406278005833 0
9.965406319752093 0
9.974406361498351 0
9.983406403244611 0
9.99240644499087 0
10.00140648673713 0
10.010406528483388 1
10.019406570229648 1
10.028406611975907 0
10.037406653722167 0
10.046406695468425 0
10.055406737214685 0
10.064406778960944 0
10.073406820707204 0
10.082406862453462 0
10.091406904199722 0
10.10040694594598 0
10.10940698769224 1
10.1184070294385 1
10.12740707118476 0
10.136407112931018 0
10.145407154677278 0
10.154407196423536 1
10.163407238169796 0
10.172407279916055 0
10.181407321662315 0
10.190407363408573 1
10.199407405154833 0
10.208407446901091 2
10.217407488647352 1
10.22640753039361 1
10.23540757213987 0
10.244407613886128 1
10.253407655632389 0
10.262407697378647 1
10.271407739124907 1
10.280407780871165 1
10.289407822617425 0
10.298407864363684 1
10.307407906109944 2
10.316407947856202 1
10.325407989602462 0
10.33440803134872 0
10.343408073094981 3
10.35240811484124 1
10.3614081565875 3
10.370408198333758 0
10.379408240080018 0
10.388408281826276 1
10.397408323572536 0
10.406408365318795 0
10.415408407065055 0
10.424408448811313 0
10.433408490557573 1
10.442408532303833 1
10.451408574050092 0
10.46040861579635 4
10.46940865754261 0
10.47840869928887 1
10.487408741035129 4
10.496408782781389 1
10.505408824527647 0
10.514408866273907 2
10.523408908020166 3
10.532408949766426 1
10.541408991512684 4
10.550409033258944 4
10.559409075005203 1
10.568409116751463 2
10.577409158497721 1
10.586409200243981 1
10.59540924199024 1
10.6044092837365 1
10.613409325482758 2
10.622409367229018 1
10.631409408975276 1
10.640409450721537 2
10.649409492467795 1
10.658409534214055 2
10.667409575960313 0
10.676409617706573 1
10.685409659452832 4
10.694409701199092 2
10.70340974294535 0
10.71240978469161 1
10.721409826437869 2
10.730409868184129 1
10.739409909930387 1
10.748409951676647 6
10.757409993422906 3
10.766410035169166 3
10.775410076915424 0
10.784410118661684 3
10.793410160407943 1
10.802410202154203 2
10.811410243900461 4
10.820410285646721 0
10.82941032739298 2
10.83841036913924 0
10.847410410885498 1
10.856410452631758 0
10.865410494378017 5
10.874410536124277 1
10.883410577870535 3
10.892410619616795 2
10.901410661363053 2
10.910410703109314 3
10.919410744855572 5
10.928410786601832 6
10.93741082834809 2
10.94641087009435 7
10.955410911840609 4
10.964410953586869 2
10.973410995333127 4
10.982411037079387 4
10.991411078825646 0
11.000411120571906 2
11.009411162318164 8
11.018411204064424 2
11.027411245810683 3
11.036411287556943 5
11.045411329303203 2
11.054411371049461 4
11.06341141279572 2
11.07241145454198 7
11.08141149628824 8
11.090411538034498 9
11.099411579780757 2
11.108411621527017 8
11.117411663273277 3
11.126411705019535 13
11.135411746765794 3
11.144411788512054 3
11.153411830258314 7
11.162411872004572 5
11.17141191375083 3
11.18041195549709 4
11.18941199724335 4
11.19841203898961 5
11.20741208073587 6
11.216412122482128 7
11.225412164228388 3
11.234412205974646 11
11.243412247720906 3
11.252412289467165 6
11.261412331213425 11
11.270412372959683 5
11.279412414705943 5
11.288412456452201 7
11.297412498198462 7
11.30641253994472 8
11.31541258169098 6
11.324412623437238 9
11.333412665183499 7
11.342412706929757 2
11.351412748676017 11
11.360412790422275 11
11.369412832168535 6
11.378412873914794 6
11.387412915661054 3
11.396412957407312 8
11.405412999153572 6
11.41441304089983 3
11.423413082646091 12
11.43241312439235 7
11.44141316613861 8
11.450413207884868 5
11.459413249631128 2
11.468413291377386 5
11.477413333123646 12
11.486413374869905 9
11.495413416616165 12
11.504413458362423 9
11.513413500108683 13
11.522413541854942 8
11.531413583601202 8
11.54041362534746 14
11.54941366709372 14
11.558413708839979 9
11.567413750586239 4
11.576413792332497 10
11.585413834078757 7
11.594413875825015 9
11.603413917571276 6
11.612413959317534 4
11.621414001063794 15
11.630414042810052 14
11.639414084556313 8
11.648414126302571 10
11.657414168048831 10
11.66641420979509 11
11.67541425154135 13
11.684414293287608 10
11.693414335033868 10
11.702414376780126 7
11.711414418526386 6
11.720414460272647 10
11.729414502018905 16
11.738414543765163 9
11.747414585511423 14
11.756414627257683 14
11.765414669003942 7
11.7744147107502 14
11.78341475249646 12
11.79241479424272 16
11.801414835988979 10
11.810414877735237 9
11.819414919481497 23
11.828414961227757 11
11.837415002974016 19
11.846415044720274 12
11.855415086466534 8
11.864415128212794 12
11.873415169959053 22
11.882415211705311 13
11.891415253451571 14
11.900415295197831 15
11.90941533694409 14
11.918415378690348 27
11.927415420436608 22
11.936415462182868 15
11.945415503929127 18
11.954415545675387 14
11.963415587421645 16
11.972415629167905 17
11.981415670914163 18
11.990415712660424 17
11.999415754406682 23
12.008415796152942 12
12.0174158378992 9
12.02641587964546 24
12.035415921391719 13
12.044415963137979 24
12.053416004884237 14
12.062416046630497 19
12.071416088376756 14
12.080416130123016 21
12.089416171869274 22
12.098416213615534 17
12.107416255361793 16
12.116416297108053 16
12.125416338854311 16
12.134416380600571 22
12.14341642234683 25
12.15241646409309 14
12.161416505839348 18
12.170416547585608 15
12.179416589331867 25
12.188416631078127 19
12.197416672824385 23
12.206416714570645 16
12.215416756316904 23
12.224416798063164 14
12.233416839809422 20
12.242416881555682 17
12.25141692330194 18
12.2604169650482 25
12.269417006794459 21
12.27841704854072 22
12.28741709028698 16
12.296417132033238 20
12.305417173779496 22
12.314417215525756 17
12.323417257272016 28
12.332417299018275 25
12.341417340764533 20
12.350417382510793 17
12.359417424257053 23
12.368417466003311 19
12.37741750774957 27
12.38641754949583 20
12.39541759124209 16
12.404417632988348 23
12.413417674734607 20
12.422417716480867 23
12.431417758227127 21
12.440417799973385 25
12.449417841719644 14
12.458417883465904 26
12.467417925212164 21
12.476417966958422 19
12.48541800870468 12
12.49441805045094 13
12.503418092197201 31
12.51241813394346 21
12.521418175689718 23
12.530418217435978 16
12.539418259182238 24
12.548418300928496 11
12.557418342674755 22
12.566418384421015 24
12.575418426167275 8
12.584418467913533 25
12.593418509659793 22
12.602418551406052 24
12.611418593152312 15
12.62041863489857 15
12.62941867664483 26
12.638418718391089 21
12.647418760137349 15
12.656418801883607 22
12.665418843629867 14
12.674418885376125 18
12.683418927122386 20
12.692418968868644 24
12.701419010614904 11
12.710419052361162 17
12.719419094107423 11
12.728419135853681 15
12.737419177599941 15
12.7464192193462 8
12.75541926109246 13
12.764419302838718 18
12.773419344584978 13
12.782419386331236 12
12.791419428077496 13
12.800419469823755 16
12.809419511570015 11
12.818419553316273 7
12.827419595062533 7
12.836419636808792 10
12.845419678555052 12
12.85441972030131 7
12.86341976204757 12
12.872419803793829 8
12.881419845540089 8
12.890419887286347 10
12.899419929032607 11
12.908419970778866 8
12.917420012525126 7
12.926420054271386 5
12.935420096017644 10
12.944420137763903 8
12.953420179510163 9
12.962420221256423 11
12.971420263002681 6
12.98042030474894 7
12.9894203464952 10
12.99842038824146 4
13.007420429987718 9
13.016420471733976 6
13.025420513480237 6
13.034420555226497 7
13.043420596972755 3
13.052420638719013 3
13.061420680465273 3
13.070420722211534 4
13.079420763957792 9
13.08842080570405 5
13.09742084745031 0
13.10642088919657 2
13.115420930942829 5
13.124420972689087 3
13.133421014435347 4
13.142421056181607 4
13.151421097927866 2
13.160421139674124 3
13.169421181420384 7
13.178421223166644 2
13.187421264912903 6
13.196421306659161 2
13.205421348405421 2
13.214421390151681 3
13.22342143189794 4
13.232421473644198 3
13.241421515390458 2
13.250421557136718 0
13.259421598882977 2
13.268421640629237 1
13.277421682375495 3
13.286421724121755 2
13.295421765868014 3
13.304421807614274 1
13.313421849360532 1
13.322421891106792 2
13.33142193285305 2
13.34042197459931 0
13.349422016345569 2
13.35842205809183 2
13.367422099838087 0
13.376422141584348 1
13.385422183330606 3
13.394422225076866 1
13.403422266823124 2
13.412422308569385 2
13.421422350315643 1
13.430422392061903 5
13.439422433808161 0
13.448422475554421 1
13.45742251730068 2
13.46642255904694 4
13.475422600793198 1
13.484422642539458 0
13.493422684285717 1
13.502422726031977 3
13.511422767778235 0
13.520422809524495 1
13.529422851270754 0
13.538422893017014 1
13.547422934763272 1
13.556422976509532 0
13.56542301825579 1
13.57442306000205 0
13.58342310174831 1
13.59242314349457 0
13.60142318524083 0
13.610423226987088 1
13.619423268733346 0
13.628423310479606 1
13.637423352225866 0
13.646423393972125 0
13.655423435718383 1
13.664423477464643 0
13.673423519210903 0
13.682423560957162 1
13.69142360270342 0
13.70042364444968 1
13.70942368619594 0
13.718423727942199 0
13.727423769688457 0
13.736423811434717 2
13.745423853180977 1
13.754423894927235 0
13.763423936673494 2
13.772423978419754 0
13.781424020166014 0
13.790424061912272 1
13.79942410365853 0
13.808424145404791 0
13.817424187151051 2
13.82642422889731 0
13.835424270643568 0
13.844424312389828 0
13.853424354136088 0
13.862424395882346 2
13.871424437628605 0
13.880424479374865 0
13.889424521121125 0
13.898424562867383 0
13.907424604613642 0
13.916424646359902 0
13.925424688106162 0
13.93442472985242 0
13.943424771598679 0
13.952424813344939 0
13.961424855091199 0
13.970424896837457 0
13.979424938583715 0
13.988424980329976 0
13.997425022076236 1
14.006425063822494 0
14.015425105568752 0
14.024425147315013 0
14.033425189061273 0
14.042425230807531 0
14.05142527255379 0
14.06042531430005 0
14.06942535604631 0
14.078425397792568 0
14.087425439538828 0
14.096425481285088 0
14.105425523031347 0
14.114425564777605 0
14.123425606523865 0
14.132425648270125 0
14.141425690016383 0
14.150425731762642 0
14.159425773508902 0
14.168425815255162 1
14.17742585700142 0
14.186425898747679 0
14.195425940493939 0
14.204425982240199 0
14.213426023986457 0
14.222426065732716 0
14.231426107478976 0
14.240426149225236 0
14.249426190971494 0
14.258426232717753 0
14.267426274464013 0
14.276426316210273 0
14.285426357956531 1
