8.68561051143296 1
8.695248222065462 0
8.704885932697964 0
8.714523643330466 0
8.724161353962966 0
8.733799064595468 0
8.74343677522797 0
8.753074485860472 0
8.762712196492974 0
8.772349907125475 0
8.781987617757977 0
8.791625328390477 0
8.80126303902298 0
8.810900749655481 1
8.820538460287983 0
8.830176170920485 0
8.839813881552987 0
8.849451592185487 0
8.859089302817988 0
8.86872701345049 0
8.878364724082992 0
8.888002434715494 0
8.897640145347996 0
8.907277855980498 1
8.916915566612998 0
8.9265532772455 0
8.936190987878001 0
8.945828698510503 0
8.955466409143005 0
8.965104119775507 0
8.974741830408009 1
8.984379541040509 0
8.99401725167301 0
9.003654962305513 0
9.013292672938015 1
9.022930383570516 0
9.032568094203018 0
9.042205804835518 1
9.05184351546802 0
9.061481226100522 2
9.071118936733024 1
9.080756647365526 0
9.090394357998028 1
9.10003206863053 1
9.10966977926303 0
9.119307489895531 0
9.128945200528033 1
9.138582911160535 3
9.148220621793037 1
9.157858332425539 1
9.16749604305804 2
9.17713375369054 1
9.186771464323042 2
9.196409174955544 2
9.206046885588046 1
9.215684596220548 2
9.22532230685305 0
9.234960017485552 2
9.244597728118052 1
9.254235438750554 2
9.263873149383056 2
9.273510860015557 0
9.28314857064806 3
9.292786281280561 1
9.302423991913063 1
9.312061702545563 0
9.321699413178065 4
9.331337123810567 2
9.340974834443069 2
9.35061254507557 2
9.360250255708072 5
9.369887966340572 0
9.379525676973074 5
9.389163387605576 4
9.398801098238078 5
9.40843880887058 4
9.418076519503082 2
9.427714230135583 4
9.437351940768083 2
9.446989651400585 2
9.456627362033087 4
9.466265072665589 4
9.47590278329809 5
9.485540493930593 2
9.495178204563093 5
9.504815915195595 5
9.514453625828097 5
9.524091336460598 4
9.5337290470931 7
9.543366757725602 11
9.553004468358104 6
9.562642178990604 11
9.572279889623106 5
9.581917600255608 7
9.59155531088811 9
9.601193021520611 9
9.610830732153113 9
9.620468442785615 2
9.630106153418115 4
9.639743864050617 13
9.649381574683119 8
9.65901928531562 8
9.668656995948123 7
9.678294706580624 5
9.687932417213126 14
9.697570127845626 9
9.707207838478128 9
9.71684554911063 5
9.726483259743132 10
9.736120970375634 12
9.745758681008136 7
9.755396391640637 14
9.765034102273138 17
9.77467181290564 8
9.784309523538141 15
9.793947234170643 11
9.803584944803145 14
9.813222655435647 7
9.822860366068149 14
9.832498076700649 15
9.84213578733315 10
9.851773497965652 6
9.861411208598154 15
9.871048919230656 15
9.880686629863158 7
9.89032434049566 10
9.89996205112816 9
9.909599761760662 12
9.919237472393164 12
9.928875183025665 15
9.938512893658167 12
9.948150604290667 15
9.95778831492317 16
9.967426025555671 13
9.977063736188173 10
9.986701446820675 16
9.996339157453177 18
10.005976868085678 8
10.015614578718179 11
10.02525228935068 11
10.034889999983182 12
10.044527710615684 9
10.054165421248186 10
10.063803131880688 10
10.07344084251319 4
10.08307855314569 17
10.092716263778192 13
10.102353974410693 11
10.111991685043195 13
10.121629395675697 13
10.131267106308199 14
10.1409048169407 10
10.1505425275732 14
10.160180238205703 20
10.169817948838205 15
10.179455659470706 6
10.189093370103208 7
10.19873108073571 8
10.208368791368212 10
10.218006502000712 14
10.227644212633214 13
10.237281923265716 6
10.246919633898218 15
10.25655734453072 12
10.266195055163221 16
10.275832765795723 13
10.285470476428223 14
10.295108187060725 19
10.304745897693227 12
10.314383608325729 11
10.32402131895823 7
10.333659029590732 10
10.343296740223234 8
10.352934450855734 9
10.362572161488236 18
10.372209872120738 13
10.38184758275324 16
10.391485293385742 10
10.401123004018244 18
10.410760714650744 9
10.420398425283246 17
10.430036135915747 10
10.43967384654825 16
10.449311557180751 12
10.458949267813253 4
10.468586978445753 17
10.478224689078255 18
10.487862399710757 10
10.497500110343259 16
10.50713782097576 11
10.516775531608262 13
10.526413242240764 11
10.536050952873264 13
10.545688663505766 6
10.555326374138268 11
10.56496408477077 12
10.574601795403272 8
10.584239506035773 12
10.593877216668275 13
10.603514927300775 12
10.613152637933277 12
10.622790348565779 5
10.632428059198281 8
10.642065769830783 10
10.651703480463285 9
10.661341191095786 6
10.670978901728287 8
10.680616612360788 8
10.69025432299329 11
10.699892033625792 6
10.709529744258294 15
10.719167454890796 5
10.728805165523298 6
10.738442876155798 10
10.7480805867883 10
10.757718297420801 7
10.767356008053303 8
10.776993718685805 14
10.786631429318307 16
10.796269139950809 13
10.805906850583309 7
10.81554456121581 8
10.825182271848313 9
10.834819982480814 9
10.844457693113316 9
10.854095403745816 6
10.86373311437832 9
10.87337082501082 10
10.883008535643322 6
10.892646246275824 8
10.902283956908326 8
10.911921667540827 13
10.921559378173328 6
10.931197088805831 16
10.940834799438331 12
10.950472510070833 11
10.960110220703335 11
10.969747931335837 16
10.979385641968339 9
10.989023352600839 14
10.998661063233342 12
11.008298773865842 7
11.017936484498344 7
11.027574195130846 13
11.037211905763348 13
11.04684961639585 7
11.05648732702835 20
11.066125037660852 12
11.075762748293354 19
11.085400458925855 19
11.095038169558357 13
11.10467588019086 11
11.114313590823361 11
11.123951301455861 10
11.133589012088363 13
11.143226722720865 11
11.152864433353367 15
11.162502143985868 21
11.17213985461837 11
11.181777565250872 16
11.191415275883372 18
11.201052986515874 12
11.210690697148376 14
11.220328407780878 14
11.22996611841338 11
11.239603829045882 15
11.249241539678383 15
11.258879250310883 18
11.268516960943385 14
11.278154671575887 12
11.287792382208389 9
11.29743009284089 9
11.307067803473391 10
11.316705514105895 19
11.326343224738395 12
11.335980935370896 21
11.345618646003398 18
11.3552563566359 12
11.364894067268402 14
11.374531777900902 17
11.384169488533406 17
11.393807199165906 7
11.403444909798408 12
11.41308262043091 12
11.422720331063411 18
11.432358041695913 9
11.441995752328413 17
11.451633462960917 14
11.461271173593417 17
11.470908884225919 15
11.48054659485842 17
11.490184305490923 8
11.499822016123424 14
11.509459726755924 10
11.519097437388426 19
11.528735148020928 12
11.53837285865343 20
11.548010569285932 17
11.557648279918434 17
11.567285990550936 13
11.576923701183436 22
11.586561411815937 21
11.59619912244844 15
11.605836833080941 23
11.615474543713443 15
11.625112254345945 12
11.634749964978447 15
11.644387675610947 8
11.654025386243449 7
11.66366309687595 13
11.673300807508452 13
11.682938518140954 12
11.692576228773456 17
11.702213939405958 12
11.711851650038458 11
11.72148936067096 11
11.731127071303462 14
11.740764781935964 9
11.750402492568465 13
11.760040203200967 11
11.769677913833469 12
11.77931562446597 11
11.788953335098471 13
11.798591045730973 9
11.808228756363475 11
11.817866466995977 9
11.827504177628477 4
11.83714188826098 6
11.84677959889348 8
11.856417309525982 6
11.866055020158484 2
11.875692730790986 12
11.885330441423488 6
11.894968152055988 8
11.904605862688491 9
11.914243573320991 9
11.923881283953493 9
11.933518994585995 9
11.943156705218497 6
11.952794415850999 11
11.962432126483499 2
11.972069837116003 5
11.981707547748503 10
11.991345258381005 7
12.000982969013506 7
12.010620679646008 8
12.02025839027851 4
12.02989610091101 7
12.039533811543512 6
12.049171522176014 5
12.058809232808516 4
12.068446943441018 2
12.07808465407352 8
12.087722364706021 3
12.097360075338521 4
12.106997785971023 3
12.116635496603525 3
12.126273207236027 4
12.135910917868529 5
12.14554862850103 2
12.155186339133532 2
12.164824049766032 6
12.174461760398534 2
12.184099471031036 3
12.193737181663538 3
12.20337489229604 1
12.213012602928542 3
12.222650313561044 2
12.232288024193544 4
12.241925734826046 3
12.251563445458547 3
12.26120115609105 3
12.270838866723551 5
12.280476577356053 2
12.290114287988555 2
12.299751998621055 2
12.309389709253557 3
12.319027419886059 1
12.32866513051856 6
12.338302841151062 1
12.347940551783562 1
12.357578262416066 2
12.367215973048566 1
12.376853683681068 2
12.38649139431357 2
12.396129104946072 2
12.405766815578573 3
12.415404526211073 3
12.425042236843577 2
12.434679947476077 2
12.444317658108579 3
12.453955368741081 1
12.463593079373583 1
12.473230790006085 0
12.482868500638585 1
12.492506211271087 0
12.502143921903588 2
12.51178163253609 3
12.521419343168592 0
12.531057053801094 1
12.540694764433596 0
12.550332475066096 0
12.559970185698598 1
12.5696078963311 0
12.579245606963601 0
12.588883317596103 3
12.598521028228605 0
12.608158738861107 1
12.617796449493607 0
12.627434160126109 0
12.63707187075861 0
12.646709581391113 0
12.656347292023614 0
12.665985002656116 0
12.675622713288618 1
12.685260423921118 0
12.69489813455362 1
12.704535845186122 0
12.714173555818624 0
12.723811266451126 0
12.733448977083626 0
12.74308668771613 2
12.75272439834863 0
12.762362108981131 1
12.771999819613633 0
12.781637530246135 1
12.791275240878637 0
12.800912951511137 0
12.81055066214364 0
12.82018837277614 2
12.829826083408642 0
12.839463794041144 0
12.849101504673646 0
12.858739215306148 0
12.868376925938648 0
12.878014636571152 0
12.887652347203652 0
12.897290057836154 0
12.906927768468655 0
12.916565479101157 0
12.92620318973366 0
12.93584090036616 0
12.945478610998663 0
12.955116321631163 0
12.964754032263665 0
12.974391742896167 0
12.984029453528668 0
12.99366716416117 0
13.00330487479367 0
13.012942585426174 0
13.022580296058674 0
13.032218006691176 0
13.041855717323678 0
13.05149342795618 0
13.061131138588681 0
13.070768849221182 0
13.080406559853685 0
13.090044270486185 0
13.099681981118687 0
13.109319691751189 0
13.118957402383689 0
13.128595113016193 0
13.138232823648693 0
13.147870534281196 0
13.157508244913696 0
13.167145955546198 0
13.1767836661787 0
13.1864213768112 0
13.196059087443704 0
13.205696798076204 0
13.215334508708706 0
13.224972219341208 0
13.23460992997371 0
13.244247640606211 0
13.253885351238711 0
13.263523061871215 0
13.273160772503715 0
13.282798483136217 0
13.292436193768719 0
13.30207390440122 0
13.311711615033722 0
13.321349325666223 0
13.330987036298726 0
13.340624746931226 0
13.350262457563728 0
13.35990016819623 0
13.369537878828732 0
13.379175589461234 0
13.388813300093734 0
13.398451010726237 0
13.408088721358737 0
13.41772643199124 0
13.427364142623741 0
13.437001853256243 0
13.446639563888745 0
13.456277274521245 0
13.465914985153749 0
13.475552695786249 0
13.48519040641875 0
13.494828117051252 1
