0 9.733811537521024
1 9.97485660279722
2 10.052086131664458
3 9.689835217584722
4 9.992252383297036
5 9.476612531312256
6 10.358318104494131
7 9.703506772369751
8 9.545937712284239
9 9.712353786857946
10 9.827891233232014
11 10.309199061807847
12 9.458471215907363
13 10.176841425472023
14 10.24703701508761
15 10.43157496852315
16 10.365391374686848
17 10.314930133162221
18 9.279037607758879
19 10.321593855857964
20 9.879118592660653
21 9.922359830610212
22 9.923627508736983
23 9.90330717919933
24 9.713231213932978
25 9.814177516384225
26 9.922741524125167
27 10.28761199621965
28 10.034960900835818
29 10.504355634458664
30 10.242217572173711
31 9.371678645213205
32 9.418765377849972
33 9.81939684140903
34 9.606855905515197
35 10.082981396451915
36 10.465717661742515
37 9.5400355972467
38 9.640755285648059
39 9.908125788127055
40 9.908264176832981
41 9.823119952899747
42 9.750030159944279
43 10.034948700795372
44 9.619247002299335
45 9.503238167438152
46 9.567565961584126
47 9.735339984325433
48 9.897566605638259
49 9.726447663551031
50 9.815877369635567
51 9.957127746843254
52 10.053782586032584
53 9.850484693258501
54 9.781486835718612
55 9.652550409464826
56 10.449894514563777
57 9.787066087792317
58 9.688548257043507
59 9.698280063342658
60 10.198959270030416
61 9.852457409614066
62 10.415922025120123
63 10.156360957778535
64 9.547453489041825
65 9.716644256581171
66 10.33143267447049
67 9.978917270367072
68 9.593216441781706
69 9.585558206586645
70 9.93764961169123
71 9.45170926972326
72 9.994787809372033
73 10.112255716850727
74 9.941146456070916
75 9.5818945956707
76 9.824477392912163
77 10.301936522558645
78 9.5952118419982
79 10.357276684228136
80 9.712080176924806
81 10.095822913823522
82 10.29534829657038
83 10.273733907494995
84 9.855925895587715
85 10.53614357368442
86 9.8632959659546
87 10.42007032179542
88 9.625377069197071
89 9.79281260937649
90 9.227502822207569
91 9.838586540412056
92 10.269825511905017
93 10.22688055209409
94 10.296445488428176
95 10.038850172152426
96 9.622398754523163
97 9.954381085571699
98 9.708385763131673
99 9.324271267510202
100 10.045011385030676
101 9.911412612302872
102 9.98737998862041
103 10.97467022004518
104 9.68296252455814
105 10.063736215684424
106 9.831223083868796
107 9.686354907877375
108 9.660825906645984
109 9.719707713527182
110 9.730431409961337
111 10.259645795523413
112 10.373560380205184
113 10.360509233235932
114 9.788092464130791
115 10.104509030635057
116 10.19615907728763
117 10.006555358045247
118 10.230806531438896
119 10.173400219163332
120 10.177595275639467
121 9.479205793205958
122 9.750704462031882
123 9.734122807276144
124 10.048430999283818
125 10.067878304427378
126 10.300731067810423
127 9.848532880651335
128 9.981030822651
129 10.236481446327957
130 9.767317305414391
131 9.879306559520055
132 9.66265712824572
133 9.394151463225834
134 9.385766960394685
135 9.574981122619448
136 10.079768019819412
137 10.210812023618075
138 10.183851748157672
139 9.625147878175541
140 9.350826316564376
141 9.977721685815974
142 9.968922389517878
143 10.080897705165215
144 9.6039448238634
145 9.941055430934982
146 10.10486790271461
147 9.680082146462672
148 10.112675880213796
149 9.88109756470722
150 9.95981381157657
151 10.182145655270075
152 10.60783824544521
153 10.087000847368394
154 10.02516905172458
155 10.795202407974248
156 10.353675053385594
157 10.285718663673231
158 10.454899514082362
159 10.699490339523933
160 9.700232342957262
161 10.850900358365706
162 9.68322540400116
163 9.86300638709205
164 9.268636139099204
165 9.967990239561715
166 10.382674124906636
167 10.422319889020859
168 10.029157744178713
169 10.205752743439911
170 9.99882831066975
171 9.670632370455417
172 10.594563394207185
173 9.761665441591465
174 10.300831639378318
175 9.62110120271355
176 10.596367649772612
177 10.744246655844815
178 10.702354451197616
179 10.536595965097629
180 10.416376697359393
181 9.813243784537857
182 9.946188586116907
183 10.157233864345653
184 10.49713127443565
185 10.494462003828557
186 10.202640080543095
187 10.187010405737128
188 9.995271626216585
189 9.796719926151901
190 10.832211071897321
191 10.27691228319411
192 11.09716323999007
193 10.676370500676361
194 10.341534426759576
195 10.269352851669877
196 9.620511931043954
197 10.312260539637894
198 10.321374016842993
199 10.666823981583168
200 10.43447678387631
201 11.072318765338567
202 10.505373353430555
203 10.101970929352703
204 10.007163660300625
205 10.077489625166665
206 10.296975083340524
207 10.066244224708027
208 10.93958003948793
209 11.08804663100267
210 11.047219610222655
211 10.691661459509607
212 10.651245249290849
213 10.272471188224563
214 10.72606554745846
215 10.16863290932775
216 10.062531838061867
217 10.359925606144614
218 10.256698319912637
219 10.616538319553232
220 10.887210833819902
221 10.409934393792078
222 10.156277969344558
223 10.483714240885007
224 10.532083633243033
225 9.492276713152467
226 10.209869755288747
227 9.440994541955773
228 10.399003949198852
229 10.468336300874507
230 10.32751287610593
231 10.085968391644393
232 10.18782578444905
233 10.437831859571867
234 10.9341033881195
235 10.593012607406587
236 10.287967316742176
237 10.44272831620096
238 10.562978557394949
239 10.769043612677768
240 10.49682391883396
241 10.846963190498558
242 10.565642566031698
243 10.523274327334862
244 10.454735144763653
245 10.468611874032373
246 10.724353108647065
247 10.72483989352055
248 10.634308597232378
249 10.33099506572429
250 10.316182854385236
251 10.613624435417062
252 10.377285074931029
253 10.311943646222137
254 10.53797961968505
255 10.519628811813316
256 10.435414858048501
257 10.750349384912743
258 10.354686210592185
259 10.318588071647529
260 10.181014175602945
261 10.238041380586
262 10.191645746840855
263 10.003010158454792
264 10.290835626526647
265 9.822023969349946
266 9.6796361164552
267 9.976643427116272
268 10.150145496455025
269 10.438226708621723
270 10.281624722568292
271 10.270158794980409
272 10.235095235371613
273 10.285576402366631
274 10.396363721085798
275 10.110968993667028
276 10.179878648021104
277 9.89395475103379
278 10.208495605412843
279 10.097232085184489
280 9.61229072452995
281 10.211627686610694
282 10.300786044260184
283 9.932187479316124
284 10.264879946764603
285 9.907495527127338
286 9.861339855946929
287 10.26173408752984
288 10.674306092620602
289 10.2413314546232
290 10.123117452501146
291 9.932323745202341
292 9.874977132264657
293 10.062676477909966
294 10.088358450221008
295 10.081603455603775
296 9.846084847137345
297 10.465045316503451
298 10.17647471790241
299 10.233516788835674
300 9.870903263150138
301 9.997689566002018
302 10.364089082659486
303 10.010324451404276
304 9.799003772292124
305 10.667063355623212
306 9.91578951286157
307 10.012332055550493
308 10.165566763966382
309 10.037260193347619
310 10.045653903949121
311 9.719484230555064
312 10.350595027928069
313 9.654777676649635
314 10.533295302387382
315 9.558066528238069
316 9.903440176639265
317 9.661423097559247
318 9.655036916186331
319 9.768079205568185
320 10.462450302853174
321 9.86175692753852
322 10.445549360662904
323 10.43507152795635
324 10.254616544953086
325 10.253356774536131
326 9.981986850545002
327 9.636881173808483
328 10.109008570820126
329 10.482181081735776
330 10.099983077096216
331 10.506415907444973
332 10.16620253398288
333 9.820328953861862
334 10.189278388524697
335 10.162358158642121
336 10.175900282312448
337 10.382777671968572
338 10.641278897588563
339 10.494168588986101
340 11.401254725275743
341 10.799741540580998
342 10.431552177710731
343 10.543886798425566
344 10.133980296772167
345 9.85842194563336
346 10.313875158532952
347 10.720231715615892
348 9.715978068096582
349 10.017806353576674
350 10.321190492908233
351 9.713328240548824
352 10.609126834572656
353 9.716136244685089
354 10.295112559773376
355 9.80262923114076
356 9.739149025957525
357 10.06580853047908
358 10.679377226243764
359 10.505713348065948
360 10.816155440924542
361 10.450216647086998
362 10.727879472281636
363 10.243179486553554
364 9.874230496396
365 10.176152363977707
366 10.348599962519206
367 10.184803778192718
368 10.309894432909871
369 9.746070275256669
370 10.02543818544476
371 9.77303814442107
372 10.002810243451941
373 9.587307048870711
374 9.907769624544827
375 10.840928819063691
376 10.655433471298673
377 10.743700775908772
378 10.222833381636713
379 10.133626870700642
380 9.988792884986408
381 10.50893305356027
382 10.418185398680853
383 10.420737256090414
384 10.248248407452804
385 10.297334451483948
386 10.291347697366891
387 10.59752476653925
388 9.81413951545685
389 10.409415675697812
390 9.941932941349064
391 10.51039722461162
392 10.341811648451806
393 10.388555644131609
394 10.61852091626011
395 10.181640121177699
396 9.806665637222904
397 10.339346418221432
398 10.043398899371025
399 10.644253530974902
400 10.365042872295971
401 10.57555702075575
402 10.219692726811779
403 10.15371676207548
404 10.467789024444984
405 10.104228727174707
406 10.581785442424264
407 10.36470782459204
408 10.450633913930035
409 10.143425370533372
410 10.417883636402832
411 10.249048086598677
412 10.449188882325235
413 10.586876335887577
414 10.257971809471558
415 10.638793731674133
416 10.192717273929205
417 10.445445938888419
418 9.851697286428486
419 10.351340761522923
420 10.362396089893153
421 10.53902987288695
422 11.141124872144932
423 11.098944571807136
424 10.505462269697437
425 10.051501322989278
426 10.704715205591466
427 10.882760659336444
428 10.0862438850908
429 10.443663578566543
430 10.144414534149254
431 10.392670034325908
432 10.298845125125704
433 10.39731183590716
434 10.314146820152017
435 10.02833494752357
436 10.504616681410797
437 9.81093501268798
438 10.488765274367491
439 10.56762770053052
440 10.348092363298717
441 10.16479074983891
442 10.40957276296138
443 10.119547234392476
444 10.06140598683983
445 9.638215749057204
446 10.090912597339363
447 10.314151421930621
448 10.704707158835918
449 10.869796868344798
450 10.119054445426961
451 10.55911412412064
452 10.81537139714101
453 11.258494286817792
454 10.928612103257972
455 11.019713906614745
456 10.907246858374977
457 10.82732653754999
458 10.08466048384257
459 10.243174546539672
460 9.805046873538934
461 10.428983863913144
462 10.231666997747915
463 10.330492819863451
464 10.525116750190225
465 9.966582975411232
466 10.019334673158129
467 10.146020093155236
468 9.834013393859715
469 10.226320858394269
470 10.40133248963644
471 10.718710013616002
472 10.480571376062283
473 10.429729912452117
474 9.899767303172327
475 10.069084793824542
476 10.498015739594743
477 10.455091532155997
478 10.008350538059924
479 10.265670384901764
480 10.521594697751555
481 10.416119031303852
482 10.401062210031307
483 10.521247102545127
484 10.364669369575541
485 10.472996886263852
486 10.645107105817399
487 10.823895581285836
488 10.326886071277556
489 10.84787414387596
490 11.075653312337995
491 10.407103184308541
492 10.207272938905207
493 10.15960604289109
494 10.546422060886181
495 10.456544601130853
496 10.810483972537384
497 11.175193500634077
498 10.335251726218011
499 10.39183290744992
500 10.454314921271765
501 9.922019552446521
502 10.10851069165952
503 10.094090584924441
504 10.151855283537303
505 10.409140773400635
506 9.852112888199239
507 9.567243507703783
508 10.206127700492553
509 9.886348167397466
510 9.821111273935381
511 10.076021055620854
512 9.723276101169626
513 9.892416753391576
514 10.541037613011982
515 10.232316224470289
516 10.093419206734875
517 9.820194745429736
518 10.838967297858105
519 10.564280702855664
520 10.2612700408299
521 10.558848607054296
522 10.505177630515291
523 10.240279309526583
524 10.406047247794586
525 10.527119525378287
526 10.28811712243916
527 10.847411639645488
528 10.657876400425723
529 10.353396163297864
530 10.699576288800053
531 11.19262931989167
532 9.80436318586686
533 9.94691338116943
534 9.940434482883674
535 9.96307307817899
536 10.361031374875664
537 10.593817250227877
538 10.52803007422442
539 10.2213239229608
540 10.300808107224483
541 10.506315614326747
542 10.676416408891843
543 10.228236529769951
544 10.771964265200465
545 11.07022772411723
546 10.67241849996631
547 10.80976310331365
548 10.599058016242314
549 9.99060782764195
550 9.723602558598762
551 9.363519052903165
552 10.020945468505854
553 9.32496526625831
554 9.848416616158147
555 10.034483597499923
556 9.632218752285329
557 9.905365431067878
558 10.431400885012673
559 10.244331080115742
560 10.745948160256248
561 9.722749887367712
562 10.425800098786105
563 10.074381146176437
564 9.84235937497942
565 10.595636969971329
566 10.667298056402082
567 10.791456410521171
568 10.82850585783869
569 10.115747578078194
570 10.599010217672793
571 10.459820654038994
572 10.232208472719446
573 11.07534109833786
574 10.86615402794854
575 10.685895298968026
576 10.922425800013164
577 10.92321201058295
578 10.87201276097601
579 10.178318829729523
580 10.50182259597783
581 10.200890422591971
582 10.347504904141413
583 10.466031427759455
584 10.060104316355805
585 10.176465096240047
586 10.927024640521717
587 10.144545492596265
588 10.566777086665553
589 10.798524729177776
590 10.191413812460947
591 10.100554136425925
592 10.369763565001422
593 10.497426608287189
594 10.521918083569899
595 10.544947684432683
596 10.977957145545346
597 10.044474847975538
598 10.216113403626228
599 9.670772548634595
600 10.133920068661954
601 9.446966702486968
602 9.774843419885766
603 9.901886652613525
604 9.60955385713836
605 9.99960566411651
606 10.402674971680655
607 10.343680191750229
608 9.945452241468873
609 10.597880518779062
610 10.416287964892877
611 11.155886010652594
612 11.117570646534174
613 10.177291241610858
614 9.788581864447565
615 9.41300898220752
616 10.591234553473827
617 10.585525100479027
618 10.02525918072326
619 10.329178700831234
620 10.542447513264799
621 9.942356525787472
622 10.695363916965102
623 10.157552077332605
624 10.341823426168187
625 10.594574622351733
626 9.882137147989187
627 10.097592791712117
628 9.491960448785019
629 10.10333656812322
630 10.2578560909132
631 10.758473692501601
632 10.544581269262844
633 10.796250290039655
634 10.403403529607383
635 10.600410234351935
636 10.586689642831455
637 10.061218618231713
638 10.662343553711846
639 10.907966217291989
640 10.787022275245429
641 10.665459274562044
642 11.077505106268363
643 11.008522914676357
644 11.162007543968658
645 10.50199068233622
646 9.105476998763107
647 10.847458503274492
648 9.91332691347401
649 9.898395476198626
650 10.985474665957572
651 10.064630030195229
652 10.233437341103855
653 10.145385438144757
654 10.27690644841683
655 10.470438357067986
656 10.843581604528131
657 10.256648985718629
658 9.532471175724456
659 10.035990328768007
660 10.109373193602407
661 10.588779710253407
662 10.144785691551377
663 10.029713938062514
664 10.48080180994918
665 10.3954618435135
666 10.366935260809395
667 10.644304077298587
668 10.866915439883341
669 10.846755313629444
670 10.5166780670806
671 9.846205545313474
672 9.429456189675259
673 9.828192958908007
674 9.56586527808412
675 9.3677482165454
676 9.869267319104054
677 9.944359641071975
678 9.894641241470088
679 10.610010020865596
680 10.020337190803032
681 10.023134327899076
682 10.131190829179824
683 10.171966116456629
684 10.110786999143372
685 10.708857927819606
686 10.932561140611382
687 10.715436568157719
688 10.265403964803168
689 10.557997090694586
690 10.215558673558688
691 11.230890192039311
692 10.30424172801227
693 10.50041797826361
694 9.992240074004414
695 11.005933606981195
696 10.311312739484354
697 9.834225234307123
698 10.116691678988378
699 9.79124162651775
700 9.971149246530151
701 9.679731569518841
702 10.25362341930449
703 10.527212492699768
704 10.254543031665499
705 10.547312957609414
706 10.368949482179966
707 10.769236730099104
708 10.572636244219206
709 10.279244824753478
710 10.215750795781297
711 10.271406985406136
712 10.458998265703846
713 9.847507358213424
714 9.990878972406218
715 10.379818933395766
716 11.07890685614565
717 10.736461407839087
718 9.962094005400488
719 10.352270187737554
720 9.949667391280203
721 10.112681459470389
722 9.875208372829883
723 10.222565600932379
724 10.204707759945823
725 10.026579567510137
726 9.373592002172202
727 9.664990196033044
728 9.612709332138714
729 9.81699334714001
730 9.529291928409187
731 9.793097486191977
732 9.41368685924045
733 9.667895538527457
734 9.84984580996099
735 9.49079773162476
736 10.021413925548416
737 10.057890938525444
738 9.985799708448907
739 9.495310639577122
740 9.224934056868163
741 10.036047190018724
742 9.906888751565583
743 10.107407891280355
744 9.868944118334063
745 9.4701466480871
746 9.743852779280141
747 9.638023706678746
748 9.975982492702975
749 9.86812467160987
750 9.752988422068537
751 9.749442201477267
752 10.49875062374954
753 9.301370060351944
754 10.025541389393704
755 9.713059216015642
756 10.071963092609938
757 9.497077736772166
758 10.788854823434553
759 9.854332559501808
760 10.336994202923968
761 9.3603870356564
762 10.052992920419776
763 10.537154730182344
764 10.062183048122826
765 9.756668962842735
766 10.399406369279435
767 10.511622059326037
768 10.398326849235957
769 9.726025029602255
770 10.225924913032701
771 10.59205089492201
772 10.020527694902446
773 9.998003151724697
774 10.425935368415853
775 10.152179401743522
776 10.494703224922707
777 10.431097788006682
778 10.352447794166528
779 10.547499342092477
780 10.318747798970278
781 9.945407374689346
782 10.268291902770995
783 10.536594964181171
784 10.203892871370357
785 10.107554053422255
786 9.744092805842257
787 10.110288075526485
788 9.796142672313708
789 10.04678934499334
790 10.459366351196252
791 10.027583137725765
792 10.0922194521968
793 10.318107309643564
794 10.000556751930043
795 9.521092395316243
796 10.203262159930626
797 9.671576849693116
798 10.428517148011897
799 9.553598919704747
800 10.594842002567527
801 9.625282544977578
802 10.298645198407884
803 9.9209754253278
804 10.695493915689607
805 9.43299552989919
806 9.925543414887048
807 10.231897444920493
808 10.533260487150491
809 10.337669493383084
810 10.573801348824423
811 10.303952986023866
812 9.64374478959707
813 10.212151308570531
814 10.216522229446937
815 10.172712691751213
816 10.33714612160219
817 9.96366489547972
818 10.177323304769372
819 10.493864847035587
820 10.895038902093207
821 9.91818709294577
822 10.745060511565391
823 10.528048133652012
824 10.574241685788841
825 10.342984188411561
826 9.426105625078108
827 10.465946731954215
828 10.510712230796177
829 10.23851299423754
830 9.893731532263828
831 9.861782799900979
832 10.033723519857638
833 10.022681554435518
834 10.339953039417637
835 10.076783872956655
836 10.577255606262515
837 9.42506265470726
838 9.59668617671468
839 9.574353046328527
840 9.728893455639327
841 9.74120523901779
842 10.22244746353983
843 10.097789044746978
844 9.976358311364535
845 10.592831759785499
846 10.490963704947793
847 10.507850300286009
848 9.61355778173013
849 10.086812218583896
850 10.140749018855017
851 9.915876603059544
852 9.970257871918609
853 9.890056935976675
854 10.678270511704188
855 10.505369755570795
856 9.808522544812977
857 9.637182121707449
858 10.25563067754149
859 10.532674983603966
860 10.44400252376824
861 10.727221367147129
862 10.693989737928387
863 10.40638760010481
864 9.989492363761935
865 9.974832247890015
866 10.11406516717025
867 10.375812976946762
868 9.8026247615304
869 9.959332865015453
870 9.939423692909381
871 10.363808580785612
872 10.340062022379158
873 10.055197953320047
874 10.390219532083915
875 10.056433819192607
876 10.575849096390488
877 10.029847200457032
878 10.416045850509414
879 9.861397479278953
880 9.563038894213197
881 10.079317256321662
882 10.089565916707617
883 9.959510976809204
884 10.352451787390612
885 10.267922635668942
886 10.83032713255327
887 9.592491487839688
888 10.612678577079752
889 10.373294560914012
890 10.407504963818495
891 10.679862855642119
892 9.906615161631155
893 10.390057433630835
894 9.866396502591162
895 10.251062638615558
896 10.095351934971902
897 9.86972305466646
898 10.538830008152104
899 10.197771966275356
900 10.21738421045893
901 10.00325651979628
902 10.062685601235609
903 10.628149997615717
904 10.490954197229788
905 10.528717982602469
906 10.31284301299927
907 10.656317390439305
908 10.361918893860668
909 10.489031813380246
910 9.58393018745706
911 9.676948854883754
912 10.171260050146469
913 10.65081279421894
914 10.04833383676222
915 10.097215131517972
916 10.003827074885
917 9.920171706383355
918 10.257566987247328
919 9.666991103848028
920 10.356295487781882
921 10.042902125610187
922 9.645821226618398
923 9.9547056215062
924 10.650292868123271
925 10.265887512484404
926 10.196181688697163
927 10.459958087148614
928 9.938442997197267
929 10.44698523508387
930 10.230672619853094
931 10.54522092098116
932 10.686329420416794
933 11.36330486255166
934 10.511086614091994
935 9.957141509667538
936 10.469170719740902
937 10.317904533128017
938 9.942208951436152
939 9.470291390273958
940 10.171939101927189
941 10.294912858250028
942 10.226461464158527
943 10.19511353380526
944 9.810091300973689
945 10.13262496568312
946 9.68899556504546
947 10.111208205263212
948 9.84547256458066
949 9.895025142695053
950 10.205055789364273
951 10.405056799545912
952 10.58201549395082
953 10.536068338162126
954 10.697030278609438
955 10.806228014301292
956 10.885792905885383
957 10.778994595964507
958 10.721855072751818
959 10.694896878364663
960 10.717485930455261
961 10.177886105662608
962 10.462907831319278
963 10.824505534916643
964 10.484591097398454
965 10.45805262789534
966 10.459346717853908
967 10.452926970543384
968 10.758836425247019
969 10.978260371289673
970 10.167150588655023
971 10.514608661142447
972 10.08955939850224
973 10.980760356636658
974 11.00037086132266
975 10.71555141581294
976 10.460216340632938
977 10.571778280394591
978 11.042515895355734
979 9.795114403131366
980 9.887366447746091
981 10.173368440297068
982 10.326793275545278
983 10.91419519650693
984 10.272292078224908
985 10.532098532173531
986 9.784203575104756
987 9.754735622275506
988 10.309502171302166
989 10.097124775839916
990 10.619965945878322
991 9.956748302350888
992 10.186034566908916
993 9.900548104978975
994 9.723188405138556
995 9.497228415875394
996 9.488882463650747
997 9.963333305212931
998 10.072337855102719
999 10.636542550304567
1000 10.090717943121641
1001 10.142639956872735
1002 10.447427049677145
1003 9.960600032685463
1004 10.723650077346026
1005 10.249143633781841
1006 10.775331916891812
1007 10.914986344776947
1008 10.394738712961404
1009 9.862522872763854
1010 10.559980103024671
1011 10.479793882284202
1012 10.288667020084427
1013 10.386862440759348
1014 10.14163742886153
1015 9.549705285999584
1016 9.963208367091246
1017 10.315975158808945
1018 10.513741020202813
1019 10.570621507974762
1020 10.345508565554493
1021 10.713542285099951
1022 10.409216712094093
1023 10.254905528432491
1024 10.524116651699083
1025 10.107724255273894
1026 10.197884077204442
1027 10.496292019849284
1028 10.339411909469812
1029 10.586256570882945
1030 10.845668215200337
1031 10.616729065315223
1032 10.266528607051734
1033 10.247393330965636
1034 10.368480987685944
1035 10.86056490406575
1036 10.436122371209397
1037 10.823792457694802
1038 10.350091465622743
1039 10.50978427549326
1040 10.865135624399523
1041 10.395422642176191
1042 10.413187694434896
1043 10.262542654167941
1044 10.911450367503306
1045 10.4597608357554
1046 10.309337580572256
1047 9.90661860320333
1048 9.972382860810553
1049 9.98362783475795
1050 10.815078928699771
1051 10.194904894161793
1052 10.191891690858442
1053 10.680163832098348
1054 10.287275208531016
1055 10.350974422345281
1056 10.313706212831189
1057 10.241770065014705
1058 10.376282657302799
1059 9.905880646838648
1060 10.23165027722148
1061 10.627223652765124
1062 10.325797212029698
1063 10.68267772770952
1064 9.892742636276454
1065 9.947378842511352
1066 10.505151690650786
1067 10.435235042940235
1068 10.346781535260282
1069 10.274759803830587
1070 10.229269238368296
1071 10.505598012584938
1072 10.40064618095284
1073 10.288340635723122
1074 10.380560457550011
1075 10.3397823881174
1076 10.040771768209925
1077 10.023592895324477
1078 10.269222983222498
1079 10.296043272238775
1080 10.07042821382689
1081 10.818060535422706
1082 10.599811504735781
1083 10.214720456374417
1084 10.35746630861136
1085 10.288064569412846
1086 10.124636934079856
1087 10.653626183740332
1088 10.346859362529523
1089 10.338591710479013
1090 10.478592173060509
1091 10.083259352723564
1092 10.64669161116499
1093 10.711004724041311
1094 10.576175983201358
1095 10.505323419810924
1096 10.746832951294119
1097 10.58336903961059
1098 10.11970163574966
1099 10.472962649255708
1100 9.846517877885688
1101 10.063283762257559
1102 10.152833865127718
1103 9.754092731637892
1104 10.400435230865293
1105 10.557953935235602
1106 10.694363486699839
1107 10.545042617947345
1108 9.880990229180739
1109 10.421270109512621
1110 10.149261599676953
1111 10.629717146954674
1112 9.989364991363255
1113 10.776219212268396
1114 10.196736958718386
1115 10.30842433776532
1116 10.789919463708268
1117 11.030646268375028
1118 10.196739226876796
1119 10.753776285457219
1120 10.15546669935735
1121 10.207888737616086
1122 10.622886797730919
1123 10.289997907694243
1124 10.467684507999111
1125 10.181994802840322
1126 10.21571731149699
1127 10.669249190542107
1128 10.252611503391972
1129 10.308951603898691
1130 10.844284986668027
1131 10.505845788031442
1132 10.580389935301799
1133 10.104875601689157
1134 10.270819983984289
1135 10.516598061947313
1136 9.88024172400073
1137 10.555770063807891
1138 10.305404115183745
1139 9.532751756713989
1140 9.801365604049135
1141 9.758721181398059
1142 9.903158607606548
1143 9.481163643401421
1144 9.769387646011014
1145 10.497502279257267
1146 9.810044668849597
1147 9.673436576830667
1148 10.231273345335829
1149 9.782197761990437
1150 10.731090273616392
1151 10.145507870963284
1152 9.633507305920352
1153 10.402666596870766
1154 9.528644300813895
1155 9.849834023545416
1156 10.407088560859636
1157 9.917420077792478
1158 9.93424647740498
1159 9.532671658219385
1160 9.893276171971396
1161 10.361978775472231
1162 10.405858376777031
1163 10.64748498233841
1164 10.931614647915199
1165 10.45935377903853
1166 10.650863528338277
1167 11.115603431283912
1168 10.481584306932797
1169 10.443965090118251
1170 10.777306609472793
1171 9.87266796295787
1172 9.814712092331877
1173 10.035782357181533
1174 9.592019121100982
1175 10.205283006296503
1176 9.998197071609576
1177 9.731350669326304
1178 10.355621623266874
1179 10.233805404964862
1180 9.983888679623002
1181 10.551240362573845
1182 10.38603833342168
1183 9.913148995736275
1184 10.397729265125593
1185 9.72371767056518
1186 10.033106679119369
1187 9.569835572596752
1188 10.119595411987312
1189 10.24136704905931
1190 10.279699797472524
1191 10.120565143761176
1192 10.007927066808339
1193 9.93375920120261
1194 9.933135533307983
1195 10.188134245721157
1196 9.875329722408564
1197 9.905380311855954
1198 9.548671184202458
1199 10.26426374230232
1200 10.25231446461307
1201 10.951795445262722
1202 10.743616572955917
1203 10.003954023911309
1204 10.3408587712548
1205 10.354151753764274
1206 10.508282771431393
1207 9.98538195843784
1208 10.131347520923205
1209 10.385878462023076
1210 10.086682089032806
1211 10.088858427704182
1212 10.014490676684881
1213 10.228017205384234
1214 10.590328622688354
1215 10.057576641758358
1216 10.266154550478038
1217 10.718872595704124
1218 10.486318012173742
1219 9.696725187770609
1220 10.615850191880366
1221 10.787232688443222
1222 10.049803291708091
1223 10.445899141934348
1224 10.822511078889756
1225 9.884880843745474
1226 10.12037587145039
1227 10.147096546579679
1228 9.902923452208764
1229 10.451324284295909
1230 10.388041297527314
1231 10.102016500841696
1232 10.018464288208259
1233 9.739508939448465
1234 9.756336058423702
1235 10.905418670694193
1236 10.470859813231945
1237 9.957912714120042
1238 10.166259968656137
1239 10.319658817690526
1240 9.56678439425684
1241 9.531750941120409
1242 10.054003584058734
1243 9.164880752711737
1244 9.895591257013072
1245 10.548950923323442
1246 10.261699810680563
1247 10.232289582313957
1248 10.244004308543392
1249 10.471159560892465
1250 10.804131754886054
1251 10.550517519380385
1252 10.002408706282628
1253 10.23153683540783
1254 10.31998245899655
1255 10.72095009454966
1256 10.033974477337942
1257 9.773912089364847
1258 10.390552215261659
1259 9.792849742489492
1260 10.330377538502159
1261 10.5639663723597
1262 9.916251199633784
1263 10.629957645884575
1264 9.778744072954918
1265 10.779361402137583
1266 10.341808277241821
1267 10.484191994881664
1268 10.175980664403951
1269 10.411358400758894
1270 10.095081911640902
1271 10.22625641290785
1272 10.233476290416947
1273 10.165835619180761
1274 9.671622190771004
1275 9.863442468000269
1276 9.995704329852543
1277 10.217270439048843
1278 10.253323185767346
1279 10.105731900979958
1280 10.176685961337501
1281 10.05733702877194
1282 10.486111674645608
1283 10.448528488284191
1284 10.167103580561424
1285 10.46018216504238
1286 9.75144717432284
1287 9.873180531074139
1288 9.761560412635973
1289 9.299214413450851
1290 9.92573754865493
1291 9.38683304029669
1292 9.918256168623365
1293 10.114442683534499
1294 9.792762538184745
1295 10.057569872840375
1296 9.908897039701486
1297 10.204176653612448
1298 9.854045496429931
1299 10.19121335491017
1300 10.720171144454236
1301 10.019726276166093
1302 9.649527162729282
1303 10.175607408123968
1304 10.743780434413736
1305 10.706299539753923
1306 9.673214384360039
1307 10.298617518745743
1308 10.16267299463268
1309 10.339461273792725
1310 9.754491848568918
1311 9.760826791468965
1312 10.022916131978532
1313 9.662312706075433
1314 9.615872034684452
1315 10.755010152851089
1316 10.276990361017942
1317 9.881294044534638
1318 9.874087485721299
1319 10.212531515324475
1320 9.549481942678053
1321 10.090144614765158
1322 9.931474122892523
1323 9.543019753160282
1324 10.497142058451619
1325 10.197531288477377
1326 10.046282339456639
1327 10.117230670637683
1328 9.827916388605693
1329 10.010060334360247
1330 9.718826766248895
1331 10.207041994104559
1332 10.488840364503794
1333 10.281878847899987
1334 10.607744767794884
1335 10.187139382143332
1336 10.478482918377754
1337 10.585202188706253
1338 10.390728881645803
1339 10.040233650599216
1340 9.754562081675648
1341 10.615055676897967
1342 10.178616568151886
1343 10.948939862193813
1344 10.447499226069949
1345 10.886983451197425
1346 10.161352367082438
1347 10.315364765680577
1348 9.96516395904202
1349 10.393925365404018
1350 10.477231677573908
1351 10.218437000633422
1352 10.457839352778786
1353 10.504095216319739
1354 10.555501212694326
1355 10.149412506875573
1356 10.00601058000158
1357 10.45430571179312
1358 10.266991031112969
1359 10.006997797276599
1360 10.187970881864636
1361 10.23166794611358
1362 9.88699057186672
1363 10.135005615995038
1364 10.224808048674745
1365 10.530706660189402
1366 10.303757093196728
1367 9.721389760804975
1368 9.955515494306669
1369 10.552370374743347
1370 10.158247516957266
1371 10.077820368687167
1372 10.196519998209977
1373 9.93378300475908
1374 9.762974058531052
1375 9.847714663907546
1376 10.044559370111083
1377 9.739128107907966
1378 10.03555282173209
1379 9.826131117881406
1380 9.983583766283774
1381 10.347341766166002
1382 10.23117584410192
1383 9.982039187454363
1384 9.954920742527829
1385 10.550594885203813
1386 10.23205816283574
1387 9.874600856633823
1388 10.441381226918088
1389 10.082028939908756
1390 9.918511602156169
1391 9.530842076050368
1392 9.865057725285952
1393 9.603326609069471
1394 9.804805811687968
1395 10.023889245181145
1396 9.912139548550316
1397 10.02430771470161
1398 10.263186326026135
1399 10.097032626065115
1400 10.309688527817183
1401 10.218254059805904
1402 9.802488007337967
1403 10.634034655862564
1404 10.830071386011587
1405 9.499720523930668
1406 10.122207350919151
1407 9.545229636104068
1408 10.660866015277085
1409 10.24869715778912
1410 9.985650416260667
1411 9.757119339875333
1412 9.789785085663047
1413 10.326639629182267
1414 9.959483761476509
1415 9.859968122372129
1416 10.372204726365442
1417 9.51519605019292
1418 10.234975999111787
1419 9.94539552764056
1420 9.859777663415988
1421 9.64594954788908
1422 9.123471654840849
1423 9.412035595891757
1424 10.011412928484283
1425 9.88929542593985
1426 9.616406217988017
1427 9.746188326057654
1428 10.20968336832446
1429 10.02908468560245
1430 9.872987898608837
1431 9.673684515233532
1432 10.270136854490655
1433 9.957014770657825
1434 10.084239112469733
1435 9.9936074245513
1436 10.065864238168164
1437 9.810781824497143
1438 9.701879602477177
1439 10.23915522401621
1440 10.270564043237359
1441 9.572115625851746
1442 9.900638214345355
1443 9.761425960387518
1444 9.196406315093418
1445 9.831261552667735
1446 9.668195887394987
1447 10.106224714699938
1448 9.220908323569551
1449 9.805778180621301
1450 10.22760274372599
1451 10.160957151420659
1452 9.583589917893633
1453 10.340421084261695
1454 10.459753103139821
1455 9.777486809141909
1456 10.189421448001573
1457 10.244898603305954
1458 9.998385228304597
1459 9.835853175811174
1460 10.219147105115644
1461 10.786630857003503
1462 9.930057743177171
1463 9.693213351255915
1464 9.591778594292842
1465 9.608198624820899
1466 9.468845071572616
1467 9.421712118268212
1468 9.878238213633153
1469 10.122191266235864
1470 9.41317926464786
1471 10.066474152311477
1472 9.885595790935467
1473 9.88365030379404
1474 9.323268413358733
1475 9.820063579919463
1476 9.635465674250721
1477 9.904900905489594
1478 10.021651940727592
1479 9.641052163595358
1480 9.668025694420413
1481 9.646928063222331
1482 9.988187162877011
1483 9.786632494358614
1484 9.783287804807848
1485 9.940013637058339
1486 10.125387132875252
1487 9.386212453427467
1488 10.129752590004815
1489 9.663562702792259
1490 10.34275394496192
1491 10.210961564349558
1492 10.202385231001982
1493 9.8968535610626
1494 9.70426196955214
1495 9.792258145819998
1496 9.689445046635395
1497 10.575943280910092
1498 10.478602486562762
1499 9.779089953592585
1500 9.959910160347581
1501 10.210577587236395
1502 9.824016948676773
1503 9.688996341324762
1504 9.678284394184638
1505 10.237386312013166
1506 9.560592777465185
1507 9.943321174984971
1508 9.922123465113152
1509 10.298982979141753
1510 9.319433953591613
1511 9.083959171566837
1512 9.710448578172619
1513 10.077837738224222
1514 9.654582457666272
1515 9.7861581177028
1516 9.815057827861983
1517 9.61357812153836
1518 9.710466010029025
1519 9.973620770757021
1520 9.853798579861866
1521 10.713817085730753
1522 10.604060023109382
1523 10.31306367325468
1524 10.088819015993483
1525 10.127652528096677
1526 10.344454397747965
1527 9.698635444308799
1528 9.401429897113688
1529 10.148507911886366
1530 10.303077993305628
1531 9.329979295833667
1532 9.69218614854986
1533 9.660592393455612
1534 9.774532234113215
1535 9.760974855240507
1536 9.767444540779868
1537 10.38992835232898
1538 10.279371156927652
1539 10.554429895102405
1540 10.90904123509283
1541 10.223859451980019
1542 10.287215981512457
1543 9.818620258314391
1544 9.589923043225085
1545 9.610869394751461
1546 9.871308731874919
1547 9.91677615779119
1548 10.137957113870096
1549 9.392860538601871
1550 10.049922933158317
1551 10.18922029012488
1552 10.185641250033594
1553 9.669209347095762
1554 9.472756631010324
1555 9.50523667879776
1556 10.182193950524136
1557 10.1047206014464
1558 10.31814637566872
1559 9.243630020035802
1560 9.577809855324853
1561 10.249856552019503
1562 9.991694140993435
1563 10.046794485186775
1564 10.407766051801472
1565 10.024263945834972
1566 9.794303989822213
1567 9.91071173676657
1568 9.244872866489569
1569 10.515288975260704
1570 10.110835559518986
1571 10.065569844627536
1572 10.558958268158285
1573 10.698684533136086
1574 10.43364321769256
1575 10.421075540446925
1576 10.818059556011853
1577 10.566346847650419
1578 10.775354293685213
1579 10.734039008642519
1580 10.17640880852147
1581 9.847990219782236
1582 9.973364453327651
1583 9.837190901401945
1584 10.439301289872407
1585 10.577407466390554
1586 10.199252579161172
1587 9.80083375257301
1588 10.028593545711722
1589 10.062884790103201
1590 10.125381494037226
1591 10.411616163926327
1592 9.816840202471347
1593 9.99290616155658
1594 9.986964168982885
1595 10.045644256081921
1596 9.899574457347102
1597 9.702294756088165
1598 10.045219793442953
1599 9.86392989514409
1600 9.590720492869105
1601 10.028179434449584
1602 10.046376589648887
1603 10.162527565324323
1604 10.395999110744132
1605 9.73237171553486
1606 10.055140641850494
1607 10.064417649674814
1608 9.597913041045073
1609 10.181719502447722
1610 9.960794207365343
1611 10.396534100795725
1612 10.434734119983604
1613 9.731940041795292
1614 9.699878375899473
1615 10.127730482272378
1616 9.427212449101628
1617 10.698065719190886
1618 9.87637717167107
1619 10.471984378093254
1620 10.247688585956155
1621 9.81278769170637
1622 10.627206746885703
1623 10.19052848213523
1624 9.967435546980902
1625 10.255149477603334
1626 10.4687378700099
1627 10.687258769461987
1628 10.354226218149574
1629 9.953325210274395
1630 10.018147390270295
1631 10.331170646763901
1632 10.234793502571828
1633 10.178415996482833
1634 10.355193189567775
1635 9.80255965354384
1636 9.86714786527533
1637 10.033521334511164
1638 9.905263860502323
1639 10.351736668181369
1640 9.769650211935142
1641 10.436791797508393
1642 10.052663033613173
1643 9.8803260246866
1644 9.88513950036438
1645 9.845667660527575
1646 10.102647230011257
1647 10.421813327569087
1648 10.35540732593084
1649 8.860115209082057
1650 10.521123468971927
1651 9.786186012691248
1652 9.708438360650385
1653 10.14108482689109
1654 10.331225814243853
1655 10.006171564684632
1656 10.170288269307585
1657 10.083568488101147
1658 10.400029761428312
1659 9.890696252005217
1660 9.579353081844538
1661 10.454261995203028
1662 9.612841599244213
1663 10.384892974125806
1664 10.652039664239707
1665 10.249647582207086
1666 10.89485878159214
1667 10.686877381794464
1668 10.253684855390508
1669 10.662436846483107
1670 11.068787163314258
1671 10.605197987144319
1672 10.14393369893699
1673 10.430187706813927
1674 10.561413347487823
1675 10.646144899567513
1676 10.062189264900287
1677 10.541899359796387
1678 9.672924848000289
1679 10.421998920856892
1680 9.874663427598074
1681 10.088360803773485
1682 10.176502009605198
1683 9.728225869694416
1684 9.99745136874498
1685 10.302795559025073
1686 10.511150904982943
1687 10.426015889414534
1688 10.250066069715787
1689 9.981533621326706
1690 9.56285790910252
1691 9.822288198984946
1692 10.082113738202183
1693 10.13966028300047
1694 10.199655351339734
1695 9.731936910743356
1696 10.423814848890217
1697 9.730296977350655
1698 9.727413791014497
1699 9.641553289939981
1700 9.622210167680446
1701 10.185223657749214
1702 10.149089923334747
1703 10.430774516807057
1704 9.682900629559384
1705 10.701567376880694
1706 9.7145358137037
1707 10.27664925865956
1708 10.646380244303277
1709 9.665009602582764
1710 10.509989849009866
1711 10.61599439554594
1712 9.989719878249256
1713 9.683449878689938
1714 9.880572140190598
1715 9.8642790352237
1716 9.725376332198987
1717 9.679916789379186
1718 9.84174357278735
1719 9.950033137962084
1720 9.505463576553169
1721 9.222908463068116
1722 9.743338030019258
1723 9.620908187079378
1724 9.580813102776606
1725 9.902862489664503
1726 9.912760988032586
1727 9.77839904698356
1728 8.78207326006203
1729 9.304555361389916
1730 9.78212061185344
1731 9.818479468662282
1732 9.304785341496679
1733 10.116746703514966
1734 9.46305279347637
1735 9.552412073829839
1736 10.598275779495962
1737 10.099564097100343
1738 10.128614879061693
1739 9.94636822135464
1740 10.034192384209137
1741 9.826912541219357
1742 9.829219946790356
1743 9.97781387733479
1744 9.151799916635527
1745 9.881746851949018
1746 9.545616257641163
1747 10.166778064907524
1748 10.315401862421274
1749 9.977884923992038
1750 9.790198981702938
1751 9.470262154942692
1752 10.201353145433544
1753 10.18268078338899
1754 9.91257589377805
1755 9.486579804875
1756 10.135325867895467
1757 10.364009919244678
1758 9.747565620177788
1759 10.205302891100185
1760 10.044675970235343
1761 9.948351105374018
1762 9.2670928308822
1763 10.43368039170927
1764 10.216396747894919
1765 9.558184692715965
1766 10.426238384074537
1767 10.014133159450095
1768 9.63076451871184
1769 9.491475739186935
1770 10.01514018828951
1771 9.083137776862875
1772 9.76041277529736
1773 9.714348959727042
1774 9.924374246335814
1775 10.158123688922512
1776 10.13351985977896
1777 10.30573452654712
1778 9.833077558629771
1779 10.405620993620536
1780 9.430139183036177
1781 9.581852366944709
1782 9.51357146678081
1783 9.549260128398352
1784 9.783446527588424
1785 9.54890809803789
1786 9.789806932100294
1787 9.883354876193348
1788 9.643495998751177
1789 10.086578058293092
1790 9.961677080948807
1791 9.936333733284096
1792 9.94487949874945
1793 9.608351823262948
1794 9.807707275833835
1795 9.979097089061362
1796 9.136132930107863
1797 9.85826563075266
1798 9.200133028524288
1799 10.200752929221943
1800 9.88538364194255
1801 10.177633001224258
1802 9.919571559872315
1803 9.911879466472318
1804 10.019500634634568
1805 9.914303896687466
1806 10.232628963678088
1807 9.77023679004404
1808 9.782200626285398
1809 9.911846729946998
1810 9.847107671448546
1811 10.524198624715863
1812 9.631967185083322
1813 9.436572885966347
1814 9.930998399097426
1815 9.89940294899975
1816 9.991502636999359
1817 10.03218297533558
1818 10.067625771319832
1819 9.625856576442198
1820 10.081217034845041
1821 10.651246513080004
1822 10.33880777105392
1823 9.565399501185523
1824 10.330147350256407
1825 9.66689680503764
1826 9.962474080807933
1827 10.560742908359915
1828 9.779788314540385
1829 10.76561120759522
1830 10.306013806054025
1831 9.777750487953481
1832 10.090152454437654
1833 10.161222108317004
1834 9.888749460889555
1835 9.798578541350766
1836 10.297104236300342
1837 10.047503441645201
1838 10.350674130830038
1839 9.959055864953044
1840 9.565604927671302
1841 9.511879750468369
1842 9.989342742099842
1843 10.157081512993605
1844 10.146968753113626
1845 9.928921636681505
1846 9.817225336628923
1847 9.827059989221766
1848 10.107373491382535
1849 10.267799496514906
1850 9.580471214915216
1851 10.175492672454528
1852 10.108764903863456
1853 9.96314267603527
1854 9.941755852561966
1855 9.81510663063168
1856 9.98400918281086
1857 9.914718092437798
1858 9.848701320513031
1859 9.616299057576427
1860 9.642047426253482
1861 10.40946053809317
1862 10.0326882853775
1863 10.247630421351477
1864 9.871755751468612
1865 10.047317068540506
1866 10.51072489482722
1867 9.812072642257473
1868 10.309767421756963
1869 10.197403936700313
1870 9.78291196070008
1871 10.140590044899612
1872 10.161536660232562
1873 10.225011653784055
1874 9.678313403022516
1875 9.910156761434704
1876 9.88506706805724
1877 9.693818897265762
1878 9.74661687430943
1879 9.79857330130815
1880 10.123524687879907
1881 9.445891064048746
1882 9.567041079182115
1883 9.723844784554887
1884 9.781867128097788
1885 9.779526636915504
1886 9.587734401103981
1887 10.045971091342745
1888 9.461721943233508
1889 9.528157361799254
1890 9.546788599512116
1891 9.889494827661718
1892 9.808782233475695
1893 9.733924957182285
1894 9.523642745112255
1895 10.066759585957247
1896 9.697946583172438
1897 10.405823233401307
1898 9.763556942162671
1899 10.266484172019041
1900 10.25705781633958
1901 9.338648955978408
1902 10.225373967019541
1903 10.084829918990556
1904 9.431215900620519
1905 10.539029383077576
1906 10.377937239293079
1907 10.24337084636003
1908 10.12567607048396
1909 10.023170877205368
1910 10.07124490615661
1911 10.0752790943235
1912 10.145609895298197
1913 9.644807537932653
1914 9.948392724511878
1915 9.92573961704861
1916 9.790260980530974
1917 9.540559969391603
1918 9.667534914054585
1919 9.736333517502544
1920 9.282672072190756
1921 10.107085576505588
1922 9.438527131815677
1923 9.857579100169621
1924 9.410924109859314
1925 9.701442336796317
1926 10.40042763818535
1927 10.171158169380538
1928 10.186323184482738
1929 9.32052282412929
1930 10.424326157264948
1931 9.60249516647614
1932 10.048608279447345
1933 10.175554352496759
1934 10.279920369355136
1935 10.178151713731218
1936 9.968746487330355
1937 9.582219232758327
1938 9.478072665739365
1939 10.0643440148947
1940 9.66778354476228
1941 10.395237774584059
1942 9.605898893223195
1943 9.577038653947607
1944 9.128964633021603
1945 9.682147067188124
1946 9.559368463986752
1947 10.25111384952803
1948 10.180672832531048
1949 9.688433782943964
1950 9.591068399178688
1951 10.035866999869304
1952 9.179442267384442
1953 9.788664459661046
1954 10.232900947328416
1955 10.053415386420431
1956 9.610691692213345
1957 9.524586278378916
1958 9.84976891587861
1959 9.684837220885386
1960 9.313390414031405
1961 9.661136663640741
1962 9.562142036778901
1963 10.30153781715456
1964 9.762136935472874
1965 9.639798316760995
1966 9.433095486427987
1967 9.785636574698842
1968 10.400612445272687
1969 10.038883334626318
1970 10.02059800035971
1971 9.836076024776117
1972 9.78242178416677
1973 10.214036182241871
1974 10.060066061206538
1975 10.422243260004127
1976 10.399976368159232
1977 10.066633242545999
1978 10.123121881379642
1979 10.327956001113899
1980 10.162048102627365
1981 10.124483068941275
1982 10.111968582823614
1983 10.156239577965845
1984 10.757101291505727
1985 10.34137665556444
1986 9.929633147743605
1987 10.473171751859297
1988 10.129228847931659
1989 9.935008422153437
1990 9.93810224482563
1991 9.742373664247213
1992 10.239979846925667
1993 9.558307299511123
1994 9.815144138751533
1995 9.928118084475804
1996 9.89048038874964
1997 9.545260943258999
1998 10.06256151174579
1999 9.544445599555166
2000 10.149294536100344
2001 9.24808094523877
2002 10.692262763835892
2003 9.68785887437454
2004 10.281806879463785
2005 10.128149699449141
2006 9.680620239034628
2007 9.679639158442457
2008 9.455575848057943
2009 9.91631593694984
2010 9.62746479932494
2011 9.363731828485578
2012 9.692625605557371
2013 9.986424322147215
2014 10.13660196199286
2015 9.498917416762831
2016 9.66275166484373
2017 9.527062225464304
2018 9.722554520901856
2019 10.579069528781025
2020 9.866618634866239
2021 9.815745495427134
2022 10.29382581031105
2023 9.532876929987266
2024 9.492216856843608
2025 10.028796074026184
2026 9.089413384084194
2027 9.81825205151164
2028 9.848882374821166
2029 9.969350333260651
2030 10.098434753519527
2031 10.086654742580723
2032 9.590699846572132
2033 9.90830373623165
2034 9.219623793724285
2035 9.757989914493946
2036 9.93822294754737
2037 9.162621704063218
2038 9.477756813816947
2039 10.152156057298226
2040 10.539480157748152
2041 9.14849358965686
2042 9.072824507973158
2043 9.692454730941815
2044 9.712342109312358
2045 9.387958639511043
2046 9.9627536591527
2047 10.298344494797114
2048 9.59546567606984
2049 9.797038327569581
2050 9.890099594800807
2051 9.373613675551342
2052 9.784145744151814
2053 10.118297474022105
2054 10.037513372574233
2055 10.123211998073362
2056 9.656811132469779
2057 9.801954200987431
2058 10.13382964883892
2059 10.676060044724938
2060 9.704791147346079
2061 10.078568211109063
2062 10.48670167849078
2063 10.247899823785698
2064 9.750230279809434
2065 10.04854323787445
2066 9.558810782145441
2067 10.298316955450934
2068 10.061122521933438
2069 9.863840344767825
2070 10.372709117558855
2071 9.997892760781303
2072 9.826081315596396
2073 9.819649198719025
2074 9.97013040059851
2075 9.540679800935196
2076 9.729636631947564
2077 9.733448080116498
2078 9.691391006617012
2079 9.556420965362314
2080 9.34049575716787
2081 9.77166081765316
2082 9.64282802340752
2083 10.342524492460164
2084 9.736887115135318
2085 9.55337036202954
2086 10.315314510084507
2087 10.163950419793624
2088 9.626774576199736
2089 9.717823024281758
2090 10.016325714025609
2091 10.512527159515102
2092 9.81515726506356
2093 9.901900946219818
2094 9.744262022404785
2095 9.351903210630688
2096 9.972509124871548
2097 9.795288230170527
2098 9.722206875650848
2099 10.120046299160252
2100 9.900738500486787
2101 9.902058059423998
2102 10.442912128807329
2103 10.3487067256237
2104 10.366341103303089
2105 9.30517536796195
2106 9.248745094424288
2107 9.317111905074913
2108 9.937492644974258
2109 9.404297677645095
2110 9.756156408932393
2111 9.95222495108204
2112 9.422171908893553
2113 10.123393097331716
2114 9.923768368556923
2115 10.296583242528516
2116 9.877971283184808
2117 10.001890590340398
2118 9.879125890180736
2119 9.598148299937712
2120 9.803299406102427
2121 9.673101042343593
2122 10.56433234265083
2123 9.832536280540696
2124 10.017452037569702
2125 10.220612693667407
2126 9.8490073066064
2127 9.013254158513519
2128 9.66974288566396
2129 9.964204524543206
2130 9.848545491233308
2131 10.004323725841653
2132 9.949568588097156
2133 9.974073713644916
2134 9.671723485456567
2135 9.182501715014373
2136 9.79545062164998
2137 9.996565908185682
2138 10.3425975487399
2139 9.705605445987025
2140 9.93326964866853
2141 9.41289657046579
2142 9.454663956943147
2143 9.543418354094449
2144 9.971864541638501
2145 9.556746860713455
2146 9.691932375916647
2147 9.677437692556664
2148 9.597911573821701
2149 9.788297275762583
2150 9.66480273599102
2151 9.9028480086751
2152 9.859114346114664
2153 10.201458828295507
2154 9.774723607315362
2155 9.775961620457041
2156 9.821795613995446
2157 10.298993354566395
2158 10.171033763911804
2159 9.499396653413799
2160 9.614034561694218
2161 10.152707734541881
2162 10.398901521055164
2163 10.436139412490535
2164 9.729048058719938
2165 9.883404885283985
2166 9.89890117126353
2167 9.852268368759477
2168 9.914264709412567
2169 9.274220844535964
2170 8.6302966033152
2171 9.754442517882865
2172 9.379870178561948
2173 9.43189676971369
2174 9.891453464205203
2175 10.02668484823225
2176 9.72321577128573
2177 9.414747267349576
2178 9.937564252234996
2179 9.735285245763516
2180 9.341199320910809
2181 9.118322857279244
2182 9.553490188288155
2183 9.44599338593594
2184 9.374541502899234
2185 9.365232238507508
2186 9.15310341029405
2187 9.862216788361787
2188 9.176372221278474
2189 9.26103400726621
2190 9.464947261513306
2191 10.338362291342158
2192 9.539714246558557
2193 9.347196286008526
2194 9.804855472358264
2195 10.343595651086787
2196 9.18369677254941
2197 9.75816924184063
2198 9.830207083369396
2199 10.18724428381076
2200 9.837419917077135
2201 10.1005508794725
2202 9.728616846850223
2203 9.735391383706292
2204 9.842361855989877
2205 9.791809054549569
2206 10.000249158988986
2207 10.043591626418733
2208 10.092549225078013
2209 9.878046665559033
2210 9.898165553450315
2211 10.364753112278434
2212 9.55152088633195
2213 9.866526680943396
2214 9.781567331870072
2215 9.977830333862892
2216 9.816492975891919
2217 10.162799542791443
2218 10.926031144578872
2219 10.619677270360492
2220 10.73059997062357
2221 10.658641951412958
2222 10.11667408635376
2223 10.11494671824693
2224 10.306712012724606
2225 9.93202883069321
2226 10.200727380200394
2227 10.549296617431654
2228 10.312532115028024
2229 10.29002998775428
2230 10.414460165567332
2231 10.12728613768731
2232 9.70374424648641
2233 9.780658508363048
2234 9.744852504423923
2235 10.18215974319582
2236 9.992969308629712
2237 9.788139009911376
2238 9.394164524584681
2239 9.739139749936045
2240 9.80701678453964
2241 10.06867952913479
2242 10.121845198492837
2243 10.231487015218548
2244 9.166203397521686
2245 10.0599147954538
2246 10.255947305084431
2247 9.84169022182049
2248 9.768911508116025
2249 9.444213802746964
2250 9.93875287010651
2251 10.165911412536635
2252 10.163626942155432
2253 10.26159483662009
2254 9.704357238067558
2255 9.675354266907686
2256 9.819422143561676
2257 9.396898626822583
2258 9.680192515417694
2259 9.335212777459297
2260 10.113801919453818
2261 10.111663886103198
2262 10.028980941640528
2263 10.109548872036626
2264 9.927406470971594
2265 9.897916068415473
2266 9.595085600185765
2267 9.709420431907812
2268 9.917537233508558
2269 9.637598338088628
2270 9.72747097859618
2271 9.539360286122578
2272 9.270423634450148
2273 9.954121779850528
2274 9.805595036953264
2275 9.668662418937627
2276 10.28266948121086
2277 10.07264222295712
2278 9.809714969929818
2279 9.135809522595013
2280 9.402425260014914
2281 9.342980443557916
2282 9.750706922321859
2283 9.595964207035964
2284 10.25512909421664
2285 9.58486282924523
2286 10.1349938341367
2287 9.728477521205889
2288 9.438723122435032
2289 9.633576869245665
2290 9.64294253873171
2291 9.693000880834008
2292 9.627037768144474
2293 9.301630639625047
2294 9.544267726851535
2295 9.395910360412845
2296 9.913059933949478
2297 9.449598832983503
2298 9.653633955894158
2299 10.056558466309662
2300 9.822870554702376
2301 10.004645944197918
2302 9.633715611266364
2303 10.04939192221175
2304 10.759539386736076
2305 9.802467982419541
2306 9.878027338937335
2307 10.184534471323778
2308 9.577657628411513
2309 10.33295288746145
2310 9.86747494133237
2311 9.815023357184788
2312 9.47022345900839
2313 9.825828645971223
2314 9.937221960492675
2315 9.08146417413395
2316 9.841699254650903
2317 9.34024762972363
2318 9.57957805509606
2319 9.65245072287569
2320 9.69063074140989
2321 9.780458863449136
2322 9.851755457579003
2323 9.52721940817363
2324 9.4667373904692
2325 9.321958286878402
2326 9.789049729075892
2327 9.269065230557523
2328 9.595898388935518
2329 9.152553827428733
2330 9.657473580234019
2331 10.100056170880356
2332 9.755810108197421
2333 9.696195314853059
2334 9.6791163111554
2335 9.949481811872497
2336 9.565286467273934
2337 9.345086201364857
2338 9.841195320001813
2339 9.691689514540467
2340 9.783759603976712
2341 9.524871070631777
2342 9.855625201961969
2343 10.167172466833415
2344 9.85659871278404
2345 9.354783799208832
2346 10.17547885564504
2347 9.978754756691036
2348 10.267680640698973
2349 9.916700415998456
2350 10.047177427746155
2351 10.106259406343122
2352 9.75845320870722
2353 10.249218200152201
2354 9.644276431722034
2355 10.233431590756227
2356 9.832652322802184
2357 9.637514097579713
2358 9.940443926729968
2359 9.58845673111607
2360 9.76823970073545
2361 9.749127588964004
2362 9.505923239671546
2363 10.112008704361525
2364 9.741160375338545
2365 10.16741058916648
2366 10.583945294151139
2367 10.067408644677785
2368 10.191498691027824
2369 10.043754536423396
2370 10.232128051048166
2371 9.553492669635212
2372 9.694978688580575
2373 9.710771957218565
2374 10.298591561373
2375 10.055317524448027
2376 10.505520040658595
2377 10.099767827794636
2378 10.540882338072914
2379 9.994290552496523
2380 10.015241592282656
2381 10.105205278603837
2382 9.95346073191133
2383 10.547195377829311
2384 10.475524445390352
2385 10.602407447220425
2386 10.470639719226527
2387 9.763133913822156
2388 10.116235398137077
2389 10.097544001332842
2390 10.235992677777872
2391 10.277647607838725
2392 10.338234032299281
2393 10.486308436610361
2394 10.256596547020635
2395 10.300619158935717
2396 9.628266565512645
2397 10.322529785991085
2398 10.218950966509368
2399 10.173402987697568
2400 9.994430630389735
2401 9.906466228370578
2402 10.143907908771649
2403 10.702202855964666
2404 10.28238003624101
2405 10.409156798786043
2406 11.011079953364638
2407 10.277965992098443
2408 10.565874496291046
2409 10.986315040595322
2410 10.444086908176416
2411 10.39160602072231
2412 10.060793951845971
2413 10.155651972421282
2414 10.157459115242833
2415 10.162962862877643
2416 9.991036085567222
2417 9.801846564922307
2418 10.355332749868674
2419 9.93690563811343
2420 10.449554061316531
2421 10.112705483281388
2422 10.481313441479097
2423 10.416612648262573
2424 9.812058120417852
2425 9.800289387604868
2426 9.871997973193478
2427 9.893823783676726
2428 10.092999767034547
2429 10.076195384469637
2430 9.709386216190984
2431 9.274539950406172
2432 9.784422997787438
2433 9.706670526994486
2434 10.12455364880894
2435 10.544401754053899
2436 10.593772184574878
2437 9.743695011334491
2438 9.649467129261796
2439 9.795148197278905
2440 9.191145097231347
2441 10.216286969553588
2442 9.498684117015383
2443 9.803467556854045
2444 10.367627605440452
2445 9.2617017007001
2446 10.061976196695202
2447 9.955717728307436
2448 10.088161521421998
2449 9.998506103456855
2450 10.402869807522041
2451 10.270832186748946
2452 9.681440536543231
2453 9.973499701786302
2454 9.925853136582687
2455 10.146720059531642
2456 10.491642637061357
2457 9.867859181111358
2458 10.364096682188874
2459 9.684173847255265
2460 9.535486098862005
2461 10.030172244950824
2462 10.483178409266328
2463 9.962415791998732
2464 10.112681053789016
2465 10.313856476891013
2466 9.460116716146912
2467 10.556566899455724
2468 9.912600425417851
2469 9.944098161342891
2470 10.490722064184576
2471 10.555157391127057
2472 10.399793802999003
2473 10.606697336384139
2474 10.021189160078361
2475 10.3788304001558
2476 9.779483881393128
2477 10.501819364857823
2478 9.716992299741394
2479 10.27636047018536
2480 10.101893854277954
2481 10.203117498175764
2482 9.670389956725336
2483 9.749500999704264
2484 9.36866369574941
2485 9.63892494399273
2486 9.63687484019973
2487 9.43552213165147
2488 9.473563538301656
2489 9.283373708375024
2490 9.29771860821703
2491 10.549701455102907
2492 10.347438105362796
2493 10.063743997636465
2494 10.02792501326518
2495 10.136567744287545
2496 9.537942846721533
2497 9.670174569256048
2498 10.688022418392897
2499 9.686500827535525
2500 9.554287170716606
2501 9.829902698092136
2502 9.87568966305239
2503 9.899995244582257
2504 9.854155612040723
2505 9.831718788737069
2506 9.33178779814273
2507 9.052700017310558
2508 9.632734164319242
2509 10.117462833931741
2510 9.834149929634773
2511 10.235073255724316
2512 9.642894458525749
2513 9.894753706885098
2514 9.634108735003808
2515 9.537613464835793
2516 9.929901086290833
2517 9.502195920881345
2518 10.007214206465223
2519 10.044025879349665
2520 9.667505901463075
2521 9.384963074786409
2522 9.909043884181413
2523 9.768851987266268
2524 9.890418515462928
2525 9.813261729366165
2526 9.813136219442692
2527 8.95922963503421
2528 10.305528008844368
2529 9.745020396875328
2530 9.775717470774131
2531 9.915579568526871
2532 9.903607939672906
2533 9.878756513260257
2534 9.708849309134534
2535 10.019314824261457
2536 9.791142813863097
2537 9.835876768467932
2538 10.003941926110842
2539 10.227787417726594
2540 10.041837121295865
2541 9.902478259597585
2542 9.593264437709822
2543 10.444613714456846
2544 9.54247795951594
2545 10.079563065633028
2546 10.01332044625527
2547 9.96606046684876
2548 9.528329634457311
2549 9.649038110308588
2550 9.185620577431452
2551 9.480583840283359
2552 10.035879772778337
2553 9.914935318133727
2554 9.96422394497768
2555 9.477489672242458
2556 9.956248460735466
2557 9.606632522167354
2558 9.564458096707705
2559 9.914611661371463
2560 9.646723633417048
2561 10.080728590366038
2562 10.183495495752089
2563 9.413030642737555
2564 9.900866719310878
2565 10.154015406350148
2566 10.06250974765137
2567 9.996130258384762
2568 10.489806622911999
2569 9.61541707658039
2570 9.821209396114735
2571 9.95022794704778
2572 10.252994640011421
2573 10.192436784671688
2574 10.012313833864312
2575 10.152972569185787
2576 9.71574398718514
2577 9.648070825355074
2578 9.011818321794495
2579 9.336626134446414
2580 10.155882524801783
2581 9.229778268361667
2582 10.08528673910652
2583 9.785988597236186
2584 10.371263048826552
2585 10.111520975191691
2586 10.138111194483725
2587 9.879178204986399
2588 9.822230864696444
2589 10.151518453370286
2590 10.585141726192873
2591 10.060785227758565
2592 9.82941042852169
2593 10.286851789444913
2594 10.036773763402572
2595 10.127766936771627
2596 10.118200079130231
2597 9.381330120167783
2598 9.801091940244008
2599 9.85612114276074
2600 10.126428158653013
2601 9.34857963342094
2602 10.033722963178365
2603 10.262522496028511
2604 9.697724429531258
2605 9.653496994860806
2606 9.699806328983852
2607 10.548888978464776
2608 10.228778041415538
2609 10.17299898928426
2610 10.285036460227817
2611 9.547147666619315
2612 10.549656875789761
2613 9.642831383667566
2614 9.450189657119207
2615 10.61602138235407
2616 10.530696292220371
2617 10.083111273329013
2618 10.453656993343511
2619 10.074537232026158
2620 10.036253289521113
2621 10.01043053627951
2622 10.591399457934685
2623 9.366488665694645
2624 10.28379877881938
2625 10.105311006637763
2626 9.854845874656919
2627 10.632799557589673
2628 9.805929071319257
2629 9.53078887801919
2630 9.600747705803524
2631 10.20570421399973
2632 9.803912607905353
2633 9.671043922664408
2634 8.985143814803315
2635 9.853058348057687
2636 9.451463245919898
2637 9.707568217567422
2638 9.25767834148861
2639 10.500215154948723
2640 9.853901687126795
2641 9.793309301316793
2642 9.636326874807914
2643 9.976116543096214
2644 9.899226667941479
2645 10.129497312264593
2646 10.159109818358559
2647 10.327931276099557
2648 9.712881164168033
2649 10.088503955806418
2650 9.895903988212165
2651 10.329155309255913
2652 10.35178987469296
2653 9.824635094718214
2654 9.495460479442592
2655 9.499695299522726
2656 9.465192358499522
2657 9.838977611808355
2658 10.038168951810656
2659 10.317666606480909
2660 9.253633399393163
2661 9.749728396380382
2662 9.78841634965919
2663 10.225230543456227
2664 9.903621659741946
2665 9.86882958082955
2666 9.325597748052214
2667 9.560047447882562
2668 9.851225419540107
2669 9.706416538554322
2670 10.035592707566854
2671 10.158569093438373
2672 9.878005586476476
2673 9.4013489932188
2674 9.714881236144427
2675 10.042843945484433
2676 9.767370122297402
2677 9.574201231016609
2678 10.116870703205949
2679 10.158513515247021
2680 10.037677587695294
2681 9.73458558435893
2682 10.018612311200057
2683 9.788930860995007
2684 9.759079051001061
2685 10.357416175907009
2686 9.599054662157803
2687 9.375337071517597
2688 9.631443899289195
2689 10.326866734076091
2690 9.257027838409918
2691 9.137331598157576
2692 9.80825449876157
2693 9.573311891168073
2694 9.368677998384046
2695 9.865072374119137
2696 9.881397778896725
2697 9.881217986692684
2698 9.778994978648129
2699 9.674003516344957
2700 9.725101466468436
2701 9.815553695595241
2702 9.186588900120862
2703 9.492341932402692
2704 9.584332085597662
2705 9.14265313759015
2706 9.349027844317803
2707 9.63912688644095
2708 9.403242087108934
2709 9.44528344064884
2710 9.240697304296916
2711 9.715915291082018
2712 9.423046688594198
2713 9.785292076514796
2714 9.838765070924914
2715 9.917935610683926
2716 9.444314756693862
2717 9.635653242770005
2718 9.27437027640475
2719 9.883109145893743
2720 9.588749798106404
2721 9.714654613514668
2722 9.320946237816468
2723 9.986832346370017
2724 10.106380544228715
2725 10.012653736367804
2726 9.390504598713871
2727 10.269852145530129
2728 9.45776069414664
2729 9.579903103574118
2730 9.36096782118256
2731 9.258783384303204
2732 9.769362265456177
2733 9.54717106252142
2734 10.296844855191193
2735 10.303933009850285
2736 9.920995485137377
2737 9.929238716726235
2738 10.064520717695217
2739 10.042541010404724
2740 10.221132100382201
2741 10.18442387561176
2742 10.307137817302417
2743 10.043114978860036
2744 9.912000185798254
2745 10.066360740870703
2746 9.767541814739712
2747 10.404897447436175
2748 9.522777539882224
2749 10.541932984749828
2750 10.385001222290644
2751 10.410141306111127
2752 10.614292222958978
2753 9.49578819152098
2754 9.063389351203641
2755 9.79602942031446
2756 10.279637880034647
2757 9.760978629684566
2758 10.01478064953484
2759 10.171095899588792
2760 9.520882501868174
2761 10.30704991433362
2762 9.668481050117883
2763 9.831301053396562
2764 9.17862144964937
2765 9.551844733749828
2766 9.665826124757558
2767 9.916565437296802
2768 9.191395825201008
2769 9.342987116638575
2770 9.539112726224127
2771 9.821436089193961
2772 9.964323196157068
2773 9.413447370453296
2774 9.777260270260607
2775 9.995550305129827
2776 10.194962454758276
2777 10.161409707994697
2778 10.20364101715434
2779 10.174851881748245
2780 9.637028375883053
2781 9.38521010939477
2782 10.462536998754521
2783 10.436097059950834
2784 10.161655445910588
2785 10.152796673983078
2786 10.808479545844438
2787 9.358889417842255
2788 10.11120168249452
2789 10.071359045209473
2790 10.16013917987427
2791 10.279856964254213
2792 10.051933176082992
2793 10.278674017347036
2794 10.59286132107212
2795 10.431170801699826
2796 9.996547719998652
2797 10.34584023785496
2798 10.600634168703223
2799 10.728673138952107
2800 10.473688967630588
2801 10.782708270103612
2802 10.62531613677399
2803 10.487423635937724
2804 10.620925178386598
2805 10.607884404019105
2806 9.968007577980277
2807 9.884396612905853
2808 9.921692082460396
2809 9.831100160624155
2810 9.75458861280079
2811 9.757382360068206
2812 9.761830109223656
2813 9.850484291023415
2814 9.694132313572114
2815 9.938128416028933
2816 10.001368745331856
2817 10.132866499818732
2818 9.368998143134661
2819 9.92792200244737
2820 10.064425230794793
2821 10.253659450531261
2822 9.53535349477412
2823 9.767848374636284
2824 9.988545094613734
2825 10.171583014507853
2826 9.828791578828605
2827 9.64142044988644
2828 9.62918544156383
2829 9.91782422710256
2830 9.5149291804575
2831 9.574577461427014
2832 10.040574690812441
2833 9.298960993873003
2834 10.49615580730867
2835 9.886378764623263
2836 9.950053345076588
2837 9.887079497029644
2838 10.544541888230784
2839 10.147737047068038
2840 10.260309445347591
2841 10.33287701843004
2842 9.557977857513022
2843 9.769517914851779
2844 9.420378026838705
2845 10.379834857936382
2846 9.905856307091343
2847 9.76474383159581
2848 10.186372366550525
2849 9.741342322896601
2850 9.978134062638436
2851 9.715442117002741
2852 9.761795336245871
2853 9.48688655942502
2854 10.329255161192151
2855 10.176586624130277
2856 10.266789098904537
2857 9.97334069688647
2858 10.330911885446742
2859 10.339395321013775
2860 10.085998789551132
2861 10.345572338604303
2862 10.70777370731176
2863 10.286417946516762
2864 9.571164409564881
2865 9.86385290852272
2866 9.390520547186231
2867 9.733622864836098
2868 9.309057958557347
2869 9.749812791894751
2870 10.160839987502738
2871 10.13854437699083
2872 10.052024597013235
2873 9.729978855557508
2874 10.225918839377258
2875 10.102133215013614
2876 10.413973896212104
2877 10.380838826609201
2878 10.173847408346038
2879 10.241891874765209
2880 10.052660962841152
2881 10.308517085464075
2882 10.296596503830976
2883 10.2536383254843
2884 10.464255554158015
2885 10.213893406735854
2886 10.492658707084427
2887 10.122068710055425
2888 10.370182226223612
2889 10.451082383941701
2890 10.73206638391784
2891 10.634410649243206
2892 10.454675399838063
2893 10.415090887823109
2894 10.327850867794515
2895 10.874669658984605
2896 9.874112562959887
2897 10.615629608385055
2898 10.217027782630778
2899 9.832412925602839
2900 10.905112389247696
2901 10.673728484455026
2902 10.376382776683158
2903 10.391170517931528
2904 10.603690827574269
2905 10.53482736348873
2906 10.497181164855162
2907 10.48286143554131
2908 10.61872412806748
2909 10.679365614023919
2910 10.335395778952746
2911 10.445173317178757
2912 10.729656113592485
2913 10.132799802729654
2914 10.411882284710883
2915 9.523189766057735
2916 9.743963805866214
2917 9.607944900479307
2918 9.690236110599455
2919 10.00590605574431
2920 10.644536969781035
2921 10.141936362176216
2922 10.333656923681604
2923 9.926010676319635
2924 10.019518868904218
2925 9.888405993539672
2926 10.232536566396185
2927 10.093064421546465
2928 9.746327813333235
2929 9.709133420941727
2930 10.246477625414641
2931 9.940949992997917
2932 10.451009136767432
2933 10.164380240846924
2934 10.036457632810887
2935 10.023506419298286
2936 10.020254966728567
2937 9.918475713109535
2938 9.997548680700296
2939 9.586613249029496
2940 9.944631456055845
2941 10.416715996170034
2942 9.981298108790048
2943 9.63302347988269
2944 9.956330977973336
2945 9.441979830669782
2946 10.087119374256574
2947 10.739822775729635
2948 10.862165198042018
2949 10.019449612183896
2950 10.094500505340516
2951 10.42595767684047
2952 10.05557001791799
2953 10.089075275310508
2954 10.302801127317503
2955 9.611509810569807
2956 10.12832257894526
2957 10.27545827336581
2958 10.138675730268405
2959 9.78043251010843
2960 10.475767814416708
2961 10.015486102738272
2962 10.224923147243253
2963 10.308703039901758
2964 10.661194791815682
2965 10.471894884197976
2966 10.02900354497389
2967 10.359607123712655
2968 10.285052911776658
2969 9.799599342731902
2970 10.091485742667
2971 9.75929156939952
2972 10.719350423833447
2973 9.849575754915145
2974 10.155062716864187
2975 9.888205366021966
2976 9.929165234782666
2977 10.130361304796748
2978 10.322890572887976
2979 9.885022876121981
2980 10.228632606758659
2981 9.814313123314621
2982 10.250253568646043
2983 9.732080835781495
2984 10.09383725871582
2985 10.19819087903594
2986 10.29923652301586
2987 10.362792362354238
2988 10.413142535001697
2989 9.97521229680729
2990 9.96169918225674
2991 9.761797951613019
2992 10.597573347094826
2993 9.867121167430211
2994 10.446844478539765
2995 10.244175660690784
2996 10.219271489948557
2997 10.011737695220097
2998 10.183078693383294
2999 9.936054136912722
3000 9.667440642271636
3001 9.853185032267566
3002 9.943062889800983
3003 9.658335608414836
3004 10.253434961512923
3005 10.942405780921998
3006 10.834853527253033
3007 9.711568564372303
3008 10.205798089112418
3009 10.69218139022711
3010 10.133879547479626
3011 10.172993180450312
3012 10.419243508671691
3013 10.195990655241719
3014 10.403227609479828
3015 10.197088731421418
3016 9.797020865699247
3017 10.184483546209742
3018 10.583597394053966
3019 10.890708565858292
3020 10.176994615911275
3021 10.913129070347455
3022 10.910215477766364
3023 10.315256433782752
3024 10.863981760086295
3025 11.015791477316986
3026 10.470410960700326
3027 10.3278222191682
3028 10.540257441846169
3029 10.595207887954352
3030 10.046437356776766
3031 10.55521426228371
3032 10.47482104252906
3033 10.524849096574503
3034 10.713346391975982
3035 10.220949175385483
3036 10.643745169697487
3037 10.413513434694012
3038 10.175893912247197
3039 10.308556958850547
3040 10.48486383645356
3041 10.290410432145464
3042 10.312810588671413
3043 10.037447919296826
3044 10.09401211207981
3045 9.207655108057683
3046 9.650962086956637
3047 9.91664777229687
3048 9.773932873243988
3049 9.997048186811075
3050 10.105046758725202
3051 9.586797414713924
3052 9.460358756055282
3053 9.780192809315249
3054 9.566080858852814
3055 9.660125548137673
3056 9.650599307766544
3057 9.809116046424904
3058 9.64199428306864
3059 9.887203984847165
3060 9.83846714630607
3061 9.973358312620054
3062 9.736202761581183
3063 10.191790159872003
3064 10.150247066174618
3065 9.597230938132189
3066 10.011546243116099
3067 10.163153246118794
3068 10.231099217826404
3069 9.917593476939876
3070 9.80242154112492
3071 10.061657392403443
3072 10.108451626222505
3073 10.122534048616975
3074 10.21460528441401
3075 9.872277788264157
3076 10.018498520379254
3077 10.281894265838478
3078 10.108300357417441
3079 10.052539782254753
3080 9.774578109883414
3081 9.867556956369182
3082 10.714745010657273
3083 10.09069597164658
3084 9.790905242827765
3085 9.93735645542677
3086 9.852565391672181
3087 10.03588740026361
3088 9.88979822616124
3089 10.388797197650804
3090 10.548117084728998
3091 10.4350047486211
3092 10.521158557010384
3093 10.506002686239032
3094 9.681460506239384
3095 9.979503103517679
3096 10.132614379478634
3097 10.185058060767547
3098 10.059006582905896
3099 9.963344924534528
3100 10.2849581718852
3101 10.032273908447854
3102 10.331554378302396
3103 9.803059075637588
3104 9.764326048242896
3105 10.415481448992423
3106 9.415236247091038
3107 10.309139287758727
3108 9.729567206618858
3109 10.023709741488064
3110 10.414637102483143
3111 9.562387584265661
3112 9.578985273824335
3113 9.90799988563514
3114 10.291351226866368
3115 10.404902206533032
3116 10.157213287582671
3117 9.913560416075068
3118 10.52453672107422
3119 10.503329749283493
3120 9.732714086979595
3121 9.985550772576424
3122 9.718243232634883
3123 9.109149660198522
3124 9.401959648860291
3125 9.379669664633585
3126 9.85493038830349
3127 9.526923518567996
3128 10.308262171990641
3129 9.314033443130262
3130 9.83716951371652
3131 9.821421120523514
3132 10.287309409463699
3133 9.44441367682016
3134 9.997697636742194
3135 10.11141895608462
3136 9.928705800324082
3137 9.466271391825064
3138 10.453379823567806
3139 9.89106515943483
3140 10.326511800246056
3141 9.907565244921216
3142 10.221542591403802
3143 9.500827776829508
3144 9.86707400016155
3145 10.2051035938677
3146 9.849329170873695
3147 9.976875834907764
3148 9.17013419683622
3149 9.91752821614086
3150 9.890512170383127
3151 9.882443575725953
3152 9.897264200571755
3153 10.336134249831
3154 10.364085189244742
3155 10.20485068211051
3156 10.023746848962952
3157 10.22431490759512
3158 10.455794513452688
3159 9.989058812518714
3160 9.506392751763318
3161 9.06437890499308
3162 9.59336708950064
3163 9.519364227604779
3164 9.743937011513207
3165 10.171553524028333
3166 10.204766244372113
3167 9.848567330200902
3168 9.773278925864345
3169 9.661997144287081
3170 9.284098284365973
3171 9.443558129062529
3172 9.934581194874138
3173 9.53855220147139
3174 9.588747459335762
3175 10.316554136205818
3176 10.204441584230695
3177 10.122523793543774
3178 9.644778261033123
3179 9.733429172214922
3180 9.979390196455123
3181 9.90231336764468
3182 9.555725565333514
3183 9.093568578404616
3184 10.025998377183061
3185 9.600781410405446
3186 9.73017978796325
3187 10.230406933979845
3188 9.426288815475456
3189 9.260382687627155
3190 9.469678667256389
3191 9.182320087837564
3192 9.974275807586569
3193 9.60090345100661
3194 10.214662759737493
3195 9.931536306853827
3196 9.8832396600913
3197 9.824058924425131
3198 10.348556087155753
3199 10.256509759216616
3200 9.900048890618555
3201 10.423121649215172
3202 10.258563459782122
3203 10.101865295736665
3204 9.893000920429108
3205 9.604708652959085
3206 9.163288017788675
3207 10.246761864813353
3208 8.85180030360792
3209 9.985212687122583
3210 10.260773849067451
3211 10.013859138737018
3212 9.898991993455605
3213 10.382296330939054
3214 10.11579038451601
3215 9.68437614991574
3216 9.68099728330206
3217 9.998261272148577
3218 9.76993706323204
3219 9.792883709267977
3220 9.729137990339355
3221 10.371738297770824
3222 10.042017313035503
3223 9.735799580004652
3224 10.24957583034923
3225 10.44319936635507
3226 10.232998807162545
3227 10.242184319254084
3228 10.347879203677925
3229 10.043331809749372
3230 10.361853467849109
3231 10.253880258479919
3232 10.055925536834582
3233 10.502601924293069
3234 10.010087129134098
3235 10.240820425125564
3236 9.993518953989835
3237 9.66352746443644
3238 9.975675076634495
3239 10.44110780217113
3240 10.31583861725071
3241 10.092166450982361
3242 10.400076251948471
3243 10.45511208888332
3244 10.521914662471602
3245 10.058583669097409
3246 10.584244790489409
3247 9.847325795015069
3248 9.920400349776278
3249 9.924728621027917
3250 10.105342105107963
3251 9.689676564240868
3252 10.276260717037456
3253 9.652288782080811
3254 10.615280100661176
3255 10.590394143944627
3256 10.13051319006124
3257 9.996069093478656
3258 9.750659215394
3259 9.870609345003448
3260 9.756865509172
3261 9.677030056922323
3262 10.001530014446718
3263 9.828285660419045
3264 10.070672156053114
3265 9.467997107428793
3266 10.237403986603105
3267 9.222572781770781
3268 9.741538210706846
3269 9.578023308359686
3270 10.023178782748538
3271 9.969383780195972
3272 10.359941790804207
3273 9.956562068683994
3274 10.096602795637637
3275 9.575378543887233
3276 9.858950637905517
3277 9.741529492683084
3278 9.71768890695864
3279 9.722244027273675
3280 10.125989751352686
3281 9.798376115483254
3282 9.95757209552129
3283 10.167361432962291
3284 9.787507404079282
3285 9.865265523092416
3286 10.02459750571435
3287 9.709975491388827
3288 9.72741803100185
3289 9.960545623757179
3290 9.941942369109372
3291 9.742765815639663
3292 10.322493723851393
3293 9.692047028258644
3294 9.36331208351691
3295 9.63657362916485
3296 9.547041124341698
3297 9.868779594156534
3298 9.331645583612737
3299 10.613681550185087
3300 10.566996037275976
3301 9.480600594358693
3302 9.948406112146316
3303 10.560712802806442
3304 10.285125544293491
3305 10.216303018817808
3306 9.988680530465068
3307 10.047827922719517
3308 10.298940402511938
3309 10.165478132673133
3310 10.200246240935476
3311 10.287139648472428
3312 10.398563380062306
3313 9.888895915600775
3314 9.912901675460812
3315 10.193512822267943
3316 10.391134197497273
3317 10.545164879840307
3318 9.987329594043606
3319 10.110797044921245
3320 9.869736272576912
3321 10.247208709479132
3322 10.138624815111257
3323 10.672151811601177
3324 9.767752312738153
3325 10.204930214417635
3326 10.134939098905505
3327 9.813548951087258
3328 9.930185854702106
3329 10.05411144319086
3330 10.111443743018057
3331 10.61037844736606
3332 10.354704937448751
3333 10.431734274487141
3334 10.608851746071549
3335 10.021356921140784
3336 10.375041749986694
3337 10.46927018859169
3338 10.409603864798312
3339 10.039368435133607
3340 10.433590672785325
3341 9.960454443815163
3342 10.031814302729023
3343 10.337984383404631
3344 10.401118312936989
3345 9.872944047483774
3346 10.185717363274883
3347 10.5127396113431
3348 10.023223787717427
3349 10.287813244266331
3350 10.088747144640989
3351 10.030329303161897
3352 9.534211311561146
3353 9.851304172413872
3354 10.645009601066882
3355 9.940940529415883
3356 9.416600337765352
3357 10.157705399634189
3358 9.646576923684702
3359 10.077392466153839
3360 10.172950146258806
3361 9.776659847278015
3362 9.810243155686743
3363 9.932762528463103
3364 9.83454432656429
3365 9.98513220552593
3366 9.637156801674806
3367 10.13498068858187
3368 10.352989685734993
3369 9.266291583134949
3370 10.005732841014236
3371 10.353827159829304
3372 9.502889828511355
3373 10.268093145122714
3374 9.802563161089896
3375 9.983035375426024
3376 10.177559096569428
3377 10.241258584880866
3378 9.945098610880555
3379 10.444641736173585
3380 10.160658912240642
3381 10.884163771155682
3382 10.51459350608621
3383 10.698562356145935
3384 9.972010464543796
3385 9.689387982240895
3386 10.339586990603756
3387 10.151144888145826
3388 10.224953142845719
3389 10.518003886640118
3390 9.759970695986299
3391 10.038437697921704
3392 10.242128949870951
3393 9.696230648680544
3394 10.92270432378683
3395 9.832443763886184
3396 9.605892183381423
3397 9.824117399431403
3398 10.165629152713505
3399 9.635970235140297
3400 10.107448915816342
3401 10.135884604830895
3402 10.344794257150124
3403 9.9198354292026
3404 9.71110287896413
3405 10.476217508786618
3406 9.989231594600488
3407 10.427108518375722
3408 10.249507165443841
3409 10.224516171245634
3410 10.81041293415675
3411 10.22076041833528
3412 10.458371724943351
3413 10.24023023370756
3414 10.458091504211062
3415 10.096082455863694
3416 10.186022154529663
3417 9.967963087760067
3418 10.083725118939569
3419 10.15127243113171
3420 9.669622634228324
3421 9.70774912792174
3422 9.459300021127168
3423 9.618326598306759
3424 9.924146851563401
3425 10.531036687589916
3426 10.300542859549822
3427 10.947060464958534
3428 10.1739986034947
3429 10.735203527532146
3430 10.528176716003744
3431 11.02052511125803
3432 10.853500997158005
3433 10.547245318834873
3434 10.647960884326482
3435 10.818170578977854
3436 11.125554707753029
3437 10.401711091696518
3438 10.961476316414807
3439 10.986602949204531
3440 11.18088206723569
3441 10.881805180022434
3442 10.740644968625652
3443 10.72754339141617
3444 10.833421848277762
3445 10.707981835439679
3446 10.59051605385154
3447 10.875205208279251
3448 11.076226823348374
3449 10.60090286110301
3450 10.288024808688874
3451 10.758830241850527
3452 10.6495281659462
3453 10.738643561828127
3454 11.117130872030954
3455 10.813268795452286
3456 11.16145588675227
3457 10.566663143306037
3458 10.85845936602791
3459 10.73259807387581
3460 10.987117295647488
3461 10.721274385402966
3462 10.71151154584618
3463 10.728821335587126
3464 10.734790099900911
3465 10.686601595735421
3466 10.844004972006392
3467 10.771246340096331
3468 10.674974787799677
3469 10.748044792179025
3470 11.172337619787507
3471 11.089780328350583
3472 10.298519376318128
3473 10.731220698797076
3474 10.86852146881841
3475 10.679052372999267
3476 10.288547918306547
3477 10.150948780499599
3478 10.477910501165953
3479 10.431483791591267
3480 10.82981683885757
3481 10.813777940096395
3482 10.294709663467364
3483 10.714371375017445
3484 10.455335151861851
3485 10.720788099014948
3486 10.18720231384122
3487 10.045268243363227
3488 10.576411492506633
3489 10.853042948997775
3490 10.702531363604482
3491 10.522528033432991
3492 10.20543727060414
3493 10.452936128335697
3494 11.09690342150056
3495 10.336710136981548
3496 10.929075077730795
3497 10.98112198486776
3498 10.93005434714795
3499 10.53145020426388
3500 10.071413469116719
3501 9.910060624141659
3502 10.583520259733383
3503 10.796802277198722
3504 10.524808487217916
3505 10.503928167559172
3506 10.038848055523053
3507 10.397673997961558
3508 10.480370094197454
3509 10.458203315448575
3510 10.51675464206645
3511 11.035715338301728
3512 10.568394246724196
3513 10.77549709341275
3514 10.677116203790241
3515 10.590843617523305
3516 10.405305545514839
3517 10.497220565082833
3518 10.281404937168523
3519 10.161559590099422
3520 10.19052631197809
3521 10.425338623780359
3522 10.852248106097226
3523 11.059691525344807
3524 10.805825610032343
3525 10.844224558520038
3526 10.777661109292772
3527 10.450074462423984
3528 10.77309980454147
3529 10.596542456074335
3530 10.482241664989607
3531 10.820429267653282
3532 10.85739757283229
3533 10.96021001979001
3534 10.952811334326968
3535 11.408412122686375
3536 10.649949439894328
3537 10.847144263711536
3538 10.83608201135816
3539 10.928958687857095
3540 10.518360617853498
3541 10.46347759526302
3542 10.761506924282338
3543 10.051047563738692
3544 10.073330633747245
3545 10.638840453646836
3546 10.263216284164749
3547 10.610433965042201
3548 10.214001059628327
3549 10.060522211460473
3550 9.879310042691408
3551 10.788488053588823
3552 10.803331363500797
3553 10.230813825699338
3554 9.982926988376494
3555 10.053648426048813
3556 10.193017981148277
3557 10.319435877668813
3558 10.020517910416563
3559 10.605333731836351
3560 10.465180731307596
3561 10.244167005943632
3562 10.023714971174826
3563 10.53034975536466
3564 9.517636602561229
3565 9.780807552036068
3566 10.500013505554023
3567 10.642870258866418
3568 10.686293195634143
3569 10.59711300882078
3570 10.915887801662475
3571 10.553540398089133
3572 10.503169836893754
3573 10.64648605376156
3574 10.703407612554082
3575 10.104983607974873
3576 9.894448669427744
3577 9.827477949693794
3578 10.057499104248475
3579 10.756244370516542
3580 10.52094345611565
3581 10.324499250626507
3582 10.299030943492472
3583 10.834365736150504
3584 10.305785326731794
3585 10.605331923661677
3586 10.03542003798206
3587 10.050035902473953
3588 10.181885321367016
3589 10.43675564706757
3590 10.507513870014735
3591 10.680286243332983
3592 10.206605031149346
3593 10.604576328515623
3594 10.084915354628377
3595 10.142136644841928
3596 9.949454330742318
3597 9.948528425997045
3598 9.77852720541799
3599 9.616329967978777
