0 11.103219994826711
1 10.500614700877973
2 11.060402132562595
3 10.662202641313694
4 10.652255257322777
5 10.543183551464136
6 10.902825015252816
7 11.134954210898936
8 11.061274277424769
9 10.764391118958107
10 10.137356313712537
11 10.95924966656027
12 10.594627144436691
13 10.760719651083619
14 10.647801770061397
15 10.363312076666077
16 10.340146593600876
17 10.851229467279586
18 10.526315842750446
19 10.45405606671382
20 10.59353748745761
21 10.986273110048522
22 10.661155869760973
23 10.305715001648585
24 10.660843656941555
25 10.756379778377001
26 11.336003832176235
27 10.546499857209227
28 10.868547115516995
29 10.840440537747623
30 10.883254303113466
31 10.475657641858835
32 10.82073303051515
33 10.864923033081867
34 10.534938455413469
35 10.677568348463463
36 10.394567453913824
37 10.369703597629439
38 11.01196973604441
39 10.915945452077358
40 10.36839786413043
41 10.577343985780558
42 10.594223314789934
43 10.600988634050207
44 10.638547563318317
45 10.795955478611889
46 10.817590007063563
47 10.613527038488565
48 10.86797728064944
49 10.27206722212742
50 10.453135573788646
51 10.315880548709567
52 10.16208733960637
53 10.066541250499785
54 10.513176668469605
55 10.924418320148494
56 10.744176848706266
57 10.891364261599241
58 10.8435306597022
59 10.726347794629206
60 10.644946018060969
61 10.648773656541428
62 10.570428850139034
63 10.724900932929598
64 10.865224507098791
65 10.496513657840433
66 10.309640064923169
67 10.387954476135373
68 10.608649987061684
69 10.352358216053998
70 10.394289911178625
71 10.881213446563914
72 10.938725837936065
73 10.941927686021597
74 10.749523257405013
75 11.044677285677942
76 11.0385796226709
77 10.609233762421168
78 10.64798631981497
79 10.753459349431832
80 11.086291986334649
81 11.42495627196015
82 10.982041497275356
83 11.049943349858943
84 10.746331003970932
85 10.980077455955549
86 10.74634369898956
87 10.702111646367284
88 10.993108904915136
89 10.872468715729067
90 10.753919914196798
91 10.58131028448559
92 10.89036256672078
93 10.659399863742212
94 10.593764085589354
95 10.4286575474133
96 10.67708710958043
97 10.896322017040307
98 10.799777719867745
99 10.989560680530776
100 10.801466639638628
101 10.976689474342407
102 10.977806077491495
103 10.840239785418323
104 10.530503477238625
105 10.685552957659894
106 11.1119136267529
107 11.068132591969228
108 11.244884720274925
109 10.788925784500961
110 10.892969030188524
111 10.763592987723754
112 10.699490512234366
113 10.701308243982352
114 11.00209827827407
115 10.582649002391191
116 10.678562764062573
117 10.94050029510185
118 10.672716777916463
119 10.809050961762958
120 10.252302469389853
121 10.847520180377552
122 11.007280004768853
123 10.74896236536901
124 10.982567166970094
125 11.084088548433346
126 11.022278435472153
127 10.954316226896806
128 10.805463516665355
129 11.140860355500815
130 10.808302111908526
131 10.67973278022138
132 10.692114180168607
133 10.928368809140922
134 11.054992037503432
135 11.168438746582915
136 10.494067634783558
137 10.996463092339624
138 10.884285223572235
139 10.850655584343658
140 11.117928821739621
141 10.918135429884828
142 10.677859804055348
143 10.873935592889287
144 10.496645406443266
145 10.792177674886519
146 10.77884366363965
147 10.81273828534239
148 11.041830951444643
149 11.085566946519386
150 11.074093084869327
151 10.756255286851752
152 10.723005584658834
153 10.80295834809632
154 10.751179252776483
155 10.530637686518906
156 10.78101262913889
157 10.673030122601906
158 10.711890501553
159 10.52524862822628
160 10.83813531885342
161 10.915644603716988
162 10.778905356299452
163 10.56104589850983
164 10.581241572862801
165 11.286121995360197
166 10.828307499965087
167 11.268951262766599
168 10.892151857988615
169 10.775460962212428
170 10.699450972644819
171 10.921455653207872
172 10.486376006768886
173 10.780390407784978
174 10.747298349972073
175 10.526598927675442
176 10.721693682093047
177 11.340491759936862
178 11.225717116639865
179 10.710456297646695
180 10.795044620135254
181 10.628358312332809
182 10.866887218247323
183 11.027971434282318
184 10.514379633596427
185 10.720006367971806
186 10.535935701457818
187 10.933510053460111
188 10.378564326294635
189 10.9164705051846
190 10.592604349253772
191 10.65407303428931
192 9.70539467954901
193 10.626550904753632
194 10.448487351007174
195 10.433796263755564
196 10.72921232440039
197 10.228656432816702
198 10.259381568045644
199 10.461975425979398
200 10.479237810549552
201 10.41052415317255
202 10.501793369105
203 10.747942261822292
204 10.432549678833999
205 11.034905828767059
206 10.66142934335714
207 11.176009192033316
208 10.42491816966632
209 10.67212461140922
210 10.347184955895667
211 10.007209813178251
212 10.259486014749577
213 10.590555475917531
214 10.808131294434416
215 11.042496347591591
216 10.693323277327877
217 10.049306843104691
218 10.686575561356992
219 10.522914422140913
220 10.292924124139564
221 10.840655417548087
222 10.543834240075649
223 10.468647443388486
224 10.689170689454492
225 11.276409873519729
226 10.319644504854542
227 10.692573119826555
228 10.761368910193585
229 10.490633822653663
230 10.402336537580924
231 10.709563553863568
232 10.402939586212547
233 10.623005008372273
234 10.268780231944348
235 10.100947296105595
236 10.714621149042292
237 10.93147524284428
238 10.750604268748376
239 10.444533979562411
240 10.576733817233322
241 10.428157035897252
242 10.60067017007355
243 10.284719870976476
244 10.52503794878468
245 10.57072510391255
246 10.237959534302721
247 9.83622853981398
248 10.23932745163006
249 10.498613597614382
250 10.644247001411003
251 10.357895861342586
252 10.614877361117383
253 10.197026903716008
254 10.631627954920175
255 10.268753243850165
256 10.534549391362242
257 10.49032000887259
258 10.794901353607383
259 10.40438298494395
260 10.606137133858095
261 10.370405667224132
262 10.44862568907537
263 10.704786090472753
264 10.744037131584676
265 10.650614268907121
266 10.586682450497161
267 10.809200302516137
268 10.423532440968046
269 10.565930131546443
270 10.862081233044593
271 10.285892539863058
272 10.709020032014493
273 10.572649620476794
274 10.562374637851804
275 10.538690653700188
276 11.006439139475178
277 10.461028058452069
278 10.587000644925217
279 10.637392266616859
280 10.777360945913683
281 10.574924835561605
282 10.284399680633214
283 10.29072553582671
284 10.224495201842533
285 10.242327227004717
286 10.593687278169739
287 10.051285225688561
288 9.972882816724347
289 10.507430967524598
290 10.733207625023825
291 10.667215905115638
292 10.62419125439975
293 10.522990053030615
294 10.388640958541181
295 10.2963438757027
296 10.53464055221202
297 10.60185400187569
298 10.928044196350031
299 10.385653534219248
300 10.367991096065358
301 10.221958129913999
302 9.994190443082166
303 10.28826879163516
304 10.306856961362906
305 10.111126037722078
306 10.406958678509632
307 10.287137169169695
308 9.820210437590562
309 9.983434259669274
310 10.467151736960988
311 10.532362757907038
312 10.413715117805662
313 10.34282125739111
314 10.341073941690004
315 10.587327585193444
316 10.620359667948447
317 10.853471303281585
318 10.943328826452612
319 10.624951415081913
320 10.569919828004265
321 10.281540115170413
322 10.56141737543851
323 10.698127660798313
324 10.474957171055683
325 10.82760593812582
326 10.420168650737619
327 10.91156371955197
328 10.318032109394917
329 10.472012140325326
330 10.460466043473211
331 10.325264540176505
332 10.06252168351563
333 10.824409262492674
334 10.377123633308226
335 10.62538483759971
336 10.083551685859266
337 10.516823514076904
338 9.965073543051677
339 10.1424979063866
340 10.080714466045343
341 9.978497556358278
342 10.372179058587168
343 10.220314294009814
344 10.418478180379198
345 10.059919564656537
346 10.480101166663607
347 10.28046405412033
348 10.357633773480478
349 9.969751411245287
350 10.23508014087622
351 10.638741531992792
352 10.482187017372631
353 10.756810591705984
354 10.414405639947747
355 10.838007584201089
356 10.369273171022675
357 10.463004006919244
358 10.041712203040014
359 10.36558909824934
360 11.125585177877818
361 10.506776865265318
362 10.499876382415875
363 10.99357008605013
364 10.739335448859482
365 10.906307923495074
366 10.66671669620884
367 10.630830880750166
368 10.380775066630235
369 11.062617226781319
370 10.518727191859634
371 10.759818078174884
372 10.184721683901818
373 10.673893605746706
374 10.455709653897614
375 10.539872913815067
376 10.336436614982834
377 10.511274932985312
378 10.699210519315763
379 10.446827245163872
380 10.445638238563463
381 10.673871549220584
382 10.806728158084853
383 10.643634444468962
384 10.368896159472465
385 10.694585526048185
386 10.42441055880483
387 10.300403756412269
388 10.856043109961458
389 10.430312032386393
390 10.999838517976045
391 10.55767283007714
392 10.614093968510073
393 10.221821056407649
394 10.262962948334312
395 10.991674129714383
396 10.63166180619578
397 10.454210664814285
398 10.04226468533434
399 10.168777237435817
400 10.033567132498002
401 10.365031862199581
402 10.72140003619318
403 10.349520725798788
404 10.4695017699869
405 10.714922262771747
406 10.559731745071593
407 10.963374888794865
408 10.333136576189116
409 10.83860787479562
410 10.618839644473914
411 10.983746281192628
412 10.861692958317658
413 10.791421912994172
414 10.951541043101482
415 10.958002204756307
416 11.248555893658422
417 10.539182202708703
418 10.36116712929705
419 10.704748455092933
420 10.666103370485283
421 11.02781215504145
422 10.810062718620856
423 10.533023557610983
424 10.242062085412828
425 10.574218355427181
426 10.211254884340626
427 10.365339328708002
428 10.66608235840339
429 10.297307092743269
430 10.813763647090227
431 10.639410074239237
432 10.95788194284163
433 10.772223566327794
434 10.852402007917052
435 10.894258617287017
436 10.407097904993181
437 10.653796808737512
438 10.514589075962748
439 10.55537303443142
440 10.915294712865002
441 10.876633776391106
442 10.596642637327628
443 10.42346536395202
444 10.793162926066303
445 10.924105446949554
446 10.658266859919834
447 10.617184404230072
448 10.381605355955832
449 10.439171550896816
450 10.413231273920575
451 10.489739187267947
452 10.441652751520687
453 10.263510352583237
454 9.959959733889688
455 10.334969972297268
456 10.53956342245444
457 10.781655917323032
458 10.65698011157552
459 10.371287082549205
460 10.757121319308801
461 10.85989689448665
462 10.325703877394055
463 10.614385203174907
464 10.909113151642341
465 10.954651321934357
466 10.795941061562905
467 10.850530076992005
468 10.856712212192317
469 10.991075796314696
470 10.72796651495898
471 11.049992690807688
472 10.909563918827848
473 10.680661606022278
474 10.339704620968948
475 10.991695897779877
476 10.764967848251356
477 10.81360171480013
478 11.041577466932637
479 10.392152264771122
480 10.625348417935513
481 10.876743298483355
482 10.4994468487528
483 10.649568246947627
484 10.69724600506252
485 10.661015908560875
486 10.810345551614525
487 10.29753817411026
488 11.082181107893135
489 10.45559835644392
490 10.968143471119317
491 10.68556607365545
492 10.577587546461686
493 10.514786521629858
494 10.876317295458518
495 10.651691445102221
496 10.61535444648268
497 10.176289648628549
498 10.495685138916508
499 10.466368051530788
500 10.21685130341652
501 10.553518818406697
502 10.77912921379814
503 11.052356385429194
504 10.741240548643427
505 10.65925776857034
506 10.908569495755092
507 11.037059637548976
508 10.934309737215235
509 10.836706045585451
510 10.416593306218877
511 10.599174939418104
512 10.767019271071431
513 10.979775770804634
514 11.125937716122229
515 10.809101349523328
516 10.837558540420508
517 10.75376834827387
518 10.422050179829435
519 10.839120073632847
520 10.721405752985518
521 10.836436275980105
522 10.8279177759041
523 10.531143839468298
524 10.577519742254403
525 11.179806335268717
526 10.655309027089219
527 10.961920868483
528 10.75038729165325
529 10.927454362543147
530 10.483559212200989
531 10.290761374130177
532 10.77980399188598
533 10.899025962990148
534 10.481559854182795
535 10.735357075287915
536 10.66214547077471
537 10.580117064646014
538 10.844181204531049
539 10.537003579004784
540 10.710849054802221
541 10.70086567810325
542 10.791661552606085
543 10.591553737316046
544 10.123602793702055
545 10.397130643193957
546 10.481706270930873
547 10.695206507328015
548 10.517170056718072
549 10.372668682982914
550 10.895637870641663
551 10.834654034663831
552 10.728870068270888
553 11.498469156515513
554 10.909267233870779
555 10.999391219668398
556 11.022103078568552
557 10.982185855250977
558 10.560617556949632
559 10.908313696945783
560 9.99735362792501
561 11.296182185056837
562 10.598518333114466
563 10.59862127768649
564 10.84061911570573
565 10.311001404227756
566 10.589001368244421
567 10.25753989709709
568 10.554214423487704
569 10.318326104109339
570 10.663547775933056
571 10.468939966957647
572 10.319947366719513
573 10.122820608004682
574 10.253575947395946
575 10.34192554526375
576 10.429800414728732
577 10.498283732347748
578 10.62196407981125
579 10.801682676941043
580 10.724116564004499
581 11.240055120014043
582 10.840845287372613
583 10.70876296585961
584 10.641451768858325
585 10.490149695038149
586 10.444912943692872
587 10.40131543058477
588 10.411391730433282
589 10.641371751629944
590 10.809356934015952
591 10.797364988753428
592 10.90677736042272
593 10.6875645355232
594 10.517007254418868
595 10.62492547605967
596 10.735910999921812
597 11.218522644975245
598 10.575435709651824
599 10.798989496042903
600 11.053016947490164
601 10.993570602531936
602 10.904012192154733
603 10.598979835439401
604 10.89920802484081
605 10.83752689868671
606 10.537139979993759
607 10.723934088008523
608 10.766053399769024
609 10.53423928865131
610 10.607187637870158
611 10.995429063864318
612 10.544040703325335
613 10.017670510524491
614 10.74040893665115
615 10.722014680196903
616 10.315048812020109
617 10.44073367221915
618 10.219862558776596
619 10.528808442263772
620 10.372268593322165
621 10.573353587558803
622 10.449421337647891
623 10.703360079393153
624 10.729466609227753
625 10.961867694503118
626 10.387220431984444
627 10.717838913748912
628 10.661133000320214
629 10.520563647580312
630 10.610713330789494
631 10.607391415850488
632 10.542764070659882
633 10.749678096495511
634 10.48769183200254
635 10.227048292994823
636 10.395967453492567
637 10.373612682004225
638 10.240772487295839
639 10.296599336222327
640 10.383454974653652
641 10.05741016672598
642 10.254324217549515
643 10.160686513956877
644 10.697777359700199
645 10.361356688244618
646 10.48563769428279
647 10.485301405333454
648 10.278703328086722
649 10.681409022585823
650 10.462247520540565
651 10.935028263929857
652 10.72658192660567
653 10.60645417323493
654 10.481601684117907
655 10.50463635644704
656 10.568299329347726
657 10.793988815207351
658 10.740162341013386
659 11.019239013631946
660 10.618076384924795
661 10.442368329478402
662 10.367014547356566
663 11.090121952569229
664 10.53242609362264
665 10.809413804623134
666 10.941735583966398
667 10.620245177721385
668 10.285491958582138
669 10.180863411424687
670 10.31657273899916
671 10.042317696039115
672 10.626453862206812
673 10.888994117203602
674 10.605826751500949
675 10.755809066152798
676 10.932249731419265
677 10.876420401737995
678 10.56043799426375
679 10.527133921565778
680 10.50163254778437
681 10.346070441969868
682 10.27427792813611
683 10.761440396264867
684 10.7371893559915
685 10.636906841673277
686 10.44356217585039
687 10.815082832801883
688 10.480995495620439
689 10.539232677051823
690 10.928792966399348
691 10.871286951225148
692 10.976142749088131
693 11.19881557043896
694 10.557267241661693
695 10.33255892188805
696 10.336883711012813
697 10.584459419773038
698 10.984503838343146
699 10.721494870876876
700 10.916602873872357
701 10.810864217689288
702 10.482703063292439
703 10.4064737413018
704 10.29322922862974
705 10.63944322266845
706 10.4081327906826
707 10.67656803455901
708 10.774409803158841
709 10.699510393032535
710 10.529922908620764
711 11.073976504634079
712 10.585439421891499
713 11.005020983556424
714 10.792858081550312
715 10.709275696280661
716 10.167805083905739
717 10.513334990999796
718 10.398561262246417
719 10.451175174905146
720 10.560222901155585
721 10.371490148236063
722 10.287135607810526
723 10.980985499669734
724 10.43147881184448
725 10.437319886546527
726 10.537444446771705
727 10.674240155856225
728 10.21142848387984
729 10.393367146691821
730 10.834326115290654
731 10.554077872389621
732 10.15933580310243
733 10.547534936320742
734 10.722260917171658
735 10.80008381241547
736 10.667044057136312
737 10.690413765101587
738 10.735353811520007
739 10.99745473749646
740 11.028343035900495
741 10.307607403965564
742 10.723133099713026
743 10.945052871454045
744 10.819198653445339
745 10.673960517364925
746 9.98252801565654
747 10.106269146245701
748 10.435478633523838
749 10.142584083263637
750 10.345004633322729
751 10.267864198144514
752 10.722066853718763
753 10.17699489061434
754 10.337298879268621
755 10.341830638588878
756 10.638758264655872
757 10.674204242402407
758 10.608189933550687
759 10.490328806126135
760 10.811646740170207
761 10.630954899255338
762 10.268168721678514
763 10.418390664816531
764 10.657291467692156
765 10.577758560684915
766 10.022862133550937
767 10.563182899423644
768 10.308418022283005
769 10.555085448684427
770 10.599888241409827
771 10.415834396355486
772 10.03029783899248
773 10.728366385105693
774 9.959088575222145
775 10.498462715054199
776 10.174905914104151
777 10.252963247778018
778 10.12639283709286
779 10.278023379272385
780 10.376255638057456
781 10.283800418925342
782 9.986928639814172
783 10.537464577214283
784 10.226626797607796
785 10.334204951480775
786 10.69204272263351
787 10.365422275666745
788 10.730805068992467
789 10.882184243539578
790 10.773087708657835
791 10.748983013562329
792 10.634443028913836
793 10.605439388050023
794 10.484267298269895
795 10.34462690048193
796 11.114787866459281
797 10.593618259733375
798 10.671364874137591
799 10.85836969842367
800 10.513784787899416
801 10.485687250293303
802 10.421409618091985
803 10.258233554759103
804 10.332519059261289
805 10.58135775313879
806 9.87355987305354
807 10.192173314019394
808 10.362437785432311
809 10.07713659486919
810 10.384665245302463
811 10.24942046979818
812 10.340139741818975
813 10.75265355680121
814 10.302862367715662
815 10.859775691502156
816 10.27199173060421
817 10.366389626760668
818 10.028338491814928
819 10.295100224365774
820 10.114280734638799
821 10.691964923559903
822 10.850937062508418
823 10.836943373474968
824 10.61041725033484
825 10.470463764589468
826 10.850513189371979
827 10.207000518024751
828 10.595404254186894
829 10.715738153772858
830 10.400571302162373
831 10.569366600353355
832 10.626343218913114
833 10.265007555090747
834 10.537376879373685
835 10.548618830136437
836 10.189091661748018
837 10.567440176531981
838 10.31122243214969
839 10.66184478293309
840 9.93068014804215
841 10.729881176496257
842 10.369634179650815
843 10.840872983175537
844 10.685707641230074
845 10.005550774463037
846 10.377636424789246
847 10.403261592250647
848 10.098497825561068
849 10.651513863528013
850 10.211156098497332
851 10.37746995007475
852 9.969841265620119
853 10.061907839180037
854 10.401422608698631
855 10.695958734303376
856 10.305128685421273
857 9.588289065414923
858 10.027631767626913
859 10.673114501338794
860 10.404879040689428
861 10.112019604987218
862 10.635807858396722
863 10.608634207281874
864 10.372707139084701
865 10.482292125003573
866 10.332993357164016
867 10.24515528810129
868 10.538054011790766
869 10.261009168511283
870 10.386582028603936
871 10.531736750816902
872 10.58694225524536
873 10.754869333655362
874 10.456378843892233
875 10.437044886556565
876 10.30297089483428
877 10.461426436613003
878 10.775005207978577
879 10.522567292092948
880 10.937324764916678
881 10.745027733154927
882 10.610882419445979
883 10.829603197075496
884 10.777551067841618
885 10.450917045915459
886 10.697294351332177
887 10.482719014630195
888 10.896708411822498
889 10.688742643633521
890 10.534630350514057
891 10.703367433272511
892 10.707694633571379
893 10.824075784632313
894 10.973664216585645
895 10.882896053129768
896 10.72965575467962
897 10.551541418672961
898 10.57682753771381
899 10.617861350743498
900 10.971554604413983
901 10.383432585928363
902 10.53645695526468
903 10.858695817130899
904 10.371380358813077
905 10.488085534936246
906 10.658418157678454
907 10.516027052901995
908 10.57075778386864
909 10.531359767159621
910 10.238270504568074
911 10.998454519238692
912 10.805518734563647
913 10.754997129797692
914 10.764938092384702
915 10.902704515455559
916 11.06308012729779
917 10.57369589546896
918 10.957907421055687
919 11.072440566060168
920 10.076334021704822
921 10.659589774221898
922 10.642367337433846
923 10.539326771428238
924 10.604815593153555
925 10.540770264318802
926 11.093196750432412
927 10.469702491678634
928 10.84446422638556
929 10.431456785286706
930 10.695214550056614
931 10.111023419752145
932 10.379064527473794
933 10.428488087592829
934 10.539226535195056
935 10.66986860377577
936 10.665651875050221
937 10.433821570337672
938 10.699825185468688
939 11.138759624462581
940 10.581598014093164
941 10.87429616387943
942 10.930202903160374
943 10.960077965399961
944 10.788534298992234
945 10.762920826139558
946 11.01672232599533
947 10.679421005492488
948 10.549331178730522
949 10.965059240818725
950 10.415837005908264
951 10.706494149158027
952 10.53942215916543
953 10.660167709482492
954 10.169436791081404
955 10.401595966744107
956 10.171938792579512
957 10.432347487821103
958 10.388305301741427
959 10.648271843142181
960 10.395916206941628
961 10.62940043279014
962 10.44070580801091
963 10.57949548418911
964 10.833259253155504
965 10.54413880275215
966 10.680834189303303
967 10.54573242664153
968 10.894924683261392
969 10.451336436499469
970 10.396525601458164
971 10.343463535886135
972 10.598379877907874
973 10.596800832490157
974 10.687776793812636
975 10.333518891052414
976 10.452686931457666
977 10.500606852829907
978 10.159426604958856
979 10.293854162924044
980 10.195342080855436
981 10.550573439872519
982 10.751891359914964
983 10.303792315043975
984 10.691920665363485
985 10.778258467384337
986 10.969810124898515
987 10.536321415828802
988 10.767173111584736
989 10.75755754172008
990 10.615726359579615
991 10.459327285771923
992 10.626465782355362
993 10.6386814589043
994 10.425924762477159
995 10.66383100808819
996 10.639554551546441
997 10.670105688394026
998 10.677970563681138
999 10.434120823092453
1000 10.936235410642283
1001 10.991230104372002
1002 10.81839953758163
1003 10.672801066779588
1004 10.055837365922345
1005 10.676268735996372
1006 10.55138173005465
1007 10.382000094982223
1008 10.42352370908938
1009 10.70905919509451
1010 10.778624737952317
1011 10.518261700663402
1012 10.690782922769534
1013 10.458733042473813
1014 10.70178115688045
1015 10.787647275653205
1016 10.601050899124695
1017 10.604253655178802
1018 10.516912289322775
1019 10.792273040441595
1020 10.563228592721188
1021 10.55708949950815
1022 10.670358922944086
1023 10.45140550635401
1024 10.537615501306915
1025 10.284082106921648
1026 10.534937979002244
1027 10.855576532115677
1028 10.520484123554095
1029 10.046398715976464
1030 10.529946782454001
1031 10.470936452441
1032 10.538305272873812
1033 10.520115279087168
1034 10.565817889023265
1035 10.882144345873037
1036 10.490265078584644
1037 11.19698299833519
1038 10.554997409354332
1039 10.392279228310693
1040 10.242495549631876
1041 10.667456714519734
1042 10.9713258462852
1043 10.454857161584913
1044 10.57562691488138
1045 10.731724657898782
1046 10.729221816045795
1047 10.430629091502658
1048 10.76163782471769
1049 10.93561895026435
1050 10.729262097880815
1051 10.553991028500857
1052 10.834162890652244
1053 10.655239663618422
1054 10.736138524110105
1055 10.93613560715626
1056 10.613073794061323
1057 10.74319697762281
1058 10.42413705288252
1059 10.866724221977064
1060 10.820160887935694
1061 10.79748057713985
1062 10.794575350461047
1063 10.466490414489932
1064 10.619069403495628
1065 10.354554901489987
1066 10.230040736311455
1067 10.476350798626992
1068 10.59823471517226
1069 10.49179856315644
1070 10.604054250530913
1071 11.162284661217969
1072 10.52173041856037
1073 10.557241282115207
1074 10.613391686702647
1075 10.646832639564806
1076 10.71375253829937
1077 10.588506067401891
1078 10.525495791531753
1079 10.52208189962248
1080 10.28682936810002
1081 10.422139315395091
1082 10.557505224951445
1083 9.870638818743512
1084 10.632806035303172
1085 10.297947374602469
1086 10.524349371061696
1087 10.703704610153117
1088 10.773567472615193
1089 10.154476578085188
1090 10.38305114822648
1091 10.432678039388982
1092 10.503864958366854
1093 10.138502033231585
1094 10.168486878459609
1095 10.465848451565842
1096 10.701415587136124
1097 10.578490608317882
1098 10.196301815058233
1099 10.398958498798033
1100 10.628846780055897
1101 10.746981269957095
1102 10.928339266442988
1103 10.777219617368965
1104 10.92690121169589
1105 10.757506608562288
1106 10.469727852764562
1107 10.584212173847027
1108 10.755269240923393
1109 10.517446397933359
1110 10.369610811522872
1111 10.568532622296173
1112 10.974489093391066
1113 10.141179177425196
1114 10.889814753425775
1115 10.675053033002508
1116 10.551362808026221
1117 10.587859210608226
1118 10.582599893413953
1119 10.481223149365686
1120 10.49004672598177
1121 10.549458021587704
1122 10.761888496518361
1123 10.293683128988562
1124 10.685241396852517
1125 10.349920203301014
1126 10.749118379886955
1127 10.325992731984428
1128 10.62266442788901
1129 10.293470572302175
1130 10.810161286058714
1131 10.380120375877036
1132 10.651514617227097
1133 10.834285148601017
1134 10.930699539433038
1135 10.604636708066048
1136 10.892562868408074
1137 10.791251388532352
1138 10.727549820825953
1139 10.684892196986427
1140 10.655722318111668
1141 11.086610512218513
1142 10.57953504392326
1143 11.124008040121183
1144 10.738067049475593
1145 10.382624311224854
1146 11.364890975146972
1147 10.48203404298949
1148 10.823860471817426
1149 10.437693674347786
1150 10.951257224161305
1151 10.622632339590814
1152 10.82453576913222
1153 10.365958488466013
1154 10.652226266089512
1155 10.430012377639967
1156 10.62673035742862
1157 10.61150083762235
1158 10.74443160848672
1159 10.894979126301017
1160 10.589258089402803
1161 10.354596397364059
1162 10.746603891949967
1163 10.684554070455018
1164 10.700142900592645
1165 10.765456379076541
1166 10.639404139431155
1167 10.643728519074553
1168 11.236937952209091
1169 10.738016634487325
1170 10.593335579760062
1171 10.838995354832516
1172 10.634365841116905
1173 10.714159471607454
1174 10.680258697384673
1175 10.88169706472196
1176 10.703861123203437
1177 11.22960186483424
1178 10.708454419165852
1179 11.046163418527568
1180 11.03350248294197
1181 10.767055594278535
1182 10.969174840919303
1183 11.020612715905697
1184 10.576210664760216
1185 10.780597194700043
1186 10.81486808244529
1187 10.89748397166737
1188 10.67668041968142
1189 10.698306926284811
1190 10.641275331253137
1191 10.919833647860058
1192 10.891129888281403
1193 10.512324079407286
1194 10.49526192104398
1195 10.344229603406417
1196 10.361808539879053
1197 10.850880745075646
1198 10.891555111574052
1199 10.84117416965311
1200 10.50275559468338
1201 10.399380881322626
1202 10.612522337701144
1203 10.493229254070119
1204 10.490000465935218
1205 10.939322940616535
1206 10.629392762679364
1207 10.674680128016837
1208 10.716964119410415
1209 10.505434503488363
1210 11.098710235941903
1211 10.691062561245532
1212 11.102794696019508
1213 10.855127307068779
1214 10.588059576640571
1215 10.66779029491685
1216 10.768188137711588
1217 10.66928400056281
1218 10.178910716320589
1219 10.411154350122024
1220 10.745834837898135
1221 10.490823015648393
1222 10.411306412021702
1223 10.605194110735502
1224 10.445704619576373
1225 10.679929398697501
1226 10.564891982074927
1227 10.61790385871829
1228 10.830375072716416
1229 10.109906526045373
1230 10.693432542095465
1231 10.178707522838268
1232 10.64924754538585
1233 10.535853798791212
1234 10.646706253657165
1235 10.00388501168726
1236 10.628454871314979
1237 10.439200749245359
1238 10.281080647714532
1239 10.471382014305979
1240 10.214472234822578
1241 10.521140187752895
1242 10.150325232317284
1243 10.27679975890307
1244 10.885683838404448
1245 10.623104598265833
1246 10.323208194543302
1247 10.507217746045319
1248 10.629221962471526
1249 10.542973461670272
1250 10.650047468815977
1251 10.594308390003631
1252 10.869655061730727
1253 10.396481978057281
1254 10.337468876944008
1255 10.66524477997235
1256 10.638965978431283
1257 10.759068259169872
1258 11.135054446005313
1259 10.813582516642878
1260 10.630184466700788
1261 10.792334646594526
1262 10.643175189815237
1263 10.365266522704855
1264 10.662909541803643
1265 10.447149966533027
1266 10.580648265999251
1267 10.390881602384304
1268 10.908262115044701
1269 10.339149219154994
1270 10.389152606364965
1271 10.674944021888166
1272 10.55224944489369
1273 10.419608413215656
1274 10.418146440148732
1275 10.349480741456379
1276 10.508757550184946
1277 10.786646535793377
1278 10.52101209301842
1279 10.499640648472978
1280 10.758917525792919
1281 10.632682769082205
1282 10.340968068434032
1283 10.627359274199481
1284 10.493703569557969
1285 10.52194657671451
1286 10.90062265185379
1287 10.534758452332404
1288 10.156411533048534
1289 10.65865068291381
1290 10.196584938536885
1291 11.033866543698947
1292 10.974160027814973
1293 11.056838581356859
1294 11.106247456626946
1295 10.110834821253075
1296 11.071642581344245
1297 10.539374730049023
1298 10.371915491173374
1299 10.457169040355048
1300 11.041400172555933
1301 10.675300576776865
1302 10.756985364576401
1303 10.560801916180836
1304 10.397327488409879
1305 10.677570865552582
1306 10.447685365027255
1307 10.244456758270033
1308 10.918837055709787
1309 10.817683939963173
1310 10.643221599420666
1311 10.63729163511338
1312 10.884572288461344
1313 10.448398427781486
1314 10.62719352847673
1315 10.222091623832869
1316 10.874158475453438
1317 10.451115281451097
1318 10.495626658446032
1319 10.57574211648932
1320 10.488546900966922
1321 10.327943452408908
1322 10.481141968156452
1323 10.203074635083635
1324 10.781191086603416
1325 10.712820942862836
1326 10.608473780916492
1327 10.96731784454099
1328 10.774921887558197
1329 10.768784706521012
1330 10.57421408174306
1331 10.456450213444484
1332 10.332404195408097
1333 10.305669618549059
1334 10.376087937886492
1335 10.206815834701711
1336 10.89440511848614
1337 10.739347071088053
1338 10.430981067273027
1339 10.707394925793167
1340 10.760528832774858
1341 10.493800008133496
1342 10.547693411666085
1343 10.826471764361525
1344 10.678670713265358
1345 11.049600439055094
1346 10.679066089085053
1347 10.845470811953335
1348 10.473566164959808
1349 10.547971653794493
1350 10.756671128661136
1351 10.65045615736895
1352 10.45327663460244
1353 10.396183478942232
1354 10.575139103680515
1355 10.509588346559838
1356 10.296934890441264
1357 10.239544726424187
1358 10.542244008000797
1359 10.784770979886197
1360 10.584309280443394
1361 10.740665484743905
1362 10.450432998899258
1363 10.40487395619689
1364 10.264778904390605
1365 10.427170077665576
1366 10.051001222580222
1367 10.71785331391434
1368 10.515904349121309
1369 10.335965900748882
1370 10.508995099825288
1371 10.71899428264727
1372 10.449671499642799
1373 10.58123436043135
1374 10.314946673452921
1375 10.452078400476278
1376 10.617429152311534
1377 10.452354148338358
1378 10.280870430260387
1379 10.206608966367847
1380 10.313365656900556
1381 10.13656911932555
1382 10.13576695661235
1383 10.792557500576656
1384 10.52734188121733
1385 10.424514832827676
1386 10.4815050052418
1387 10.452968422901016
1388 10.624559982539687
1389 10.046147255847742
1390 10.432289241000744
1391 10.226782524036357
1392 9.91125035262304
1393 10.120956193052766
1394 10.549955894804961
1395 10.387798898001813
1396 10.135309964062735
1397 10.064890008303562
1398 9.933671169346228
1399 10.188289576664763
1400 9.996439529623006
1401 10.423313799579336
1402 9.94623412086021
1403 10.046956538967335
1404 10.245482305454685
1405 9.883194444342287
1406 10.179939162219286
1407 10.50347384362634
1408 9.776882029974026
1409 10.324884136183641
1410 10.106414713229682
1411 10.131291537713954
1412 10.438866553922248
1413 10.102953573147262
1414 9.869468874478253
1415 10.450171617893567
1416 9.898742920835938
1417 9.995840295234178
1418 10.397661876827836
1419 10.3638955173555
1420 9.830358472914797
1421 10.680009655608956
1422 10.53447430099603
1423 10.304494792813882
1424 10.292532546864443
1425 10.552783686660888
1426 10.381030138053827
1427 10.259983429936161
1428 9.955665993747479
1429 10.17577815231643
1430 10.713514837454927
1431 10.67466792028276
1432 10.563272796638097
1433 10.206156436628296
1434 10.13392083518946
1435 10.183256972747603
1436 10.46772690113779
1437 10.440678880228809
1438 10.685358513786461
1439 10.26088788783711
1440 10.103862156987518
1441 9.982045012658624
1442 10.197763659065906
1443 10.282014919021876
1444 10.07593586609562
1445 10.518409878313504
1446 10.558766383356947
1447 10.39681194295284
1448 10.895042444135065
1449 10.566538879189723
1450 10.593604219449354
1451 10.193175711516052
1452 10.207855451674254
1453 10.242079481181781
1454 10.31541816265452
1455 10.455890861412769
1456 10.437973882072459
1457 10.028014116331033
1458 10.72427893039709
1459 10.277156564610895
1460 10.049645924877455
1461 10.049856140467746
1462 10.41018687494043
1463 10.083126854777289
1464 10.891486499198852
1465 10.329263202639503
1466 10.561740787770338
1467 10.548583084125802
1468 10.342989186459942
1469 10.0121211822107
1470 10.309949601958852
1471 10.39997219124621
1472 10.513114032195636
1473 10.318350582432888
1474 10.289304418073389
1475 10.168875799298496
1476 10.373801963108765
1477 10.073084558329919
1478 10.724683596698647
1479 10.38597330105806
1480 10.39962026824341
1481 10.414869578188705
1482 10.016150079017608
1483 10.173520709219726
1484 10.344673823942365
1485 10.269013530940484
1486 10.67077856485281
1487 10.773208521337212
1488 10.688232834592977
1489 10.470550779801048
1490 10.138228002808061
1491 10.707155387054287
1492 10.78126993752637
1493 10.577906339063112
1494 10.516010315108952
1495 10.739722311291716
1496 10.446153656493173
1497 10.365297307891629
1498 10.531515616671914
1499 10.891965697061643
1500 9.968965904348646
1501 10.294884961165122
1502 10.359791059525483
1503 10.514528853547025
1504 10.522714525451986
1505 10.534736669024182
1506 10.730194632786098
1507 10.788225812613272
1508 10.445592601607675
1509 10.312917809897073
1510 10.545087907631453
1511 10.348453855896917
1512 10.552114022244805
1513 10.492051484022989
1514 10.825086796772089
1515 9.938973783183958
1516 10.515150975129504
1517 10.478559262381458
1518 10.281681800996553
1519 10.214814775615633
1520 10.050090648256019
1521 9.584009454490213
1522 9.484356113847204
1523 9.487322126967527
1524 9.497624605178844
1525 9.519676549543934
1526 9.739977236233194
1527 10.36727250430305
1528 10.128435020706474
1529 10.275048332158057
1530 10.3265873595673
1531 10.510527979648566
1532 10.499057059673289
1533 10.655455889504427
1534 10.580451152973884
1535 10.620085373069667
1536 10.865258649227519
1537 10.576190314517515
1538 10.780537058500892
1539 10.171204816417493
1540 10.215948987712316
1541 10.948002063664312
1542 10.258289226418288
1543 10.503018033469992
1544 10.735978683164822
1545 10.540824450417363
1546 10.688993125297864
1547 10.287660343014178
1548 10.701421742764753
1549 10.711830860071137
1550 10.752582911693324
1551 10.490452466005118
1552 10.555370850701213
1553 10.582173973880563
1554 10.668781277740703
1555 10.712060557414993
1556 10.505900017287308
1557 10.646520562558809
1558 10.200497147322936
1559 10.437943555745111
1560 10.869736621516205
1561 10.816474616141859
1562 10.229973883785453
1563 10.47948303258316
1564 10.642833789982774
1565 10.745172530050125
1566 10.505121325722989
1567 10.490165500594562
1568 10.424860099714063
1569 10.574300650649851
1570 10.279467856413094
1571 10.318505945912829
1572 10.463548263224856
1573 10.251084705348674
1574 10.140266304105383
1575 10.45548664412944
1576 10.392102710219481
1577 10.434696243825922
1578 10.444143996815356
1579 10.465534200407543
1580 10.689300224625043
1581 10.724921660822796
1582 10.890097341874462
1583 11.052664908503264
1584 10.727741414572897
1585 10.247610702602076
1586 10.576898747631484
1587 10.571334315494717
1588 10.529345421067003
1589 10.536505862861665
1590 10.679602802134518
1591 10.650246747505044
1592 10.940118946955574
1593 10.581233659353053
1594 10.38140779668386
1595 10.725887079523234
1596 10.691825183802203
1597 10.901983355813162
1598 10.37248993699098
1599 10.358859529921448
1600 10.779299932947586
1601 10.422108686707006
1602 10.689174542351113
1603 10.542629511167396
1604 10.657710455881263
1605 10.775418160378171
1606 10.784815907813643
1607 10.756746736094765
1608 10.647932154972281
1609 10.387836815981098
1610 10.376602021826178
1611 10.504643078357216
1612 10.523725969496889
1613 10.620411577995052
1614 10.423307000298777
1615 10.506894380969186
1616 10.865714353643014
1617 10.66806389686315
1618 10.00818511674921
1619 10.594829566231962
1620 10.71859902557018
1621 10.469237080270661
1622 10.02963755409354
1623 10.98630302024434
1624 10.948656288715906
1625 10.699820701778394
1626 10.181883558109439
1627 10.746550937275108
1628 10.838799392001915
1629 10.85166331801332
1630 10.692732361509192
1631 10.363603767479724
1632 10.576208043293601
1633 10.767551081900733
1634 10.81634376215403
1635 10.862375754168193
1636 10.717018154470292
1637 11.197015135798503
1638 10.842020056118624
1639 10.618435530916557
1640 10.865415256917558
1641 10.153761538978618
1642 10.61005359869509
1643 10.603676622516529
1644 10.712584556156504
1645 10.668799496716828
1646 10.884341249695641
1647 10.809261859173818
1648 10.467087311627973
1649 10.926139530439643
1650 10.431271686769369
1651 10.745386656443383
1652 10.78398325294942
1653 10.290978656975774
1654 10.479789982627572
1655 10.635190004773293
1656 10.92804729602454
1657 10.910304485633192
1658 10.633144796366055
1659 10.37488308922665
1660 10.607961793013821
1661 10.85782761328583
1662 10.634541536037855
1663 11.012707533464626
1664 10.937645463764145
1665 10.704474185860088
1666 10.628144708116176
1667 10.63434335679435
1668 10.85432543746368
1669 10.809660641365019
1670 10.439832814820912
1671 10.289830021245065
1672 10.418208987925892
1673 10.330744048004274
1674 10.429085827976833
1675 10.07243028043086
1676 11.061561307278234
1677 10.564303111596857
1678 11.027075198476865
1679 10.793393102485524
1680 11.08906037261145
1681 10.9320194066885
1682 10.488820145291218
1683 10.936691616543392
1684 10.815768588119091
1685 10.620869933792873
1686 11.084574005156128
1687 10.594220537481586
1688 10.584517567361644
1689 10.932472054267503
1690 10.898977408230348
1691 10.556782784293178
1692 10.571209732050322
1693 10.00612080905915
1694 10.009238209871143
1695 10.034931371539766
1696 10.088792810619761
1697 10.66693158848401
1698 9.913292361452589
1699 10.948529556514298
1700 10.721631728015781
1701 10.87353324522576
1702 10.75024646553301
1703 10.707331700476734
1704 11.028764668786886
1705 10.861802644407165
1706 10.567405288798053
1707 10.922811393031221
1708 10.834231353826114
1709 10.531476960520703
1710 10.520013564740543
1711 10.960417545713932
1712 10.905285349897891
1713 10.930571611326577
1714 10.881575853603756
1715 10.57359356865967
1716 10.971905627686567
1717 10.69620264127411
1718 10.624726640424148
1719 10.59706835857641
1720 10.898718455721454
1721 10.842233023899574
1722 11.181022895843723
1723 11.067439309082392
1724 10.888291135944039
1725 10.738727119247109
1726 11.317731762742298
1727 10.714005948716483
1728 10.874497979098912
1729 10.486119195816507
1730 10.240920592143242
1731 10.76298604328003
1732 10.900248154337767
1733 10.53768175590026
1734 10.481088346843448
1735 11.12404307301743
1736 10.791560493445672
1737 10.58804147697695
1738 10.718732989507165
1739 10.695808521973914
1740 10.94916795233604
1741 10.831512098148776
1742 10.592084895387046
1743 10.640743334557834
1744 10.573250871825257
1745 10.740100898809576
1746 10.652744345497883
1747 10.69562076349648
1748 10.586352513475543
1749 10.5866056842512
1750 10.59147169022452
1751 10.543988070507991
1752 10.842477795328062
1753 10.4002680174861
1754 10.512232115535577
1755 10.738373352336023
1756 10.577330090632223
1757 10.375783546911912
1758 10.493698084272713
1759 10.537356535006664
1760 10.712939573385386
1761 10.777079455700584
1762 10.674359482793765
1763 10.461366868415885
1764 10.630051851136692
1765 10.560874542765315
1766 10.741222362512701
1767 10.44851547489844
1768 10.580908732642323
1769 10.241391177488284
1770 10.570883998217003
1771 10.789506707393466
1772 10.808914401535658
1773 10.792927762701161
1774 10.858416498015199
1775 10.741268802720546
1776 10.631893959015754
1777 10.772085086849552
1778 10.697917932087632
1779 10.292684443761477
1780 10.60272300573166
1781 10.72796155854828
1782 10.687159451375129
1783 11.02827487415573
1784 10.910866616650061
1785 10.867124650906442
1786 10.681322811496685
1787 10.825294666322382
1788 10.549818763014686
1789 10.777452099059381
1790 10.86028395288701
1791 10.719440549648539
1792 10.781922294320948
1793 10.52055755428187
1794 10.96265381037532
1795 10.747712614501454
1796 10.677520964983454
1797 10.832504880482258
1798 10.862361048998544
1799 10.671621658230622
1800 10.735092750865908
1801 10.570092038544741
1802 10.459693017904495
1803 10.856653316843381
1804 10.588779509257163
1805 10.879331646294254
1806 10.621888622045436
1807 10.548732852219075
1808 10.446488029128966
1809 10.842258310281066
1810 10.830451954726279
1811 10.739160748731027
1812 10.345073502249267
1813 10.938599584373051
1814 10.577973393768607
1815 10.820716383331948
1816 10.823289682296737
1817 10.431384040125488
1818 10.74412725331932
1819 10.756049636913348
1820 10.674844210429574
1821 10.429229784897334
1822 10.948784749308558
1823 10.769270390989679
1824 10.622520360308858
1825 10.76710596987985
1826 10.671154227309492
1827 10.504108194549783
1828 10.974022091965931
1829 10.862976208825309
1830 10.472758702673946
1831 10.566853087870689
1832 10.568072701972694
1833 10.501910175987542
1834 10.630803031006648
1835 10.285699800402737
1836 10.787302476810122
1837 10.888435379557254
1838 10.501766311690819
1839 10.993959057460073
1840 10.380857386654718
1841 10.352252928234247
1842 10.407454940973523
1843 10.397039712143172
1844 10.56930030723962
1845 10.793892488510837
1846 10.78243023898672
1847 10.766542572475998
1848 10.816293466805908
1849 10.785091735812534
1850 10.818282735953476
1851 10.775314748292722
1852 10.284437613868706
1853 10.874996320941058
1854 10.859467733175721
1855 10.826285304686362
1856 10.898700017536104
1857 10.538640509328653
1858 10.78709516853994
1859 10.557956007537205
1860 11.04176291426555
1861 10.837600233327102
1862 10.593106442147024
1863 10.970135852867102
1864 10.841323469400166
1865 10.360468805687367
1866 10.252895977523885
1867 10.508710054057248
1868 10.312144545135984
1869 10.740269075265179
1870 10.847539598769604
1871 10.957014104448259
1872 10.436369195065575
1873 11.034156054851064
1874 11.108760322706342
1875 11.268720447724233
1876 10.894385801097139
1877 10.70338943941017
1878 10.797872808771231
1879 10.70484808437331
1880 10.929278022440014
1881 10.624958358742813
1882 10.706528799379257
1883 10.930656147949362
1884 10.890689753601876
1885 11.245066418065848
1886 11.142346516624114
1887 11.009679047435073
1888 11.225522747304254
1889 10.732395359766995
1890 10.952166364941526
1891 10.574199764199381
1892 10.417085063017346
1893 10.80286169978699
1894 10.757285713368002
1895 10.79937020797782
1896 10.626957205297707
1897 10.73054783183434
1898 10.834569380344153
1899 10.274135437956248
1900 10.462396722702563
1901 11.087974488975696
1902 10.500019299128823
1903 10.939923336002638
1904 10.714577722593157
1905 10.455697280105129
1906 10.5351329069823
1907 10.6772074473093
1908 10.793236935631912
1909 10.660123133005659
1910 10.860208464845424
1911 10.971992369451266
1912 10.87896320634682
1913 10.689704525277856
1914 10.973708588052936
1915 11.225262899897729
1916 10.780965100899962
1917 11.58457510589598
1918 11.029815449481138
1919 11.021651065164098
1920 11.194350816911832
1921 10.886039070027374
1922 10.775074158363475
1923 10.808147269588646
1924 10.965206055110329
1925 11.007584100908852
1926 10.988798747627943
1927 10.840826588003097
1928 10.438522501568022
1929 11.018543083168758
1930 11.185604732752287
1931 10.920437183872144
1932 10.725368125976507
1933 11.008141209169048
1934 10.99554804699443
1935 10.727280612590567
1936 11.051422205659392
1937 10.800735613359452
1938 10.390697344212334
1939 10.395740984668144
1940 10.60568610094957
1941 10.807424798286492
1942 11.339825891240238
1943 10.462900302589405
1944 10.495954480106189
1945 10.595798709308362
1946 10.810237565674168
1947 10.501416015674762
1948 10.687261522694397
1949 10.75270724029958
1950 11.110884353200792
1951 10.857576127887741
1952 11.018901607048734
1953 10.79795484787759
1954 10.35589820369983
1955 10.875183094250918
1956 10.880176224610109
1957 10.608870238274616
1958 10.7693896612311
1959 10.88562192261392
1960 11.237880356056431
1961 10.902939259133522
1962 10.9128239234719
1963 10.523929820611631
1964 10.935268854822391
1965 10.94535630912764
1966 11.177691296237517
1967 11.044365119294293
1968 10.694962632872638
1969 10.878244566407705
1970 10.99179785722562
1971 11.002651164203426
1972 10.72365688539867
1973 10.545000637080166
1974 10.413017645169106
1975 10.311123936674287
1976 10.713583428857728
1977 10.754489939125884
1978 10.944904454006522
1979 10.77425503039284
1980 10.884457085136136
1981 10.93548698762092
1982 10.448272301190315
1983 10.72067353635809
1984 10.909477608331411
1985 10.856365746464336
1986 10.604353932251756
1987 10.433118655030626
1988 11.078391864043382
1989 11.016292036125735
1990 10.65040853150415
1991 10.59146881578345
1992 10.787312477574025
1993 10.450807930336708
1994 11.00498979674594
1995 10.456159971130619
1996 10.856206751751431
1997 10.948909561554196
1998 10.545638853536365
1999 10.832511822671375
2000 10.848253323318588
2001 10.770902707469764
2002 10.408426705340396
2003 11.087018461823163
2004 11.026099498499255
2005 10.774180654553827
2006 10.68652229996384
2007 10.484769882379888
2008 10.75628951927337
2009 10.990842481817367
2010 10.747800645278405
2011 10.94545288994881
2012 11.01305786738049
2013 10.830520434989564
2014 10.5559775732167
2015 11.177944300923826
2016 10.499162455397473
2017 10.767527127034375
2018 10.34466303731877
2019 10.674802923126915
2020 10.365088569542154
2021 10.729761550618457
2022 10.909923686272627
2023 10.795152327335071
2024 11.070652780969851
2025 10.884219850206295
2026 11.054406866955972
2027 11.079834362403759
2028 10.977440357203601
2029 10.90133660549166
2030 10.715296455610737
2031 10.840468620645883
2032 10.682207538795153
2033 10.454520755533608
2034 10.983413694917129
2035 11.226617584786435
2036 10.885703612757606
2037 11.062893334933396
2038 11.217558624632614
2039 10.772344766996945
2040 10.73138583972907
2041 10.74354189612446
2042 11.068664831941579
2043 11.19653925392607
2044 10.719131078306864
2045 11.034229996224582
2046 11.181987500283991
2047 10.831718513515693
2048 11.157137760728766
2049 11.051444857990559
2050 10.920515160943381
2051 10.98981283880514
2052 10.381130446664516
2053 10.800433650912115
2054 11.041584029439935
2055 10.764384166082763
2056 10.636650133653937
2057 10.773558433993585
2058 10.543539708318857
2059 10.749720479783273
2060 11.017575471388138
2061 10.324037937324514
2062 10.554643097901868
2063 10.831011128521837
2064 10.731487326568752
2065 10.750926455095193
2066 10.972372054275585
2067 10.822375998926674
2068 10.84141416128262
2069 10.48492261145482
2070 10.689302730925542
2071 10.795393240970874
2072 10.780483602466443
2073 11.05280911879441
2074 10.81895244041654
2075 10.946747850855669
2076 10.998719808425857
2077 10.822513493489602
2078 10.850757960709405
2079 10.78689580638527
2080 10.667888251744037
2081 10.256109676742692
2082 10.666373997868579
2083 10.632114112591168
2084 10.773789881673991
2085 11.02347843033223
2086 10.980318756238004
2087 10.834163056803028
2088 10.580675984606907
2089 10.835161568656284
2090 10.954197140406052
2091 10.907622303718357
2092 11.203787127283553
2093 10.824127127847728
2094 10.892858183528185
2095 10.978943306308977
2096 10.8462478288165
2097 10.691473571485878
2098 11.037021400772801
2099 10.595497966051365
2100 10.597278002176346
2101 10.589728163328498
2102 10.45023544092564
2103 10.390771263414962
2104 10.602824516714987
2105 10.542959290341706
2106 10.597240195024705
2107 10.523224107787525
2108 10.48172046138627
2109 10.767319984641038
2110 10.565242493458534
2111 10.666382096801357
2112 10.230707241254217
2113 10.476784224360566
2114 10.548255945099045
2115 10.216397846907086
2116 10.442124401901022
2117 10.167111286656244
2118 10.436869697752181
2119 10.79442227812634
2120 10.616022806366392
2121 10.244228452764565
2122 10.573215765621251
2123 10.633196565347735
2124 10.657245371536758
2125 10.353863533900677
2126 10.866682538679205
2127 10.407473433566462
2128 10.825317623250474
2129 10.32245367527878
2130 10.793896232095918
2131 10.25963561958344
2132 10.587321808082795
2133 10.397107758828625
2134 10.810742925300158
2135 11.04810340935716
2136 10.598545646996172
2137 10.918039875842988
2138 10.542307973214335
2139 10.429720374089847
2140 10.612773096026753
2141 10.819215674070707
2142 10.656447092037128
2143 10.795231822946722
2144 10.782687000195288
2145 10.654600504220292
2146 10.509395308623294
2147 10.39229727055146
2148 10.620288647680315
2149 10.545365034704975
2150 10.443915711240626
2151 10.702216172399659
2152 10.878724940780653
2153 10.586545713199046
2154 10.923345814306858
2155 10.302445696207828
2156 10.870136485264405
2157 10.67595343499007
2158 10.554040336906253
2159 10.465186529155236
2160 10.802305886590599
2161 10.899949394070596
2162 10.981243439386944
2163 11.20070129841014
2164 10.73377107187453
2165 10.334099856556133
2166 10.604966377009436
2167 10.580464679435226
2168 10.696431337640185
2169 10.973095690808304
2170 10.873525634358327
2171 10.551082848480325
2172 10.774134265068598
2173 10.68675963492383
2174 10.57461520585889
2175 10.896773172100145
2176 11.145202200571244
2177 10.691876254491685
2178 10.677570769654912
2179 11.029687340035247
2180 10.588056779396581
2181 10.917963790515568
2182 10.864028382107932
2183 11.317333892920077
2184 11.116154577673543
2185 11.373218586619831
2186 10.746509238182801
2187 11.010988394433296
2188 11.161022735864831
2189 10.715225977112892
2190 10.920826091997732
2191 10.627952635996035
2192 10.463858855716527
2193 10.822924285067376
2194 10.812498052278963
2195 10.960636685242322
2196 11.578110321312693
2197 10.922651445049127
2198 10.535614158719191
2199 10.732786544806025
2200 10.676847029904863
2201 10.487764138918735
2202 10.344448045361826
2203 10.78692648209802
2204 10.766164284281244
2205 10.763284086354561
2206 10.503404151348077
2207 10.332646532019101
2208 10.762148992379009
2209 10.720102790834895
2210 10.763576492694275
2211 10.616975865911682
2212 10.46719195392338
2213 10.864339084975734
2214 10.620123993619638
2215 10.69492533454826
2216 10.652526005443834
2217 10.612996662492613
2218 10.278587796891477
2219 10.541646631189899
2220 10.412850221347764
2221 10.61514232680133
2222 10.0926135353165
2223 10.271752246922407
2224 10.884648540188257
2225 10.706535200361156
2226 10.48770690798745
2227 10.338911214052985
2228 10.383725767559115
2229 10.714356689135034
2230 10.645231544357438
2231 10.44359440493104
2232 10.591219063541123
2233 10.883564625505272
2234 10.660704965262516
2235 10.492823094882116
2236 10.741348746001105
2237 10.843291949917228
2238 10.837384246642744
2239 10.574220087060205
2240 10.800655509920578
2241 10.4636152805409
2242 10.594320405910437
2243 10.470782266512915
2244 10.185623348019933
2245 10.27112634240734
2246 10.34874325272974
2247 10.623749864257883
2248 10.760833415939816
2249 10.993801056967245
2250 10.529976143052007
2251 10.692778502012175
2252 10.685988055612361
2253 11.1651475005685
2254 10.857124178969315
2255 10.409635381709307
2256 10.771066639716985
2257 10.786288777002456
2258 10.945361696559262
2259 10.49769687752169
2260 11.004885513122078
2261 11.202892869848018
2262 10.915112911954429
2263 10.472593057126415
2264 11.015717292726238
2265 10.274539972617413
2266 10.502756591063116
2267 10.659092430840774
2268 11.062168382709348
2269 10.631051876310478
2270 10.40296442428233
2271 10.479576494274012
2272 10.674137177253876
2273 10.43143815349236
2274 10.443442713298774
2275 10.384695652628574
2276 10.749722280281723
2277 10.445781374496287
2278 10.269262076036352
2279 10.463139711171008
2280 10.611268802502366
2281 10.603669583386049
2282 10.418849611153027
2283 9.989257615513392
2284 9.828474281816867
2285 10.620770972356999
2286 10.49746375558157
2287 10.75469584760131
2288 10.829900723231221
2289 11.25366641964977
2290 10.848184201063452
2291 10.75891843155946
2292 10.864942939851801
2293 11.06902642880746
2294 10.83681804339093
2295 10.780093250981254
2296 11.024591512124847
2297 10.788519086739422
2298 10.783326344090469
2299 10.276579450729791
2300 10.714467681421826
2301 10.331466771966834
2302 10.595543212584847
2303 10.528715513890285
2304 10.535098640838973
2305 10.648166102571537
2306 10.445927241913035
2307 10.649952922502143
2308 10.859975547753741
2309 10.416618000394623
2310 11.044759112709869
2311 10.997407265410612
2312 10.714673983810352
2313 10.69061009114453
2314 10.377072371845408
2315 10.60138201837771
2316 10.887178951787124
2317 10.867218584974417
2318 10.780487962475943
2319 10.650699675213492
2320 10.679449745761701
2321 10.720143453985726
2322 10.53783409770547
2323 10.861636825472813
2324 10.6857348491747
2325 10.824285586866749
2326 10.70689818473118
2327 10.815086356704299
2328 10.881816051302385
2329 10.282443432826197
2330 10.918499137881861
2331 10.649447671636334
2332 10.562123624190201
2333 11.00596317152548
2334 10.798698123290349
2335 11.0092743268457
2336 11.345521829117828
2337 10.945760143830139
2338 10.559444142334902
2339 10.738098619949707
2340 10.520880541822207
2341 10.798083536264146
2342 10.806329615330004
2343 10.82552667063553
2344 10.763947971443725
2345 10.915678614897729
2346 10.962198933813347
2347 10.606467291955123
2348 10.750751694510711
2349 10.731379317545684
2350 10.899663069880376
2351 11.01290878687811
2352 10.842665501436072
2353 10.87287840809907
2354 11.247493261648193
2355 10.65873594592746
2356 10.965310968704545
2357 10.865902097778328
2358 10.537404886112823
2359 10.566584784191607
2360 10.753411921155408
2361 10.721312649844165
2362 10.505355500208266
2363 10.695317489705452
2364 10.739420066568819
2365 10.71414348455731
2366 10.27128741217379
2367 10.452650517677839
2368 10.64629324448364
2369 10.57517855087916
2370 10.873258334271666
2371 10.623827479008913
2372 10.670058355061654
2373 10.752531751598244
2374 10.897263323863095
2375 10.659776529157854
2376 10.580519658919618
2377 10.70022205796749
2378 10.642264456039964
2379 10.590309266340649
2380 10.551040629999344
2381 10.363464063115327
2382 10.733628684133713
2383 10.569750824314669
2384 10.743355174502687
2385 10.695595584681396
2386 10.522089113661092
2387 10.826319567008895
2388 10.721173819534034
2389 10.46251030521152
2390 10.843594013547229
2391 10.682841972575746
2392 10.619653063303515
2393 10.33033795277083
2394 10.407366101157134
2395 10.406844522869852
2396 10.797678853332519
2397 10.802381183492884
2398 10.751510045211221
2399 11.032125625065005
2400 10.725123814594358
2401 10.854992806270701
2402 10.706989756129904
2403 10.734883746425123
2404 10.50943255875816
2405 10.635501071156103
2406 10.527926860715299
2407 10.631131552556385
2408 10.297556514647288
2409 10.464955110834527
2410 10.433182485250217
2411 10.782240677585841
2412 10.455331806595636
2413 10.63285925099634
2414 10.539181389039538
2415 10.687319583674629
2416 10.97449155463304
2417 10.834898156242406
2418 10.626932876973203
2419 10.974405635465212
2420 10.557586210216405
2421 10.951684602993925
2422 10.466880470024979
2423 10.420926484525326
2424 10.484808671763853
2425 10.642139301627997
2426 10.606673634039451
2427 10.692673393034195
2428 10.522880309495433
2429 10.629913146904611
2430 10.603656077944716
2431 10.528791630906104
2432 11.00213926690635
2433 10.717829217886154
2434 10.952219554379328
2435 10.689662986772621
2436 10.771444962896346
2437 10.733147501373276
2438 10.872643057808231
2439 10.703433543454027
2440 10.80585833658946
2441 10.621218417307189
2442 10.532700747438652
2443 10.616496651526194
2444 10.5710146237867
2445 10.603110967152091
2446 10.857976003624653
2447 10.53143250756589
2448 10.858824668151694
2449 10.416108953764384
2450 10.853529642710809
2451 10.805673930754818
2452 10.697753787547583
2453 10.578260476440434
2454 10.597368134205142
2455 10.766073571018302
2456 10.676728206139034
2457 10.703910731685248
2458 10.777230968998218
2459 10.493316553954203
2460 10.524048927927073
2461 10.612906583762458
2462 10.738166439810932
2463 10.945710696976688
2464 10.735927163786922
2465 10.56625890336165
2466 10.931688005093003
2467 11.01529188611274
2468 10.47661207393234
2469 10.747552080712023
2470 10.592846629809324
2471 10.547159098809528
2472 10.524631188684197
2473 10.851219915400225
2474 10.410084058343218
2475 10.524312245125452
2476 10.778049064478433
2477 10.708478229426474
2478 10.66279718243641
2479 10.70688208215975
2480 10.525376343135168
2481 10.620420247304503
2482 10.618799948879959
2483 10.511869734950324
2484 10.280505868381285
2485 10.67932231015164
2486 10.62647688713876
2487 10.924473277715556
2488 10.887485416462246
2489 10.103455420672908
2490 10.846994551426558
2491 10.162976809669217
2492 10.826000174063179
2493 10.521648124307214
2494 10.70661953728859
2495 10.807467469600983
2496 10.640878103795156
2497 10.58921354780116
2498 10.551062245723818
2499 11.024171045424147
2500 10.511929705591122
2501 10.485393322937435
2502 10.785322154771626
2503 10.592536281851165
2504 10.710662985180115
2505 10.826002711557763
2506 10.885835277856085
2507 10.599602338034291
2508 10.99077869572754
2509 10.629838336986134
2510 11.099497007560924
2511 10.769521721805663
2512 10.899248741449027
2513 10.306589557012614
2514 10.552143379091763
2515 11.110643854660617
2516 10.844661861571641
2517 10.646640958665023
2518 10.67364820224573
2519 10.724581590354438
2520 10.827155482943661
2521 10.381839378476595
2522 10.283752547644758
2523 10.395512077308746
2524 10.800604865806472
2525 10.477972443692822
2526 10.894619127912852
2527 10.783007282512587
2528 11.04519313072003
2529 10.841659715800267
2530 11.090961683043547
2531 10.521045518300319
2532 10.545270315149953
2533 10.489713956895775
2534 11.158836355502064
2535 10.630774558396014
2536 10.924730535880967
2537 10.710217188151852
2538 10.461268349942495
2539 10.778971241561415
2540 10.64940858876033
2541 10.649281850469041
2542 10.575549563643738
2543 10.289776245910323
2544 10.75024266137564
2545 10.641697819864483
2546 10.722413242236746
2547 10.920879587652276
2548 10.77856034509019
2549 10.410686179050666
2550 10.90084931195454
2551 10.527702247027761
2552 10.743744940275427
2553 10.732191876570694
2554 10.690193303551057
2555 10.895594049849434
2556 10.837391475575751
2557 10.688008787654063
2558 10.930090027771413
2559 10.912181407414078
2560 10.718442760567546
2561 10.747180606341947
2562 10.663693589540184
2563 10.999301260439378
2564 11.12469126222627
2565 10.758897995745532
2566 10.745496316396983
2567 10.409251190657617
2568 10.633147873954423
2569 10.610817318294847
2570 10.70939656666803
2571 10.627994356324097
2572 10.532388371256697
2573 10.994646816238527
2574 11.04491652986313
2575 10.873679282397593
2576 10.863177826015372
2577 10.747255808637457
2578 11.260102315453189
2579 11.407284378799277
2580 10.634702754295466
2581 10.91087905540271
2582 10.637296579465394
2583 10.579177379731984
2584 10.72859634331253
2585 10.60385941817922
2586 10.683448055151997
2587 10.867783344856429
2588 10.892136890879694
2589 10.756965401270481
2590 10.703308128334708
2591 9.915882080782753
2592 9.69474046266058
2593 9.968598593594239
2594 9.713317452760515
2595 10.03701292457887
2596 9.633050658113815
2597 9.949005470286187
2598 10.175192993893763
2599 9.42116789245815
2600 9.88598533754898
2601 9.794685797818664
2602 10.108833541715482
2603 9.84696382816809
2604 9.90855441891909
2605 9.949099825846979
2606 9.791830618024495
2607 9.515305623443496
2608 10.228690785635672
2609 10.013494597404296
2610 9.925564605065523
2611 10.081667785807355
2612 9.911672327958991
2613 9.939601357481846
2614 9.982576469931141
2615 9.500704626081871
2616 9.872293176734969
2617 9.963721248741187
2618 10.245759208670183
2619 10.598868910099844
2620 10.302038466731606
2621 10.604385722447654
2622 10.382217638205564
2623 10.611758990730484
2624 10.293546519520017
2625 9.889092656414384
2626 10.874377139441048
2627 10.904712869458812
2628 10.563311494905225
2629 10.619444328710449
2630 10.642208347146886
2631 10.561314223310845
2632 10.968714449439029
2633 10.788206712234885
2634 10.805215710651382
2635 10.62132474974748
2636 10.760664825962168
2637 10.357670057136117
2638 10.489500939723085
2639 10.550259096630223
2640 10.638359618524921
2641 10.524599042183942
2642 10.448356496075338
2643 10.989787264074396
2644 10.318853295933986
2645 10.50792373746099
2646 10.485533834639655
2647 10.262855870869208
2648 10.754897038263259
2649 10.417974405748872
2650 10.871559932347084
2651 10.670023909406023
2652 10.592392984549807
2653 10.675599395395224
2654 10.590974443702118
2655 10.782878147009907
2656 10.839289623361525
2657 10.504039110305852
2658 10.640393276745982
2659 10.727894492457347
2660 10.945874839627225
2661 10.546064741567761
2662 10.889322029726854
2663 10.765386115326576
2664 10.567588188426479
2665 10.660396926181114
2666 11.043739677621678
2667 10.240264874595109
2668 10.655101446154346
2669 10.062332646865912
2670 10.482268114573476
2671 10.602839493697694
2672 10.559112549303626
2673 10.828813910712862
2674 10.687460399361292
2675 10.717813355866861
2676 10.380828135031312
2677 10.42280872794931
2678 10.298134618166651
2679 10.355241487100782
2680 10.583117928657398
2681 10.688216833255845
2682 10.506347682887634
2683 10.39866902564896
2684 10.541969382992276
2685 10.692169807878155
2686 10.723402689383729
2687 10.782743337890691
2688 10.400647089779094
2689 10.154130756363578
2690 10.789259204397954
2691 10.522344740848036
2692 10.5336510379767
2693 10.357029624861546
2694 10.689715644012429
2695 10.486316834482752
2696 10.87567645437062
2697 10.584215631051078
2698 10.575854495685919
2699 10.083932757789059
2700 10.477198744940058
2701 10.549995962602363
2702 10.166363952756697
2703 10.246786587180031
2704 10.404682101495375
2705 10.67282628139559
2706 10.545449589626065
2707 10.786828312593526
2708 10.932218722158304
2709 10.458473800172868
2710 10.733573029515705
2711 10.66574169788774
2712 10.79082391425422
2713 11.041584145235154
2714 11.182388811308304
2715 10.890222154861297
2716 10.85775201430881
2717 10.30905554659976
2718 10.608666687798681
2719 10.827919389760869
2720 10.565689665197711
2721 10.48743163061353
2722 10.630586316551906
2723 10.34294067438727
2724 10.443804560151717
2725 10.467155381498085
2726 10.511403835530182
2727 10.574293094855909
2728 10.725355577891373
2729 10.684970894727597
2730 10.52795055415116
2731 10.311903150522829
2732 11.114925021318529
2733 11.019120476659234
2734 10.689315443060138
2735 10.692467357039654
2736 10.311525625088912
2737 10.696650826598653
2738 10.645872316138627
2739 10.96018049131858
2740 10.15314847412868
2741 10.610052621390192
2742 10.40238827701754
2743 10.495939944842432
2744 10.710512852098287
2745 10.88436905641302
2746 10.515281053757322
2747 10.24091532065089
2748 10.707392512026372
2749 10.31370010575246
2750 10.494205816815608
2751 10.093532491245172
2752 10.293249197024446
2753 10.856626963086878
2754 10.942766682045463
2755 10.933384780198319
2756 10.67667914820087
2757 10.488197419299095
2758 10.765382522881817
2759 10.706866829344136
2760 10.929657252016753
2761 10.453684153422067
2762 10.611042107315606
2763 10.562480142648257
2764 10.490670908159785
2765 11.083048173094909
2766 10.71583548547765
2767 10.728439343088043
2768 10.609812148797152
2769 10.900217217900918
2770 10.928001945975547
2771 10.805868608960315
2772 10.516618350851743
2773 10.44533902548356
2774 10.952032307597726
2775 10.84488317366059
2776 10.700642316719023
2777 10.799885677825921
2778 10.55296354743985
2779 10.851716311037828
2780 10.75504090292517
2781 10.947240051608254
2782 10.718210513303015
2783 10.361034250591059
2784 10.76902305577191
2785 10.902239467247886
2786 10.607294248583855
2787 10.90208619206722
2788 10.712154382618497
2789 10.934818171820988
2790 10.988963123049823
2791 10.954065143973812
2792 10.598832133517844
2793 11.000999327234748
2794 10.92642424400958
2795 10.655105500268998
2796 11.230232729670918
2797 10.370223200390338
2798 10.751904024592873
2799 10.466226139032631
2800 10.591175846058245
2801 10.55133641129751
2802 10.911660085413075
2803 10.755704369879748
2804 10.627768034574801
2805 10.867380838614624
2806 10.819506009998358
2807 10.933627235128005
2808 11.264457883855378
2809 10.934748041899327
2810 10.572215342210503
2811 10.70154723759208
2812 10.862649665262287
2813 10.96647459991686
2814 10.679531426240896
2815 10.742233730325225
2816 10.967112200764552
2817 11.272123894738604
2818 10.923576345472409
2819 11.237104982144723
2820 10.75347369005744
2821 10.721364589961514
2822 10.79992413380819
2823 11.085057567356806
2824 10.705978304688058
2825 10.74855806787027
2826 10.879089051063477
2827 10.94849851045714
2828 10.896982192199639
2829 11.274567643140267
2830 10.888809990646568
2831 10.920344102134418
2832 11.0050948440513
2833 11.28697630513029
2834 10.846543541084348
2835 11.009476213826797
2836 10.755063026145272
2837 10.785597934318549
2838 10.827247745365794
2839 10.997796464633682
2840 10.487889795881488
2841 11.012030192557658
2842 10.843616295605612
2843 10.472610249817231
2844 10.764133289873566
2845 11.122942097222518
2846 10.68561079147156
2847 10.571251271734514
2848 10.899763885874243
2849 10.846199195945607
2850 10.635160573999567
2851 10.483342921924212
2852 10.884895726255053
2853 10.687148103936712
2854 10.32405118475855
2855 10.388404560387439
2856 10.672594222422171
2857 10.656341775158273
2858 10.587428795695399
2859 10.539476978764522
2860 10.23003386795431
2861 10.70309297993806
2862 10.734130114452142
2863 10.390958952549369
2864 10.499078299730968
2865 10.465635270260272
2866 11.052608187457862
2867 10.459581791530791
2868 10.726409060741256
2869 11.053386665638609
2870 10.97794696784178
2871 10.51753539269222
2872 11.031653191023201
2873 10.734904809438458
2874 10.647522783356171
2875 10.541190380881684
2876 10.645892229218221
2877 10.566265913530879
2878 10.439880328340955
2879 10.38808436913754
2880 10.41043557284528
2881 10.759681037954833
2882 10.425163971146373
2883 10.270428231429683
2884 10.505576544268987
2885 10.586630618297193
2886 10.622046887958714
2887 10.83825593439682
2888 10.523099013898669
2889 10.446918402283274
2890 10.225029288361936
2891 10.398379877516893
2892 10.402943435016432
2893 10.704057851371727
2894 10.412271578578569
2895 10.27312323228603
2896 10.497421140582508
2897 10.341825773610879
2898 10.265625506914825
2899 10.406997972063884
2900 10.466478889144492
2901 10.354360202211883
2902 10.648565709356186
2903 10.161621981046947
2904 10.566274042859199
2905 9.935264331798018
2906 10.837707317567162
2907 10.37925026811167
2908 10.559084462888388
2909 10.581830122331194
2910 10.583944073120751
2911 10.17963421130826
2912 10.874540050723608
2913 10.829985292928406
2914 10.718044316471934
2915 10.382638357222689
2916 10.712814600762188
2917 10.663502526156076
2918 10.746535735803262
2919 10.795452409758353
2920 10.753678799146568
2921 10.82857890566942
2922 10.419191963079342
2923 10.886844823151122
2924 10.324060113609994
2925 10.90722332573123
2926 10.720914030091704
2927 10.426728664080057
2928 11.010052815550473
2929 10.8098884590957
2930 10.911528032932647
2931 10.574361762567593
2932 10.59319927021574
2933 10.999449793108003
2934 10.915044551388908
2935 11.052026336115635
2936 10.69477818962925
2937 10.883212883037194
2938 10.666504429450596
2939 10.755072830205544
2940 11.025285866045627
2941 10.790874572766338
2942 10.859388424068593
2943 10.695541830218016
2944 10.242015607845293
2945 10.5272731478559
2946 10.347195828252834
2947 10.383878373178712
2948 10.176006873353176
2949 10.459973072775837
2950 10.840459288141426
2951 10.213630976822758
2952 10.482859365879776
2953 10.626075921218076
2954 10.542985414174137
2955 10.855728063951089
2956 10.610707254983565
2957 10.899651076102414
2958 10.199373932639762
2959 10.582506309447533
2960 10.801963373242394
2961 10.617292509907184
2962 10.894435403290538
2963 10.55816405841734
2964 10.59140793504474
2965 10.740215697862155
2966 10.804534396299921
2967 10.805124368487519
2968 10.495305360742611
2969 11.009250006446408
2970 10.932374996858936
2971 10.85281025324839
2972 10.880452594311725
2973 10.606190860373802
2974 10.409323079376124
2975 10.830973894568809
2976 10.529250400926625
2977 10.795854212556096
2978 10.286523324262859
2979 10.553181588614313
2980 10.176024280685997
2981 10.458410920823177
2982 10.454897521669038
2983 10.92059257691575
2984 10.576994295318578
2985 10.586714676953147
2986 10.69474163050639
2987 10.531448866760988
2988 10.750955314757904
2989 10.597852140082571
2990 10.647985602019032
2991 10.78704763151709
2992 10.689167897321688
2993 10.811868988095512
2994 10.900288986764442
2995 10.887465368627755
2996 10.713398131444094
2997 10.694276440575504
2998 10.647408695178086
2999 10.713266090349936
3000 10.86726294709211
3001 10.229858705049917
3002 10.767933525392763
3003 11.190750005694856
3004 11.076916444956334
3005 10.676861052293004
3006 10.806429765915826
3007 10.922727720787735
3008 10.961938798970662
3009 10.756793403138596
3010 10.667284123566843
3011 10.493064864553455
3012 11.269179392523718
3013 10.702837799283035
3014 10.482953699814164
3015 11.019407664104719
3016 10.959412336740169
3017 10.844076572130584
3018 11.200704228887506
3019 10.813866245362785
3020 10.091668846376876
3021 10.502302908636013
3022 10.162556688499613
3023 10.100951130713728
3024 10.025558728910736
3025 9.9180758952297
3026 10.026641185244905
3027 9.814668542992669
3028 10.110056071335263
3029 10.011160659625611
3030 10.051983797522116
3031 10.13842563517841
3032 10.443596264592808
3033 10.362207064809281
3034 10.274610436628658
3035 10.845684972053947
3036 11.18010188247272
3037 10.369242222269719
3038 11.032566358933648
3039 10.709507617762176
3040 10.589475643759986
3041 10.593482479208403
3042 10.566792220489713
3043 10.920558385857898
3044 10.852702842692445
3045 10.720737229588194
3046 10.79197315103779
3047 10.820009027513466
3048 11.069904402043965
3049 10.523387200289088
3050 10.436857133280741
3051 10.623015633766078
3052 11.132121046637714
3053 10.847272694381784
3054 10.829204281238235
3055 10.34313513175863
3056 10.596596996856812
3057 10.722719515712967
3058 10.869219454513468
3059 10.755111771464009
3060 10.569382147937858
3061 11.001663745460435
3062 10.772253383305424
3063 10.28755921978895
3064 10.416833186569574
3065 10.68086314265557
3066 10.90158576083816
3067 10.106513063840895
3068 10.864320432857536
3069 10.74820563460253
3070 10.343676311229935
3071 10.347258239562791
3072 11.071151253419238
3073 10.835608086086111
3074 10.29283717071118
3075 10.57251052600795
3076 10.346303673798849
3077 10.640558831345427
3078 10.89581978425725
3079 10.882050934429689
3080 10.86387144007211
3081 11.064807651278942
3082 10.662001630102178
3083 10.894997354123834
3084 10.988845039455864
3085 10.068550034690126
3086 10.742378940237712
3087 10.386289730612136
3088 10.657366051314746
3089 10.64303996155892
3090 10.426176833314187
3091 10.741266840085125
3092 10.852450807460444
3093 10.633666206400836
3094 10.608994424174444
3095 10.722780416520308
3096 10.872167516737507
3097 10.901963470969068
3098 11.065574297244476
3099 11.050803977998129
3100 10.890912414613172
3101 10.881953931199755
3102 10.46636800340873
3103 10.94622472875844
3104 11.052291278953698
3105 10.988212534162134
3106 10.791623343628213
3107 10.489905804640314
3108 11.027597202534976
3109 10.606687400147115
3110 10.819819974732537
3111 11.114853128821109
3112 10.887126304889513
3113 10.778754710735507
3114 10.727522534742246
3115 10.780306444479622
3116 11.022465329067016
3117 10.715609313831415
3118 10.50986477084765
3119 10.885385089763668
3120 10.959471938435913
3121 10.709026089721142
3122 10.889480053239236
3123 11.254423271634328
3124 10.957545988469468
3125 11.023014278444334
3126 10.89503921534393
3127 10.935300670392316
3128 10.36315560161631
3129 10.965380834244206
3130 10.891885767319947
3131 10.949018724149587
3132 10.960150210899112
3133 11.088300004429355
3134 10.871787758362494
3135 10.804640572797352
3136 11.214637807888476
3137 11.100067615855654
3138 10.99548721999058
3139 10.529235528924842
3140 10.905052239261424
3141 10.767930048602443
3142 10.928084498430762
3143 10.769786195092722
3144 10.668426965714264
3145 10.871984764289165
3146 10.645413689547542
3147 10.582527382115309
3148 11.061155305472434
3149 11.064928242276057
3150 10.935393835965899
3151 10.857496158282235
3152 10.798034585604237
3153 10.833161941040142
3154 10.865729779900347
3155 10.842050263006623
3156 10.8550192612696
3157 10.323094535651155
3158 10.572102069234122
3159 10.994740058610827
3160 11.04620413140228
3161 10.847721157494895
3162 10.327118727541098
3163 10.7803315872466
3164 10.763686884821125
3165 10.945077187784777
3166 11.100676717500088
3167 11.011120426169244
3168 10.889687546218866
3169 11.013561913876787
3170 10.79929989723238
3171 10.967402236283844
3172 10.739136634540474
3173 11.119148902568936
3174 10.446708158101059
3175 10.781939246956714
3176 11.002861146039965
3177 10.5284902608182
3178 11.202322574249537
3179 11.030293391063744
3180 10.932322054742212
3181 10.69213812436836
3182 10.637822342490486
3183 10.6026080568082
3184 10.515302601809775
3185 10.588755075847027
3186 10.996243237776563
3187 10.655655370383464
3188 10.885546989181625
3189 10.858843667148907
3190 11.122480289265818
3191 11.228207407773466
3192 10.679668765756356
3193 10.687451200171923
3194 10.65891014095505
3195 11.107483894702051
3196 11.044513106045297
3197 10.908915172998137
3198 10.844425344504852
3199 10.35318232035658
3200 11.113743330849328
3201 10.662637142981577
3202 10.681749060562375
3203 10.538836470752976
3204 10.803832832987641
3205 10.692079855628071
3206 11.039098643779347
3207 10.815859581298366
3208 11.27708906912592
3209 11.055335746016297
3210 10.741601584805235
3211 10.679020550387552
3212 10.353487966362563
3213 10.746215611601452
3214 10.60582482104744
3215 11.14947475772924
3216 10.658350221577267
3217 10.813387423539623
3218 10.702099350056054
3219 10.801239037521858
3220 10.98826257302287
3221 10.468486993098253
3222 10.926153580001689
3223 10.706448340080247
3224 10.837256048242134
3225 10.85169147008869
3226 10.497905078868232
3227 10.296607604973792
3228 10.76824409361461
3229 11.055530060315506
3230 10.870848573586626
3231 10.673916994238267
3232 10.630733415353719
3233 10.570414210459345
3234 10.916479868119
3235 10.82492361605201
3236 10.885228946747809
3237 10.947728037526629
3238 10.732087139068822
3239 10.688136266848208
3240 10.485481590142015
3241 10.409312922544656
3242 10.38302307233838
3243 10.449491988075136
3244 10.771684510996451
3245 10.863863691952782
3246 10.338862997384366
3247 10.900689815804226
3248 10.82819954159619
3249 10.02695637266555
3250 10.551080058556396
3251 10.590153400244477
3252 10.74086126076305
3253 10.285706270899846
3254 10.006797656319677
3255 10.547011646113296
3256 10.731199565811082
3257 10.545040891883955
3258 10.601323119805626
3259 10.648809195339469
3260 10.750297289958102
3261 10.752734274109457
3262 10.630147822642822
3263 10.967635917520319
3264 10.642947151687292
3265 10.961842962180299
3266 10.33189714807236
3267 10.619632170652624
3268 10.532574064876831
3269 10.321421187011579
3270 10.407367663697363
3271 10.36832512060808
3272 10.883968117265612
3273 10.751407162390677
3274 10.952752423208567
3275 10.70479539191713
3276 10.856620945556793
3277 10.172125871385951
3278 10.402280745800525
3279 11.038012762745751
3280 10.881647831668163
3281 10.643998456952229
3282 10.166363184807365
3283 11.064374745690992
3284 10.701888756264113
3285 10.839468656264048
3286 10.764878707572276
3287 11.133977772182325
3288 11.162742500680011
3289 10.58762677129316
3290 10.790999738120693
3291 10.664335114683603
3292 11.04561839447043
3293 10.544516064521689
3294 10.521764588650495
3295 10.34166325659443
3296 11.31370029356549
3297 11.206559450345733
3298 11.321661872507523
3299 10.296950093181898
3300 10.556599026137958
3301 10.555621348248327
3302 10.786848049098651
3303 10.10480451786033
3304 10.245479486600804
3305 10.068213250741103
3306 10.622391931817114
3307 10.200170957537154
3308 9.734322981704155
3309 10.764927560446248
3310 9.976248829467284
3311 10.443139143130654
3312 10.502062524198658
3313 10.55682106878678
3314 10.51221053777888
3315 10.562151742450052
3316 10.492033939964323
3317 10.558217728776402
3318 9.820409463777919
3319 10.735138392303982
3320 10.617677740667885
3321 10.181891772750095
3322 10.675325770094357
3323 10.240659799325053
3324 10.582211813725987
3325 10.821511515113531
3326 11.048534161692514
3327 10.963339908572587
3328 10.367779287418973
3329 10.798255927578468
3330 10.509580890272364
3331 10.563978969362429
3332 10.528344418801606
3333 10.58863457696696
3334 10.289931328368592
3335 9.987329982964422
3336 10.253638123417497
3337 10.244336948130142
3338 10.459297758944436
3339 10.484445077983919
3340 10.337911656421
3341 10.305277434250348
3342 10.184241964976605
3343 10.256544387156522
3344 10.455810934440924
3345 10.643800773238365
3346 10.27826122449464
3347 10.379567736130841
3348 10.433400422271825
3349 10.320825604208569
3350 10.423477400548837
3351 10.993128450434442
3352 10.509420472652037
3353 11.330015833368652
3354 10.556884452847973
3355 10.449803624185927
3356 10.406321007571396
3357 10.623689607749066
3358 10.55694938551215
3359 10.452223855673962
3360 10.728934962498
3361 10.305122431334917
3362 10.47365562343709
3363 10.578121728480987
3364 10.219927471124635
3365 10.636446172874626
3366 10.365928622631177
3367 10.06684532640213
3368 10.56427114674151
3369 10.366599006814555
3370 10.629728617299158
3371 10.460034587837834
3372 10.65451075974348
3373 10.489350372761352
3374 10.642847038495203
3375 10.319321649706934
3376 10.279779963808952
3377 10.190481425791114
3378 10.092328393211456
3379 10.576197282228774
3380 10.3867477574918
3381 10.040613967939194
3382 10.856185416549362
3383 10.266234776447046
3384 10.801637479878652
3385 10.436108264801259
3386 10.57537367895793
3387 10.873627087707526
3388 11.065192292143678
3389 10.300024133216207
3390 10.465936579761165
3391 11.018349173867687
3392 10.477833962236232
3393 10.584513184917201
3394 10.455798304525882
3395 10.449382091949397
3396 10.68275889378774
3397 11.154758512244237
3398 10.987844095561403
3399 10.85962153933364
3400 10.513927818665053
3401 10.079979639640431
3402 10.834133124360593
3403 10.318265381271228
3404 10.974971639209977
3405 10.188767449650568
3406 10.891063626402582
3407 10.351599032166572
3408 10.489070620671207
3409 10.709701013735303
3410 10.397687796752537
3411 10.323461326362285
3412 10.340097679400886
3413 10.891945004647024
3414 10.238050081236642
3415 10.635571556149038
3416 10.618634104089368
3417 10.404612139600513
3418 10.92789150687508
3419 10.897285537877629
3420 10.544025824269433
3421 10.469492446171147
3422 10.5576076854633
3423 10.35639021218214
3424 10.434455911399493
3425 10.234588968382647
3426 10.37467793916476
3427 9.798795613124932
3428 10.278318997976108
3429 10.238045757663468
3430 10.251707875969332
3431 10.37903461277649
3432 9.84351778184274
3433 9.968137968337318
3434 10.132775105366319
3435 10.087597914095184
3436 10.025359272918939
3437 10.495352171384706
3438 10.257704094872095
3439 10.13468769459235
3440 10.112309228726293
3441 10.078373125705342
3442 10.28955505984344
3443 10.002569645682794
3444 10.1243922264901
3445 10.246568118689613
3446 10.605436593052824
3447 10.23519728075107
3448 10.558465076360624
3449 10.476053220114045
3450 10.212665528800894
3451 9.801841193997198
3452 10.259023888072539
3453 10.39288896423631
3454 10.22279237494
3455 10.227911233244345
3456 9.924412354777383
3457 10.422041846760038
3458 9.539630599297773
3459 9.656375705403844
3460 10.096575366843298
3461 9.995261204408095
3462 10.3091878072254
3463 10.213255793022153
3464 10.170010793119163
3465 10.270546060127202
3466 10.088009584704132
3467 10.330839660569884
3468 10.48447278683082
3469 10.22369475862872
3470 10.326162484610604
3471 10.011258601134783
3472 9.928093457705938
3473 10.171050103162619
3474 9.882427964439488
3475 10.783006522257487
3476 10.389920646743954
3477 10.52218472873329
3478 10.176589777877728
3479 10.155702338456534
3480 10.086668306813516
3481 10.3950258142901
3482 10.773567162071146
3483 10.598359945383114
3484 10.864975471307176
3485 10.43689934258533
3486 11.104415768117427
3487 11.065775852768805
3488 10.8359768404521
3489 10.553775960107405
3490 10.464900100957838
3491 10.724234975050447
3492 9.913986798331397
3493 9.889415393047502
3494 10.65890439761691
3495 10.026722389966098
3496 10.530607487056395
3497 10.536531822238915
3498 10.28774107425627
3499 10.444546585093075
3500 10.653611631470353
3501 10.87743962542033
3502 10.499711524219473
3503 9.995501284240165
3504 10.577570102846838
3505 10.330544902510475
3506 9.998371721000197
3507 10.01264650284219
3508 10.24025446326931
3509 10.311941869265523
3510 10.246689552287098
3511 10.363829459023354
3512 10.210506069267687
3513 10.065858692883314
3514 10.152364549796832
3515 9.945166852577414
3516 10.190543384199335
3517 10.046259970926624
3518 11.063593417690273
3519 10.648737340862372
3520 10.696315089360697
3521 10.807442059179714
3522 10.820563254718936
3523 9.984521317568857
3524 10.403651644189964
3525 10.099216410951168
3526 10.114383199068735
3527 10.504304263469814
3528 10.334513694598549
3529 10.09189989911187
3530 10.566933126530607
3531 10.101868503242628
3532 10.352133408115478
3533 9.649838899712917
3534 10.134728372858513
3535 10.161186584867377
3536 9.994420195382535
3537 10.160584121046305
3538 9.829485408483965
3539 10.277760635506034
3540 10.267425707086508
3541 10.390705304921541
3542 10.417915242116509
3543 10.135482569169008
3544 10.298682569243066
3545 10.186434879394973
3546 10.510593685739394
3547 10.478460862304875
3548 10.692191860247231
3549 11.038159014800232
3550 10.938095225662819
3551 10.667970948568986
3552 9.895685643333657
3553 10.560823608952239
3554 11.143990481852972
3555 11.082182385023845
3556 10.207026903069313
3557 10.305707795708772
3558 10.60629091322155
3559 10.056453427646005
3560 10.57056055047876
3561 10.961125596201358
3562 10.908425889992543
3563 10.6064076478408
3564 11.065945192020411
3565 11.061404871246923
3566 10.167833166345055
3567 10.2568110050225
3568 10.476634051953557
3569 10.375137765087468
3570 9.894539107049777
3571 10.239923608211988
3572 10.268790162927653
3573 10.042479060850633
3574 10.255892724592714
3575 10.835371998520037
3576 10.738088032615934
3577 10.419180652125615
3578 10.023609258479096
3579 9.807450826135332
3580 10.213779804891187
3581 10.774169964031406
3582 10.676188962345876
3583 10.710994018078937
3584 10.959338608480069
3585 10.084111503809147
3586 10.63278670711541
3587 10.717822667090426
3588 10.387907337625323
3589 10.442577183368565
3590 10.462906221251396
3591 10.023984290635111
3592 10.105312132518112
3593 10.194372112474104
3594 10.65918745516755
3595 10.351117462469507
3596 10.099726701389292
3597 10.547954804044414
3598 10.50450229691629
3599 10.819327544373822
