0 6.941533759175049
1 6.966111412539857
2 7.395521337287617
3 7.31182356509567
4 6.959388571190407
5 7.143869390808673
6 6.944057879442644
7 6.884579785499941
8 6.941971966904163
9 7.138629395127985
10 7.167799312619521
11 6.7407681912308055
12 6.929595378303202
13 6.651472006870408
14 6.815679821757499
15 7.132863763610046
16 6.6136462954251245
17 6.985378467810329
18 6.932622208396325
19 7.069575407081114
20 7.47566171049711
21 6.953920737330398
22 6.847119986318164
23 7.308232501913097
24 7.027850395385084
25 6.8960202718954315
26 6.962531573796766
27 6.643292386155942
28 6.907936909300639
29 6.859897793416911
30 6.983133140612694
31 6.850147345931299
32 6.837639779977989
33 7.421464167017215
34 7.043048563670615
35 7.230140698208122
36 6.851085462243371
37 7.015712050153829
38 6.823807197445877
39 6.887719160050671
40 7.309006711301881
41 7.325517833057898
42 6.903706551988793
43 7.202144276010091
44 7.1331071452144466
45 7.104196711328652
46 6.894471832583926
47 7.720836691809074
48 7.270504453889888
49 7.0600851336158215
50 7.051479844238813
51 7.072813151082961
52 6.848631297247963
53 6.856321774807519
54 7.059989799400741
55 7.32180685282829
56 7.0959359756360785
57 7.292936827804084
58 7.039911909064808
59 7.0346764553011845
60 7.334194557422096
61 7.411894887475528
62 7.251261197638676
63 7.004239037109956
64 7.006529862499134
65 7.026834301952642
66 6.861804668490751
67 6.9652141304391
68 7.261131280179029
69 7.024475672306135
70 6.740459143594373
71 6.94228089823151
72 7.090437660308433
73 7.195120501086834
74 7.54522073193988
75 7.372665954183869
76 6.798610004642503
77 7.135862951812347
78 7.129271925018785
79 6.949338675401206
80 6.663260102172196
81 7.035863844682865
82 7.186661713554641
83 6.672480614016642
84 7.711079328050117
85 7.971861214443778
86 7.491438931314769
87 7.982954906037738
88 7.20975789745668
89 6.677977271097979
90 6.714587715598245
91 7.535905615630313
92 6.85838208176451
93 7.727833654036392
94 7.094734192035608
95 7.209284311852163
96 7.0296602560323525
97 7.341593011271287
98 6.966272356270046
99 6.884172579010622
100 7.222837949955451
101 6.759552748707208
102 6.955497321538015
103 7.067347906093151
104 6.868253675442028
105 6.900274979055479
106 6.999560265921626
107 6.993438248355527
108 6.872753654002537
109 7.0628727942012075
110 7.198401192074897
111 8.152089790081323
112 7.711446816414007
113 7.972200673160931
114 8.26586413500916
115 7.911317787429615
116 7.787999206572187
117 7.295200855351956
118 7.363886378534629
119 7.650434127194291
120 8.003968612952486
121 7.552237737069023
122 7.32851836563053
123 8.25252853663111
124 7.59401904581945
125 7.366122527349121
126 7.562102431872359
127 7.814385296227398
128 7.3056299849772595
129 7.264196562807627
130 7.364426695213339
131 7.299177433226524
132 6.982224387874734
133 7.854385822532517
134 7.68715070726198
135 7.282244268727624
136 7.211514539135971
137 7.619138919888568
138 7.9554923158979465
139 7.3157935041429765
140 7.233941673331741
141 7.943595864111601
142 7.458497085408554
143 7.329679208978336
144 6.933345469731923
145 6.586662754483332
146 6.741495295746742
147 7.658979666944984
148 7.43216570940536
149 7.1458998692790825
150 7.391264500496803
151 7.0530286797786745
152 7.74511953205978
153 7.015053468650828
154 6.9427385662726495
155 6.8229830231653805
156 7.101543459116773
157 7.332203930950279
158 7.440291139305329
159 7.258859505854341
160 7.129705876183047
161 7.12388556340092
162 7.070343491583236
163 7.342980324617528
164 7.073004148113754
165 6.94952673036477
166 7.139318504049319
167 6.750775811728812
168 6.7475480370060605
169 6.845705489782254
170 6.926574930815607
171 6.910418149931715
172 7.000491158113351
173 7.081523320527419
174 7.045797122439921
175 6.94140500180673
176 7.265246015006364
177 6.9302232008035265
178 7.141686697400718
179 6.868458065302036
180 7.752572895120975
181 7.297978862749384
182 7.078855962091741
183 6.915358151635968
184 6.8148897881354005
185 7.101743090403882
186 7.022509978218
187 7.243245016849224
188 7.325562088424921
189 6.902328378550962
190 6.93405582009681
191 6.738303294009982
192 7.0136366878759535
193 7.184429265495616
194 6.875208954915033
195 6.6915604657681955
196 6.92150146398334
197 6.958386815140308
198 7.0104611911507835
199 6.827305538159878
200 6.971183194384847
201 7.55267260928383
202 7.138197634367303
203 7.177115645539282
204 7.109639609033197
205 6.802684242259875
206 6.8087093303195285
207 6.898142193244197
208 7.142982777109171
209 7.188697025285604
210 7.183558657840782
211 6.911843852482841
212 7.553611398445601
213 7.13072480513536
214 6.791813103146177
215 6.827069598768302
216 7.217174228921127
217 6.9666734745683305
218 6.696582508109603
219 7.090277113816027
220 7.033335599243529
221 6.551835295591121
222 7.0115352127453905
223 6.989942188617256
224 7.083211182655676
225 7.443837279475842
226 7.3427624171618
227 6.614443054902804
228 6.828554379283832
229 7.133025280379736
230 7.189667784046473
231 6.647716980221137
232 6.872840695711954
233 6.950381892770282
234 6.801942735355339
235 7.125998730837271
236 7.081958456637976
237 6.950816024983926
238 7.061207145835306
239 6.760476811280024
240 6.994891286838851
241 7.755123378027871
242 7.078183068757227
243 7.195317090637481
244 7.143024160699073
245 6.9166288121907495
246 6.844150844049945
247 6.670164092503363
248 7.010275550905244
249 7.008081994480598
250 6.956966489989359
251 7.517479275739942
252 7.076463738946038
253 7.232250921305947
254 6.990299599736899
255 7.51833430674775
256 7.242863446926454
257 6.809531242143824
258 6.995747547915003
259 6.849511061879086
260 7.31406320848014
261 7.140406839401462
262 7.029141942969898
263 7.6388463491632095
264 7.766061061477939
265 7.60817418432065
266 7.336600699672673
267 6.960907340096837
268 6.789416447896076
269 6.639081888341424
270 7.5570359143967725
271 6.893327530318103
272 7.016199720764874
273 7.011594795446517
274 6.731300333551119
275 7.792033504795854
276 8.099361421877763
277 6.996889401657372
278 7.06464697480841
279 7.092750100331293
280 7.47036898886912
281 7.034907973670911
282 6.873145413459622
283 6.757730864985857
284 7.752165434418228
285 7.126283696852331
286 7.11730772050612
287 6.982193730619898
288 7.122113200504409
289 7.104523189723557
290 6.7376807291342296
291 6.891934449418966
292 7.465215000032886
293 7.56975800330685
294 8.01311070121781
295 7.354625508085129
296 7.832765838757793
297 7.325466801635271
298 7.038422250641694
299 6.888776535554611
300 7.085922142071846
301 6.8329316056008444
302 7.694973249551217
303 7.1514537680761014
304 7.299899423718013
305 7.249332548081512
306 7.244210683972208
307 7.020464995022246
308 6.766892218919905
309 7.128223692573672
310 7.077444938702903
311 7.036271459909993
312 7.069817343189471
313 7.304553067136673
314 6.9868734216986335
315 6.832249541318324
316 7.006698234864166
317 7.126062355670362
318 6.877295830406772
319 6.870830337378116
320 7.126464745279818
321 7.2752182593244035
322 7.362694443532075
323 7.5774814366920715
324 7.816258564029542
325 7.046865897935767
326 7.13759371307986
327 7.2179483059718015
328 7.557666480989884
329 7.4346137169311435
330 7.176692833672158
331 6.611229933794189
332 6.92581686817849
333 6.875251500636465
334 6.980299911725866
335 7.159947375408739
336 6.7869213067262235
337 6.550089950852273
338 6.718717505173896
339 6.927876120740727
340 6.765820174868177
341 6.856179870888004
342 7.098014700231597
343 6.615025701180775
344 6.873354056509104
345 7.071678182488208
346 7.146556585052033
347 7.4163529559767065
348 7.463465142037512
349 7.701250296712351
350 7.193736894760213
351 6.8422304825229565
352 6.793683473396346
353 6.970323870560326
354 6.7891218215685125
355 6.943539364821479
356 6.844124043489854
357 7.0642689303306465
358 7.2527313431630915
359 6.8497532573552995
360 6.878154298831272
361 6.849850094474583
362 7.1993892093773315
363 7.120089457854639
364 6.638917526298679
365 6.674450775096281
366 6.95859711527668
367 6.892204384367644
368 6.783674810677409
369 7.095922855827382
370 7.004255366940011
371 7.393261132661594
372 7.015457419142792
373 6.889476043522061
374 6.828162582005723
375 6.973442543822522
376 6.9797892101155945
377 7.387932058269022
378 6.851051923639369
379 7.004521821904958
380 6.999107401605541
381 6.846158801330915
382 7.081199785005054
383 7.185291907643657
384 6.969205725440588
385 7.00847835484809
386 6.725770669572588
387 7.036586007716007
388 6.751625546590029
389 7.052485008267608
390 7.189777628919049
391 7.351624228866159
392 7.583926525752373
393 7.312742442875519
394 7.6650540859539005
395 7.3382267920378625
396 7.570016565804503
397 7.601601873667131
398 7.287923880619844
399 7.517456992338587
400 7.026546690067858
401 6.859439128685294
402 7.1794639159733125
403 7.101190749095088
404 6.936356055126123
405 6.95196835413126
406 7.037307659738081
407 6.960885753227943
408 7.0869271149216315
409 7.026664397409146
410 6.7453502921776
411 7.055030590318512
412 7.5557066477977
413 7.04970383190924
414 7.100459739369954
415 6.878190014545391
416 7.048007893950206
417 7.12001419567968
418 7.069824347864472
419 6.949942069475919
420 6.798429700319846
421 6.883133089075188
422 7.057632054127966
423 6.828946065781108
424 7.141993217612582
425 6.659051379211002
426 6.781554809141313
427 6.954602802497502
428 6.982539141824525
429 6.510392886789983
430 6.757646277934064
431 6.606043440742301
432 6.744734655395144
433 6.761043980449135
434 6.113797071743836
435 6.516660506129326
436 7.2303694424189535
437 6.95801629237791
438 7.142234049779747
439 6.881419126931911
440 6.7578599480363595
441 6.859889317387864
442 6.773408319300503
443 7.004288677309831
444 7.101035298643763
445 6.869153864028132
446 7.04905998334562
447 6.901553499181642
448 7.034284998788504
449 7.060385023383327
450 6.883780522942114
451 6.652738874781795
452 6.855611344854277
453 7.027111742689257
454 6.626893004374166
455 6.987293030117214
456 7.086652745385023
457 7.529129128337708
458 7.10477007557838
459 7.022611188232429
460 7.346922919971638
461 6.7338197123730135
462 6.935115893027548
463 6.963494589288495
464 7.08341807772478
465 7.429460839513133
466 7.156010923531963
467 7.752834395434753
468 7.112178600540233
469 7.079708073490842
470 6.835277909689926
471 6.894950179828656
472 6.997617208757565
473 7.574944496493612
474 7.013779948964107
475 7.130726062916372
476 7.19132412392733
477 6.680352507798381
478 7.095429543234649
479 7.0543181545407645
480 7.0421370880243614
481 6.939350612505502
482 6.689134848106426
483 6.925111917390932
484 7.354290331439717
485 6.9279985305459935
486 6.807814159289434
487 6.86621382748646
488 7.057628449055508
489 7.00410825397329
490 7.3761645087635825
491 6.618065302277936
492 6.957046709175209
493 6.714440676921165
494 7.166569515126092
495 7.250017378162672
496 7.019358144726638
497 7.274408623198551
498 7.103720308554487
499 6.98063106369524
500 7.281812446870811
501 7.09298064111606
502 6.912361332989841
503 7.360655579072769
504 7.115542710569089
505 7.576174906299033
506 7.246558631087302
507 7.178879505262891
508 6.9558205487261695
509 7.073755625778111
510 6.87376336355249
511 7.049291834681865
512 7.2140837398830016
513 6.974691238825687
514 7.005024156990252
515 7.202238842149325
516 7.164748423726614
517 7.146465752691652
518 7.238565474797699
519 7.244051257101343
520 7.317756530484209
521 7.189295303963674
522 6.882045637289081
523 7.118052229424881
524 7.1009290306888
525 7.179606211339265
526 7.276415656408682
527 7.250103413400993
528 7.056995238273612
529 6.914266177334473
530 6.917537248569241
531 7.148023163615658
532 7.101625983274725
533 7.117671841395485
534 7.008498644468484
535 6.985851091078724
536 7.351737505470436
537 7.266322708015885
538 7.143122387791057
539 7.088068951860512
540 7.129053584612126
541 6.855509250026902
542 7.019391210683243
543 7.365120000831619
544 7.199307373165564
545 7.163132818295361
546 6.80468196348105
547 7.074561485324321
548 7.063591506948019
549 6.967323776048195
550 7.052187510032755
551 7.001235053539141
552 6.964257110057549
553 6.854545806125779
554 7.004801413897619
555 7.371102081852089
556 7.245725944240425
557 6.902955973320322
558 7.36050499614418
559 7.059889770449511
560 7.3771229088006764
561 7.106228489538986
562 7.026245431180038
563 7.064715382813532
564 7.255000015115072
565 7.148763663759079
566 7.015221725601414
567 6.7830203266516
568 6.823194455940763
569 6.836946020880975
570 6.923984645362725
571 7.167558296042219
572 6.8589132279494
573 7.259123906376116
574 6.838318750254091
575 7.1079235997661785
576 6.806743472452841
577 7.358473898147995
578 6.696603700382017
579 7.009798230982655
580 6.921894280958354
581 7.16936250578565
582 6.986781253235366
583 7.1773965760217635
584 6.819109286665523
585 7.092826968971303
586 7.094806233334368
587 7.041348112853445
588 7.1543126310029415
589 7.049049428548225
590 7.487167288439729
591 7.005558886530376
592 6.997575378156518
593 6.956950066380456
594 7.208860090522218
595 7.2517649436228595
596 7.042734460530063
597 6.855233477975927
598 7.289183266944275
599 7.251591425174058
600 6.954964994246336
601 7.194083375660896
602 7.572584454301532
603 7.542713044482146
604 6.920007777527963
605 7.244303809594941
606 7.28501479521486
607 7.286536860332079
608 7.260839245850129
609 7.063417510447346
610 7.396913440517058
611 6.774155947851138
612 6.912574106734768
613 7.107666081042405
614 7.055818325082374
615 7.2182976432379755
616 7.152881322569951
617 7.039678178700418
618 7.07943759230775
619 6.8713538580859606
620 7.145247992003882
621 6.8610033660244065
622 7.187813861376724
623 7.117481986795754
624 7.208465518877047
625 7.087935730475154
626 7.185529599949261
627 6.748228814370472
628 6.666840689679781
629 6.804955561260769
630 6.89020096662933
631 7.352557710008466
632 7.365190477828466
633 7.103841136468249
634 7.3415519898714034
635 7.362896464650915
636 7.005958156403886
637 7.118332779177073
638 6.451502560387036
639 7.161536356449152
640 6.506308268833832
641 6.96327458469345
642 7.1603574807565105
643 6.753641413842701
644 6.612430781538546
645 7.0971130852380275
646 6.391937266889596
647 6.874195475567009
648 6.552219635965656
649 7.277336697565697
650 7.357036000759714
651 6.899846358462259
652 6.987716046240766
653 6.89581368774645
654 6.8547196759505304
655 6.849012739621304
656 7.114209524719361
657 6.502489762905436
658 7.094810400131554
659 6.5677598784360445
660 7.037905714647686
661 7.017991450585521
662 6.7934143787707875
663 6.936188444092749
664 6.993981845595582
665 6.8545683296733975
666 7.047098713386259
667 6.897992113783397
668 7.035627650994592
669 6.861565007721048
670 7.189503696612777
671 7.050961834799311
672 7.168211437430038
673 6.8379526562882225
674 6.873108358211111
675 7.2139027626390755
676 7.268702743250031
677 7.0700556012662625
678 7.082046357171627
679 6.739504640841659
680 7.244203190331045
681 6.998151133913131
682 7.033282957125226
683 7.2147876418577495
684 7.029690907506335
685 6.82536706280203
686 7.118681466103516
687 7.3592479433764355
688 6.807144056129945
689 7.518112018362329
690 7.884645022109497
691 7.615072033315416
692 7.336849590737527
693 7.1266810925422135
694 6.820935869682863
695 6.9196990545093575
696 7.187627804853147
697 7.14226748359848
698 6.992927807018496
699 6.951434016152343
700 7.102678889751293
701 7.106882715374615
702 7.443431621129166
703 7.205682801308605
704 7.187039587243168
705 6.939372245599038
706 7.141649801119121
707 7.249178926484992
708 7.224492497829125
709 7.127400031443761
710 7.272169820191038
711 7.416681306543863
712 7.441691431491855
713 7.232292954479082
714 7.506226702827563
715 7.108818097703643
716 7.287993605148633
717 7.2435966681381885
718 7.179796116976384
719 7.090992309856289
720 7.1214158505344916
721 7.4268362769201675
722 7.241660989932615
723 7.335568157871491
724 7.040271168049604
725 7.36552695516721
726 7.046841358663202
727 7.1666987738458054
728 7.084733274751638
729 7.3303434682690005
730 7.225062665798544
731 6.925357346915523
732 7.18555169820313
733 6.885415224809185
734 7.458817963779854
735 7.41257355140129
736 7.246560310819676
737 6.874656144684269
738 6.971458762856768
739 7.33408935754888
740 7.269659171065378
741 7.226072126876793
742 7.318870063897874
743 7.0160609844053585
744 7.102816755532719
745 6.872862685981725
746 7.145116776541806
747 6.876374299038881
748 7.568790450323927
749 7.056300364943747
750 7.528826749114179
751 6.705236837485222
752 7.360754061543807
753 7.3573913980324175
754 6.983352852115814
755 7.6909187940154595
756 7.31670468689273
757 7.476316576049381
758 7.013072249362275
759 7.138147567121018
760 7.056660815869313
761 6.907743803718529
762 6.978447933485419
763 7.453461896870382
764 7.4870140841310855
765 7.158818683616898
766 7.3497982674546005
767 7.041885023957951
768 7.469292625043132
769 7.285159314133521
770 7.204630434801951
771 7.122964927132998
772 7.3450030250566956
773 7.110108369515979
774 7.312822228522484
775 7.363264703587318
776 7.3703881334592385
777 7.20451564307083
778 7.242191026542992
779 7.054453965799033
780 6.831118710396132
781 7.262083717313497
782 7.095539868698548
783 7.267767622668333
784 7.530422777560411
785 7.380370938247533
786 7.280986500673121
787 7.042430112262555
788 7.269925742535622
789 7.987951440181339
790 7.967409502579049
791 7.48302383809567
792 7.11833654727915
793 6.927461005499556
794 7.024295834541679
795 6.98125498970629
796 7.181938965664341
797 7.119403715062277
798 7.056607955434321
799 7.128445885968838
800 7.41292834192262
801 7.409151500301503
802 7.321559466797163
803 7.22145006754457
804 6.923189694255421
805 7.128159585237221
806 7.297069276749381
807 7.0263114694653215
808 7.319838058537532
809 7.145427718000395
810 7.596980896976333
811 7.189368465021917
812 7.08661871221918
813 7.102946169926328
814 7.239936494653766
815 7.043747375283613
816 7.269823732850246
817 7.170091963715104
818 6.953557510106826
819 7.421155980025516
820 7.358948826394845
821 7.262451607082117
822 7.307633714328724
823 7.279948657962557
824 7.367675545384484
825 7.092190250916748
826 7.196419291612394
827 7.455844668452823
828 7.264230223100205
829 7.563976489957304
830 7.426023727871857
831 7.367982703211317
832 7.2411945055494575
833 7.433250412182247
834 7.058931248285719
835 7.139692150047131
836 7.117203229096546
837 6.763066353836402
838 7.2026682186936934
839 8.250193596331101
840 7.212110109886386
841 6.979504091387146
842 7.207588321397212
843 7.277037427009908
844 6.7337038521118435
845 7.208688496365504
846 7.13264464981859
847 7.176202669064255
848 7.260442538145267
849 7.22616623677003
850 7.141729400052459
851 7.2484770478757525
852 6.99343661151936
853 7.309592908502295
854 7.080232631953177
855 7.2424397679021855
856 7.219621807837077
857 7.308269986348079
858 7.239117450905289
859 7.276300508162245
860 7.050652327790341
861 7.0527668990070564
862 6.937948776231146
863 6.96851264117583
864 6.787403606739239
865 6.844254362624504
866 7.0642994461805015
867 6.925781975877399
868 6.84032039863038
869 6.716386989759661
870 6.740986884144916
871 6.9803405228649416
872 6.960202766266874
873 7.4721706230429055
874 7.268560186859748
875 7.042101423226081
876 7.074173891145768
877 7.422165395024808
878 6.7551251754992805
879 6.793288751027422
880 6.877733165076892
881 6.728810509045437
882 6.908111181148198
883 7.00118538880724
884 6.848882429009326
885 6.896531000912577
886 7.385513734324183
887 7.083531437897801
888 6.890008750860999
889 7.14960562298532
890 6.872518111782729
891 7.182151885919583
892 6.91426275710487
893 6.898898853649141
894 7.045611043001665
895 7.0491506795210155
896 6.790345086500529
897 7.084857791144315
898 6.894748910605832
899 7.037717855845629
900 6.888948987620656
901 7.052292678032006
902 7.009323779577532
903 6.471639619244342
904 6.564688152957119
905 7.092049072980841
906 7.115751101892325
907 6.896981811394196
908 6.887036165224542
909 6.682942060117858
910 6.861010380918597
911 6.857702925226689
912 7.045517094826397
913 7.233622264769127
914 6.918189030067611
915 7.042804996912112
916 6.54410209626197
917 6.783296406084897
918 6.995775608054581
919 7.572218858606379
920 7.323957402980878
921 7.552051880994821
922 7.542794212006715
923 7.441363788957948
924 7.19670676350367
925 7.099508798845611
926 7.323230987044503
927 7.530949153484884
928 7.158592985951823
929 7.344187945748795
930 6.913410156968232
931 7.057159747223312
932 6.992755862335474
933 7.540107999714418
934 7.196102960282631
935 6.819205751793368
936 6.846626627515763
937 7.419801462709266
938 6.886699367742134
939 7.413880680447348
940 6.973165540632022
941 7.327896335553812
942 7.0917938317573395
943 6.943259653548285
944 7.105914047439604
945 7.07652744836611
946 7.021841901596884
947 7.661790679846494
948 6.742318353932527
949 7.207255200216407
950 6.779486137046281
951 7.12417813717085
952 7.706313603716587
953 7.178000241959845
954 6.937000459372608
955 7.066386770952474
956 7.224756079653474
957 7.035899135685566
958 7.022400789390179
959 7.32318473521899
960 7.164499479076805
961 7.233516696770053
962 7.123639381448587
963 7.296495631851379
964 7.18592763479245
965 6.881744493941289
966 6.997452835949676
967 6.895390182465208
968 7.071451804180178
969 6.717467288123796
970 6.692630994675298
971 6.82864425375934
972 7.03890611794921
973 6.901765386335301
974 6.9816379325226485
975 7.3056190894452895
976 7.057850110422624
977 6.735239030385332
978 7.085837162397268
979 7.087750509255732
980 7.003737308669031
981 7.3293959812988145
982 7.073079918071097
983 6.770026285106389
984 6.694999135175673
985 6.745001593511131
986 6.927930181244065
987 7.081039574684279
988 7.036579364183834
989 6.784755603864057
990 6.912302428601328
991 6.998372050312751
992 6.666359398332543
993 6.725971060892611
994 6.740214438305022
995 6.883125709505004
996 6.934087062207997
997 7.153884051335511
998 7.023820891396023
999 6.7289704937988555
1000 7.238462038648225
1001 7.393168916406211
1002 6.824907979708497
1003 7.416410974906413
1004 7.094816585020845
1005 7.0790228550132
1006 7.122732476385057
1007 6.943598616554921
1008 6.9207373361354145
1009 6.99544125025271
1010 6.880502202925204
1011 6.950597090838164
1012 6.863949963546254
1013 7.012295927280091
1014 7.5727683170804365
1015 6.5762790405356
1016 6.937788965925833
1017 7.2376352561195025
1018 7.484947335577445
1019 6.9983800922212795
1020 6.944380784170835
1021 7.061095735872229
1022 6.916122329736762
1023 6.48487134506009
1024 6.682129840893557
1025 6.5633144155358805
1026 7.169616235060192
1027 6.718163417369464
1028 6.914602116017293
1029 6.830156432646529
1030 6.7965574228839385
1031 7.048086507428429
1032 6.75617612077878
1033 6.841099887110525
1034 6.849742855553625
1035 6.989245155934208
1036 7.431731495610091
1037 7.494597840196956
1038 7.000165996230033
1039 7.0278162378372455
1040 7.744754172085033
1041 7.3118687476452315
1042 7.501781809402339
1043 7.2561884463165045
1044 7.028361359286058
1045 6.984321634398228
1046 7.090603347040592
1047 7.296704960606714
1048 7.173586165570617
1049 8.013931680921722
1050 7.209463728071757
1051 7.1134738814894645
1052 7.378165909292822
1053 7.71790803869915
1054 8.20078112656578
1055 7.473614142667395
1056 7.517697145519275
1057 7.804519640525772
1058 7.684547827511745
1059 7.739670047653268
1060 7.380892591189402
1061 7.077505835261674
1062 7.14499026987898
1063 7.293498458542466
1064 7.126650333974343
1065 7.457736681372937
1066 8.222355092913883
1067 7.181359049516766
1068 7.331001004162675
1069 7.182624989387253
1070 7.239152994974062
1071 7.63661120323995
1072 7.226003601663662
1073 7.466906943109963
1074 7.241389334108157
1075 8.174486384294212
1076 7.835577350040904
1077 7.6272387009056715
1078 7.5211172851058
1079 7.015006972085085
1080 7.104308851270896
1081 7.079825052453398
1082 6.906971131349071
1083 7.072681371621737
1084 7.159686919718733
1085 6.862651711759654
1086 7.2465945946863854
1087 6.938661962894852
1088 6.826360930222511
1089 7.138607938905818
1090 7.021981127295469
1091 7.220126116511901
1092 6.906744421140902
1093 7.0435414811371935
1094 7.2293574422964335
1095 6.885524868048788
1096 7.3405494961859965
1097 7.232374888625513
1098 6.664391917349982
1099 7.541462175585779
1100 7.300706970954234
1101 7.227906290516738
1102 7.367373793649993
1103 7.011537564768267
1104 7.203069937667408
1105 7.008942135296372
1106 7.228687839973026
1107 6.832863954256536
1108 6.810726195749894
1109 7.149283954141653
1110 7.0835236598382645
1111 7.169694614800213
1112 7.384202810646913
1113 7.025928125263636
1114 7.138174908256313
1115 6.639059225320949
1116 6.832468161814781
1117 7.312088718964453
1118 7.309135629964865
1119 7.709603646888384
1120 7.034282830028051
1121 6.965595112141532
1122 6.928826474724684
1123 7.2166950929215234
1124 6.629838673544331
1125 7.060737273190433
1126 7.048137354372487
1127 7.288981556076682
1128 6.809063782839128
1129 7.392176580466535
1130 7.4000875633456875
1131 7.236657536976567
1132 7.292492429826266
1133 7.146708495930228
1134 6.975466823764174
1135 7.140008955221019
1136 6.986673442486845
1137 7.227833112661391
1138 7.17176987998657
1139 7.219769292440404
1140 7.075851820478745
1141 7.274367333479907
1142 6.941821156616456
1143 7.712837091924023
1144 7.296611765337572
1145 6.905095490269116
1146 7.006122671548129
1147 6.8266760762929675
1148 6.985026358839887
1149 7.458479312612178
1150 7.193436045573164
1151 6.817725529740329
1152 7.306617082880557
1153 7.140372331209256
1154 7.16782358907983
1155 7.311666889693512
1156 7.112457025683882
1157 7.046052232777687
1158 6.948414068711881
1159 6.733656425895911
1160 7.059054030110104
1161 6.890122616266279
1162 8.408104118122107
1163 6.980811813897849
1164 6.729212052670102
1165 7.081883379388911
1166 7.388429054537356
1167 7.557207928900654
1168 7.006454402101172
1169 6.967391985158011
1170 7.202967385304964
1171 7.233761241943905
1172 7.728897899677174
1173 7.8716041994369945
1174 6.769858083196484
1175 7.395789131597022
1176 7.409765246637689
1177 6.69673078368851
1178 7.588852305950241
1179 6.932910662906802
1180 7.029602114262463
1181 7.07821128974635
1182 7.71859124629901
1183 7.57106624027028
1184 7.289389383160823
1185 6.845237499469038
1186 6.914496211303218
1187 7.08874096103974
1188 7.008096081175392
1189 6.693663478258711
1190 6.622154566527057
1191 6.817629014615695
1192 6.979331739030172
1193 7.311703702498515
1194 6.919732208379471
1195 7.265037096310493
1196 6.7019594105939895
1197 7.36274449647489
1198 7.232051226955927
1199 6.961594181289293
1200 6.510086539095666
1201 6.847194057064732
1202 6.861743974274181
1203 7.016394433227852
1204 7.020591552704357
1205 7.167666683599865
1206 7.181848891899404
1207 7.234674270746649
1208 7.071613093621213
1209 7.2254506767613345
1210 7.001578085169782
1211 6.867408058876129
1212 7.096364573825541
1213 7.103336532078033
1214 6.953415735780208
1215 6.957533435716783
1216 6.890120718644175
1217 7.310105853530487
1218 7.5304199968621734
1219 6.980980261585408
1220 7.352981775057348
1221 7.316972957073564
1222 8.148358585260155
1223 7.309472384916471
1224 6.995899300673622
1225 7.042806059616089
1226 7.163051218733401
1227 7.206412382003816
1228 6.87920632329152
1229 7.276613550404061
1230 6.975489056570807
1231 7.153580962757759
1232 7.056486593934276
1233 7.230981402945864
1234 6.769173013678983
1235 7.904225909831609
1236 7.703210435906843
1237 7.796096718740327
1238 7.529776315172613
1239 8.268530007723585
1240 7.9469650323345356
1241 7.689973655381653
1242 8.107475937159846
1243 7.9082055996530185
1244 7.93327169732836
1245 7.787356117025719
1246 7.694659643775834
1247 7.683676149754741
1248 7.2320499477273135
1249 7.098843289924855
1250 7.093736188749773
1251 7.549891421442753
1252 7.359644100147362
1253 6.927812578396881
1254 7.152915430453618
1255 7.196605548809205
1256 7.1140896852160385
1257 7.150915460141169
1258 7.057034508651561
1259 6.922082935559588
1260 7.234617012039407
1261 7.058311290394305
1262 7.003968536878351
1263 6.710777020392737
1264 7.450326688092946
1265 7.132206750736684
1266 6.96667219069785
1267 7.027745313775733
1268 7.285791133241581
1269 7.158832193945746
1270 7.004513478946816
1271 6.923798500950032
1272 6.800595342471031
1273 7.46048074957971
1274 6.827316854954667
1275 6.902260369944896
1276 7.238034073530792
1277 7.2147367475102495
1278 6.919147217675268
1279 6.8965208318782665
1280 7.316998479027286
1281 7.288508401691009
1282 7.252584297730109
1283 7.1435768483304685
1284 7.058658490596774
1285 6.98061765764576
1286 7.240591526113063
1287 7.125315248316288
1288 7.186303067899537
1289 7.0342712118268205
1290 7.120578484553165
1291 7.006283223914537
1292 7.467575641388934
1293 7.125429847369454
1294 7.091151478981121
1295 7.052850621548562
1296 7.194688426659575
1297 7.8525723809168815
1298 7.184437283564733
1299 7.065510014346406
1300 7.066905038243427
1301 7.153689142005379
1302 7.25645536167172
1303 7.292912593618064
1304 7.144145166892633
1305 7.094355290052155
1306 7.1397725824057865
1307 7.1640463474732545
1308 7.234988344267359
1309 7.105678148647154
1310 6.855438315104583
1311 7.111539094302151
1312 7.075606657603549
1313 7.027736558453629
1314 7.045065729020831
1315 7.018544750440483
1316 7.1044449919313015
1317 7.0759535692506965
1318 7.024182493032798
1319 7.071818638633151
1320 6.760980280789599
1321 6.929494154361987
1322 7.307644162314665
1323 7.432149912090238
1324 7.127619087985454
1325 7.334904476900482
1326 7.253995264014236
1327 7.326090332661064
1328 6.989681371394198
1329 7.495082227397017
1330 7.1928035141641935
1331 7.3771585357452425
1332 7.058402809749799
1333 6.996871852126712
1334 6.790714474401375
1335 7.222015832956414
1336 6.855649146203808
1337 7.259438167522473
1338 7.05805387803209
1339 7.152335469055846
1340 7.309039165035882
1341 7.46964963707163
1342 7.527809673057175
1343 7.242856579219695
1344 6.8786824104398026
1345 7.554604172725241
1346 6.65497864928517
1347 7.146470930014609
1348 7.389729194213759
1349 7.303854352340847
1350 7.204358483594557
1351 7.4780191097899555
1352 7.026535410827365
1353 7.5487137007554885
1354 7.146791887663906
1355 7.475788628655058
1356 7.269282956685244
1357 7.185012482709668
1358 6.875351409379595
1359 6.936225893797947
1360 7.191427374735007
1361 7.395134772612625
1362 7.14285474835213
1363 6.795559558592461
1364 7.120608600194476
1365 7.39731028303139
1366 7.255894237401477
1367 6.756932387253905
1368 7.342627348617
1369 7.030097636925691
1370 7.104864244025542
1371 7.053957909510352
1372 7.02729534649769
1373 7.445332102663946
1374 7.429902643004945
1375 6.693337224216024
1376 7.256414851315234
1377 7.339213598218801
1378 7.300368329767891
1379 7.489909298839014
1380 7.295932171386163
1381 7.11868879021103
1382 7.3746346904834805
1383 7.199490809636407
1384 7.062704132041827
1385 7.762149222975185
1386 7.3770564828629155
1387 7.429104910203164
1388 7.168768532000476
1389 6.929873180849692
1390 7.096040948051331
1391 7.149811862105809
1392 7.57621224728841
1393 7.179232575372584
1394 7.221357671889797
1395 7.0320716197016395
1396 7.545592988801146
1397 7.376414112552106
1398 6.97847014948123
1399 7.3764609215638
1400 7.124727670682174
1401 7.444032984075421
1402 7.181604042145015
1403 7.5511950314617335
1404 6.957005325614743
1405 6.95986663435549
1406 7.309052198736899
1407 7.224018218672935
1408 7.483653656233067
1409 6.833693589392166
1410 7.094618677085327
1411 7.170999779596649
1412 7.143420970405373
1413 7.379218504342577
1414 6.938755498637296
1415 7.39439666451406
1416 7.01322575935286
1417 7.410314092620718
1418 7.151134824025488
1419 7.324692278867585
1420 7.304531095698837
1421 7.470228513658953
1422 7.044420524761574
1423 7.500807623110568
1424 7.237903049569427
1425 7.513771358704454
1426 7.139160317645697
1427 7.038769288324519
1428 7.300939167101559
1429 7.261776579789674
1430 7.184959400077977
1431 7.509052239049907
1432 7.226603106424416
1433 7.369218235321113
1434 7.375720339067654
1435 7.482887250187404
1436 7.478286709998879
1437 7.485784790217584
1438 6.815182603339672
1439 7.002205342558866
1440 7.450229937304301
1441 7.314801759092273
1442 7.758126692278512
1443 6.9796441525317805
1444 7.2300977542251355
1445 7.095532797702941
1446 7.272070124772041
1447 7.162211927671742
1448 7.332905390286759
1449 7.24839799885407
1450 7.383124278261705
1451 7.393084269252328
1452 7.118198906841946
1453 7.280423206894825
1454 7.288412229503526
1455 7.284410801182889
1456 6.782268372974022
1457 6.783658826906833
1458 6.873309865791489
1459 6.426346210090479
1460 6.966178798123704
1461 7.188758666568143
1462 6.75980528789075
1463 6.798728657884162
1464 6.92183008256967
1465 6.993747618999193
1466 6.547981957749711
1467 6.902269945394534
1468 6.544531101981915
1469 6.839688729583985
1470 6.9827010527485545
1471 7.263447623538879
1472 6.913279663623815
1473 6.868161836988279
1474 6.838015563293972
1475 6.530278664552056
1476 6.842325564761889
1477 6.6621551448966425
1478 6.535026657992638
1479 7.373367137742534
1480 7.141067801300133
1481 7.323032134422316
1482 7.121964746149338
1483 7.504174424639987
1484 7.1030072567271105
1485 7.203142886509472
1486 8.057212417587369
1487 7.488872629616625
1488 7.386545501947546
1489 7.189157462866138
1490 7.294024629280217
1491 7.226518261784866
1492 6.938447230330876
1493 7.232999479867994
1494 7.158750740021004
1495 7.043605267151936
1496 7.456755363311437
1497 7.2014706863065765
1498 7.4563011093024025
1499 7.17668251470075
1500 7.538117388437894
1501 7.336261755194269
1502 7.029732725772069
1503 6.953077055483812
1504 7.239732652054277
1505 7.390081149708746
1506 7.227669850993789
1507 7.154473330058058
1508 7.177748011364605
1509 6.956136712832373
1510 7.114530214065596
1511 6.901549196912911
1512 7.054778138093047
1513 7.243204121322866
1514 7.214833094873759
1515 6.936148472036593
1516 7.067892264498793
1517 7.25464152374783
1518 7.13120224260293
1519 7.1904451180753375
1520 7.187198325515922
1521 7.389312536021803
1522 7.386336246472173
1523 6.992752847028252
1524 7.26617978014803
1525 7.146247374626032
1526 7.311076833973964
1527 7.091133248457919
1528 7.3160970486568315
1529 7.521508993649536
1530 6.989004767653571
1531 7.308838722779234
1532 7.29459804680468
1533 7.116781643693935
1534 7.796403604890056
1535 7.099546228546985
1536 7.2079464875037615
1537 7.426895287671693
1538 7.022912778876471
1539 7.400326771932142
1540 6.927326907293763
1541 8.00752471734927
1542 7.273698785899218
1543 7.253034571859689
1544 6.8339942716449285
1545 6.731706772518149
1546 7.02976335058747
1547 7.267070245069181
1548 6.88557947292793
1549 7.343150044503243
1550 7.548343391805688
1551 7.169251414814781
1552 7.286532677873611
1553 7.488187423549689
1554 7.465013175313826
1555 7.221077049640195
1556 7.401958322439246
1557 6.96022064452633
1558 7.131134514158488
1559 7.067000717261823
1560 7.299665966786882
1561 7.721497585059583
1562 7.244952599008399
1563 7.528751501814688
1564 7.2078816126127165
1565 7.534357884374028
1566 7.149008214617073
1567 7.800816231151633
1568 7.0334332112998394
1569 7.676164613278091
1570 6.910472531762433
1571 7.1080195242710085
1572 7.098982633781407
1573 8.102205349562476
1574 8.17454051219077
1575 7.639716215201749
1576 7.233913364144235
1577 7.736541491979029
1578 7.401381476401421
1579 7.562571745646333
1580 7.272754137083446
1581 6.978841956112112
1582 7.679287633877325
1583 7.106742687385412
1584 7.3145020215986705
1585 7.233335395097736
1586 7.60130723276988
1587 6.779914286815978
1588 7.663221313677678
1589 7.223282888585848
1590 7.1177751384127195
1591 7.338507780218313
1592 7.540992501831257
1593 6.778558992831309
1594 7.0025306957573275
1595 7.033703774408319
1596 7.32973474988758
1597 7.282259818940575
1598 7.3030178198055085
1599 7.2639282064397115
1600 6.516448795724607
1601 8.121610666679594
1602 6.8054038118468565
1603 7.026751044483981
1604 6.7092866347196845
1605 6.877853976446876
1606 7.622229875221709
1607 7.254883582864131
1608 7.183653298824297
1609 7.621732139366157
1610 7.249322060347716
1611 6.943028453567383
1612 6.869040531266054
1613 7.230274581586607
1614 7.425101797630214
1615 6.761291994000174
1616 7.248655303736038
1617 7.111762053548185
1618 6.783133091466123
1619 6.764690149323179
1620 6.558639039641989
1621 6.364717186340741
1622 6.972274224166978
1623 6.700308483795132
1624 6.709584036392693
1625 6.786161550458122
1626 6.924199599763729
1627 7.2247161785523
1628 6.96483881944916
1629 7.169921925128609
1630 7.086777539422237
1631 7.358816945773231
1632 7.209055282976648
1633 6.886633722751566
1634 7.38152707422115
1635 7.456848608375662
1636 6.96206149766727
1637 7.7321522858949265
1638 7.106318433071651
1639 6.965549194253086
1640 7.122908429886553
1641 6.787332793773148
1642 6.634161251236927
1643 6.896627090969274
1644 7.066258613681703
1645 7.319482877412709
1646 7.233405374726785
1647 7.608348384228578
1648 7.36708073101235
1649 7.305868670150066
1650 6.932826277426332
1651 7.010184085706959
1652 7.4215339902495145
1653 7.033475087504556
1654 7.518787246092921
1655 7.1419513926489016
1656 7.649545790389924
1657 7.945014943497533
1658 7.135959688309148
1659 7.553794459303994
1660 7.446114082710129
1661 7.144713250613418
1662 7.978337643228397
1663 7.502332462680688
1664 7.898952984274879
1665 7.416575206330626
1666 7.697017059080562
1667 7.298885783426364
1668 7.197374064589703
1669 6.852990198603787
1670 7.087416641872751
1671 6.9806736786613435
1672 7.273812988492334
1673 7.618714215045604
1674 7.216134311479458
1675 7.39235132755806
1676 7.416950692351371
1677 7.553486680779412
1678 7.088650533963999
1679 6.889438458274818
1680 7.036118699153749
1681 7.325520803695281
1682 7.355569551838824
1683 7.687278474631161
1684 7.4001277743946545
1685 7.0354661645169685
1686 7.212215169433706
1687 7.861749174611974
1688 7.05064624637281
1689 7.331417519190405
1690 7.089254603441707
1691 7.002116064265986
1692 7.107018342757943
1693 7.130170143172948
1694 7.125651393745853
1695 7.166519666582881
1696 6.93003709615179
1697 6.964289650489333
1698 7.026289454561596
1699 6.908889303038754
1700 7.628622557847608
1701 6.909901718801453
1702 8.200833904743101
1703 7.909616801552533
1704 6.871683850000386
1705 6.97772236209175
1706 7.990654627305024
1707 7.619854478277758
1708 8.451830743401285
1709 7.284529725393929
1710 6.961826233259864
1711 7.297552498396241
1712 7.260665022358975
1713 6.94481943248998
1714 7.112393100173303
1715 7.0270750671745335
1716 6.700391523962106
1717 6.731577514003243
1718 7.470988364941029
1719 6.483533691076613
1720 6.757519008164255
1721 6.821530672896854
1722 6.691839392918297
1723 6.8066887620273455
1724 7.553345244803482
1725 6.703657780897788
1726 6.889544485016114
1727 6.9983416866697565
1728 6.7706355892781485
1729 6.688434397237046
1730 6.900928618716515
1731 6.771623187590006
1732 6.405275393640394
1733 6.810066888770888
1734 6.728410121461288
1735 6.931197059870864
1736 7.386610038196679
1737 6.647451938423913
1738 7.067960912335222
1739 6.6454854424625305
1740 6.851003682828709
1741 6.60772563933374
1742 6.814314822483633
1743 7.221955611176552
1744 6.909911287988388
1745 6.930007101699015
1746 7.276114401267688
1747 6.798551642495107
1748 7.088987948275879
1749 7.6766801675741645
1750 7.096881348790623
1751 6.991965189916432
1752 7.194517394164019
1753 7.107235292091731
1754 7.042138513965588
1755 6.889924391800815
1756 6.860666077693303
1757 7.084134719127797
1758 7.408679866665666
1759 6.966783232939433
1760 6.952648780376166
1761 6.858858632902037
1762 6.790146298901892
1763 6.933606523254755
1764 7.063136341121786
1765 6.769014919302253
1766 7.058628841649831
1767 6.869384392354066
1768 6.9356544992987175
1769 7.215645470371548
1770 7.014473340185519
1771 6.8083115485383585
1772 6.658260583228043
1773 6.691583606703423
1774 6.654340890955794
1775 6.371200286129582
1776 6.70927673144887
1777 7.2342817685111696
1778 7.016189571528654
1779 7.0299995303248295
1780 6.697708579020372
1781 6.803393318887394
1782 7.17795914486678
1783 6.867975345873456
1784 7.0080561034307856
1785 7.031878331545755
1786 6.918999845574998
1787 7.013304142536947
1788 6.969273793780666
1789 7.052030382595651
1790 6.977053048946906
1791 6.7683648347282
1792 6.991452347855018
1793 6.711420796063587
1794 7.159056749946828
1795 6.9991865110293245
1796 7.007801003856388
1797 6.842661215898745
1798 6.9484882298110255
1799 6.797952601883337
1800 6.8752339530283315
1801 6.951718003290719
1802 7.067018055803769
1803 7.0713330422427445
1804 7.110489870393535
1805 7.245812053502461
1806 6.968692093227675
1807 7.0913627987637
1808 7.41589029830415
1809 7.362701163542845
1810 6.977337183516706
1811 7.180577529555032
1812 7.349475505480129
1813 7.203564946636367
1814 6.849769518474988
1815 7.279227426455587
1816 7.121613470855365
1817 7.214913158672163
1818 7.325415348311949
1819 7.711971407164498
1820 8.102410833523676
1821 7.856549914962496
1822 7.318506214724474
1823 7.574537720481411
1824 7.584309224286584
1825 6.867359462326538
1826 7.518422899465134
1827 7.62329503283956
1828 7.206990067069911
1829 6.906752849135034
1830 6.935740755331305
1831 7.181605458123647
1832 7.246912909634446
1833 6.918719057004127
1834 7.298637676877169
1835 6.997054471357667
1836 7.09150855970767
1837 6.699748114085105
1838 6.978490405572165
1839 7.190665756884792
1840 7.148400177754479
1841 7.341847843864201
1842 7.207045175346121
1843 7.064941800295602
1844 6.915502448553406
1845 7.036580425098424
1846 6.831534030988915
1847 6.446580402595302
1848 6.956888406004755
1849 6.987776385397712
1850 6.998868088070051
1851 6.862472261974814
1852 6.64485497725333
1853 6.905656978144144
1854 7.0772735770154585
1855 7.058762862740246
1856 7.02657026415406
1857 6.830855587493324
1858 7.210799629305674
1859 6.860533941128028
1860 7.261305751572059
1861 7.116963689863969
1862 6.969099661326955
1863 6.802616820084388
1864 6.9136762188896475
1865 6.904349899318182
1866 6.7812022868979565
1867 7.163147923470663
1868 7.180324917220398
1869 6.702963159529107
1870 6.928418222142483
1871 6.993758006111532
1872 7.103283386862342
1873 7.145798193012353
1874 7.014829603819897
1875 6.7408226035128855
1876 6.905036445744411
1877 6.811310119775536
1878 7.18647153215063
1879 7.137476640414133
1880 7.020689697773897
1881 6.866116145085887
1882 7.084570698212283
1883 7.076316500575522
1884 7.189126132250714
1885 7.130570016966145
1886 6.295794313715177
1887 7.07475785532177
1888 6.856542579942614
1889 6.828902577579473
1890 7.085793256800488
1891 6.641021375467937
1892 7.5337124786028875
1893 6.997584757269102
1894 6.961032805477326
1895 6.620448700870403
1896 7.217785955005374
1897 6.938246790051745
1898 7.251488634528318
1899 6.956503655789242
1900 6.44972924292286
1901 6.438860771917768
1902 7.0361566090824725
1903 6.769021228603796
1904 7.276479401529258
1905 7.0938871758976685
1906 7.223850563468629
1907 6.836772380545491
1908 6.695161230101185
1909 6.904132524084374
1910 6.958474848455549
1911 6.961343380436813
1912 6.490913037492081
1913 7.150234266387281
1914 6.675982468398705
1915 7.323864893454887
1916 6.8445210880344725
1917 6.866739433217041
1918 6.660614164057911
1919 6.8515991185203635
1920 6.785172401630252
1921 6.785127441024853
1922 7.073771596101033
1923 6.738875741309371
1924 6.559536511684163
1925 6.924192475825388
1926 6.585779142781424
1927 6.967241421727828
1928 6.975278934921983
1929 6.804414618618517
1930 6.961629394027969
1931 6.794310616560798
1932 6.913643471048327
1933 7.080327082018446
1934 6.971765884340494
1935 7.152303161541349
1936 7.049740646762267
1937 7.115140997476001
1938 7.536642034701235
1939 6.869964703587065
1940 7.054307020647246
1941 7.32985202033059
1942 6.810273418361921
1943 7.21878509643833
1944 6.915256775268354
1945 6.633220451955686
1946 6.704856104342707
1947 6.883364921407151
1948 6.742285246310814
1949 6.8817340032828485
1950 7.395847557992349
1951 6.800512266240197
1952 7.2028192919726655
1953 7.076787774246277
1954 7.196918517558828
1955 7.270344737342575
1956 6.829302077276717
1957 7.144282976749689
1958 6.924359516694828
1959 6.8546774552843
1960 7.1736189523558815
1961 6.762537246991543
1962 6.769920765878489
1963 6.829059859081696
1964 7.0394753155900665
1965 6.951476427248815
1966 7.277510137665404
1967 7.221125932624006
1968 7.109919016297862
1969 7.3758986658219206
1970 7.067000047494106
1971 6.976181872811012
1972 7.08661224024426
1973 7.013186281171261
1974 6.924816165310123
1975 7.149849674268698
1976 6.8060052421071315
1977 7.102199501695237
1978 6.749900515779936
1979 7.24825176093144
1980 6.974045367862486
1981 7.0399518695824295
1982 6.701399875415449
1983 6.867242846417645
1984 6.694579863862862
1985 6.7914271476734065
1986 6.798836205590233
1987 6.54267902902466
1988 6.685129232384832
1989 7.416012187843725
1990 6.932317160973811
1991 6.759594535656426
1992 6.792486643250835
1993 6.901769046488386
1994 6.663629325815043
1995 7.100900912744678
1996 7.3731276733220374
1997 6.856082985325608
1998 7.121827037424521
1999 6.999205010106304
2000 7.064220716443753
2001 6.8255089048552895
2002 7.286345085676634
2003 6.931492336675267
2004 6.918481225015557
2005 7.200239605588697
2006 7.407861099020468
2007 7.035174693951437
2008 6.642215658853976
2009 7.325297116798812
2010 7.315844445141032
2011 7.072561321473738
2012 6.881651838944229
2013 6.937677483415549
2014 7.270389588837218
2015 7.311109765554719
2016 7.037811135350487
2017 7.186705880093322
2018 6.942287993675046
2019 6.9542701404709195
2020 7.149292499052642
2021 7.069555050022018
2022 6.928339605526701
2023 6.84970004651026
2024 7.159738253026957
2025 6.9764379516175135
2026 7.371252130174603
2027 7.021406342623943
2028 7.047654795612676
2029 7.079764087874051
2030 6.732395112923048
2031 6.895588437900954
2032 7.02839731434582
2033 6.720981916842347
2034 6.791769441922879
2035 7.110583301080327
2036 7.226562058803033
2037 7.234731403396791
2038 6.9264940984205845
2039 7.18568007668646
2040 6.418102133429226
2041 6.897987496001681
2042 7.016178612361498
2043 6.953334404136993
2044 7.2259785206590434
2045 7.1241201081225
2046 7.199399274387316
2047 7.371385478796989
2048 7.210785284295385
2049 6.8937764339437395
2050 6.822534259906906
2051 6.802639839618494
2052 6.854809941530814
2053 6.89603140260262
2054 7.098170910358356
2055 6.962133536487008
2056 6.878258756316742
2057 6.957121556192658
2058 6.501449852730405
2059 6.715421861503613
2060 7.1048654919356595
2061 7.2762946719338855
2062 7.210809869300067
2063 7.176184838189778
2064 6.943003772999797
2065 6.799778296784492
2066 6.618646255400762
2067 6.953887742403224
2068 7.282951496899304
2069 6.683342994022647
2070 7.116940078449252
2071 6.868315618671531
2072 6.784098792792537
2073 6.87952555169304
2074 7.338416118242861
2075 7.176983517739532
2076 7.2439606867634865
2077 7.131054628008978
2078 7.027881574344982
2079 6.716120371894639
2080 7.2757699917539504
2081 7.1353979539523475
2082 7.2864525318170985
2083 7.0466328257570705
2084 6.979433677287923
2085 6.748164915688414
2086 7.060981894212579
2087 6.744326800549576
2088 6.926526499203554
2089 6.80930258777793
2090 7.429372785569831
2091 7.26593018135199
2092 6.8978566942072055
2093 7.481402613171987
2094 6.8997708664003
2095 6.901083780438423
2096 7.10345189434471
2097 7.028461121828417
2098 7.171846408794281
2099 7.141096127262512
2100 7.013847045795036
2101 7.238573948852402
2102 7.3794508649209645
2103 7.054220914891138
2104 7.439232649528166
2105 7.248044516144996
2106 7.044814953776873
2107 6.999640254257397
2108 7.3151577689897564
2109 6.8958946721452135
2110 7.037112691078836
2111 7.185721758519931
2112 7.269220726922846
2113 6.936667263358411
2114 7.5681227465548355
2115 6.817029244605292
2116 7.381824214183544
2117 7.270010579616163
2118 6.854344935371693
2119 7.166369922545549
2120 7.338052332401558
2121 6.735504822733005
2122 6.946142459602795
2123 7.31463605664603
2124 7.417333038294767
2125 7.0847465193381645
2126 6.795282414557519
2127 6.838551088407582
2128 7.079702620088574
2129 7.077393067186822
2130 7.153990728247994
2131 6.980887634620714
2132 6.8077121379026835
2133 7.255105949470643
2134 7.115838205620435
2135 7.502742143413991
2136 6.977914908462554
2137 6.773542531745759
2138 6.982388364838236
2139 6.968662408171737
2140 7.003901805166613
2141 7.132928952748285
2142 6.748184817673203
2143 7.174305586579805
2144 6.940052308334622
2145 7.2009959008222575
2146 7.2543953237636565
2147 7.027972743857711
2148 7.294315787462131
2149 6.846573422862576
2150 7.009762104983121
2151 6.968239085221411
2152 7.106095890143217
2153 7.2727536961281
2154 7.177305933747754
2155 7.005575273979078
2156 7.042277783722818
2157 7.033023993601757
2158 7.1915922564193515
2159 6.76761167690947
2160 6.887042077194147
2161 6.856494823093246
2162 6.558871686821975
2163 7.12305663465455
2164 7.151847013010274
2165 7.186605323711264
2166 7.175862934579772
2167 6.962674179584464
2168 7.225607394744771
2169 6.747403040768451
2170 6.9672589476678795
2171 6.9572318700428255
2172 6.66335721805457
2173 7.41505065610637
2174 7.152687277570187
2175 7.115659310932674
2176 7.223992727939026
2177 7.086961408534726
2178 6.829776149495349
2179 7.112765768416138
2180 7.038730492440799
2181 7.380685043571516
2182 7.177252247439826
2183 7.164058826888278
2184 7.399367927373685
2185 6.865189822172717
2186 6.858347213917052
2187 6.9707057940411445
2188 6.797833200132193
2189 7.53674159141753
2190 6.608992592020709
2191 6.633710442521978
2192 6.678852448314408
2193 6.955489694134487
2194 7.06896870251461
2195 7.148994171945398
2196 7.060031305980933
2197 6.871913966582068
2198 7.035348384110291
2199 6.873222802539292
2200 6.948203103650634
2201 6.833752521171489
2202 6.896091009127408
2203 6.766879261291517
2204 7.157753227803498
2205 6.999713453173959
2206 6.945511897133589
2207 6.81993281750651
2208 6.992268370164575
2209 7.066989523984528
2210 7.022722999137888
2211 7.015352335965155
2212 7.09360020455347
2213 6.969963827483179
2214 6.8977412436368635
2215 7.177545452153234
2216 7.425806331122303
2217 7.077180880944918
2218 7.17289507469859
2219 7.083491458983846
2220 6.925870343753901
2221 6.80754150314879
2222 6.924260580962172
2223 7.040976989727024
2224 7.454248342234774
2225 7.290258433704452
2226 6.992174573120998
2227 7.123590475151883
2228 7.031226728457941
2229 7.167981009292388
2230 7.398624419828948
2231 7.3927728529879655
2232 7.048927924710988
2233 7.116044584559342
2234 7.09104843885489
2235 7.429790836258913
2236 7.382202915650079
2237 6.956756715837688
2238 7.094278440382979
2239 6.971393885417919
2240 7.187974176816401
2241 7.245737008506388
2242 7.185346414799145
2243 7.096972854924348
2244 7.023387759543201
2245 7.204601247125991
2246 6.930140247226923
2247 6.862276421038045
2248 7.049056442970017
2249 7.026650025849517
2250 7.048098106694692
2251 6.987571524048851
2252 7.026875293542608
2253 7.004594349210326
2254 6.939788032836633
2255 6.876320937986236
2256 7.21500521582312
2257 7.195165269027902
2258 7.07681661340314
2259 7.28208058688548
2260 7.224666148411059
2261 7.422992619169382
2262 7.240808582978243
2263 7.2899155864671386
2264 6.953180868670172
2265 7.196344996352713
2266 7.154298557005302
2267 7.468716138251002
2268 7.272604650544512
2269 7.293971009644935
2270 7.466171080928385
2271 7.291509621832713
2272 7.238288593514041
2273 7.476959401246176
2274 7.032069581809872
2275 7.068021071971709
2276 7.024007902264943
2277 7.014373452319761
2278 6.9944101810106565
2279 7.178547653789486
2280 7.0690079286737735
2281 6.869452042246734
2282 7.0257499628317905
2283 7.676158088932713
2284 7.16605188295974
2285 7.460597846698456
2286 7.311928424624293
2287 7.424568212707539
2288 7.0812466102878435
2289 6.7954658671387795
2290 7.386556670929434
2291 7.229515050180621
2292 7.428206608498046
2293 6.882654246075466
2294 7.166300653984555
2295 6.770064986202703
2296 6.943891009323673
2297 6.76592468880001
2298 7.01772128184666
2299 6.96094823877998
2300 7.1333531905990055
2301 7.463170075045729
2302 7.550833142315091
2303 7.148008202207946
2304 7.309198763812905
2305 6.783917012786783
2306 7.035059112246268
2307 7.731730583760336
2308 7.571853322358137
2309 7.353117609439577
2310 7.185085753838404
2311 7.32740582224709
2312 6.863349124948161
2313 7.3516699905704215
2314 7.4461812786517685
2315 7.468882091259599
2316 7.124013750279417
2317 7.332831464712055
2318 7.684713811643731
2319 8.101553798472485
2320 7.190158105559728
2321 7.531703427968693
2322 7.158099697420953
2323 7.153055900827435
2324 7.35387295618745
2325 7.227481843540569
2326 7.79564600325164
2327 7.594872122960081
2328 6.753366634828412
2329 7.061139165037376
2330 7.2201081016311175
2331 6.9348073309397416
2332 7.338959252756092
2333 7.140026330112898
2334 7.736714823409958
2335 7.423801507810742
2336 7.334406685657976
2337 7.312537579761589
2338 7.45635762629564
2339 7.144772072687138
2340 7.593239561620683
2341 7.392012957311539
2342 7.082130009682999
2343 6.8543392716685805
2344 8.109055452084046
2345 7.314678213714103
2346 7.2267177616167375
2347 7.1074828476058975
2348 7.056744523022407
2349 7.284405951147717
2350 7.266536520053112
2351 7.221369545811844
2352 7.052771959179586
2353 8.00073593067186
2354 7.51913290914889
2355 7.177608784839709
2356 7.174685141360668
2357 6.920794328450137
2358 7.713603646745691
2359 7.157639940520893
2360 7.461380323595158
2361 7.230052338535681
2362 7.002767603068237
2363 7.162734216524145
2364 7.184713329477515
2365 7.406806396918988
2366 7.417986812352332
2367 7.5711010312945
2368 7.283272858394245
2369 7.362271884118897
2370 7.124559666195761
2371 7.7190111770024155
2372 7.467835152539282
2373 7.004907965757821
2374 7.510749224909863
2375 7.347643899093454
2376 7.452343163097822
2377 7.222956570598047
2378 7.57403526419325
2379 8.082643116839224
2380 7.247414060351638
2381 7.676516069957835
2382 7.402838821413751
2383 7.248324358345743
2384 7.853134445462257
2385 8.029870005723298
2386 7.124754814065142
2387 7.23803438766517
2388 7.132467708389011
2389 7.003947263672589
2390 7.258201021591499
2391 7.439554404236639
2392 7.135118300683083
2393 7.174124177162386
2394 7.0918614552952235
2395 7.151922765890618
2396 7.282282527930326
2397 7.0257579388126645
2398 7.098996154777238
2399 7.443939210623104
2400 7.180196945829584
2401 7.415540932099342
2402 7.133199373360808
2403 7.3541703795689815
2404 7.3658469264797235
2405 7.298874334033453
2406 7.389183515707066
2407 7.42539169205478
2408 7.243639671544653
2409 7.478133668688621
2410 7.193639364640544
2411 7.035355594416091
2412 7.390313960809722
2413 7.394499447955911
2414 7.430873441341542
2415 7.283985270188355
2416 7.506054666446463
2417 7.118384998566044
2418 6.996605001942693
2419 7.112687388456138
2420 7.126770610745595
2421 6.900008339353066
2422 6.854076060373429
2423 6.9517890585859945
2424 7.31392183500355
2425 7.410562579938222
2426 7.382760970916683
2427 7.388085536506423
2428 7.34296391613422
2429 7.38159438756925
2430 7.237178714241455
2431 7.550497050529423
2432 7.447019128007118
2433 6.9985658186004915
2434 7.541195447901481
2435 7.1005951022198
2436 7.72404839939821
2437 7.1978351806365914
2438 7.244794931828701
2439 7.095442107703232
2440 7.129146408022375
2441 7.4911821415536215
2442 7.483087581674473
2443 7.3460510127996805
2444 7.176895162411706
2445 7.232603478611329
2446 7.263286498210817
2447 7.234481463393452
2448 7.292655127856677
2449 7.04940379196197
2450 7.129978254753116
2451 7.03482744717441
2452 7.16215645411445
2453 7.179457106811318
2454 7.11710708458598
2455 6.959016718258604
2456 7.150021204337017
2457 7.210148622883798
2458 6.918990392642606
2459 7.424449143313709
2460 7.321296598665723
2461 7.390966418705421
2462 7.24207576222246
2463 7.246383834842243
2464 7.060168903323728
2465 6.881709231183981
2466 7.012051806940985
2467 7.281358072856343
2468 6.872651474909636
2469 7.700333012941707
2470 7.414078402353996
2471 7.41175134047315
2472 7.358831992755635
2473 7.212350266863915
2474 7.4404860549271294
2475 7.469244524667843
2476 7.070096991627855
2477 7.3387507475813765
2478 7.174889218001858
2479 7.413705570012577
2480 7.257811815308014
2481 7.3726179938182295
2482 7.236655113236668
2483 7.254743799641714
2484 7.427638188895444
2485 7.091687839802478
2486 7.438395772417085
2487 7.277039837633252
2488 7.329458748278603
2489 7.169621816703201
2490 6.992301801359482
2491 7.256942603323479
2492 7.002840316683831
2493 7.610415683203373
2494 6.89235785229151
2495 7.281381986360894
2496 7.323213086026031
2497 7.494473079439635
2498 7.493292982258651
2499 7.269503899344599
2500 7.613684441367455
2501 6.949088350840985
2502 7.483749337053298
2503 7.241672281325253
2504 7.4385014702686325
2505 7.09385167199924
2506 7.208333475405397
2507 7.321159032927556
2508 7.434563742252864
2509 7.218064056393191
2510 7.300242253225694
2511 7.300900581941771
2512 7.267017164625917
2513 7.35405368826892
2514 7.246605848622572
2515 7.277962472701934
2516 7.20591187239398
2517 7.27044668524024
2518 7.516065289127889
2519 7.408414552360119
2520 7.453602226648996
2521 6.910110457509414
2522 7.206320361779194
2523 7.321712677667152
2524 7.250779360188414
2525 6.974890327710834
2526 6.9162720299819975
2527 7.727529356738997
2528 7.537232122562221
2529 7.240767165774477
2530 7.193425557212052
2531 6.921654429299082
2532 7.440328963388782
2533 7.240247589226555
2534 7.395166014257839
2535 7.466739802851434
2536 7.1142823459718745
2537 7.213721325627573
2538 6.934235648611745
2539 7.255600568438926
2540 7.398629040875163
2541 7.183427704940943
2542 6.992934927135215
2543 7.648383785051826
2544 7.207152496155402
2545 7.391127650665132
2546 7.36329540590283
2547 7.268146586866909
2548 7.003048891548726
2549 7.258049475206269
2550 7.365258317382878
2551 7.172285141947346
2552 7.2713246665548645
2553 7.117862656079935
2554 6.932325663182565
2555 7.155232300415443
2556 7.556005198418147
2557 7.155314542579103
2558 7.544231297013967
2559 7.045850747298374
2560 7.2051875659252005
2561 7.214269530026377
2562 6.7271596695861025
2563 7.1553192105754215
2564 6.848395793616239
2565 6.937079361800727
2566 7.04248612213366
2567 6.99897614525893
2568 6.905577940184896
2569 7.226718085630485
2570 6.893888336547383
2571 6.910528403631595
2572 6.751538420720405
2573 6.958223846327913
2574 6.967572061451053
2575 6.740905727962681
2576 6.684087656526334
2577 6.874038020845557
2578 6.935053736841598
2579 7.052903411069945
2580 7.031434537249232
2581 6.9762713170168125
2582 6.87110583313107
2583 6.987948197624879
2584 6.786000320424939
2585 6.907356149851319
2586 6.496847374730159
2587 7.258403696551486
2588 6.964486644357122
2589 7.124345523721694
2590 6.9567677752923585
2591 6.779829991581878
2592 6.879115115131266
2593 6.7964542556170064
2594 6.860522367410673
2595 6.8314638684038975
2596 6.884179948359469
2597 7.015156711151675
2598 7.133723780173372
2599 6.801193796828268
2600 6.961654861865195
2601 7.049987215660224
2602 7.128955010384093
2603 7.13727327518325
2604 7.40681684935947
2605 6.82195176584954
2606 7.210628966241312
2607 7.1808541377427755
2608 7.193093154568399
2609 6.902691425928011
2610 7.158951761651768
2611 7.033299699963203
2612 7.316126158514362
2613 7.04179607540321
2614 6.7385863719711265
2615 7.212237710722454
2616 7.021504812933013
2617 7.264602888123616
2618 7.085016335325513
2619 7.131953835134179
2620 7.277559958910114
2621 7.064005815643176
2622 7.344053201390377
2623 7.105371091580219
2624 7.103032670073166
2625 6.8641729972673815
2626 7.159206887499185
2627 7.256124870401319
2628 6.73640869939903
2629 7.026747005804035
2630 6.830088432747238
2631 6.870656230086951
2632 6.889242294469885
2633 7.1335675816180295
2634 6.947953432742328
2635 7.178936588588417
2636 7.16049143107187
2637 6.921695954753799
2638 6.916925084412108
2639 7.234907595555822
2640 7.233376473214966
2641 7.296212788729277
2642 7.044592906147109
2643 7.593926326576774
2644 6.837961791792635
2645 7.049320136477121
2646 6.647477581002468
2647 7.695187901858345
2648 7.0716287294091575
2649 7.277718047064788
2650 7.237247389883076
2651 7.483541553591172
2652 7.1864109699430925
2653 7.481305380774443
2654 7.210704019022641
2655 7.106618590123611
2656 7.289513301233844
2657 7.2060582106088225
2658 7.070784157523946
2659 7.031915701227941
2660 7.058419237843804
2661 7.869133375232696
2662 7.675716155963487
2663 7.135240739307828
2664 7.304746390364113
2665 7.055308366232392
2666 7.455763783669556
2667 7.206026371559065
2668 7.230225956028259
2669 7.230555106799467
2670 7.075695540184448
2671 7.318609019126004
2672 7.126413991162932
2673 7.286769371098243
2674 7.435180855046179
2675 7.550720721627334
2676 7.257206521266665
2677 7.290733071800213
2678 7.364401282538598
2679 7.195349244042672
2680 7.59285681388653
2681 7.185897396879234
2682 7.197842680515669
2683 7.142340298433016
2684 7.322833387393864
2685 7.622983200878249
2686 7.320466582739391
2687 7.183662916433436
2688 7.192620985041376
2689 7.484451690806982
2690 7.3281483848155595
2691 7.559577037384764
2692 7.304280248889587
2693 7.262583026291177
2694 7.159789153342396
2695 7.433925683995028
2696 7.549222931401543
2697 7.5455823453012885
2698 6.916878293246309
2699 7.336430613515289
2700 7.323319796057086
2701 7.780256554249379
2702 7.617276564614305
2703 7.137291575002261
2704 7.702284203965161
2705 7.56911441046336
2706 7.480230207606733
2707 7.186739591990457
2708 7.3258704875521214
2709 7.500780835805669
2710 7.2499395522305194
2711 7.165437810734126
2712 7.433076743588692
2713 7.316820159989192
2714 7.541671358667186
2715 7.68802598901493
2716 7.54351307601436
2717 7.299190133248436
2718 7.2589134841231395
2719 7.255431949487169
2720 7.360165344733106
2721 7.042448406169951
2722 7.085961826950051
2723 7.21653057586411
2724 6.996919613560449
2725 7.742416082727646
2726 7.649810788465945
2727 7.174362221996612
2728 7.227155636559048
2729 7.311773849765079
2730 7.230404570979693
2731 7.309325777156474
2732 7.503102539698867
2733 7.048212340953777
2734 7.285358415372939
2735 7.137549352237245
2736 7.362121360590857
2737 7.514168851233566
2738 7.478267834501815
2739 7.2791489017470745
2740 7.450178055758594
2741 6.936232678473898
2742 6.988895481151016
2743 7.076197654632571
2744 7.354123261864273
2745 7.090937395146166
2746 7.232768415762387
2747 6.987634239158113
2748 7.188799575726509
2749 7.348081667166318
2750 7.254482616544047
2751 7.1773155414512635
2752 7.286028012798162
2753 7.624919622140578
2754 7.14909488227262
2755 7.60245133582432
2756 7.148599978538829
2757 7.364255863523114
2758 7.1691647179438895
2759 7.635982102680347
2760 7.132923726440352
2761 7.118519505445519
2762 7.9112972951785245
2763 7.324834654584151
2764 7.372252240483678
2765 7.1951285528805995
2766 7.253380358983875
2767 7.118807568643764
2768 6.989118283892368
2769 7.388239987577892
2770 7.57672240730361
2771 7.317503875780858
2772 7.48814416910367
2773 7.215468354315117
2774 7.282415610089568
2775 7.125285584274989
2776 7.368792168420073
2777 7.168159679479459
2778 7.062741308775197
2779 7.440192240753345
2780 7.339189371889706
2781 7.260294935349723
2782 7.018192703789246
2783 7.554903322072511
2784 7.417545550135048
2785 7.3281765332937505
2786 7.431083400522025
2787 7.426331459077579
2788 7.577727553301806
2789 7.1320272405265674
2790 7.443540410209346
2791 7.7613684105985685
2792 7.150315945397942
2793 7.41169630455522
2794 7.2467685901289585
2795 7.415977530738216
2796 7.43787706767263
2797 7.449448404895407
2798 7.2960633327345406
2799 7.283424425189469
2800 7.345391836556253
2801 7.29373380609418
2802 7.602316056281186
2803 7.382101073724818
2804 7.51253450869263
2805 7.308740705773786
2806 7.107555770579855
2807 7.216472293056605
2808 7.12640929703501
2809 7.329691125974838
2810 7.185509607812387
2811 7.471853464296118
2812 7.359643008126468
2813 7.2271834754393725
2814 7.4351456563933365
2815 7.183001405405338
2816 7.216014729156621
2817 7.234957304917601
2818 7.27983216695449
2819 7.222381610698556
2820 7.264431926829726
2821 7.163120870518844
2822 7.274434417947128
2823 7.437394153870351
2824 7.475249929286892
2825 7.2407028422900845
2826 7.343415674401555
2827 7.2762720129135285
2828 7.139467135656946
2829 7.655175346101164
2830 7.194251570161495
2831 7.220339150109759
2832 6.9622731734001935
2833 7.290020424482271
2834 7.279510508612778
2835 7.46933642820906
2836 7.15166699890343
2837 7.253471137086957
2838 7.807521636370686
2839 7.223111470513559
2840 7.849794014290064
2841 7.529735050351899
2842 7.545630613806959
2843 7.563905111311546
2844 7.435262136471827
2845 7.107597783700929
2846 7.567429113991951
2847 7.097337008250159
2848 7.636112572282458
2849 7.232177339132793
2850 7.39036321977568
2851 6.8850633743571885
2852 7.213717074316432
2853 7.0449468627026794
2854 7.474681082087114
2855 7.129135163611643
2856 7.0162296113438956
2857 7.239273538319009
2858 7.397125918342261
2859 7.116233387917688
2860 6.77879574684447
2861 7.068650043679658
2862 7.157484073921604
2863 7.079196619580436
2864 7.3848833527956135
2865 6.987005557351146
2866 6.97488878130856
2867 7.080858416231639
2868 7.19353449549979
2869 7.02960745768711
2870 7.22519811599459
2871 7.137220063255278
2872 7.09985649966126
2873 7.198563391624587
2874 7.068496031544328
2875 7.181619069201201
2876 7.017802313526026
2877 7.111499727986982
2878 7.132117506557771
2879 7.128754680374709
2880 7.252293118939516
2881 6.9674841725508445
2882 7.2591686052933015
2883 7.291125708605406
2884 7.034547534548711
2885 7.466565593704264
2886 7.4579667478434635
2887 7.242680263199104
2888 7.2873394421628195
2889 7.203746350093846
2890 7.17258035044053
2891 7.1216293042563885
2892 7.504837041776589
2893 7.262005835873017
2894 7.627707973622374
2895 7.182263435522559
2896 7.469909726384827
2897 7.210008678120918
2898 6.986389643920319
2899 6.9826457284161085
2900 7.2604920426443655
2901 7.241526390206447
2902 7.213199469474737
2903 7.366493782163004
2904 7.182211248563498
2905 7.292629691411714
2906 7.083266539368905
2907 7.1469233381178245
2908 7.006386366531541
2909 7.097005155155285
2910 7.120110297596273
2911 7.355203146259526
2912 7.3199902309819365
2913 7.25201898591232
2914 7.16439224610222
2915 7.129769551005271
2916 7.4740734782935565
2917 7.221662553648231
2918 7.2796895992271695
2919 7.29637721780861
2920 7.499278491599848
2921 7.178628210054557
2922 7.334398020460154
2923 7.177732205006226
2924 7.053511003117709
2925 7.371612803742398
2926 7.288359505902587
2927 7.422109542315517
2928 7.193961046810328
2929 7.028278334059443
2930 7.394587559032531
2931 7.433224785167275
2932 7.294028095287159
2933 7.385694541551875
2934 7.87511697315077
2935 7.157357002059163
2936 7.138975570299422
2937 7.177265698619084
2938 7.413442289237715
2939 7.308442444071187
2940 6.929389511687045
2941 7.0026580060072785
2942 7.045323326714569
2943 7.503785158325882
2944 7.122311922206785
2945 7.129308687106139
2946 7.19390571236483
2947 7.401452521433469
2948 6.910292204745638
2949 7.155000043605711
2950 7.18375403735131
2951 7.710611442970929
2952 7.583709135181091
2953 7.564801340568972
2954 7.423926533002432
2955 7.648065123929089
2956 7.256127544935237
2957 7.298478179799735
2958 7.239779241056947
2959 7.36813519872562
2960 7.263548880894895
2961 7.0436073884401535
2962 7.283366305622613
2963 7.229143957080732
2964 7.1883940036484875
2965 7.2873398604610236
2966 7.219371830437812
2967 7.300838205420804
2968 7.205749537184477
2969 7.171968194798832
2970 7.27461414580993
2971 7.229528960068569
2972 7.149869152760131
2973 7.451653108518404
2974 7.126643969098762
2975 7.339517208721851
2976 7.271415480248078
2977 7.33145355135884
2978 7.786431893820917
2979 6.832810320461959
2980 7.517163710577622
2981 7.254685559054352
2982 7.096853087365501
2983 7.126147048030407
2984 7.369897221276893
2985 7.232364518706429
2986 7.775335002016228
2987 7.019511957306844
2988 6.7875893049140075
2989 7.4784072274944
2990 7.154518112825268
2991 7.053577613202893
2992 7.209275241809657
2993 7.0901633875445125
2994 7.072317132848477
2995 7.707493584179433
2996 7.4047174821499055
2997 7.220029168205746
2998 7.639753520918663
2999 7.556213635926331
3000 7.311432346996482
3001 7.486030812703149
3002 7.171749670112153
3003 7.350247703566537
3004 7.225725151303595
3005 7.108273531507104
3006 7.118198672141306
3007 7.3218579362703675
3008 7.231710186195229
3009 7.377108787567092
3010 7.217860662933662
3011 7.542891967167893
3012 7.615556122122535
3013 7.170585809297494
3014 7.400008775186046
3015 7.317139961313069
3016 7.501271106042528
3017 7.271057618587605
3018 7.32302512225123
3019 7.138941328252421
3020 7.3191304823494665
3021 7.21486198127187
3022 7.26445718444493
3023 7.112225866525395
3024 7.473759385683887
3025 7.496218637928242
3026 6.9552127291492445
3027 7.5169445316237455
3028 7.3719923574047534
3029 7.2398369600602965
3030 7.07565585680963
3031 7.31430152701917
3032 7.033927657294107
3033 7.037392110797327
3034 7.214292574438313
3035 7.42470109662759
3036 7.143636541579233
3037 7.53513112400311
3038 7.249156061059669
3039 7.521805853954558
3040 7.062992220428874
3041 7.230522321209372
3042 7.28436355967807
3043 7.5241831259589365
3044 7.1964597674727475
3045 7.177379093248917
3046 7.1177785630833
3047 7.438874669048087
3048 7.287419972737908
3049 7.1693360265798125
3050 7.307887386734455
3051 7.282111550535352
3052 7.129067197137032
3053 7.202668483464615
3054 7.177220956073354
3055 7.126464266342743
3056 7.192200405198488
3057 7.237203156722698
3058 7.320382469256266
3059 6.938722519116028
3060 7.1155587126878075
3061 7.261253509341913
3062 7.185544856547832
3063 7.092344862945455
3064 7.454782063280359
3065 7.0366116659121385
3066 7.396945924697163
3067 7.44580816948695
3068 7.2292184915787345
3069 7.495373494402638
3070 7.040419877959106
3071 7.1170688436076155
3072 7.079392394369629
3073 7.037792708066992
3074 7.377154193233716
3075 7.744528445550798
3076 7.099997706570127
3077 7.222898160162336
3078 7.515535495720809
3079 7.2514513938301945
3080 7.077927389841857
3081 6.820676157507376
3082 6.835212610368826
3083 6.97586692882433
3084 6.831860872092563
3085 6.904979434993242
3086 7.619001507484329
3087 7.25558606247895
3088 7.109334575067285
3089 7.401830684926956
3090 7.265023497695813
3091 6.92770310944711
3092 7.591679875880163
3093 7.232386670650191
3094 6.952997599532655
3095 6.93047964312748
3096 7.097801603280952
3097 6.971513041894994
3098 7.2769711589922945
3099 7.360695917244129
3100 6.79420716731576
3101 7.516675339075939
3102 6.990370000815632
3103 6.8078892465040255
3104 7.143456478506755
3105 7.339714096446542
3106 7.110198512125251
3107 7.1804529286532
3108 7.168874250157099
3109 7.086273482852526
3110 7.098504082526197
3111 7.541711917928302
3112 7.148375067272231
3113 6.963131584995424
3114 7.218047937642112
3115 7.166140206162226
3116 7.442202531251524
3117 6.809922716092067
3118 7.373390806224087
3119 7.347533608910012
3120 6.922985782224112
3121 6.849677164334902
3122 7.070849269397249
3123 7.819906024880349
3124 7.476691639421586
3125 7.163332846657538
3126 7.136650708211015
3127 6.9212313642761005
3128 7.628016903026484
3129 7.0672801240142284
3130 7.248160380397947
3131 7.23264181646542
3132 7.392231067890183
3133 7.121667162534601
3134 7.156596145235526
3135 7.089274873526498
3136 7.247302819270679
3137 7.470089146791059
3138 7.025238709021779
3139 7.072089935305274
3140 7.266486453345464
3141 7.131223960834311
3142 7.186239395578629
3143 7.037042206238017
3144 7.037691272157817
3145 7.289974106007915
3146 7.198113001273719
3147 7.130961999038055
3148 6.886720773649355
3149 6.958276538341802
3150 7.356886534822383
3151 7.149580783697411
3152 7.0094438056141355
3153 7.118438155360175
3154 7.658871174777994
3155 7.1358218656207555
3156 7.154399009717126
3157 7.194110715687726
3158 7.2660962314430355
3159 7.101065796523565
3160 7.305489732958066
3161 7.151634526733593
3162 7.2141940877752075
3163 7.286189883011359
3164 7.1399920546875455
3165 6.894962604023202
3166 7.070006103143901
3167 7.227819089244457
3168 7.149721932488689
3169 7.08503499721968
3170 7.115919014492772
3171 7.221370142899485
3172 7.109275705649827
3173 7.013379145812933
3174 7.228943501629277
3175 7.335689980486762
3176 7.1089504534254075
3177 7.263891637612235
3178 7.151334261101563
3179 7.180656182420532
3180 7.261040268234772
3181 6.814078049082627
3182 7.0391760242003345
3183 7.106858994424921
3184 7.107069676881037
3185 7.347400814199979
3186 7.13184884892397
3187 7.360873844196358
3188 7.1101900206098385
3189 7.660849560415976
3190 7.367556367890228
3191 6.857752228386414
3192 7.375084061056676
3193 7.575173637907369
3194 7.262663125282145
3195 7.412618712062258
3196 7.236611138280495
3197 7.128053419482085
3198 7.463098156259936
3199 7.135380383471092
3200 7.400955983762941
3201 7.004637701158429
3202 7.253682691341108
3203 6.985792592419718
3204 7.129216620512575
3205 7.000976026765924
3206 7.03941581295251
3207 7.098920168580952
3208 7.083517357308666
3209 6.917856844092048
3210 6.848927984766012
3211 7.104222485319608
3212 7.00758213207372
3213 7.708895934302358
3214 7.032243567080264
3215 7.0393940855592625
3216 6.853690073841823
3217 7.382370634582657
3218 7.059778378540543
3219 7.326799804188849
3220 7.269846609359228
3221 7.2644784837589125
3222 7.264381027959206
3223 6.821396613491342
3224 7.449825205422468
3225 7.110542776156647
3226 6.841132315718096
3227 6.858098178800534
3228 7.068282421589642
3229 7.487178429213457
3230 7.529451263514356
3231 7.320357757030857
3232 6.938353759630973
3233 7.231067242366905
3234 7.4889400305514755
3235 6.949628516040861
3236 7.805430235957822
3237 7.2283820970222
3238 7.209460732511666
3239 7.111070197687791
3240 7.081279706768916
3241 7.391700186588231
3242 7.067158073858597
3243 7.048101257446382
3244 7.156132232981383
3245 6.7824986178930535
3246 7.222799377613876
3247 7.521086437196981
3248 6.7987305412953205
3249 6.815830594098224
3250 7.298238771921166
3251 6.939685509994354
3252 7.113000061533671
3253 6.86244938005623
3254 7.3828348937859305
3255 6.61776380599219
3256 6.766442316144236
3257 7.333837057210707
3258 7.130738671875222
3259 7.100247105773658
3260 6.953450440819327
3261 7.116538280730853
3262 7.271062048063539
3263 7.374831237102928
3264 7.338373413167041
3265 7.130358262469075
3266 7.103100062413173
3267 7.428717749116057
3268 7.076169498028154
3269 7.383007211577885
3270 7.609240136774198
3271 7.388411789415633
3272 7.420855130455744
3273 7.278059557293299
3274 7.31865826676443
3275 7.717923407017806
3276 7.403854514514532
3277 7.134680870741121
3278 7.098437754749837
3279 7.094524525282282
3280 7.015758149963659
3281 6.981108257379862
3282 7.42545521166842
3283 7.230202085482544
3284 7.119405620421066
3285 7.258693678295562
3286 7.369047427293668
3287 6.80690856263361
3288 7.0034392535519405
3289 7.051043489410736
3290 7.08065625024462
3291 6.8828830910941345
3292 6.841944142885953
3293 6.889800367965077
3294 7.164245209317206
3295 7.075403478161895
3296 7.238521909077338
3297 6.80704593549147
3298 7.0326701057551295
3299 7.187239205231822
3300 7.177132965666092
3301 7.233606205137706
3302 7.211360984721219
3303 6.933748672421095
3304 7.305997654108368
3305 6.828357749780342
3306 6.974304610512864
3307 7.207959981358663
3308 6.979962246657004
3309 6.7300470406211295
3310 7.281377040304597
3311 6.99993000041341
3312 7.18004187111801
3313 7.210888081740963
3314 7.177358920701616
3315 7.252255583437035
3316 7.075488791659765
3317 6.968422170483743
3318 6.841142155792839
3319 6.9921576596454385
3320 7.042340377010896
3321 6.8841090596806565
3322 6.925753105578484
3323 6.9317728576723585
3324 7.037780093891867
3325 7.02050829925905
3326 7.024941016272355
3327 7.0706898710415
3328 7.074765181626061
3329 6.9793940771319845
3330 7.139064373611795
3331 6.836712071636204
3332 7.302594258050041
3333 6.990106844423229
3334 6.971167659987848
3335 7.125033795485185
3336 7.0109340432475875
3337 6.941779514623604
3338 6.989173010901307
3339 6.783867769310789
3340 7.236718373172519
3341 7.187694951560674
3342 6.926330707085535
3343 7.248091237835855
3344 6.995308097819512
3345 7.054767155254833
3346 7.108744098141613
3347 6.727534306714598
3348 7.111172970964787
3349 7.130645042521673
3350 6.912080275897866
3351 6.985524026892114
3352 7.083942610017286
3353 7.167600006047117
3354 6.957643821683073
3355 7.129287540716549
3356 6.913860388637831
3357 7.005183661637275
3358 6.924201303632431
3359 6.91456388709408
3360 7.180552463660257
3361 7.211960832307522
3362 6.98846725596117
3363 7.267483139155375
3364 7.126638078419041
3365 7.162266744245516
3366 7.315724527667127
3367 6.943549345053398
3368 7.047501206350494
3369 7.057048833218075
3370 6.867912044595034
3371 7.0124286505585935
3372 7.184177531225888
3373 6.903972839656657
3374 6.907530820615785
3375 7.120623645530159
3376 7.034896448523386
3377 7.0243581348836335
3378 6.888235906142257
3379 6.970812271972174
3380 6.845814477503694
3381 7.3101750296721875
3382 6.914798081364295
3383 6.8625840559085125
3384 7.208031928105712
3385 7.186700007429642
3386 6.9876828026506566
3387 7.2792291288468345
3388 7.14409068076018
3389 7.216756146299156
3390 7.058139546154402
3391 6.9153485935479
3392 7.2751174426320055
3393 7.2230606120051775
3394 7.194999864280784
3395 6.995056651168317
3396 6.911200144981049
3397 7.341430008513026
3398 7.021356487537004
3399 7.1616267319331195
3400 7.043588648963863
3401 6.908789984977992
3402 7.37291456983341
3403 6.897765371319137
3404 6.942790517981948
3405 7.194944420614312
3406 6.922256809554897
3407 7.002796375206618
3408 6.93761963659853
3409 6.961364123931603
3410 7.07810315131343
3411 6.9844014342505965
3412 6.7006790145435815
3413 6.868301457468773
3414 7.043280735617533
3415 7.146629667695456
3416 7.007588707356609
3417 7.116393802743356
3418 6.9696862763408856
3419 7.202726101928479
3420 6.920174617317254
3421 6.918023507449717
3422 7.157461393293891
3423 7.014298099767921
3424 6.977534209054617
3425 7.116626928424528
3426 7.069085908011868
3427 7.114256034109343
3428 7.03814283854061
3429 6.922121092987709
3430 7.203985346099542
3431 6.9585975678132685
3432 7.043387491156569
3433 6.973300258595486
3434 7.121253805390143
3435 7.1036707863808015
3436 7.057330352569774
3437 6.98023981824162
3438 7.219245754995149
3439 7.398134920405807
3440 7.112222591773524
3441 7.249558343172225
3442 6.932845625076334
3443 6.863535085016443
3444 7.278931129952366
3445 7.18619212143432
3446 7.372250394680286
3447 6.908778582965451
3448 7.292932097952154
3449 7.015357735047806
3450 6.952186377636516
3451 7.141300793510232
3452 7.447445839542289
3453 6.928266029504364
3454 7.206129071465427
3455 7.465070355245265
3456 7.277425055898522
3457 7.317495117623756
3458 7.300235642909897
3459 7.4929911091871935
3460 7.231687190819649
3461 6.984847960812392
3462 6.914914731730734
3463 6.9392249932529095
3464 7.395153784622475
3465 7.054284315945258
3466 6.952049007975696
3467 7.04860202846482
3468 7.114628537432572
3469 7.002528119901991
3470 7.1087466813474895
3471 6.951568933124025
3472 7.335475829093638
3473 7.519572754008272
3474 7.126390107805048
3475 7.2822603038802685
3476 7.216538929950882
3477 7.263818286643193
3478 7.008593885399788
3479 7.165042188539328
3480 7.071715311642553
3481 7.095887494388478
3482 6.921129130210022
3483 7.267337977919393
3484 7.002043964396296
3485 7.152305140741782
3486 7.127543981713877
3487 7.218354118860634
3488 7.057359664649673
3489 7.0090710804747935
3490 7.137118046075159
3491 7.323107671548304
3492 7.124663372329185
3493 6.867414261497279
3494 6.997788188167464
3495 7.217616763269249
3496 7.314970351761325
3497 7.475338359933717
3498 7.274941715894823
3499 6.796796771267049
3500 7.070237573335748
3501 7.201194433677111
3502 6.98243137792806
3503 7.214526284806979
3504 7.14526521317134
3505 6.900736495919299
3506 7.103266058423845
3507 7.216132820537641
3508 7.054565137709269
3509 7.026140877042128
3510 7.327302594723575
3511 7.0437317524151775
3512 7.302709872098646
3513 7.61096743063276
3514 7.3053350294768915
3515 7.134627490859442
3516 7.427976290350883
3517 7.378643608904009
3518 7.205590426373453
3519 7.290716200603388
3520 7.256879797911988
3521 6.983907775585355
3522 7.757472083230543
3523 7.1280564143801515
3524 7.706482759718541
3525 6.9788239103273275
3526 7.151814487270821
3527 7.098201016412477
3528 7.401288989608202
3529 7.306078120380419
3530 7.234591331062176
3531 7.163405294894734
3532 7.1502610068891554
3533 6.923487461224895
3534 7.082300477639651
3535 7.06457010537958
3536 6.869656350657179
3537 7.0448822489193645
3538 6.988325740982188
3539 7.2379462485001
3540 6.944524654190733
3541 6.935542798667624
3542 7.146826638667527
3543 6.8629032862251105
3544 6.8887511240552515
3545 7.087990189748016
3546 7.241020104990406
3547 7.169054467846617
3548 7.350454638881877
3549 7.278753304964864
3550 7.087047299441869
3551 7.303750013376527
3552 7.094727191508444
3553 7.254843092114348
3554 7.350543712354789
3555 7.43624857442867
3556 7.195837100126982
3557 7.270142090078227
3558 7.362646512628664
3559 7.1613550194592595
3560 7.1684344192151155
3561 7.320681829722855
3562 6.886921442909852
3563 7.107826152471905
3564 7.208564378371778
3565 7.181081187896577
3566 7.345544705281183
3567 7.01329386359503
3568 7.203735954448879
3569 6.924555941787693
3570 7.371287505855265
3571 7.294564841661196
3572 7.209985831666617
3573 6.8573026401852415
3574 6.804061598832593
3575 7.092151566948966
3576 7.143905733774552
3577 7.067906071424266
3578 7.338837538345875
3579 7.342330160617605
3580 6.95756864590506
3581 6.920134122642466
3582 7.194060654977733
3583 6.790093708202446
3584 7.021906648244204
3585 6.739810966211503
3586 7.295404828600717
3587 6.842327925290845
3588 7.009557407137538
3589 7.029918080196818
3590 6.976333263142057
3591 7.231618047892629
3592 6.726048932357431
3593 7.326639168412628
3594 7.314952652166719
3595 7.039880050651342
3596 6.903385410789149
3597 6.786330865330241
3598 7.024387528256947
3599 7.344556562576834
