0 8.651227462879834
1 7.982693602086297
2 8.731205403009852
3 8.621596817798947
4 8.174285680077979
5 8.267535666129334
6 8.394638184385814
7 8.489303279912091
8 8.422802666173478
9 8.415934352350172
10 8.579785084874809
11 8.40089609557907
12 9.337524793085516
13 8.607997180856778
14 7.970655940009645
15 8.382899359759215
16 8.066941463507401
17 8.398230563772596
18 8.04908241952922
19 8.16123198513643
20 9.123132997368542
21 9.176504435851191
22 8.975656866065485
23 9.355224112374266
24 9.036897527937109
25 8.524585317199216
26 8.909254077721897
27 8.732274185377292
28 8.731857303462933
29 9.093525227318164
30 9.01847066361914
31 9.148928056522907
32 8.48831176962377
33 9.95505062765168
34 9.483789177872747
35 9.453585786709684
36 9.101336842037641
37 9.101757224028308
38 8.641631876295907
39 9.099426115590465
40 8.904254406268393
41 8.18891909155835
42 9.226727482055862
43 8.87695382276324
44 9.01120845702857
45 9.076131985688074
46 8.625160152121204
47 8.417679629458405
48 8.038123988361436
49 8.314157759473531
50 8.48577220423038
51 8.551116212836515
52 8.740891293447877
53 8.648606266220005
54 8.460754902539781
55 8.420343330725766
56 8.916760664406464
57 8.464295777871655
58 8.018885126753233
59 9.061996819088632
60 8.63068514191991
61 8.12350876859462
62 8.03937420310399
63 8.764038241568135
64 8.786395903411714
65 8.703937082071235
66 8.51382493804783
67 7.924072400119949
68 8.765700082685267
69 8.286894225732807
70 8.417714055122826
71 8.389838628564114
72 8.613103420535184
73 9.401859244158286
74 8.78048139751939
75 8.446155921211448
76 9.014855554191262
77 8.711902210224455
78 8.581973047864464
79 8.615744511808606
80 8.176457321288632
81 8.702643093172147
82 8.527675136273137
83 8.594977921257573
84 8.385788164951505
85 8.103976177988633
86 8.145510686693214
87 8.928203970961949
88 8.123782482443552
89 8.450076069639687
90 7.8673286508488225
91 8.325899784522719
92 8.445029405626043
93 8.141412339711122
94 8.560674614481824
95 8.738125799845282
96 8.043009290490044
97 8.823021423355778
98 8.271716364602753
99 8.416141821348681
100 8.664367178403008
101 8.73567347963074
102 8.07093019802342
103 8.886381472863599
104 8.48863638501538
105 8.792147817087992
106 8.829491742958478
107 8.848592307541724
108 8.499094586138128
109 8.841715840087478
110 8.691469795553628
111 8.837993943923001
112 8.585280318614391
113 8.691392589894983
114 8.898929285937013
115 8.721202920889507
116 8.32187312001701
117 8.782794120310706
118 8.41974967729435
119 8.79386273768752
120 8.608933293190061
121 8.514664882059916
122 8.406332334536607
123 8.70698711279413
124 8.42299496641544
125 8.734254885099089
126 8.691188210928294
127 8.537444072899056
128 9.14736907016077
129 8.303569579880199
130 8.444907609135482
131 8.565959933071124
132 9.2346643424025
133 8.756450007411766
134 9.004381187589642
135 9.192876082047501
136 8.951139544238972
137 8.646153534767857
138 9.247455153557848
139 9.539188175514195
140 9.261146223847925
141 9.452540213093176
142 8.682803798410147
143 8.554886467196345
144 8.497760769975018
145 8.539824119847216
146 9.003242930823625
147 8.264598139276051
148 8.17150760829125
149 8.433422802039257
150 8.145720610269066
151 8.816683000341484
152 9.611188836442725
153 8.81694560847115
154 9.800302682603993
155 8.860187490065064
156 8.42223682566727
157 9.244655726395212
158 8.978450748338707
159 8.289893036245612
160 8.359324000828487
161 8.257941002867199
162 7.838379665921253
163 8.284111480711823
164 8.114874488535703
165 8.150369132807356
166 7.888127895151828
167 8.389187206238566
168 8.102630407691308
169 7.77979559659176
170 8.029300485155272
171 7.6734486157537
172 7.691581162557966
173 7.604335996740203
174 8.209492582393771
175 8.658239309488613
176 8.123213873438313
177 8.337910487709411
178 8.158838232562692
179 8.560890584644849
180 8.668071254848577
181 8.364806586922581
182 8.316937589265798
183 8.198359872521241
184 8.075489362109492
185 8.266692706352801
186 8.179991494964291
187 8.050556569501815
188 8.107277118819457
189 8.306584005329873
190 8.219863188591868
191 7.938052986902937
192 8.857066947504677
193 8.284736401193646
194 8.305933057217725
195 7.92895098144622
196 8.143861211437478
197 7.873939963704396
198 8.184537950709183
199 8.386247674853308
200 7.94715612257116
201 8.584903325218031
202 8.466200341573256
203 8.3793378928407
204 8.550796613884096
205 7.655658014651558
206 8.924158923724528
207 8.322063426348096
208 7.725292610491997
209 7.8118028277023255
210 8.663911906081541
211 8.458048804520022
212 8.274488301972557
213 8.159595009928582
214 8.445279446738223
215 8.271229307303482
216 7.768605160622578
217 7.847685681997864
218 8.171284601782993
219 8.114144574574906
220 8.03113366011429
221 8.034348151839543
222 8.491972955832386
223 8.653725854759303
224 8.907732515896882
225 8.655844527087593
226 8.828790465369186
227 9.118091990056719
228 8.520694406758933
229 9.14004581344148
230 8.717699371994613
231 8.809742126337506
232 9.039400366310156
233 8.52908707619119
234 8.427776801115035
235 8.395612484864934
236 7.759236260109515
237 8.817938912735945
238 8.181732686637869
239 8.292061683199787
240 7.752956151988672
241 8.32561248851539
242 7.900993260694645
243 8.109970082496446
244 9.009274377719247
245 9.106308768128956
246 8.505147961617796
247 8.95659198402296
248 9.219357279096247
249 9.031726182967816
250 9.339456858710712
251 9.269907005539876
252 9.15311772486522
253 7.867539193112629
254 8.197798507334406
255 8.561630976372749
256 8.580961371813574
257 8.089577894415262
258 8.5531017241901
259 8.581095790427892
260 9.29779717252387
261 8.661912111407071
262 8.320107236246093
263 8.100655767239994
264 8.188380287873139
265 8.362093256868723
266 8.16240979363655
267 8.282196218656066
268 8.591234586638656
269 8.796477676688808
270 7.97658076264633
271 8.150726631103042
272 8.542183329313508
273 8.374409574492727
274 8.730697633493783
275 8.187530485641567
276 8.726859251987328
277 8.626595724294438
278 8.702877935855522
279 8.60876376134073
280 8.348103822194824
281 8.367246121386758
282 8.588074595029616
283 8.546454607562257
284 8.01548334017361
285 8.002353703238368
286 8.031997257435462
287 7.7164800045230075
288 8.322596837782777
289 8.503299071717253
290 8.579811332514494
291 8.990390396874774
292 9.206978525471875
293 9.411762087597076
294 8.918050827364315
295 8.579447145889377
296 8.684489156831676
297 9.051304856145538
298 9.24570156684742
299 8.6460797640429
300 8.488609056771386
301 8.809963504312506
302 8.732885920119017
303 8.931314117764993
304 8.850258945287976
305 8.425030235411512
306 9.144553085413719
307 8.616564662097042
308 9.14807517030186
309 8.369626564033544
310 8.678740704302065
311 8.961009387389606
312 8.401980780817297
313 8.997038689078389
314 8.934235924130373
315 8.58910731374018
316 8.862236898989277
317 8.894828847420476
318 8.973133139853786
319 9.19906149905097
320 9.577264938367557
321 9.294013694578432
322 9.550005913028896
323 9.54485399812945
324 8.470659841192816
325 8.592963655739544
326 7.9538426741577615
327 8.250709486381465
328 8.806190246414072
329 8.802316896050579
330 8.611096793304522
331 8.20629477004058
332 8.403171801197665
333 7.967463235197368
334 8.371595298499871
335 7.958728127168893
336 8.412856983164653
337 8.401962373377449
338 7.805982138227496
339 8.679747589030068
340 8.501795953935718
341 8.31591375089021
342 8.26331397332425
343 8.241213603296162
344 8.1260597493941
345 8.41691005525301
346 8.210817736467035
347 8.4016912794584
348 8.293001014595134
349 8.516635916804535
350 8.211186622959184
351 8.428372988752802
352 8.366024662400847
353 8.510558522140114
354 8.11385125334776
355 8.06459549085256
356 8.19464582894553
357 8.237879751483616
358 8.363711207446318
359 8.37714776214952
360 8.260590558903603
361 8.108382338581423
362 8.652214004505689
363 8.574357804105922
364 9.306174409587763
365 8.254997576997885
366 8.881364961357404
367 8.262144497302112
368 8.289515026802107
369 8.137323191007981
370 8.073697832313316
371 8.519345275458601
372 8.036326741709454
373 8.287555443467284
374 8.495590071327603
375 8.10790361116245
376 8.661862302822724
377 8.011822314487889
378 7.823284455098266
379 8.644236807219887
380 8.379488374474866
381 8.151295225103183
382 8.334523888387114
383 8.249872135041633
384 8.511168471976339
385 8.624493515269844
386 8.329401278478668
387 8.962633133106877
388 9.000434147112777
389 9.108326248371773
390 8.965111490960798
391 8.314427922453426
392 9.03658697439366
393 8.56172883784475
394 8.981439024558755
395 8.402335815158443
396 8.398292186412846
397 8.431810860716679
398 8.481364791506774
399 8.45021595148585
400 7.957660243521009
401 8.660709693720172
402 8.567740324496228
403 8.827586464177694
404 8.557100687225542
405 8.004563179836051
406 8.70400707090064
407 8.317172475119781
408 8.008160058779584
409 8.280884761650693
410 8.342657627751379
411 8.358462877564524
412 7.878559220196822
413 8.337453945701954
414 8.301275761002575
415 8.223285568334507
416 7.870188437659621
417 8.67555780003995
418 8.198388048092532
419 8.646210978188844
420 8.65260496287392
421 8.442955899828966
422 8.346270284062546
423 8.213607264280984
424 8.220638024302978
425 8.67015957645901
426 8.20107394672093
427 8.512359855911452
428 8.645230833606623
429 8.234547444021029
430 8.278779506391881
431 8.487151905927014
432 8.118561101294553
433 8.27094280893399
434 8.475739453883687
435 8.788371323767857
436 8.431167955197434
437 8.448122100228941
438 8.448716406002308
439 8.734230041589084
440 8.581206297004583
441 8.223671852352778
442 8.298073800652658
443 8.352403052534514
444 8.534066533120667
445 8.425840322037676
446 9.03813286902186
447 8.218891627452791
448 8.399423713181001
449 8.73118193613595
450 8.42687961532464
451 8.394668977708461
452 8.784570212606601
453 9.231717885285319
454 8.508604005655425
455 8.193253641450136
456 8.440716396344097
457 9.070556083987018
458 8.041444319144787
459 8.394290550141388
460 8.109130065779222
461 8.96798634222876
462 8.373707620338505
463 8.388386670116438
464 8.039592493730634
465 7.909975126829841
466 8.222791741433515
467 8.47833257610651
468 8.151602006324941
469 8.66127196037968
470 8.421837515292244
471 8.57682980424909
472 8.531166605781511
473 8.531220441289431
474 8.313600597360093
475 8.282739749239342
476 8.405362725729338
477 8.002238488995026
478 8.90674828120037
479 8.755615291784338
480 8.213490583953046
481 8.096564739136026
482 8.273515728265988
483 8.653213774579616
484 8.36247642737225
485 8.578910438915969
486 8.510382941704842
487 8.38855415906701
488 8.27493961410058
489 8.435593943088964
490 8.25173378262125
491 8.5629948461307
492 8.486667582917054
493 8.470559705720506
494 8.372246260577452
495 8.450446995109552
496 8.420319314647221
497 8.045463850936276
498 8.332945727914996
499 8.283280548491206
500 8.284831804924174
501 8.599713182375673
502 7.861527345361787
503 7.933569778816888
504 8.593799261439964
505 8.727749436182464
506 8.475379638510002
507 8.009270252237872
508 9.481310593537374
509 8.434453364647245
510 8.182322222085755
511 8.983618388729337
512 8.340160836873661
513 8.567331812195135
514 8.401472594951414
515 8.866521505075674
516 8.67240200134746
517 8.405698942312508
518 8.659768298025936
519 8.227634216432088
520 8.031125825055108
521 8.233495339060825
522 8.477679811181309
523 8.620036561299539
524 8.558917894422098
525 8.572106617162323
526 8.692792269828098
527 8.349592421893792
528 8.538670909132449
529 8.42349970879126
530 8.561261121221813
531 9.018203357664223
532 8.595186361154926
533 8.418683137517386
534 8.900867346231001
535 8.534141847995818
536 8.296096953806755
537 8.455894844295019
538 8.686514773227229
539 8.72746653579131
540 8.870934122344934
541 9.033748624714766
542 8.635331597257297
543 9.135177511601537
544 8.553157955314163
545 8.400103056950561
546 8.706618627195917
547 8.22953985122549
548 8.896238997723911
549 8.988384242138851
550 9.188005167650728
551 9.117381381018653
552 9.159729415820237
553 8.821484405885334
554 8.906021287247569
555 9.168416485102522
556 8.38498181572613
557 9.28157548590073
558 9.61517586951282
559 8.499953000630324
560 9.128462216428638
561 8.995119189252831
562 8.788335466859822
563 9.708132910408183
564 8.703123390693044
565 8.528826267224831
566 8.356346366677109
567 8.98963118005715
568 8.927399203168466
569 8.630479711578715
570 8.31771515142244
571 8.375418663976973
572 8.497423918773487
573 8.530666482951942
574 8.997552467816623
575 9.214184664197447
576 9.075479408321113
577 8.464170679544319
578 9.101137615929414
579 8.917340228081054
580 8.958355499838007
581 9.049518410156978
582 8.844459613553981
583 8.57289252420127
584 8.31229140958619
585 8.638392953776874
586 8.736019914912418
587 8.415434794959802
588 8.285154339581208
589 8.194332323344511
590 7.944475853099441
591 8.11379454675796
592 8.42534172720538
593 7.990068045597398
594 8.269537442647872
595 7.575046037297689
596 8.197239956326595
597 8.6594625553556
598 8.785897032001944
599 8.664841741610116
600 8.673154945052083
601 8.127656371613273
602 7.602375951145384
603 7.945620216965152
604 7.905954858505768
605 8.30590199888487
606 8.233597078488602
607 7.937260712262701
608 8.040510789466786
609 8.065243580664145
610 8.318188989893375
611 8.0288244742925
612 8.106948130206982
613 8.668763039211159
614 8.10442568613008
615 8.35125785123066
616 8.437142118535201
617 8.678405847046282
618 8.30796805777718
619 8.36564227071261
620 8.099426828157743
621 8.995337847376367
622 9.074305658621554
623 8.596089221851308
624 8.55999631380281
625 8.535159064820574
626 8.177852120988506
627 8.318361922643774
628 7.960295725797744
629 8.420963364589944
630 8.536400085916686
631 9.094762119260766
632 8.827109552490496
633 8.59286236926848
634 8.748893781588961
635 8.713701795014217
636 8.65973621436784
637 8.798214351329086
638 9.054894727015506
639 9.022410756493919
640 9.216389748262774
641 9.114876963295416
642 9.389775270139769
643 9.48206699909263
644 8.909429833942426
645 9.229126935929186
646 8.986999352651992
647 8.894978416852306
648 8.570565381650825
649 8.63865199722838
650 8.359231696884342
651 8.744584474284435
652 8.604854123083147
653 9.045709565844787
654 8.634994994129908
655 8.991986152056768
656 9.165068159260002
657 9.135458350581565
658 8.745026071786054
659 9.009365839702133
660 9.463602835711503
661 9.195011029631383
662 10.071320741267717
663 10.49909315539921
664 9.965206609694897
665 9.786492098789925
666 9.071868293607576
667 9.639181289480723
668 9.259478816199126
669 9.921040435496915
670 9.727454522373936
671 9.345428646949344
672 9.17977509840941
673 9.460035967884405
674 9.372632271976341
675 9.329160973962903
676 9.415625676777408
677 9.286440453805357
678 9.438745179748311
679 9.164470581283123
680 8.899213013715805
681 8.905054371173161
682 9.411694781405577
683 8.36119846422464
684 8.882348564709883
685 8.62235417284869
686 8.608989913238583
687 8.814705678938347
688 9.869955197153024
689 9.128496679196186
690 8.548389710663074
691 8.816370564625343
692 9.241534844754776
693 8.853768290475573
694 9.119055278573688
695 8.92632102786678
696 8.675323874914763
697 8.964444823744968
698 8.49985505878032
699 8.47137457403705
700 8.456174814795762
701 9.307622283424084
702 8.5562420770177
703 9.09319065455253
704 8.69262542298131
705 9.268954910229503
706 8.483424993076044
707 8.67109901094658
708 8.795982988521052
709 9.257570046583078
710 9.002150045538666
711 8.533557533722183
712 8.48833254235675
713 8.393602338766321
714 7.958917081986664
715 8.576876942322158
716 8.330657704604493
717 9.118074966132351
718 9.353656492516983
719 9.333449563864823
720 8.979059617878054
721 8.57844825894709
722 8.461294087370009
723 8.346856512308312
724 8.656485401526199
725 8.655928837973605
726 8.497110578279216
727 8.70989889624178
728 8.114871795092508
729 8.386656130396007
730 7.826951308253602
731 7.828809732773409
732 8.751486293584424
733 8.434990840571096
734 8.164101173956382
735 8.975789988424795
736 8.273603659827582
737 8.874525362514898
738 8.134812214913199
739 8.368305303367325
740 8.701230866042938
741 8.109901386804369
742 8.688457561709122
743 8.637497670656133
744 8.507007002716144
745 8.85154133077768
746 9.228425610020668
747 8.773000026363272
748 8.827473756525343
749 9.157763467600601
750 9.151349272598589
751 8.824576814512964
752 8.923816163430132
753 8.490472149452737
754 8.930865378094662
755 8.997266066431937
756 8.544208044018209
757 8.785020171313903
758 8.82308340593861
759 8.901247048920254
760 9.208444643139575
761 9.225375279652065
762 8.922267756707612
763 8.548992026541036
764 8.414684990290237
765 8.865133248006497
766 8.83493153674377
767 8.747001329685602
768 8.406821081080087
769 8.284863637656306
770 8.400806631870866
771 8.722979893913912
772 8.575788776313402
773 8.292264055279539
774 8.599489508925522
775 8.683007929726305
776 8.600118180893565
777 8.824459499799673
778 8.431430816615872
779 8.484675718677293
780 8.182163383999177
781 8.2337526881384
782 8.850892599985288
783 8.302224764455234
784 8.368261432068007
785 8.509770912289113
786 8.470106726305152
787 8.32304907153649
788 8.187822867604721
789 8.458267755393402
790 8.787570561860155
791 8.84131266693687
792 8.449648263846337
793 8.796184998727517
794 8.987799989705568
795 8.745346401689687
796 8.414900929550251
797 8.242109115341464
798 8.636826778491224
799 8.22012248226431
800 8.63821680214333
801 8.30365959290034
802 8.61850306710147
803 8.124005691089662
804 8.035227546359884
805 8.062975135829314
806 8.056069557044813
807 9.005555856365637
808 8.800668605035948
809 9.125585469688337
810 8.284249386980964
811 8.041722690306582
812 8.469274196733911
813 8.246754165905195
814 8.617906439642368
815 8.381110358282177
816 8.492930519647093
817 8.952939989259038
818 8.447889444987355
819 8.682866122835936
820 8.557062853100446
821 8.550117848207579
822 8.527834154156698
823 8.94731837543268
824 8.276389719446819
825 8.52159942930356
826 8.711234734774736
827 8.692842116262751
828 8.4841102082709
829 8.379719265314263
830 8.446349670150932
831 8.30009945512817
832 8.411997572439976
833 8.384329148878138
834 8.536246855360835
835 8.762030177309656
836 7.9803223695833765
837 8.421801316923494
838 8.44054382494324
839 8.18641812673118
840 7.83106501319166
841 8.664826319423568
842 8.692712778450074
843 8.413407516091851
844 9.367626741115483
845 9.34695386127022
846 8.453416532771385
847 8.610263340827851
848 8.023809768340097
849 8.50397540305995
850 9.282236786294137
851 9.211706165331622
852 9.160005602587226
853 9.32905169176977
854 9.394416958881767
855 9.99272891705494
856 9.542161993708715
857 9.917153995641339
858 9.41326266737588
859 10.063705074248958
860 9.908919700248763
861 9.835480393841742
862 9.70100029100294
863 9.585827323634724
864 9.649479512920095
865 9.466469360276635
866 9.654306707484228
867 8.706167511944093
868 9.513126793206006
869 10.06790961155719
870 9.52643555627517
871 9.561415051026067
872 9.717639829004531
873 9.54699308289076
874 9.726093598138556
875 9.6294391346965
876 9.039936226841654
877 9.45577315128248
878 8.86792463286029
879 9.328268765161964
880 9.652007495036203
881 9.633799061699062
882 8.967745409354128
883 9.367674792405085
884 8.759073498462339
885 8.853874575442088
886 8.062158544752151
887 8.540910467998355
888 8.470959180091786
889 8.7000196100608
890 8.652569503996194
891 8.673481639451204
892 9.557644378466927
893 8.534125416433229
894 8.315831638115435
895 7.861869827837327
896 8.411012356578063
897 8.613588996445042
898 8.539705860908741
899 8.585079705473088
900 8.131395271839468
901 8.838889084475301
902 7.761530263717676
903 8.494931869079888
904 8.846312335789493
905 8.152947001319303
906 8.107785033400885
907 8.804261599042931
908 8.27792737404025
909 8.16570336806898
910 8.124457247022264
911 7.869546180212922
912 8.240333733590665
913 8.446112498129038
914 8.542208338287386
915 8.606960028527444
916 8.469455512652502
917 8.016350051746848
918 8.59598237387092
919 8.27365747376389
920 8.64217349950403
921 8.386829144610294
922 8.618197473726207
923 8.435451369887396
924 8.637678200750388
925 8.372510170683974
926 8.260388142776145
927 8.133946375503955
928 8.34076033661446
929 8.24401619747019
930 8.217622209680233
931 7.680200128905666
932 8.337502063006562
933 8.131674956649466
934 8.217898293124613
935 8.112413776809928
936 7.753171994396764
937 8.054645065530089
938 8.238487983054709
939 8.386356839269386
940 8.340607077486649
941 7.993997008615612
942 8.112044838412817
943 7.7684180457994385
944 8.15857223446734
945 8.481631231753985
946 8.253272146678803
947 8.39919955558003
948 8.399503160519473
949 8.701605015272314
950 8.038169183555075
951 8.34520931041478
952 7.881926842220451
953 8.153656657468742
954 8.49608817358329
955 8.063793482851676
956 8.218005844583018
957 8.316524555059493
958 7.790154445455595
959 8.279061150249385
960 8.338782951034766
961 7.934199176985458
962 7.923554593083742
963 7.910963936504745
964 7.791389566761944
965 8.238806850452283
966 7.488111472795457
967 7.833589116468513
968 7.9515674350483705
969 8.198512669111734
970 8.279053652247326
971 8.31146211133936
972 7.6642223479973595
973 8.06869668321777
974 8.1749375801127
975 8.270601145224298
976 8.036119595959757
977 8.245130454836058
978 8.0384413114577
979 8.043692010925609
980 7.835766878809817
981 7.803719886169189
982 9.103039279728552
983 8.5797747595173
984 8.327219886749786
985 7.883160255839642
986 8.300689732503972
987 7.728828072613685
988 8.080089769980063
989 7.887232990492475
990 8.214168067718058
991 8.522517372452805
992 8.613005814251164
993 8.375659943982129
994 8.1157065997441
995 8.388140643720364
996 8.21060178938564
997 8.159776626579038
998 8.52521498887582
999 7.855626492214675
1000 8.157242823092302
1001 8.196000335988476
1002 8.097865713976956
1003 8.071771921489784
1004 7.986919174416622
1005 7.90954259987948
1006 8.263768061993051
1007 8.570577229557612
1008 8.237694423599502
1009 8.351958211644341
1010 8.389404213494974
1011 8.339070343120527
1012 8.209375861389528
1013 8.37015237082553
1014 8.391212016740617
1015 7.996008059133113
1016 8.507565060153917
1017 8.213296992136895
1018 8.39914362388487
1019 8.015740191613121
1020 8.168914589446517
1021 8.374789489448128
1022 8.163964002628068
1023 8.510453603529951
1024 8.581562859477954
1025 8.362398633509772
1026 8.289468956856288
1027 8.61956220945213
1028 7.864831495491939
1029 8.607029842854649
1030 7.9532646294049405
1031 8.251822642995464
1032 8.660911324921198
1033 8.36531505019199
1034 8.390161283171603
1035 8.510378571211275
1036 8.655366459201595
1037 8.270691614034513
1038 8.03037519766969
1039 8.013533065242315
1040 8.240699713259877
1041 8.422833138197378
1042 8.384813007414392
1043 8.367620193163274
1044 8.617474094842018
1045 8.48220931797584
1046 8.07377029669732
1047 8.477887259007213
1048 8.076356123011598
1049 8.319374977639331
1050 8.435375569679067
1051 8.22418381806265
1052 8.720822164430889
1053 8.06177794840775
1054 8.481137029259806
1055 8.186014061965048
1056 8.03550965320981
1057 8.296610868839377
1058 8.16114539933729
1059 7.999295197613807
1060 8.216539308195307
1061 7.900957477572501
1062 8.318048261227613
1063 8.180650476138428
1064 8.16818204461883
1065 8.345751190583348
1066 8.318433724696387
1067 8.303876683371081
1068 8.19182335512068
1069 8.457201688373399
1070 8.58151446530305
1071 8.448445759124061
1072 8.91685373543411
1073 8.899906551271357
1074 8.54250905306097
1075 8.88796927430061
1076 8.556777974404536
1077 8.009126063031601
1078 8.140113789909433
1079 8.434553006981515
1080 8.195661196919243
1081 8.207512425831128
1082 8.116513470875244
1083 8.342064290272404
1084 8.28946820479573
1085 8.18133030244412
1086 8.45765203668687
1087 8.403957498127271
1088 8.507261104289078
1089 8.382924894508815
1090 8.05609100366178
1091 8.334066591358477
1092 7.966271584674288
1093 8.192960231732718
1094 8.027321241761062
1095 8.39554986342348
1096 8.163011736714282
1097 8.26754168606283
1098 8.106275752729372
1099 8.215042911521946
1100 8.205023228808388
1101 8.083242421807586
1102 8.340428626242813
1103 8.154525361580115
1104 8.368915272038455
1105 8.464670507747055
1106 8.314470591289407
1107 8.060408008827661
1108 8.106431340395586
1109 8.464121297788326
1110 8.409807727367225
1111 8.218219517462407
1112 8.115307044220463
1113 8.568159548980777
1114 8.237280485930311
1115 8.455196072920579
1116 8.271257585405639
1117 8.614217613916479
1118 8.575242774782671
1119 8.17046498972461
1120 8.443012983107586
1121 8.463085248369119
1122 8.357114541853813
1123 8.583165896360626
1124 7.895224239246842
1125 8.446413210868794
1126 8.03930041192567
1127 8.27584260351512
1128 8.025892703667687
1129 8.463463495362635
1130 8.135225110671849
1131 8.362041843811554
1132 8.704687565917853
1133 8.79768031397505
1134 8.35970175516256
1135 8.334802663928413
1136 8.574564038579817
1137 8.062063362931989
1138 8.502177722472046
1139 8.129272518151963
1140 8.2598408717275
1141 8.07784331454615
1142 8.293209016734753
1143 8.244727493500314
1144 8.210887183874801
1145 8.32302349611628
1146 8.569252523840246
1147 8.087654492296759
1148 8.046751031276084
1149 8.078096803096342
1150 8.396093878999606
1151 8.785402999218745
1152 7.727139817979545
1153 8.29048895084364
1154 8.058280170827835
1155 7.666603205979206
1156 8.07299992706497
1157 8.343565324719535
1158 8.599635525154984
1159 8.812848870445247
1160 7.959889947587625
1161 8.24319916285499
1162 8.926421849768692
1163 8.65734926706562
1164 8.45488516325605
1165 8.416526317827023
1166 8.240905942729356
1167 8.003356499836046
1168 8.54354171431418
1169 8.33044466918347
1170 8.655880043080108
1171 7.862705054527108
1172 8.030655164945918
1173 8.348641873442768
1174 8.087997180366328
1175 8.213896318081314
1176 8.244416300817019
1177 8.47667426046509
1178 8.310333932573032
1179 8.57262864170632
1180 8.748892143493803
1181 8.789925741326881
1182 8.529643323843434
1183 8.493579667224141
1184 8.370024766051934
1185 8.454545650693186
1186 8.548707216056659
1187 8.447317170913047
1188 8.172217078047408
1189 8.064198465961189
1190 8.32428871578376
1191 7.875187200272412
1192 8.742921577303099
1193 7.794283966469825
1194 8.306564415535595
1195 8.141651153431743
1196 8.32083376373757
1197 8.224855072114147
1198 8.650780973997668
1199 8.352219689251664
1200 8.451830267429822
1201 8.353856601642006
1202 8.555715277928577
1203 8.309362555279824
1204 8.292592717638673
1205 8.13220884340396
1206 7.970454155979446
1207 8.269688072819116
1208 8.379863361623228
1209 8.045377251453395
1210 8.446751564689952
1211 8.378723389926648
1212 8.37780135283283
1213 8.365030152760973
1214 8.239473206029881
1215 8.028450618439612
1216 8.068523411975526
1217 8.739373352971075
1218 8.561823980832898
1219 8.75974420368349
1220 8.684528449708045
1221 8.078606969374137
1222 8.04252883164115
1223 8.402248535504647
1224 8.576293937189472
1225 8.247900324182115
1226 8.422186798755991
1227 8.270531701840763
1228 8.264894555196067
1229 7.8217863401327605
1230 8.3622585333344
1231 7.892960838001831
1232 8.288833543361696
1233 8.120224959798952
1234 8.57432269130188
1235 8.110745272055157
1236 8.01539988648293
1237 8.154703617146234
1238 8.246310896678212
1239 8.53439680094923
1240 7.7091466585928385
1241 8.389815642622144
1242 8.140598733554675
1243 8.767120593915308
1244 8.52648197312429
1245 8.135715496320463
1246 8.45300726675686
1247 8.188374587432005
1248 8.534409844170463
1249 8.42987693613799
1250 8.547570508707606
1251 8.202096087991077
1252 8.31907057431832
1253 7.927107713348185
1254 8.046872949970906
1255 8.600608827224338
1256 8.282629775632998
1257 8.062615374400776
1258 7.917248366207016
1259 7.571894369451416
1260 8.005752709388513
1261 7.963826181637197
1262 8.461110036076157
1263 8.409057087199598
1264 7.549669153683017
1265 7.883946775666254
1266 8.038464159793145
1267 8.089592720330723
1268 8.348049779775987
1269 8.000566575035053
1270 8.359970201229327
1271 8.136205375833038
1272 8.67345401678154
1273 8.310724149304379
1274 7.998610911594545
1275 8.201939085365959
1276 7.889272719471827
1277 8.181714493723769
1278 8.528272163572023
1279 8.564764364276257
1280 8.393119482444275
1281 8.269602125743775
1282 8.21936186610662
1283 8.341995829631614
1284 8.173925169863608
1285 8.599102914159497
1286 8.344253241008815
1287 8.849918385310616
1288 8.433146074158822
1289 8.582232295818164
1290 8.544755203253251
1291 8.474411211394417
1292 8.274440915451581
1293 8.485064561016154
1294 8.250641676287616
1295 8.526406662752125
1296 8.134795241231146
1297 8.309133835632146
1298 8.665586966182392
1299 8.216379796771507
1300 8.394524462342599
1301 9.0602370394524
1302 8.582904032671234
1303 8.733638785505814
1304 9.127004689598198
1305 8.876052940567948
1306 8.63684949478958
1307 8.873772842342664
1308 8.9770766504109
1309 8.434547046409106
1310 8.366203793967982
1311 8.158893911127903
1312 9.286960719150855
1313 8.9280466177182
1314 8.308941885564998
1315 8.76361084864291
1316 8.9333038308971
1317 8.067168728612893
1318 8.627258818685588
1319 8.505425015041679
1320 8.52557849358381
1321 8.420027775386707
1322 8.445810347772193
1323 8.356252422070364
1324 8.622688268798212
1325 8.4882479495632
1326 8.493923147858128
1327 8.894672672879704
1328 7.899333263925389
1329 8.894690029556047
1330 8.897887339199345
1331 8.41299784565672
1332 8.613246371862006
1333 8.544140356276165
1334 8.690662683647734
1335 8.834335283880822
1336 8.491127190832989
1337 9.045171403457593
1338 8.755982974007305
1339 8.480774211198607
1340 8.598085599496942
1341 8.612719045728602
1342 8.914456975637128
1343 8.525419288092593
1344 8.812334952260274
1345 8.754939058895587
1346 8.87992300602783
1347 8.949423628234406
1348 8.540867523510602
1349 8.297330028035548
1350 8.401033841368113
1351 8.411073364638685
1352 8.770580373966112
1353 8.441911491838447
1354 8.363836523075054
1355 8.775161152987796
1356 8.566163467609131
1357 8.787133662437046
1358 8.576614103831279
1359 8.913587205618407
1360 8.769715630746212
1361 8.476229674169085
1362 8.629619698874876
1363 8.412474137235305
1364 8.388553365477929
1365 8.584566082147417
1366 8.868362709093505
1367 8.817836960120054
1368 8.781557082299884
1369 8.249147596724958
1370 8.535232303615299
1371 8.707965745493926
1372 8.69808654684593
1373 8.679494626068877
1374 8.949485813404507
1375 8.45665738496489
1376 8.575308033605605
1377 8.847049518690474
1378 8.632408898946009
1379 7.952829210091425
1380 8.105107523252856
1381 8.423380075238653
1382 8.147878018125414
1383 8.227223253268233
1384 8.753558131682999
1385 8.684459073034558
1386 9.041256026522802
1387 8.602055957881984
1388 8.498917208190703
1389 8.548457684371881
1390 8.401696739936332
1391 8.650414452792802
1392 9.142890015180324
1393 7.992945992770338
1394 7.836744902340591
1395 8.454060801395201
1396 8.112415661546267
1397 8.301844212943172
1398 8.524722146967703
1399 8.383174077461645
1400 8.645287366321556
1401 7.8319094213278975
1402 8.865595100880475
1403 8.545514083293801
1404 8.479526578231063
1405 8.513491428199465
1406 8.680080872940431
1407 8.63920578072856
1408 8.842419828507733
1409 8.986681735228933
1410 8.828369218859084
1411 8.946751742435598
1412 8.747300499127775
1413 9.067114417516503
1414 8.76356140143863
1415 9.022584512432092
1416 9.116142284273629
1417 9.473011425415816
1418 8.703346884458938
1419 8.641352189608625
1420 8.614223932707695
1421 8.731117352298869
1422 8.464870148525424
1423 8.249655590564531
1424 8.08663305095206
1425 8.386646255193266
1426 8.309087917046778
1427 8.383187422830307
1428 8.065772685559214
1429 8.000489698027453
1430 8.07498246266027
1431 7.970744605763341
1432 7.889255768906852
1433 7.804639517727741
1434 8.259479131399495
1435 7.764703998416524
1436 7.96104528035319
1437 8.257874570740906
1438 7.701919860684039
1439 8.307884206372325
1440 8.251907635996021
1441 8.17268068889579
1442 7.743551201492637
1443 7.809468814337162
1444 7.550034954259999
1445 7.9868021483285165
1446 8.095398038217896
1447 7.850751871291662
1448 7.600488889160728
1449 8.277224091567998
1450 7.503426177873707
1451 8.317422576019753
1452 8.34886725343405
1453 7.613253919060013
1454 8.054590133116367
1455 8.145557733904708
1456 7.812706186736497
1457 8.285698639797696
1458 8.252344383732003
1459 8.046487290762288
1460 8.002950775722137
1461 7.705808333214961
1462 7.7326396914232625
1463 7.637321809242258
1464 8.042620827967704
1465 8.187163742910066
1466 8.051514403070188
1467 7.985674956781383
1468 7.43714640012893
1469 8.01704401382332
1470 8.112312502414664
1471 8.07466493247575
1472 8.142153888652286
1473 8.423812770578856
1474 8.394871372239233
1475 8.562421458376555
1476 8.506504038766684
1477 8.13118908205342
1478 8.82471806051508
1479 8.368845503801845
1480 8.379369338094978
1481 8.99987974641388
1482 7.858643180073977
1483 7.872035573875962
1484 7.6147679104978625
1485 7.679757481627262
1486 8.037135638470284
1487 7.858872446527058
1488 7.872549754149645
1489 7.908985699600442
1490 7.944769140967855
1491 7.731722610612537
1492 7.594029164851011
1493 7.560046268013201
1494 7.696880028527546
1495 7.718203863928762
1496 7.990950867991052
1497 7.688522861644885
1498 7.806821729243489
1499 7.804944122367674
1500 7.944307399003097
1501 7.953912875766475
1502 7.796098385836963
1503 8.046970068950356
1504 7.80954498269412
1505 7.490290789916723
1506 7.990290939564422
1507 7.959228514352498
1508 7.960396114486773
1509 7.801993949610556
1510 8.668308560154262
1511 8.423043071182676
1512 8.106405779899404
1513 8.326930898428113
1514 8.506673134522625
1515 8.591708524624408
1516 8.826330514035364
1517 8.568354005862748
1518 8.685808811445957
1519 8.104532466957165
1520 8.372403810885297
1521 8.475964505582583
1522 8.461600611689677
1523 8.445013677338599
1524 8.676725109092597
1525 8.54215452151502
1526 8.580430924783581
1527 8.215941151881957
1528 8.09796948284387
1529 8.458499117974231
1530 8.630701131864281
1531 8.10791870334022
1532 8.56806913607583
1533 8.595898600750521
1534 8.630433499065811
1535 8.459305767870692
1536 8.544933233200979
1537 8.487670282361869
1538 8.864398357353117
1539 8.458000878006045
1540 8.120763956742563
1541 8.46724262859715
1542 8.900762576399803
1543 8.032787025894384
1544 7.99110384371501
1545 8.615349877604357
1546 8.606431748468719
1547 8.36920465202625
1548 8.453242607255062
1549 8.09865599630473
1550 7.76562815135978
1551 8.287734572221444
1552 8.502757808651035
1553 8.49943446005001
1554 8.506071174649055
1555 8.841754238546716
1556 8.667167214001633
1557 8.493775316489547
1558 8.76814193648982
1559 8.690404435843407
1560 9.233367870451787
1561 8.338646738898191
1562 8.4506512118697
1563 9.058100321749825
1564 8.936865330373081
1565 9.229889760576224
1566 9.092717326872567
1567 8.68763639321794
1568 8.41039189157284
1569 8.632317125404319
1570 8.935240103294726
1571 8.815612898972041
1572 8.970969621055204
1573 8.990851715665663
1574 9.010819751349477
1575 8.514769234657475
1576 8.292210429806298
1577 8.426607875654744
1578 8.788635085960756
1579 8.264783653353348
1580 8.491623825898575
1581 8.680396526555615
1582 8.923910413758385
1583 8.81858346501496
1584 8.885817503582965
1585 9.028718530199434
1586 8.746926932245806
1587 8.697169222419198
1588 8.746394799976597
1589 8.80314793864373
1590 8.842170072409841
1591 8.071507603106042
1592 9.034219806883108
1593 8.484844659572694
1594 8.58910906688842
1595 8.651801793149573
1596 8.40685100939104
1597 8.755787824451486
1598 8.400738657547434
1599 9.308837097469441
1600 8.738416050355347
1601 8.765148099350904
1602 8.323327168115062
1603 8.651270130888197
1604 7.87339959108883
1605 8.71055237048243
1606 9.074257695616057
1607 8.602450717967667
1608 8.815859884166779
1609 8.420151565469146
1610 9.154670787307788
1611 8.466939979078129
1612 9.270212221602222
1613 8.429753152473008
1614 8.577433156795214
1615 8.586308812903846
1616 8.575046775001415
1617 8.356875413358157
1618 8.42594009946891
1619 8.518710819796624
1620 8.886643024214829
1621 8.63551560887215
1622 8.507219039904609
1623 8.44844873531181
1624 8.863690801294656
1625 9.365201899182454
1626 9.254833023540868
1627 8.598135991664583
1628 8.699896963842095
1629 8.883913027916822
1630 8.686158097946898
1631 8.834365115461821
1632 8.432807554433063
1633 9.020667720505848
1634 8.196011783514622
1635 8.936281158521536
1636 8.56789620791134
1637 8.783446837197243
1638 8.681247494863852
1639 8.493973371668227
1640 7.8131533618694275
1641 8.388958553203622
1642 8.260276536122188
1643 8.216817543658948
1644 8.732306760300766
1645 8.365024292550906
1646 8.366505631262607
1647 8.513892301735863
1648 8.466857331476728
1649 8.32558683649922
1650 8.35134984469015
1651 8.543210235178726
1652 8.485323028708457
1653 8.479858830714026
1654 8.158505967091344
1655 8.456403092963274
1656 8.075255890981401
1657 8.510566178641628
1658 8.199851188765123
1659 8.103057530661417
1660 8.703470906381407
1661 8.595554892834835
1662 8.699657385853957
1663 8.553351733452724
1664 8.735158240614991
1665 8.406108742946852
1666 8.58238514662385
1667 8.62565964215774
1668 8.604386876920064
1669 8.483923933052186
1670 8.865719539643521
1671 8.784702583323266
1672 9.1916676658783
1673 8.412969768446553
1674 8.786538765853328
1675 8.652065975497942
1676 8.677153896631058
1677 8.627014147117615
1678 8.690543991791113
1679 8.996199761972852
1680 8.946260317411395
1681 8.555458407380554
1682 8.346333517314404
1683 8.804214185982241
1684 8.35765586916907
1685 8.368311598101144
1686 8.41205816247312
1687 8.65493477716169
1688 8.661031638117487
1689 8.46561373396519
1690 8.950001447912651
1691 8.856624099268052
1692 8.57390456784145
1693 8.925200683497682
1694 8.500164204276553
1695 8.721753164168138
1696 8.79208554313551
1697 8.433334145476858
1698 8.275787464287804
1699 8.78315273842311
1700 7.988865284817103
1701 8.292780334412818
1702 7.99484672620926
1703 8.00420520280162
1704 8.459200784300522
1705 8.192578124812794
1706 8.522834624211843
1707 8.451096671312378
1708 8.040169197094729
1709 7.543808937831991
1710 8.596845774214794
1711 7.824008741679189
1712 8.4277230873378
1713 8.461528666883554
1714 8.034861672393287
1715 7.8847934683980245
1716 8.584958177908453
1717 8.355852147400302
1718 7.98917460301949
1719 8.670658920182975
1720 8.724250284455279
1721 8.897365344261662
1722 7.996752124424481
1723 8.601184765141603
1724 8.215865826728738
1725 8.868135205297852
1726 8.442810264632165
1727 8.720236181846506
1728 8.30474084535515
1729 8.525402889416009
1730 8.393089713464857
1731 8.125009057870853
1732 8.124893659350702
1733 8.296578512242228
1734 8.526456845879535
1735 7.896637021108794
1736 7.837823935236113
1737 8.524785795222465
1738 8.380295382394106
1739 8.252310188144333
1740 8.59395814162033
1741 8.078806952184621
1742 8.699378450264266
1743 8.582651414122331
1744 9.410921243733883
1745 8.302214903892617
1746 9.341356077613415
1747 8.048233602985068
1748 8.175453225241494
1749 8.246580788856438
1750 8.236131753141128
1751 7.954256469164986
1752 8.945774005277714
1753 8.758103565115535
1754 9.313047630036065
1755 9.939468044614852
1756 9.64111249551389
1757 9.77521440937518
1758 10.169840575960865
1759 9.18215935029821
1760 10.268771490083706
1761 9.797455431994152
1762 9.122840224037379
1763 9.373260762912157
1764 8.97400646244799
1765 9.706197844196922
1766 9.128707656994905
1767 9.321574123888595
1768 8.987020259353605
1769 9.318611325391206
1770 9.57009875474605
1771 9.979083072297025
1772 10.042911221360413
1773 9.45309685220415
1774 9.058680097690885
1775 9.714257935645453
1776 9.557964866914963
1777 9.781051552790498
1778 10.62517015013402
1779 10.04138582749729
1780 9.329865494090702
1781 9.793516944626615
1782 9.930737236516004
1783 10.534030916701676
1784 10.892564377376425
1785 9.441857526412125
1786 9.400999046312709
1787 9.861387266420635
1788 9.326178880517924
1789 9.534581933164894
1790 10.158484724164529
1791 9.514541292332401
1792 9.525396769675504
1793 9.592422870377787
1794 9.429303380421585
1795 9.51632577309725
1796 9.162582900262992
1797 9.516234039320743
1798 9.740102779212988
1799 9.402603960765907
1800 10.116244329315355
1801 9.772552176544748
1802 8.957660112895624
1803 9.110676727362502
1804 9.482844226286375
1805 10.201408275378904
1806 9.945179440012769
1807 9.761161683808565
1808 9.218516830544635
1809 9.202506569723367
1810 9.18170762420617
1811 9.559013330217676
1812 9.221863060103406
1813 10.080235241775423
1814 9.457561654526486
1815 9.548758961202806
1816 8.957598641304745
1817 8.248487706771455
1818 8.37866987958644
1819 8.787722905662537
1820 9.275352090280599
1821 10.032016944616865
1822 9.892732891993651
1823 10.199181848089466
1824 10.18131120381459
1825 9.022447101149346
1826 9.097266673226743
1827 8.444185133014606
1828 8.206822267695856
1829 9.29114026220039
1830 8.48886500976947
1831 8.672718054274764
1832 8.459166633675697
1833 9.460604991649626
1834 10.599948899458855
1835 10.065054854620941
1836 10.130767938546617
1837 9.238035435473408
1838 9.317724595349658
1839 9.79507968004044
1840 9.695726729388328
1841 9.620803401533433
1842 8.665262316822565
1843 9.445474439739773
1844 9.024295666591742
1845 9.547909561640168
1846 9.798168000289724
1847 9.271040654272882
1848 8.821596954546639
1849 9.347002195838632
1850 8.97505480247534
1851 8.974328572513008
1852 8.671100154919394
1853 8.764527021962127
1854 8.846309773127723
1855 8.472544393033022
1856 8.700348040670704
1857 8.196031360776429
1858 8.236768120536658
1859 8.492270439500384
1860 9.338426443892526
1861 9.311790078074731
1862 8.8234348494481
1863 8.952207025957033
1864 8.968676839736464
1865 8.988464409184244
1866 8.819914870844372
1867 8.37734100380963
1868 8.605540894775846
1869 8.949957733347864
1870 9.07694935970883
1871 8.887704909899101
1872 8.998536995374835
1873 9.548013033028743
1874 8.16942564901205
1875 8.672684281592351
1876 8.694372324671976
1877 8.156442812723771
1878 8.385290318147074
1879 9.424644025890853
1880 9.219384103177859
1881 9.174349602571798
1882 8.71677567261699
1883 8.962573992735603
1884 9.003083984215683
1885 9.23869807168767
1886 9.459246784765773
1887 9.122404076541068
1888 9.666905457600874
1889 9.139541958651177
1890 9.004894201765136
1891 8.826474574715764
1892 9.276622848722951
1893 9.021853448402387
1894 9.36703051777606
1895 9.03983979996186
1896 8.986691775666088
1897 9.279851260453519
1898 9.132554041033297
1899 8.823680663547869
1900 9.495688030324184
1901 8.791539427466567
1902 9.093640547097918
1903 8.992981005058699
1904 8.810721379441434
1905 9.392967375397903
1906 9.449789050836923
1907 9.614763011252677
1908 9.17584322272279
1909 9.394614684950117
1910 9.365827555476193
1911 9.259548871142394
1912 9.4201278958729
1913 9.260763779023463
1914 8.818022140202109
1915 9.116272099816097
1916 9.011455471145732
1917 9.25219643699662
1918 9.237767296747847
1919 9.556031872666617
1920 8.761953999854226
1921 9.447783736647587
1922 9.010476063290074
1923 9.175152514598414
1924 8.805460687430443
1925 9.38126998019591
1926 9.176001164086719
1927 9.159202561003507
1928 9.06391980354404
1929 9.229789173162068
1930 9.347372790261218
1931 9.56274871772353
1932 8.994284139329167
1933 9.334853423862155
1934 9.46969397999123
1935 9.576607899558732
1936 9.139244640655747
1937 8.983853549888213
1938 9.17177679535483
1939 9.052366896967587
1940 9.044730420567939
1941 9.040049880477792
1942 9.726148511585249
1943 8.712416178784885
1944 9.163451909400377
1945 9.028937117390374
1946 8.721981942216875
1947 8.839392080196097
1948 8.59280867221368
1949 9.156618630481619
1950 8.620526428606293
1951 8.78900253921038
1952 8.92081949367453
1953 9.02816007439395
1954 8.79764827993315
1955 9.12898675950647
1956 9.12726705004605
1957 8.305444548347728
1958 9.212981807187562
1959 8.855666753263776
1960 8.697186386054822
1961 8.704287851112655
1962 9.011916128485815
1963 9.047412796165666
1964 9.428704311873641
1965 9.089065325101236
1966 9.69559771386
1967 8.525480429410225
1968 9.011319789945246
1969 8.991475488579669
1970 9.042390063692777
1971 9.015932844494017
1972 9.058246058041032
1973 9.133475682254986
1974 9.65458127110962
1975 8.849168166641526
1976 9.222353573092423
1977 9.725058864392757
1978 9.535355379451936
1979 9.281414878431068
1980 9.459400570519298
1981 9.195203667544993
1982 9.656724516506708
1983 9.290383641599629
1984 9.498189676769151
1985 9.430717656041594
1986 8.986173906742978
1987 9.312775410216082
1988 9.20485075407211
1989 8.961577380358026
1990 9.2133611202107
1991 9.245027756212506
1992 8.659838843878132
1993 8.98460213880429
1994 9.243233327365912
1995 9.446698020661415
1996 8.826768307250303
1997 9.093724513279094
1998 9.095960044862782
1999 9.064717006005994
2000 9.440097889518098
2001 8.723055726269777
2002 9.906125588949488
2003 9.592102402108331
2004 9.489034229612722
2005 9.052820501291272
2006 9.363593370353085
2007 8.703087977057034
2008 8.9573122983377
2009 8.822053832921164
2010 9.473435957360694
2011 9.466134484602785
2012 9.16545205874433
2013 9.1174706614506
2014 9.2193250385822
2015 8.858040900989607
2016 9.288431400993423
2017 9.772626279563452
2018 9.387328228930222
2019 9.610514041166855
2020 9.513524185041918
2021 9.510008151336544
2022 9.70874933008757
2023 9.576349655851454
2024 9.793777062342794
2025 9.592470437506298
2026 9.64664700733879
2027 9.201506658412088
2028 9.00935781043176
2029 9.080882029900883
2030 9.286832340898522
2031 9.052617454584128
2032 9.25032307226884
2033 9.433135556192205
2034 9.147582096238686
2035 8.920390107530737
2036 9.167924317201201
2037 9.42506751994802
2038 9.005784186456827
2039 9.113901199106952
2040 9.534310236728944
2041 9.076300753324889
2042 8.937742885621022
2043 9.314503307624143
2044 9.30582199416394
2045 9.674396168492704
2046 8.997106833684152
2047 8.766070740876588
2048 9.536466839740116
2049 9.191250605607049
2050 9.635040365557785
2051 9.54782111467975
2052 9.311818417563531
2053 9.260386665692495
2054 9.625513169850558
2055 9.73312755797253
2056 10.157351727395802
2057 9.338125390479481
2058 9.461438598926298
2059 9.177748766582283
2060 9.071471761956989
2061 9.327924872990533
2062 9.357450880295662
2063 9.22144481513341
2064 9.740489591071004
2065 9.458505903760265
2066 9.339452990603043
2067 9.644645606713866
2068 9.597884845470167
2069 9.48919650119759
2070 9.524498092554165
2071 9.381331181959847
2072 9.547511759537295
2073 9.129373263866688
2074 9.128569393747904
2075 9.23451742882165
2076 9.528443867094568
2077 9.251247757769647
2078 9.267229003818269
2079 9.166018845885981
2080 9.02112953590389
2081 8.631811501047334
2082 8.690700281338811
2083 9.164368895821147
2084 8.816463051968157
2085 9.128788060315049
2086 8.720722130133867
2087 8.940617495917135
2088 9.421366885032777
2089 8.972503421993746
2090 9.16318968536092
2091 9.309582253244116
2092 8.878706938009898
2093 9.05919628791169
2094 8.798215467716178
2095 8.990692597548946
2096 8.504792867996894
2097 8.900420115442332
2098 8.96113566926027
2099 9.583588145688232
2100 9.004557416383603
2101 9.303764164462104
2102 9.622605686022803
2103 9.728081426702104
2104 9.235577511658299
2105 9.375804554359329
2106 9.234084242533283
2107 9.37832029708438
2108 9.843438124564958
2109 9.542413367427203
2110 9.145944338739117
2111 9.401811315690225
2112 9.330899627111378
2113 9.432741425041932
2114 8.908285558583334
2115 9.688039193682581
2116 9.13931061142012
2117 8.616474514790486
2118 9.270699424498602
2119 8.747638867006897
2120 9.054244498506927
2121 9.292047588436827
2122 9.234455123223913
2123 9.520217778871416
2124 9.07088157744749
2125 8.704159219742523
2126 8.864941555410628
2127 8.865242146659009
2128 8.800155252081971
2129 8.600982728271461
2130 9.0332570763508
2131 9.119023060640906
2132 8.964862983698831
2133 9.400398344634642
2134 9.425188847377699
2135 9.51305944479938
2136 8.801718124700495
2137 8.97973528004392
2138 8.93769975972121
2139 9.00147583584633
2140 9.184706877162201
2141 9.19412433468283
2142 9.258095247670525
2143 9.059975761952947
2144 9.152576443801115
2145 8.773219106251883
2146 9.234062261508425
2147 9.208739475966347
2148 8.766687134973024
2149 9.593878523131979
2150 8.97490482611858
2151 9.005288994392767
2152 8.287282244419016
2153 8.85391650553589
2154 9.006077455881458
2155 9.818823850838621
2156 8.426867589560972
2157 9.434668698467398
2158 9.703426877398194
2159 9.141618662735082
2160 9.233092856359086
2161 8.717216315518913
2162 9.328688261475369
2163 8.950385222720843
2164 8.451309853429876
2165 9.784222012300873
2166 9.834487426682198
2167 8.864965148389349
2168 9.685310345545288
2169 9.403215122942292
2170 8.892150577399343
2171 8.843908909007869
2172 9.272357895569654
2173 8.8989675685514
2174 8.818123300771614
2175 9.537085178280545
2176 9.303586416704075
2177 9.327167156986176
2178 9.068464898623901
2179 9.033332339852748
2180 9.614637444598081
2181 9.56151171645816
2182 9.16572039177524
2183 9.662535335874889
2184 8.880440296058556
2185 9.305501048918188
2186 9.05808111569936
2187 8.925486527726465
2188 8.639462097279932
2189 8.48575516976903
2190 8.237880407345273
2191 8.47778371897615
2192 9.236905501131307
2193 9.182071966385667
2194 8.920879099926724
2195 8.975773532435118
2196 9.181244302136955
2197 8.838241221216222
2198 9.368703153453923
2199 8.94652605287324
2200 8.76670830544814
2201 8.50891035263957
2202 9.34757260694698
2203 8.581843799110974
2204 9.597747559650696
2205 9.48351291243735
2206 9.235318025892344
2207 9.204867666615671
2208 8.645938409489187
2209 9.215012786878905
2210 10.046488164716935
2211 9.5094998570422
2212 9.590788383162552
2213 9.16227854849235
2214 9.049286596044809
2215 9.111847497895994
2216 8.439387830647428
2217 8.632887668104402
2218 8.510962523974205
2219 8.819513925256835
2220 9.060955277909965
2221 8.572834136775926
2222 9.086397195381808
2223 8.743656414401867
2224 9.462819246238752
2225 9.126437425743823
2226 9.415159349978396
2227 8.36354671052392
2228 8.562613594259302
2229 9.79774741360662
2230 9.26287732144478
2231 9.584403604178563
2232 9.317633334764036
2233 9.383484335703708
2234 9.899866823281222
2235 9.249692067674706
2236 8.942562392377218
2237 9.29349514254414
2238 9.604859720825461
2239 10.092681049922804
2240 9.734427205145625
2241 9.995885878797598
2242 9.712614776739464
2243 9.667822904608073
2244 9.270962410217841
2245 9.583113047108569
2246 9.368806457727306
2247 10.233196113096461
2248 9.86665912497941
2249 9.800957009218676
2250 9.819395255380378
2251 9.45602700962692
2252 10.346610135657727
2253 10.036233156820385
2254 10.06010531844231
2255 10.046100422699157
2256 9.431816969080177
2257 10.020837369545312
2258 9.8614868660067
2259 9.961710078957939
2260 10.165214433693306
2261 9.750577598180234
2262 10.07069367571504
2263 9.893845609903854
2264 9.502732207205643
2265 9.482855303346781
2266 9.605228673347423
2267 9.505053159574892
2268 9.649177515598653
2269 9.37066601123898
2270 9.604581078005197
2271 9.269001450812368
2272 9.566584805450542
2273 9.855773113033457
2274 9.387087422531147
2275 10.021309818343266
2276 9.564435904977485
2277 9.97533388184542
2278 9.21466743632825
2279 9.2887525684388
2280 9.485279477311316
2281 9.850159371892495
2282 9.814190871432487
2283 10.228199040804274
2284 9.695541294950507
2285 10.436891907315363
2286 10.03109444697139
2287 10.147331255982806
2288 10.01096203143476
2289 9.662696791453042
2290 9.866352599739308
2291 9.236365679622022
2292 9.313706623108937
2293 9.367939270582932
2294 9.123218717418386
2295 9.389221580004442
2296 9.133664898698681
2297 9.172269277690667
2298 9.494466394857414
2299 9.037619952414008
2300 9.359301102326475
2301 8.78510777405686
2302 9.152071926399122
2303 8.904743809111228
2304 8.973309785330027
2305 9.332682143231303
2306 9.228759964872102
2307 9.56436488801835
2308 9.685364720435164
2309 9.6287920789181
2310 9.385049217286396
2311 9.224489466891741
2312 9.429560398365322
2313 8.78372253668624
2314 9.19895662146689
2315 9.0749850578761
2316 9.463527834116686
2317 9.146337470180498
2318 9.15261147013999
2319 9.527986540721038
2320 9.62628468752612
2321 8.815206711780977
2322 9.371778704856943
2323 9.351035285832584
2324 9.257921341431699
2325 8.903084868514014
2326 9.578886486262299
2327 9.593805391682846
2328 9.208182508678643
2329 9.629149748081211
2330 9.67828781533474
2331 9.727942769615023
2332 9.287508561212697
2333 8.940806747712012
2334 9.095258444515144
2335 8.624149279568734
2336 9.190419603992414
2337 8.805374903768548
2338 8.721145715578704
2339 9.033270825926943
2340 9.280836249156
2341 9.609111703991562
2342 8.94593450934381
2343 9.039143985126046
2344 9.388888225994462
2345 9.153886280473007
2346 9.257316325443806
2347 9.106493874381153
2348 9.502700835890137
2349 9.099097505384362
2350 9.480956134645469
2351 8.718650353504065
2352 8.816313356929664
2353 8.780814129296148
2354 9.441827366317264
2355 9.196015427959194
2356 9.126222375928181
2357 8.902006557544686
2358 9.371564341045884
2359 9.23332040961279
2360 9.220268260159402
2361 9.061386089820484
2362 9.009840866631324
2363 8.955029831614608
2364 9.509105525934618
2365 9.303932964128965
2366 8.88719567370986
2367 8.86191384352352
2368 9.270137308054284
2369 8.952573170376771
2370 9.4942256892464
2371 9.261500349351127
2372 9.260283693195495
2373 8.825535220984582
2374 9.355757594498925
2375 9.337089273302373
2376 9.481683146599607
2377 9.178171397548805
2378 9.018483298712217
2379 9.082729013378575
2380 8.882331110245628
2381 8.979746009920468
2382 9.597960990532737
2383 9.42804423967096
2384 9.21431892547463
2385 9.43199385326849
2386 9.381413250032592
2387 9.748253547777013
2388 8.709821574149618
2389 9.616042809613676
2390 9.774161592599322
2391 8.742675333192336
2392 8.54861712101832
2393 8.870635138260987
2394 8.601014355468765
2395 9.023956593718692
2396 9.174793036234616
2397 8.944421841629355
2398 8.531582360532848
2399 8.831729437440437
2400 9.10883996860795
2401 9.111345095024287
2402 8.940731414219984
2403 8.385575256245923
2404 8.29896387065501
2405 9.022157085658785
2406 8.768253202389126
2407 8.947698973611734
2408 9.102667098058566
2409 8.594114246395385
2410 8.672863894646767
2411 8.577868792922533
2412 8.910122602739065
2413 9.023722114962757
2414 8.152972876999746
2415 8.844933908275266
2416 8.764116347458
2417 8.888574265226426
2418 8.918936395887787
2419 9.260618381327866
2420 8.722444943775654
2421 8.724415366821377
2422 9.149153888496606
2423 8.669165947535545
2424 8.646985586709285
2425 8.990800640778565
2426 9.095643491735103
2427 9.253145268252641
2428 8.83885547177261
2429 9.066391024509086
2430 8.639557242035565
2431 8.69568838472894
2432 8.734807815711855
2433 8.73852366896016
2434 8.659179743733734
2435 8.59261385164573
2436 9.270028243121105
2437 8.476661934056008
2438 8.26980558429487
2439 8.546978754292988
2440 8.55944126485762
2441 8.488847422086655
2442 8.757908992205259
2443 8.75779699604337
2444 8.91003871651596
2445 8.849144357019018
2446 8.969349718865756
2447 8.855269860233589
2448 8.877930518340298
2449 8.876712894283468
2450 8.524998784476718
2451 9.62885937209941
2452 8.93622917183545
2453 9.127931584744477
2454 9.124258729963461
2455 8.879917582792935
2456 9.10823006934134
2457 9.043252355145748
2458 8.731461849639413
2459 9.327244670676352
2460 8.9690379578512
2461 9.059164828576245
2462 9.07707175820633
2463 8.634019879114927
2464 8.629699470552078
2465 9.0149275808062
2466 8.625532027813728
2467 8.831993231407893
2468 8.310602225853287
2469 8.605381156957723
2470 8.749756491852537
2471 9.023111008436025
2472 8.85508654723653
2473 9.277265391044361
2474 9.067636970257075
2475 9.184453025268473
2476 9.037304357312083
2477 9.237186333708188
2478 9.511721202526193
2479 9.415341152383865
2480 9.375594043224908
2481 9.291111088148183
2482 9.486285223322076
2483 9.556513213912986
2484 9.29599369534
2485 9.335752767049229
2486 8.998248123988779
2487 9.283417306094142
2488 8.931974967954007
2489 8.89813984553148
2490 9.337144257425628
2491 8.928303180941317
2492 9.01513872886037
2493 9.035580277957118
2494 9.660381663439113
2495 10.106168118596871
2496 9.297656381671066
2497 9.229340545091102
2498 9.305859752198504
2499 9.19754881147035
2500 9.234698276269734
2501 9.162564277486682
2502 10.497830150445207
2503 11.031597493528047
2504 9.846610430083386
2505 9.66277255674596
2506 9.617547702432503
2507 9.51939441695485
2508 8.882560878840055
2509 9.487907960830954
2510 9.146011350520993
2511 9.290874911094603
2512 8.912781894970625
2513 8.891509444606042
2514 8.976681510424982
2515 9.110768362666425
2516 9.279629086661428
2517 8.948002118072889
2518 8.811438728163449
2519 9.615289837955563
2520 9.044974461725529
2521 8.85475418501226
2522 8.926753904111909
2523 9.051610177557805
2524 9.041873788870411
2525 9.00713154473562
2526 8.38950776947201
2527 8.532084346191388
2528 8.818466012187944
2529 9.366057720282754
2530 8.965623345731599
2531 9.161570556582518
2532 9.09843484923342
2533 8.913885485811036
2534 9.635321291043942
2535 9.557773165012264
2536 9.188584500989174
2537 9.46155042632089
2538 8.820987801534395
2539 9.160315558803772
2540 8.77836224144542
2541 9.005111801794357
2542 9.78419273818862
2543 9.1753184351092
2544 9.05265833613614
2545 8.156709183981178
2546 8.374701927662516
2547 8.845338490822003
2548 8.931630961075468
2549 8.764267276839664
2550 8.653994544877545
2551 9.118895166393708
2552 9.062670460615115
2553 8.758810004974821
2554 8.674080920698808
2555 8.91474331526127
2556 9.074240726173283
2557 9.245409511441478
2558 9.139247642416551
2559 9.182385079775063
2560 8.77421075939446
2561 9.045727422750055
2562 9.037668301056573
2563 9.202175378287174
2564 9.41460617330934
2565 8.87062043215913
2566 9.148058165211435
2567 8.389044995060354
2568 8.333290025987278
2569 8.885372573884178
2570 8.395246141246357
2571 8.622311058527833
2572 8.951123070207377
2573 8.458021743162995
2574 8.723192342658647
2575 8.436141710425263
2576 8.349519542178946
2577 8.617562980314082
2578 8.087957044032057
2579 8.602095020389063
2580 8.281467812574274
2581 8.614439443330015
2582 8.441797900467103
2583 8.347291113706998
2584 8.533266525090824
2585 8.668293366910296
2586 9.190754851812573
2587 8.280977310781763
2588 8.800659586859473
2589 8.727838230091848
2590 8.65528677668898
2591 8.634798745250691
2592 8.94201112476233
2593 8.75906511469645
2594 8.986187843303604
2595 8.84828291256758
2596 9.134224839547812
2597 8.552962584005153
2598 8.95071221702071
2599 8.959671939344922
2600 8.578042074991895
2601 9.071575099820954
2602 8.734600270197578
2603 8.973612062992766
2604 9.25400131718443
2605 9.141843759383024
2606 8.92093962063661
2607 8.554184886234209
2608 8.73748468255047
2609 8.899686618334183
2610 9.0878767964673
2611 8.981971836978321
2612 8.55671496831192
2613 9.233786426679437
2614 8.70702600218958
2615 9.409532991820637
2616 9.227700405481523
2617 8.717231403136681
2618 8.797788665808577
2619 8.800285974905032
2620 8.633163520948255
2621 8.7893392099941
2622 8.885964945256186
2623 9.15318718339025
2624 8.943872044261767
2625 8.246445129849711
2626 8.744683810203162
2627 9.033273560248778
2628 8.68533871862141
2629 8.88961602605849
2630 8.986002674281856
2631 8.741816623978838
2632 8.50727485620285
2633 8.548928263434759
2634 8.849974947679875
2635 8.62667498537414
2636 8.55148543346745
2637 8.755409161012885
2638 8.425201951469242
2639 8.307033688979958
2640 8.826405163733416
2641 8.793307733957189
2642 8.807632388632664
2643 8.661804177430074
2644 8.814435497116078
2645 8.690015191999338
2646 8.52799602364123
2647 8.875354755055024
2648 8.427654131716897
2649 9.193667228432739
2650 8.500640066774665
2651 8.493764392445001
2652 8.90521068303373
2653 9.421846082353
2654 8.771027965631308
2655 8.826841479621338
2656 8.95867219816889
2657 8.341569540895074
2658 9.094010786109115
2659 8.456345608578102
2660 9.007131426131448
2661 8.651334331899632
2662 8.752508460868116
2663 9.258223138370983
2664 8.241853901882367
2665 9.29606397780064
2666 8.952663330714339
2667 9.122585014195936
2668 8.634988790963236
2669 9.402116837068142
2670 8.967273883716507
2671 8.736628902383883
2672 9.193754281015005
2673 8.836752942641573
2674 9.075424163468078
2675 8.906293361278882
2676 9.015918153282309
2677 8.780523720960305
2678 8.710610744109964
2679 8.607965662505341
2680 8.663695252480322
2681 8.8780596943509
2682 8.857806831845817
2683 8.981143878720392
2684 8.794565692683255
2685 8.825158079338731
2686 9.288643292022197
2687 8.419845104464013
2688 8.850612723966782
2689 8.405130101504945
2690 8.951273636758422
2691 8.59864052727574
2692 8.715181449609089
2693 8.767688498660988
2694 8.949212730713018
2695 8.208415995538159
2696 8.443003871580082
2697 8.909394665480317
2698 8.45000816666952
2699 8.740084705060262
2700 8.78225626473426
2701 8.303056597455555
2702 8.653654968725293
2703 8.826240919811418
2704 8.748989186145932
2705 8.560269945870084
2706 8.553424412575907
2707 8.9785915450483
2708 8.386554798354288
2709 8.915759544728665
2710 8.12543740381813
2711 8.676323711627457
2712 9.17184079387209
2713 9.092956530621247
2714 8.686073088621828
2715 8.651006298458785
2716 8.614239993287942
2717 8.66992754131848
2718 8.890599454611033
2719 8.770390713021992
2720 8.766948360756311
2721 8.628771666345731
2722 8.546809450555722
2723 8.706843736910114
2724 9.024033125915395
2725 8.702356554946624
2726 9.029083598266247
2727 8.912527177281936
2728 9.123298473052602
2729 9.48403979156921
2730 8.864128053076229
2731 9.017591602730366
2732 9.002150081105155
2733 8.80736281676175
2734 8.93822475163279
2735 9.189140899104192
2736 8.808497455900989
2737 9.260442985272103
2738 8.7752892705885
2739 8.938051214616436
2740 9.055517204105172
2741 8.87666823079984
2742 8.803158639092262
2743 8.727775252368168
2744 8.94961700127463
2745 8.95687839800425
2746 8.970302615974237
2747 8.85914296617809
2748 8.627571295163468
2749 8.783770968341814
2750 8.682023397539007
2751 8.507592484993621
2752 8.849666162311475
2753 9.094536473694104
2754 8.764789558018526
2755 8.695594379788872
2756 8.734632139761185
2757 8.358038438543273
2758 8.894366026204679
2759 8.787792469428869
2760 8.481947751514063
2761 8.67777646017846
2762 8.838527351749688
2763 8.939456864476467
2764 9.157244693320358
2765 8.858012775853272
2766 9.448412566397268
2767 8.561805741372053
2768 8.727043593611743
2769 9.38267682128673
2770 8.783593903300465
2771 9.548095027931183
2772 8.81332074454125
2773 8.75004288197265
2774 9.103166137574808
2775 8.877568581489657
2776 9.01240030686053
2777 8.808788733004803
2778 8.825468599971792
2779 8.995702540406581
2780 8.438585060324355
2781 8.51632107109347
2782 8.803658571406313
2783 8.96839187215581
2784 8.58713631238045
2785 8.463311765815117
2786 8.609099871639959
2787 8.661061593313603
2788 9.494474000351191
2789 8.78717847684812
2790 8.724431643782697
2791 8.649244993590253
2792 8.616654487464062
2793 9.131390070400862
2794 8.795720264260144
2795 8.92247985076024
2796 9.33386382941294
2797 9.619725741024245
2798 8.72747247240989
2799 9.102805057102406
2800 9.392033801080553
2801 9.262496260287476
2802 9.264172663443006
2803 9.758990974876431
2804 9.630123636938722
2805 10.82363067163668
2806 10.400528057430655
2807 10.901766322887953
2808 10.53345214747654
2809 10.561847910086103
2810 10.662022330484183
2811 10.383820940645665
2812 10.519297289859518
2813 10.559631020511466
2814 10.736046697498187
2815 10.410394372347897
2816 10.445413903898084
2817 10.932246327145146
2818 11.096835650494741
2819 11.174043019760314
2820 10.749691208562208
2821 10.997677931034584
2822 10.051202480727744
2823 10.445068489964523
2824 11.14553688852177
2825 11.165403954745667
2826 10.735356398220034
2827 10.635615001899504
2828 11.050575199906612
2829 10.714841095497757
2830 10.632981850215925
2831 10.3858847738625
2832 10.638771601514433
2833 10.706455420407272
2834 10.72015911903273
2835 10.49822163794998
2836 10.49789461334454
2837 10.815716815501952
2838 10.653685735173129
2839 10.340904287818462
2840 10.06706331912516
2841 10.536078154731332
2842 10.938650960783756
2843 10.878388114824343
2844 10.61035339045779
2845 10.580070955279414
2846 10.4282828842832
2847 10.585927861623848
2848 10.717569481212244
2849 10.376808733129126
2850 10.155978799340671
2851 10.398130409525502
2852 10.727225045258912
2853 10.771164299701894
2854 11.12210240497312
2855 10.357576914290002
2856 10.954310213219577
2857 10.501435552988621
2858 10.836373496759128
2859 10.147603746345316
2860 10.754160616881054
2861 10.382673515253265
2862 10.560819806469953
2863 10.879169451468762
2864 10.69835003137931
2865 10.44865526106223
2866 10.191499928320333
2867 10.250148582062936
2868 10.49455170307415
2869 10.403312276604234
2870 10.176936466517393
2871 10.486431223455208
2872 10.025658028264134
2873 10.58166616352519
2874 10.557429228650612
2875 10.324045352396096
2876 11.359808699797087
2877 10.56096944746469
2878 10.722675114033947
2879 10.48127181183437
2880 10.768289351618407
2881 10.910531639538775
2882 10.79685011929132
2883 10.668584760992934
2884 10.910007140116262
2885 10.998415112506152
2886 11.08074703460913
2887 10.74955004671968
2888 10.704258638355515
2889 10.841794400094283
2890 10.892160489042517
2891 10.966704345787521
2892 10.834979630861323
2893 10.673326525202055
2894 11.463541758574232
2895 11.092577245009942
2896 11.027860298799194
2897 10.365948532089682
2898 10.753391452088445
2899 11.127176614685762
2900 11.099255327499161
2901 11.200371191579086
2902 10.588670230561029
2903 11.05239251305347
2904 10.62666455812321
2905 10.542220249828656
2906 10.76644954008924
2907 10.96666131372659
2908 10.420813618493588
2909 10.487201914754891
2910 10.928543022342627
2911 11.438349717463604
2912 10.52415264018424
2913 10.641599857256349
2914 10.866774105917806
2915 10.876579567686203
2916 10.956524379905199
2917 11.504309303751555
2918 10.976675644440899
2919 11.35144871497367
2920 11.127744710034232
2921 11.370421283179176
2922 10.93615740450504
2923 11.19625449367266
2924 10.786459195858109
2925 10.886494653843789
2926 10.749468274452306
2927 10.56293136032781
2928 10.7515939526083
2929 10.856382862502986
2930 11.031086240758984
2931 10.766142867012775
2932 11.029656324864568
2933 10.821197527725737
2934 10.333366203599082
2935 10.970742008783347
2936 10.691867458814547
2937 10.78492812304129
2938 10.523089305690263
2939 10.734006402020189
2940 10.868971395578889
2941 10.822397247565585
2942 11.485039421502064
2943 10.849696589641395
2944 10.920914151237206
2945 11.198305623649356
2946 11.310939462582292
2947 10.157856750796865
2948 10.77040714716356
2949 10.886373619878627
2950 10.4363425289071
2951 10.536506168341525
2952 10.753343395682203
2953 10.687279868770563
2954 10.672550581456969
2955 11.212200457371837
2956 11.024161170162158
2957 11.325726799638433
2958 10.899232922496179
2959 11.202697831194195
2960 11.24076234809589
2961 10.635048639445932
2962 10.608311814088818
2963 11.022907870092238
2964 11.190388628656182
2965 10.546434811135201
2966 10.232032640128011
2967 10.690790971189333
2968 10.703684021326442
2969 10.744543349313206
2970 10.644181451681156
2971 11.03816096168356
2972 10.95187105515063
2973 11.010874207421258
2974 10.80931112101338
2975 10.716196236286713
2976 10.578190953345809
2977 10.21265188528468
2978 10.656013260783837
2979 11.017732568621003
2980 10.868683619526728
2981 11.306863473133244
2982 11.02182600818987
2983 10.572944499842457
2984 10.727435092604543
2985 11.182236620503586
2986 11.24037526500148
2987 11.188736220230306
2988 10.988392867691624
2989 10.705955337701912
2990 11.005763292029563
2991 10.996459652515234
2992 10.448992403486491
2993 10.858239112747091
2994 11.66971465135099
2995 10.98891295632218
2996 10.979392476532967
2997 11.152863030851242
2998 10.837233069089361
2999 10.955011715470702
3000 10.788735157548489
3001 11.296476634715106
3002 10.466948376846293
3003 10.481458913507833
3004 10.622902720137322
3005 10.542731189620724
3006 10.419227939418137
3007 10.826512907043787
3008 10.633012507678847
3009 10.568395509534028
3010 10.606968206905673
3011 10.706184649932297
3012 10.6014915151424
3013 10.53633748580799
3014 11.012986090439012
3015 10.923664736506346
3016 11.064657893636713
3017 11.235633094684887
3018 10.612013185665674
3019 10.908383781151562
3020 10.258176123176359
3021 10.752206869475266
3022 10.706287241636838
3023 10.658975996572
3024 10.71870286347391
3025 10.702420673812508
3026 10.771898466274726
3027 10.898938592516808
3028 10.737631231726391
3029 10.476300467509848
3030 10.724671981919318
3031 10.779828998715782
3032 10.989260007835732
3033 10.74759502760365
3034 10.973578840976733
3035 10.67567305687645
3036 11.164447857746332
3037 11.152713381521256
3038 11.277517917092405
3039 11.080835754966909
3040 11.694746233620613
3041 11.304697145900416
3042 10.903236392411511
3043 10.856329301736851
3044 10.648200252569136
3045 10.632124848333449
3046 10.752808632803077
3047 10.73226197921931
3048 10.228293914229484
3049 10.615793948000709
3050 10.36629138974785
3051 10.574620787003289
3052 10.623859983905634
3053 10.879560897900822
3054 11.24334773511885
3055 11.204860777661487
3056 10.90372827721264
3057 11.245373693425334
3058 10.78760994072323
3059 10.951093553814898
3060 10.725602560865484
3061 10.787291017553502
3062 11.208810682858225
3063 10.534288405674642
3064 10.786686440383855
3065 10.693593512230391
3066 10.839932926240815
3067 10.700304866681277
3068 11.308399469242428
3069 11.089059983341627
3070 11.031201124643156
3071 10.893186087803253
3072 10.978503559969047
3073 10.429806786696352
3074 10.726386490896822
3075 10.969562429109766
3076 10.511916082097207
3077 10.505576113209246
3078 10.835934318979318
3079 11.356607574791695
3080 11.095419470161836
3081 10.9013542168726
3082 10.43779074276322
3083 10.659060484131006
3084 10.6713401881921
3085 10.7983705246258
3086 10.638957011289547
3087 11.264181218480037
3088 11.16565972084194
3089 10.896956815871633
3090 11.03299368229336
3091 10.470171726035957
3092 10.643950416589812
3093 10.858500168048481
3094 10.622313160504756
3095 10.860710910082346
3096 10.759633090480886
3097 10.946971010239485
3098 10.966400269122847
3099 10.455549579811038
3100 10.542302995224368
3101 10.697576041367254
3102 10.494556108025078
3103 10.914449016448366
3104 10.88405085045385
3105 10.946640002355274
3106 10.75377191910251
3107 10.477887903298605
3108 10.215381760887242
3109 10.307379951719211
3110 10.897755831472672
3111 10.787563128666624
3112 10.867629635371182
3113 10.544364104628798
3114 10.595342419703384
3115 10.352893541570472
3116 10.341668323789508
3117 10.391914294067718
3118 10.774467229136777
3119 10.369659669335029
3120 10.911912041121523
3121 10.905525776952537
3122 10.847247681655466
3123 10.208075167021777
3124 10.765410313648323
3125 10.816316396920538
3126 10.618133459678846
3127 10.40245295134387
3128 10.846124098799637
3129 10.948292777234917
3130 10.573583187217821
3131 10.664879138685208
3132 10.187577972844732
3133 10.55920669908276
3134 10.349550511818682
3135 10.80856336717036
3136 11.174556219676214
3137 10.86312473291371
3138 11.06089935833237
3139 11.306004573193182
3140 10.92325581003807
3141 10.741184105823148
3142 10.343730758434607
3143 10.606404294056452
3144 10.062266305017774
3145 10.176611435675932
3146 10.405758542696294
3147 10.834963616872495
3148 10.89510884471315
3149 10.96650898244891
3150 10.82091324479718
3151 10.818841502434699
3152 10.879556492974778
3153 10.673962665148396
3154 10.985890203273655
3155 10.520092184273125
3156 10.551637383913011
3157 10.634743777697716
3158 10.984230127571237
3159 10.179038494024308
3160 10.305297787517567
3161 11.059232379899937
3162 10.44930373577639
3163 10.727666085996269
3164 10.684563580723129
3165 10.537116934450443
3166 10.829709895565431
3167 10.628138481340022
3168 10.943611403121755
3169 10.609436448157023
3170 10.584745033040466
3171 10.903451227659136
3172 10.749883486323709
3173 10.672559326733937
3174 10.069536159582675
3175 11.076404022941853
3176 10.970742862399023
3177 10.66875728411379
3178 11.153423687145917
3179 10.412263649456714
3180 11.227906095010859
3181 11.160557794399534
3182 10.898684121051195
3183 10.483816169235444
3184 11.129102296177342
3185 10.599389638551438
3186 10.92147922609134
3187 10.646099275290553
3188 10.888884802604093
3189 10.795490237111242
3190 10.764012167319553
3191 10.645207768832377
3192 11.044718321062119
3193 10.623864935533696
3194 10.588301142635105
3195 10.59389241809565
3196 10.669173902778976
3197 10.64034389168231
3198 10.394801493992968
3199 10.701471432963562
3200 10.762268014445835
3201 10.939022771752176
3202 10.809356956862496
3203 11.066135499175662
3204 11.295344523864406
3205 10.331875405737382
3206 10.63006751858074
3207 10.243473065968693
3208 10.31971895596789
3209 10.498621775599224
3210 10.74441987964253
3211 10.440907667855916
3212 10.524291800912346
3213 11.092606733202613
3214 10.478893236613002
3215 10.712098156111471
3216 10.18680404234238
3217 10.39503893508632
3218 10.506530776226475
3219 10.632651486140936
3220 10.276184689658395
3221 10.041295309996348
3222 10.179544549922829
3223 10.354631183980498
3224 10.529333241962728
3225 10.466065197684753
3226 10.437986176280404
3227 9.921474463815578
3228 10.34504371244895
3229 10.191649001033886
3230 10.347595018902597
3231 10.56684280968472
3232 10.64790622614343
3233 10.445204565748693
3234 10.152851999999282
3235 10.96479427578305
3236 10.945057152283574
3237 10.78318838078416
3238 10.32470055708208
3239 10.91842083515126
3240 10.454478177439494
3241 10.41133581837254
3242 10.395617917076589
3243 10.571245976161617
3244 10.250282384032495
3245 10.372886165947174
3246 10.556896228861431
3247 10.365276566203766
3248 10.537554984349189
3249 10.36831407671294
3250 10.364381741618159
3251 10.741064387551607
3252 10.391995381885836
3253 10.608316884431032
3254 10.89474070986419
3255 10.30511447773234
3256 10.380043255081654
3257 10.167274159073457
3258 10.940741016622564
3259 10.893846262972712
3260 10.329407251876772
3261 10.281848189353997
3262 10.570171721635031
3263 10.38924175771528
3264 10.079099745322106
3265 10.647952718598248
3266 10.3864972825269
3267 10.422023517874987
3268 10.709878194880352
3269 10.778600828311365
3270 10.374321898980817
3271 10.44717983530346
3272 10.748839044355725
3273 10.816696318928061
3274 10.411890980138976
3275 10.669763646315289
3276 9.927743165599647
3277 10.177914968318442
3278 10.550581863093486
3279 10.695453523916948
3280 9.952994824599498
3281 9.833370460259461
3282 9.928907452861408
3283 9.667281027201078
3284 10.101305829878138
3285 10.857816193342613
3286 10.878707241242154
3287 10.010327364828315
3288 10.665268057909316
3289 10.804229187825406
3290 10.629980450406846
3291 10.650718995563421
3292 10.17931976844114
3293 10.451573706113825
3294 10.65675737385911
3295 10.39575800600249
3296 10.674719236537387
3297 10.476262709508637
3298 10.61987664824875
3299 10.689124563607008
3300 10.708255480094671
3301 10.371299290922272
3302 10.76819285961166
3303 10.280646812019048
3304 10.104699686303364
3305 10.230083608773743
3306 10.409303168398756
3307 10.378519285907771
3308 10.619758817562719
3309 10.673127752396688
3310 10.564221648444729
3311 10.464051526361335
3312 10.43674423746521
3313 10.333104569911455
3314 10.529183776547496
3315 10.875375294409174
3316 10.687325974123924
3317 10.710447773912831
3318 10.356480264812847
3319 10.132126177368486
3320 10.55800347558687
3321 10.081989888582227
3322 10.745683605887049
3323 10.170005808034318
3324 10.235346667184631
3325 10.083374380211012
3326 10.748546619985815
3327 10.496400271050334
3328 10.643032838661032
3329 10.57264050442412
3330 10.283805508814336
3331 10.290158002357478
3332 10.193345811674572
3333 10.439947944617144
3334 10.322003683543123
3335 10.617903783965295
3336 10.228760728636994
3337 11.062355350194682
3338 10.983722792382418
3339 11.027826037127294
3340 11.048360967141129
3341 10.343759533997032
3342 10.824314170723424
3343 10.619284241328105
3344 10.898833990248086
3345 10.567094903114791
3346 10.764846714877146
3347 10.400316818576295
3348 10.251643255252802
3349 10.459682444239874
3350 10.85340309613023
3351 11.158852301055347
3352 10.435802479724664
3353 10.84429444006601
3354 10.592130157038902
3355 11.091152519245496
3356 10.554300965451535
3357 10.380030700582957
3358 10.173630838596045
3359 9.934269466331155
3360 11.072830100739273
3361 10.960051971143079
3362 10.47043169518143
3363 9.784084793197284
3364 10.885721227293201
3365 10.621343842332072
3366 10.595500248223939
3367 10.527695227978256
3368 10.573023763601437
3369 10.862229537366108
3370 10.69211231121864
3371 10.362715064156431
3372 10.686446268551654
3373 9.935088777067143
3374 10.623853973328993
3375 10.650778183810708
3376 10.172742368889008
3377 10.390064457563119
3378 10.68762505931843
3379 10.190204823699373
3380 10.32729721195131
3381 10.531095606056684
3382 10.32591243387055
3383 10.301963877709575
3384 10.502259991039688
3385 10.079480360244931
3386 10.297196620739392
3387 10.293761297808127
3388 9.883900666230526
3389 10.252754420034607
3390 9.90513222075562
3391 10.755049075802333
3392 10.961140485230704
3393 10.26021749751443
3394 10.715970904059967
3395 10.356141332261393
3396 10.501602722725577
3397 10.398250892601128
3398 10.548225280197551
3399 10.577620125322563
3400 10.653480441680752
3401 10.983119554790386
3402 10.77977577700844
3403 10.624659408076033
3404 10.80421880865876
3405 10.47787276741387
3406 10.338303188579998
3407 10.713771558724233
3408 10.574904198208968
3409 10.667944229058179
3410 10.38732624449696
3411 10.731852165495225
3412 10.725891101801116
3413 10.501018793577
3414 10.655353093624433
3415 10.323203306734044
3416 10.973574408097441
3417 10.945076980374912
3418 10.56550495019515
3419 11.077127185815096
3420 10.474659524782576
3421 10.849880568050406
3422 10.726659523986296
3423 10.588970695720606
3424 10.76381253098585
3425 10.71377933103599
3426 10.930516129071792
3427 10.982516430904406
3428 10.441296691796305
3429 10.507419662175558
3430 10.832511516260357
3431 10.915217988456329
3432 10.167541047127886
3433 10.47175866518267
3434 10.519284901353267
3435 10.711264531991302
3436 10.802074916750984
3437 11.535725108826805
3438 10.882829013062958
3439 10.603961331674665
3440 10.5960474499007
3441 10.258141127167335
3442 10.42901034789796
3443 10.741346611966607
3444 10.53223204925396
3445 10.402391263538119
3446 10.669942277578015
3447 10.554007224253006
3448 10.84941583285376
3449 9.884914946463764
3450 10.785425748398248
3451 10.499915252843632
3452 10.057028129264458
3453 9.94859801021423
3454 10.352073008927235
3455 10.753606975431167
3456 10.564816967370572
3457 10.31880970862086
3458 10.452284071022651
3459 10.909821312192532
3460 9.79161225358844
3461 10.206556310072118
3462 10.551995028346157
3463 10.486925651724897
3464 10.915366959208935
3465 10.129693623035203
3466 10.40850493107411
3467 10.3074458031209
3468 10.61714660630168
3469 10.390027093894757
3470 10.442810789450936
3471 10.275561209362905
3472 10.2851352271136
3473 10.734672596178731
3474 10.300562457438897
3475 10.965736752364634
3476 10.546878335080272
3477 9.918272587139684
3478 10.292948223918753
3479 10.42868318731936
3480 10.377648370440962
3481 10.81335023190173
3482 10.615137708776818
3483 10.385365191578018
3484 10.368700716662385
3485 10.674460252331453
3486 10.106573572977544
3487 10.745990390211999
3488 10.384547146379006
3489 10.457970098349275
3490 10.372284093611709
3491 9.875986999267491
3492 10.276868590068604
3493 10.35364780996813
3494 10.1769017158284
3495 10.541581245087366
3496 10.641926182627603
3497 10.48321946815091
3498 11.347503939859786
3499 10.404961197668774
3500 10.070496781676097
3501 9.88410148643432
3502 10.175253113953032
3503 10.596326054973416
3504 10.628670688320874
3505 10.441954329866133
3506 10.541468311030576
3507 10.798340351006168
3508 10.824636116283706
3509 10.824782489879974
3510 11.349925926791114
3511 10.56704268380849
3512 10.690234421747247
3513 10.755463277562644
3514 10.52498154003035
3515 10.588288425372888
3516 11.230466870554283
3517 10.993695386725966
3518 10.676298075768035
3519 11.173957133880421
3520 11.327123136942197
3521 11.039715652980984
3522 11.264743953268312
3523 10.717205355244458
3524 10.61081840772826
3525 10.583361639444352
3526 10.91440321380197
3527 11.024180072474177
3528 11.349048924840343
3529 11.17971704515908
3530 10.860649802083564
3531 10.71028273598636
3532 11.05222654029156
3533 11.159538567059872
3534 10.63309525308303
3535 10.591307236768397
3536 10.77973202932115
3537 10.611774204912672
3538 10.678515680467681
3539 10.469650583438348
3540 10.151300576682832
3541 10.15196537552446
3542 10.094184946109513
3543 10.151999238957561
3544 10.264652948322286
3545 10.179607245077872
3546 10.444130270497613
3547 10.499462388287142
3548 10.732247196036505
3549 10.288147848920799
3550 10.494105478238287
3551 10.655474163223625
3552 10.510691801945168
3553 10.939937448703722
3554 10.492517192064868
3555 10.137449864075435
3556 10.753332103080087
3557 10.179202694705259
3558 10.428559840033246
3559 10.67145313130077
3560 10.308256768551951
3561 10.868958481266077
3562 10.29223787166879
3563 10.975219377387827
3564 10.84075446351314
3565 10.680360712670016
3566 10.47212804240535
3567 10.827972449889115
3568 10.46136783565027
3569 10.839772305855906
3570 10.665120962593011
3571 11.021480905268163
3572 10.780488252633123
3573 10.980808635520837
3574 10.864644758653819
3575 10.963102679000727
3576 11.121909502951702
3577 9.870549764722643
3578 10.363460100885911
3579 10.538567596550164
3580 10.543143913930207
3581 10.8572373119916
3582 10.832238239511904
3583 10.918286216271412
3584 11.088127628857274
3585 10.76554894719409
3586 10.390661607720672
3587 10.204732140770007
3588 10.473624660949284
3589 11.013019028734751
3590 10.935321461818212
3591 11.344326873112264
3592 11.218027121804889
3593 10.771047028247944
3594 10.84912938045064
3595 10.815545815693785
3596 10.711720473700364
3597 11.100745297644805
3598 11.264396443985504
3599 10.820011489135329
