0 9.988279631630396
1 10.303240057419558
2 10.00023432034296
3 10.631376516743451
4 9.9930115062275
5 11.192834507656437
6 10.435695248333273
7 10.672048113633782
8 10.491589640589268
9 10.884395341958841
10 11.247988150289792
11 10.445494435340198
12 10.642372364006928
13 10.741008503957397
14 10.526116456529135
15 10.20456547768797
16 10.345674324931382
17 10.530138183962517
18 9.809795957716274
19 10.776124097762471
20 10.32170501565439
21 10.1455975204431
22 10.23501817437503
23 11.099596108358535
24 11.163289405657478
25 11.122551666612317
26 11.213305844607879
27 10.904505492990564
28 11.048419560100795
29 11.204371777140219
30 10.305941156095443
31 10.880192702836903
32 11.09454212576043
33 10.09492496922608
34 10.772013137830482
35 10.47786360320688
36 10.69520660432356
37 10.638497155648173
38 10.761785520859377
39 10.904167371888443
40 10.561473070853305
41 10.89347866319963
42 10.79060971030186
43 10.609903544797092
44 11.443394828473718
45 10.899648396503194
46 10.82963442917142
47 10.587103063771892
48 11.173541642052344
49 11.123455744449545
50 10.552363926772658
51 10.646322369842313
52 10.888086842384276
53 11.361685396013744
54 10.93899506911988
55 10.735412230690464
56 10.745484766885797
57 10.796105287473557
58 10.967042036365607
59 10.709509769023674
60 10.592275588470793
61 11.07083535292462
62 10.738174124183908
63 10.215353475724429
64 10.391354772237408
65 10.127405053581214
66 10.46026116321625
67 10.37846248260243
68 10.630849022666625
69 11.489701064671781
70 11.000557346220434
71 10.999567413007702
72 10.784073010160702
73 10.922814077443778
74 10.968228331468564
75 10.91443453476742
76 10.190641394156524
77 10.716324072371782
78 10.878812991034902
79 10.740995741065733
80 10.889798526604785
81 10.616193391732466
82 10.783908770652015
83 10.80276819678325
84 10.622024899251024
85 10.815413034187914
86 11.114019892910349
87 10.860590607358956
88 10.293078730773715
89 10.863764931743319
90 10.774569851353602
91 10.607776639144083
92 11.157143738580121
93 11.7059033678123
94 11.463057385401939
95 10.719562023339716
96 10.845758819890108
97 10.41262432158038
98 10.235247851411778
99 10.39143173611861
100 10.756885771132321
101 10.760660864255765
102 11.26378023101472
103 10.942105169798241
104 11.054518594276056
105 11.118506962713992
106 11.041617207319145
107 10.525088063711465
108 10.573262810960346
109 10.708012333916496
110 10.426607584028003
111 10.36963093369971
112 10.463254605574951
113 10.807275596843516
114 10.595112730694542
115 10.688169764614885
116 10.594073213390713
117 11.192270745117831
118 10.58864569715125
119 10.862066746956994
120 11.062515690976065
121 11.077009412763113
122 11.170217735595472
123 11.197243573258659
124 10.571913138220403
125 10.724793988414428
126 10.37223310252156
127 10.728191709493384
128 10.444543165245898
129 11.25253064929902
130 10.901250970371823
131 11.011817939403002
132 10.4409561819684
133 10.425394597593243
134 9.608780822014573
135 10.505929098698758
136 10.580786498519164
137 11.05153817317949
138 10.938676816751785
139 10.944817517082662
140 10.623680919059456
141 10.625215047268187
142 11.056473833955302
143 11.029387810895857
144 10.768119388982795
145 10.34395932046411
146 11.062771005506145
147 11.164627672317044
148 10.641251397839158
149 10.807615414248545
150 10.910603226637601
151 10.837407190970266
152 10.894622543971291
153 10.917173216228356
154 11.21277723471428
155 10.920749931120241
156 11.501742968574046
157 10.795324272724459
158 10.581950474603946
159 11.001653846856716
160 10.777866930411728
161 11.3593223689793
162 10.793512277928848
163 11.871287576712518
164 11.159254620586296
165 11.575812845699652
166 11.42794651078665
167 11.49518433974946
168 10.768938082228226
169 11.11081279300133
170 11.031584848791555
171 11.220119475839299
172 10.966948582411735
173 11.318124673240801
174 11.200324228343089
175 10.782474624077645
176 11.019385535803417
177 10.9222199418345
178 11.025959660210896
179 10.86229666657041
180 10.902976974520971
181 10.721473413848145
182 10.84949738313908
183 11.2996429123539
184 10.6512558147161
185 10.859937107322533
186 11.088591938330449
187 10.42318858283822
188 11.252540757566052
189 10.920458406364698
190 10.88628132677658
191 10.956550374941374
192 11.33026549125927
193 11.717836164498662
194 10.598884535079414
195 11.331878285504866
196 10.93126045348499
197 10.39548520318798
198 10.562597645591856
199 10.530698762631584
200 10.528054424905319
201 11.023684344088785
202 10.460208260263055
203 11.044217357932718
204 10.420529881910563
205 11.29792520233704
206 11.227968627633267
207 11.027127972234704
208 11.048315106618707
209 12.003520575917145
210 10.751405797563047
211 11.659906927361114
212 10.92634085394128
213 10.38989735721275
214 11.228366462117735
215 11.11367468856111
216 11.28012036653127
217 11.307594568295197
218 11.163825350546016
219 11.629053040493329
220 11.37948167714362
221 10.910216250906593
222 11.026165294730886
223 10.974110935782006
224 11.249548548768447
225 10.378147266450611
226 11.014338095872661
227 10.84898135608614
228 11.260683479644898
229 10.288790766765038
230 10.462678941430342
231 9.881261923624379
232 10.820888421146064
233 10.701279758853198
234 10.703066749914338
235 11.635671449123027
236 11.636398424394303
237 11.198300301898653
238 11.277874382613959
239 11.139419217287129
240 10.817548477362216
241 11.743518042412175
242 11.371495866574381
243 11.632376407994553
244 11.51721457432402
245 10.474745118690983
246 10.615037387289833
247 10.436818627553968
248 10.538490101041935
249 10.789240010361851
250 11.24274921724864
251 10.79255505547798
252 10.337143222636232
253 10.490185636857971
254 10.510844569276818
255 11.024114765864198
256 10.285410443476318
257 10.772956275758279
258 10.305919159699997
259 10.602105151508718
260 9.655539569905928
261 10.872341035741005
262 11.535942181597152
263 10.71966076005524
264 11.282134748945623
265 11.274294904500083
266 10.952708134068537
267 11.162280287755179
268 11.450338170617878
269 11.7248667367818
270 10.838946749879886
271 11.122548173535272
272 10.777649262849712
273 10.65966763010249
274 10.998609345414573
275 10.821093892104326
276 10.01330353928828
277 10.595165944277
278 9.136905940126972
279 10.425884822592069
280 9.076715520865397
281 9.228851074397014
282 9.476771021829384
283 11.098714276142077
284 11.067322399896492
285 10.257422445590985
286 10.432995580676687
287 9.806166879601232
288 10.136242508065834
289 10.271679755704037
290 10.527271039244818
291 9.706812136956827
292 10.74975372891011
293 10.052318714549914
294 10.607834298515218
295 10.150419806962796
296 10.8973697508782
297 10.406434088263818
298 10.109989252721588
299 10.662650804685809
300 10.100500953840134
301 10.142965207087544
302 9.694170064377948
303 9.968136677285223
304 9.32601816391805
305 10.577078683094499
306 11.009868062577223
307 9.964507836587167
308 9.947773131895849
309 10.602863832724234
310 9.946295627706771
311 10.298850046967049
312 10.616240724162893
313 10.055038968406578
314 10.361798465462847
315 10.666458786159659
316 9.934228315035906
317 10.025762370957066
318 10.645064561035525
319 10.209931227823208
320 10.485384817196229
321 9.486225286633458
322 9.781733031643997
323 9.68359625164801
324 10.111536180670381
325 9.937980186879459
326 10.688382769790923
327 10.144466153316987
328 10.003285818216286
329 10.583313349156315
330 10.698585227629566
331 10.890618000492955
332 10.484047112176007
333 10.797855682384073
334 10.444831440422586
335 10.866750183973863
336 10.728757993617895
337 11.37404486085925
338 10.494799443614804
339 10.42779845399287
340 10.862785206216309
341 10.429070543766533
342 11.298627894852231
343 10.636593281801686
344 10.92337626116891
345 11.424905894194978
346 11.005052385705108
347 11.002614181497604
348 10.245172909300642
349 11.071773530793722
350 10.891074049398975
351 11.14573488502135
352 10.997950340721971
353 11.175899373652843
354 11.442436669960827
355 11.413709079048326
356 11.559977098835468
357 10.799555924149447
358 11.375161849860923
359 11.525650320683338
360 11.340896404114778
361 11.284377106847648
362 11.35267337095586
363 11.291684033358802
364 11.041390893407527
365 11.270425387431906
366 11.204391575220871
367 11.613346560093605
368 11.06542710875486
369 10.961648589747945
370 10.99342253471621
371 11.243069315329423
372 10.521724508813776
373 10.96484683342928
374 10.863790224999896
375 10.692046914111547
376 10.625738494520995
377 11.682838735093057
378 11.342755055231283
379 11.427672003816658
380 11.4117037385418
381 11.41360394749142
382 11.569792104621014
383 11.202705802581145
384 11.4412954349422
385 11.397257123547462
386 11.622061481266993
387 10.822105366174654
388 11.075030533535363
389 11.886096274983322
390 11.380534726848554
391 11.672335603595926
392 11.343766186947253
393 11.179745561975531
394 11.755992772535395
395 11.433990764434458
396 11.52997935018534
397 11.542013635492724
398 11.367964591872413
399 11.514636717212609
400 11.550785606924604
401 11.675346178608866
402 11.596845751956824
403 11.318704527614846
404 11.336124133671907
405 11.043846567668885
406 11.719413482109148
407 11.036314340004076
408 11.233372622361165
409 11.996514215715584
410 12.043200287388663
411 11.869253237368103
412 12.21996900095294
413 12.647661499482341
414 11.756789687725593
415 12.53358983648434
416 11.958099326534853
417 11.439277360025306
418 11.754647454020414
419 11.639150957653507
420 11.696450390858944
421 11.512974238486505
422 11.59121926166392
423 11.720123222176136
424 11.711490320864264
425 11.823596386252273
426 11.120521713144518
427 11.246019926273938
428 11.813936349379702
429 11.179119487130322
430 11.570060409327645
431 11.994704643798185
432 11.670064387825596
433 11.410111629008245
434 11.698126135125115
435 11.128495793035638
436 11.307078588637316
437 11.8354429431239
438 11.019917575704062
439 11.404064111454545
440 11.62293675806922
441 11.532925834003088
442 11.690425133480318
443 12.19380696017839
444 11.395160116800298
445 11.79484171294658
446 11.56485305909034
447 11.498560464781377
448 11.042340229862319
449 11.424872455186367
450 11.64083261068666
451 11.459239411416856
452 11.5944286614721
453 11.848255891638326
454 11.725222505269674
455 11.489775665594944
456 11.424406202751545
457 11.665907832124223
458 11.682958957751453
459 11.46365046972413
460 10.927920473165445
461 11.39311174081977
462 11.05471688118617
463 11.29279897220665
464 11.570890429674808
465 11.423462647543518
466 11.19150105468175
467 11.304768181049507
468 11.424670800579827
469 11.861875674677309
470 11.199728439164153
471 11.07352784922805
472 12.01691034369206
473 12.190801016901663
474 11.401804064721944
475 11.858395711502174
476 11.398114533591963
477 11.368563378243637
478 11.780104667890157
479 11.389216878904246
480 12.184706523532736
481 11.520588772133678
482 11.456719892420423
483 11.436648050946856
484 10.957304165512872
485 11.071500393527062
486 10.59477220743564
487 12.115255279498621
488 11.256093460443145
489 11.795069373986893
490 10.946561928076882
491 10.751858785769903
492 10.980264298432798
493 11.233881498141665
494 10.982047671028031
495 11.404262297136226
496 12.225927075431711
497 11.334997698861333
498 11.329922353229131
499 10.777193214611504
500 11.908747221667024
501 11.31798628663861
502 11.748250574684125
503 11.662302190517872
504 11.798577119016725
505 12.154464009201845
506 11.25233149654535
507 11.20541726787253
508 12.09748951386266
509 11.568956531861717
510 11.150476016819011
511 10.742212260773147
512 10.790328938392372
513 10.360408739674538
514 10.588876913036156
515 11.322156635396103
516 11.72954731277314
517 10.365780275086644
518 11.464900447693244
519 11.284266367421955
520 10.794964114833506
521 11.401775648638612
522 11.374723015292354
523 11.191133779485307
524 10.728595258634131
525 10.607741478583675
526 10.837342880156356
527 10.551328535757733
528 11.385655743032153
529 11.009820415365752
530 11.282457622743307
531 11.092311652738925
532 11.550831320310841
533 10.797091919359161
534 11.211881301091202
535 11.542280063024
536 10.853034841088471
537 11.20437725252134
538 11.320530675780425
539 11.158678097776711
540 10.388704824928572
541 10.308347089893182
542 10.019834254204245
543 9.91572126638529
544 9.60391770650485
545 9.708410929498463
546 10.225300245589423
547 10.199604379739196
548 9.497177210192742
549 9.578782682739776
550 9.437951318592104
551 10.013357454433585
552 10.301162111044844
553 10.953363147186845
554 10.493361636190372
555 11.091219655027258
556 10.61222397316355
557 10.928617702900842
558 9.562031631815522
559 10.485948188467674
560 10.17425281413766
561 9.89655890501744
562 9.608639260004562
563 9.174711431602251
564 10.21418287027819
565 10.532431226728887
566 11.531554533718193
567 11.772402729405936
568 11.588967787514848
569 11.730517505359925
570 11.218063354628391
571 11.035474537330456
572 10.932432800558432
573 11.42997124425338
574 10.865193920998884
575 11.302567707105352
576 10.659035570665736
577 10.938221973324815
578 10.395633109503505
579 10.872170713354823
580 10.675824101296687
581 11.135669278961796
582 11.28804801899212
583 10.609877578278422
584 11.170897838113019
585 10.803002735714205
586 11.34841306892072
587 10.968630074282045
588 11.120943085881336
589 11.069875282028157
590 11.618245299126
591 11.617009008024509
592 11.47513552023088
593 11.079677572091022
594 11.262326317011409
595 11.512653304542805
596 10.780088819572859
597 11.170266392499272
598 11.036393550771821
599 10.50846526841178
600 11.006719228020852
601 10.831446721395933
602 11.093014855030514
603 10.753816528901297
604 10.614960554897463
605 10.915191441610135
606 10.813308996622839
607 10.580396114577955
608 10.468410166572829
609 10.516787323990156
610 10.580447883093212
611 10.694415901573583
612 10.300672984148203
613 10.43401617514393
614 10.655127711406946
615 10.858161172446842
616 11.099488590385743
617 11.068559502031214
618 11.65278131139603
619 11.33806990454349
620 11.442604572008555
621 11.008126221266577
622 11.421539634578046
623 11.395406144510442
624 10.926475208460735
625 11.049269264477429
626 11.165622517390327
627 11.304833847912677
628 10.896317796165766
629 11.025953136823876
630 11.292757571539655
631 11.123196922292411
632 10.900972307387656
633 11.350570618122404
634 11.167990617862145
635 11.790728608710783
636 11.582560441783736
637 11.185792715279117
638 10.809605662258809
639 10.463411612547516
640 10.946439759853758
641 10.96520986997451
642 10.57177659157169
643 11.144881411858444
644 10.830369161851094
645 11.487405957967953
646 11.6885915682712
647 11.521122006900834
648 11.440515181595357
649 10.833175903554169
650 10.654200143977747
651 10.897362586808574
652 11.200866221849244
653 10.806360696377883
654 11.060604019513747
655 10.664551620695637
656 10.738742892297504
657 11.248071904905284
658 10.883949560035502
659 11.242385987705386
660 11.531132175396557
661 12.417281752318083
662 12.597543249864055
663 12.921821086483074
664 11.535463242019125
665 11.384089794487867
666 11.25925105746304
667 11.384331912819531
668 11.592935445573938
669 11.25267572573072
670 11.173380005816659
671 12.35786362310424
672 12.204786036115063
673 12.005294181398158
674 12.299774206740228
675 12.315951884766596
676 12.832379077997672
677 12.812882915452985
678 12.508813491437364
679 12.677326560502582
680 13.028830704632584
681 12.578671936806364
682 12.428970607026361
683 12.23596639930094
684 12.218234433784806
685 11.880205400163842
686 12.619463663468725
687 12.569580189745073
688 13.007610392065665
689 12.4459270933692
690 12.51242585680057
691 12.003805905540705
692 13.176560296060924
693 12.992424489187089
694 12.670187660237426
695 11.825951664315786
696 12.656037835815718
697 12.818893905488824
698 12.404804463265112
699 12.367937523484613
700 12.418497578581313
701 12.590900598057202
702 12.446526356839689
703 12.531679947311925
704 12.337944093112146
705 12.546619030568534
706 12.136426253622574
707 12.338049388220155
708 11.626452545786563
709 12.861439483473653
710 12.422456835253808
711 11.750325961652429
712 12.275949361409406
713 12.323485439358542
714 12.535152804265767
715 12.19320974493896
716 11.683405048615898
717 12.539520722983392
718 12.455452299798377
719 12.679594891451755
720 12.543787569254844
721 12.734602626537452
722 12.422094351714419
723 12.378481519630578
724 12.764922069018667
725 12.159367898007861
726 12.175599063992134
727 12.467419436992833
728 12.345069599406898
729 12.392249714324596
730 12.813244861622971
731 12.138779467728346
732 12.314515740019118
733 11.945548374102696
734 12.030739401238137
735 12.300348784479908
736 11.591574506951206
737 11.877020055800404
738 12.328378765539815
739 12.156170175204533
740 11.833105091133582
741 11.671385406927357
742 12.263072612065159
743 12.273452996906784
744 11.927357411402214
745 11.726384840752578
746 11.767418461993172
747 12.04017902774196
748 11.363065140364155
749 11.696984127618347
750 11.871829033047758
751 12.014372834034669
752 12.401896922053195
753 12.20961436588087
754 12.576250774914868
755 12.667225445209533
756 12.495211938395254
757 11.982667989209574
758 11.642223016810965
759 12.28041452109246
760 11.708804206054591
761 12.4743143961196
762 12.258909129472478
763 11.954624372189212
764 12.5537653605598
765 12.20814204636079
766 12.413031336948723
767 11.93478934272709
768 12.128970675932885
769 11.773717044527086
770 12.099724010768501
771 12.094369272472486
772 12.091435281912863
773 11.820874659094843
774 11.92016803605275
775 11.989129950343173
776 12.256959434326465
777 12.070446171216336
778 12.124894416789582
779 11.983592389856495
780 12.367817552613122
781 12.022443359528916
782 12.40176830206768
783 12.35675634698501
784 12.31052303685819
785 12.110660274387769
786 12.931482754857912
787 12.355152734886282
788 12.005876818418555
789 12.075815279399983
790 12.637647995603302
791 12.269893685449507
792 12.380589764441106
793 12.476338688885258
794 12.257785092136372
795 11.64996632723138
796 12.51858911339561
797 12.406272115018501
798 12.368279294978333
799 11.873326170502258
800 12.284101974269122
801 12.043856248855745
802 12.318546209639946
803 12.499064022321553
804 12.404576644516396
805 12.333330784456454
806 12.533584107629048
807 12.256459338691416
808 12.0362408785274
809 11.898429243017159
810 11.992399211077963
811 12.227989778297808
812 11.81271827281665
813 12.161584205191676
814 12.061237307740853
815 12.160036089226093
816 12.643989642389737
817 12.258339652002665
818 12.225625931486602
819 12.37062296282321
820 12.325542725634515
821 11.748214911629772
822 12.070886606457346
823 12.28675560578809
824 12.593209990143045
825 12.624991405284966
826 12.707598733327933
827 13.061609068163285
828 12.515320934300453
829 12.364556587139685
830 12.376244839023252
831 12.444895544656033
832 12.219217413506263
833 12.305635678247537
834 12.251858478501951
835 12.716036241426574
836 12.249687569706118
837 12.194941134686644
838 12.084347992414314
839 12.152367235139568
840 12.382254141361258
841 12.062620694330569
842 12.325817554732996
843 12.437405870974299
844 12.49948072146335
845 12.416744818423991
846 12.59259160949196
847 12.337551319462422
848 12.574915032211305
849 12.44389174791617
850 12.39391629942809
851 12.48263808415894
852 12.478693045957577
853 12.9492080076532
854 12.681490032668199
855 12.961597076189681
856 12.571269395621734
857 12.53343352393334
858 12.700255834987288
859 12.812704829552144
860 12.993465889349677
861 12.634876943403535
862 12.496819965013053
863 13.052141764323348
864 13.263199802027936
865 12.765278584256508
866 13.100552691059558
867 12.901386854064427
868 12.93721589070465
869 13.012852379061238
870 12.953642988074337
871 12.713927315862849
872 12.999569309807057
873 13.07123806690483
874 12.72702211583492
875 12.562625221859843
876 12.49967893961157
877 12.945834421710464
878 12.486985870306146
879 12.768232943043223
880 13.147414813728147
881 12.611848882540748
882 12.693085152116117
883 13.008894659372263
884 12.353893684179422
885 12.615546050902077
886 12.377082677504788
887 12.706544357698995
888 12.505161671980176
889 12.62958126446754
890 12.736053447670859
891 12.29754303300068
892 12.491796949331558
893 12.094986224662309
894 12.086456732904685
895 12.340069537268265
896 12.229023280208148
897 12.098275894214222
898 12.20233516327741
899 12.359244697588613
900 11.972886751449572
901 12.31478155283196
902 12.08798361827204
903 12.115113109006652
904 12.05158213815812
905 12.36877280818135
906 11.911748253238361
907 12.177833346046773
908 11.987715980589194
909 11.794757437440767
910 11.799924774552794
911 12.205908347627636
912 11.776179582569698
913 12.192574658296493
914 12.270162207884953
915 12.187272598319007
916 12.13662587938606
917 12.17022782516841
918 11.930790373301495
919 12.296640947898991
920 12.01031104549662
921 12.418496919453142
922 12.099446188279638
923 12.28550666619633
924 12.198221072107597
925 12.100498424290492
926 12.390125256022339
927 11.810992732956915
928 12.139838966446456
929 12.071783214459668
930 12.599824675043427
931 12.770506234321989
932 12.38148618837686
933 12.055150977322462
934 12.042229902559052
935 12.133290600457606
936 12.289789416534544
937 12.120899012710261
938 11.74332185175049
939 11.634373892201182
940 12.113166401241925
941 12.138390278631029
942 12.539601095690678
943 11.69440075411089
944 11.946001253853385
945 11.103242592277448
946 11.69734710867278
947 12.319103592105142
948 12.508636564369928
949 12.011632265205671
950 11.887534343245061
951 12.48152007780846
952 11.999307826528344
953 11.823817341599558
954 12.413828773518093
955 11.892069390598014
956 12.286366174172784
957 12.616633059953962
958 12.09593957330058
959 12.476412500026681
960 12.031286205802752
961 11.795904573784
962 11.527285641669618
963 11.24516469345617
964 11.292323197373912
965 12.025051408137287
966 11.818592416294763
967 11.968086666428249
968 12.272594710102313
969 12.156909428357258
970 12.174660041855665
971 11.817443939230776
972 11.760408008593915
973 11.71638073558881
974 11.554361793697096
975 11.96570761323775
976 11.828314225778632
977 12.209512498675892
978 12.268046829566382
979 12.240955173185094
980 11.92776245417711
981 11.987053362214501
982 12.790413823431784
983 12.595950925860206
984 12.605146542423514
985 12.555188231580534
986 12.553949963445923
987 12.123234103906013
988 12.097092924260735
989 11.89511709305251
990 12.641534361041751
991 12.458266304547463
992 12.170706826172262
993 12.206558135440357
994 12.002708265774505
995 12.211092896790376
996 12.336046846272415
997 12.329040124246896
998 12.14063678061386
999 11.937216033475913
1000 12.026213459030599
1001 12.089340955785767
1002 12.462074161577092
1003 12.382427671401942
1004 12.338405264517997
1005 12.068591655730478
1006 12.00071193153585
1007 12.44925884218643
1008 12.212846012210363
1009 12.293117749809038
1010 12.381576940216805
1011 12.497175254196957
1012 12.215954230533846
1013 12.42238405089089
1014 12.648073408137511
1015 12.117245674479431
1016 12.138568469935784
1017 12.242610756372287
1018 12.382168329406904
1019 12.466610282720179
1020 12.11906084183602
1021 12.507978433982274
1022 12.12769052893346
1023 12.253764009468727
1024 12.418397596906932
1025 12.542407530371149
1026 12.440959780198925
1027 12.118491666116945
1028 12.338309741623416
1029 12.517779111893004
1030 11.888757634955748
1031 12.692514971725256
1032 12.665374318591132
1033 11.944122790952795
1034 12.364317695129419
1035 12.177273499562702
1036 12.265854145871042
1037 12.64424074550126
1038 11.908730497444818
1039 12.472861933624754
1040 12.121169016543714
1041 12.205778731071879
1042 12.753794505589152
1043 12.772637065951612
1044 12.57102878404453
1045 12.601983005848364
1046 12.38135879344468
1047 12.428534578478503
1048 11.96285167239286
1049 12.598439842686801
1050 12.283155035917378
1051 12.308765055908108
1052 12.689372981821721
1053 12.368232049866752
1054 12.542371892334572
1055 11.765227326160048
1056 11.920117288527637
1057 12.003277996565735
1058 12.22225984920879
1059 11.680363783485143
1060 12.304161190115366
1061 11.997818625729101
1062 12.67739058370999
1063 12.09710965383685
1064 12.446358463817774
1065 12.220067618781599
1066 12.46103084365761
1067 12.535904826318582
1068 12.17712272856708
1069 12.048261057934194
1070 12.541152427657977
1071 12.435048600181911
1072 12.312487409195777
1073 12.46515448084176
1074 12.38377955352791
1075 12.10232918296554
1076 12.195444426886636
1077 12.152438335855738
1078 12.478531774722544
1079 12.362962002083197
1080 12.46175068393379
1081 12.390742726524673
1082 12.423289932522483
1083 12.27905062393561
1084 12.35734463020214
1085 12.31838721084046
1086 12.661472684668642
1087 12.26278983184963
1088 12.161465059588286
1089 12.700609706743718
1090 12.100912399525258
1091 11.863400564454002
1092 11.830835946782578
1093 12.434540647300084
1094 12.208252181662264
1095 12.209031084547085
1096 11.609445785661242
1097 12.054768888536344
1098 12.340990559404823
1099 12.200635824785273
1100 11.87754777950696
1101 11.791311923064706
1102 12.219331927134329
1103 11.844309492056912
1104 12.173106822739015
1105 11.598576407153235
1106 11.576850911152905
1107 12.162544454300646
1108 11.916879832136795
1109 11.822224355310572
1110 11.85110446376024
1111 12.134693802412622
1112 11.914536622656962
1113 12.167281166302283
1114 12.16874651491892
1115 12.093698670932069
1116 12.462857132366373
1117 12.292348540501912
1118 12.232537738200698
1119 12.032911585955853
1120 11.54313367474797
1121 12.338245024461079
1122 12.492359445051491
1123 11.780123673741931
1124 11.686018307380081
1125 12.397652055697673
1126 12.306258903321362
1127 11.694163120176595
1128 12.046598234375386
1129 12.1147107761659
1130 11.874627957627041
1131 12.27703212435544
1132 12.283857348544425
1133 11.824704185733497
1134 12.278479183653161
1135 12.072307600388688
1136 12.82054842526797
1137 12.540062373995578
1138 12.227928398017617
1139 12.453665992288425
1140 12.491427161467424
1141 12.413000458592606
1142 12.27693862195284
1143 12.250539752129848
1144 12.231065665277251
1145 12.567579309824431
1146 12.508878198948967
1147 11.856734660088831
1148 11.846297447019934
1149 11.79259359697169
1150 12.73145569834623
1151 11.903594131171344
1152 11.908575692156823
1153 12.394712577500005
1154 12.138939223266933
1155 11.894420830193647
1156 12.593915312288969
1157 11.905348662206405
1158 11.950212107812774
1159 11.982186146715438
1160 12.47236350062447
1161 12.265863901227931
1162 12.804538523701662
1163 12.199165857182006
1164 12.149060435037354
1165 11.863425074638306
1166 12.186491657067327
1167 12.034324293890263
1168 11.811723979937693
1169 12.181405549302276
1170 12.025596790034845
1171 11.88444939988064
1172 11.886882830009142
1173 12.131446060401883
1174 11.867328468251362
1175 12.708066385922548
1176 12.342611581503872
1177 11.720433022177597
1178 12.066780404286998
1179 12.021858455949248
1180 12.14149667400313
1181 12.307069105446853
1182 11.787140127995027
1183 12.1363193258217
1184 12.161308835471717
1185 12.447733120816801
1186 12.219586692443718
1187 12.111512584770098
1188 11.91486576863727
1189 11.50871124440494
1190 12.145206403260868
1191 11.983611279548546
1192 11.996410849191737
1193 12.096318705138728
1194 11.615427702442373
1195 11.434715486056739
1196 11.866099820062024
1197 12.302964550062098
1198 12.296355760457377
1199 12.214151306817984
1200 12.25619056646482
1201 11.87777260371405
1202 12.046030824236638
1203 12.28443194450366
1204 12.258799386588997
1205 12.157846053927768
1206 12.000657789269853
1207 12.479061731260598
1208 12.026506225725148
1209 11.858393587029918
1210 11.954752389120424
1211 11.64686769119107
1212 12.068867483586649
1213 11.926756751246403
1214 11.862965126628657
1215 12.018635911722868
1216 11.874115000854694
1217 12.098062803718973
1218 12.179462523445174
1219 12.28137846655663
1220 11.923608443521049
1221 11.75878399203261
1222 11.826961724641928
1223 11.755858426094129
1224 11.913103263114794
1225 11.777851738545529
1226 12.08991981351469
1227 12.423417524362817
1228 12.396786202433114
1229 11.46171786815941
1230 12.145087876664137
1231 11.967017517269486
1232 12.137611524197242
1233 12.056862491974622
1234 11.911213553011471
1235 11.912304403217096
1236 12.09748006183437
1237 12.132955727901315
1238 12.027794410418448
1239 12.159772785496946
1240 11.663253476129622
1241 12.533917153884758
1242 11.955165582313498
1243 11.668513964245248
1244 12.242000477614868
1245 12.356977847367967
1246 12.112538712427117
1247 12.159929505613798
1248 12.194252583910924
1249 12.342051204736253
1250 12.592231855266759
1251 12.101460582460922
1252 12.530323721263615
1253 11.55295177268527
1254 12.048237070775905
1255 11.920657837379784
1256 12.421440038683238
1257 11.9437353121645
1258 12.425055544981092
1259 12.13250915821835
1260 13.144668533121278
1261 12.385180151267914
1262 13.117323703313765
1263 13.092520769180695
1264 12.98484688968273
1265 12.945270742078627
1266 12.976610483159876
1267 13.066092697339611
1268 12.526981847196687
1269 12.92203465691969
1270 13.170108031222858
1271 11.921214707122202
1272 12.412355653718404
1273 12.044084646465556
1274 11.614609079727273
1275 11.913602056334678
1276 11.785397214744714
1277 12.093843953309397
1278 12.472841314529811
1279 12.421434314504115
1280 12.199671443198836
1281 12.534254766133506
1282 12.246787512951997
1283 12.235305478251236
1284 11.970380213393963
1285 12.448737308425676
1286 12.308245819448219
1287 12.557095216015654
1288 12.387875987474244
1289 12.396850074565087
1290 12.239313405217194
1291 12.304400865058657
1292 12.446814422300468
1293 12.291109065067939
1294 12.0819751250665
1295 12.184330285436936
1296 12.325645611787568
1297 12.343751653909125
1298 12.536665577210911
1299 12.742578443628222
1300 12.140677417667083
1301 12.198379981785045
1302 12.189366036676741
1303 12.357068630824216
1304 12.746425003776757
1305 12.607201188169292
1306 12.492915283275826
1307 12.684889698051265
1308 12.394047591419499
1309 11.74844503716352
1310 12.25825245222501
1311 12.242006850316484
1312 12.675553913709203
1313 12.517052064175495
1314 12.096757277810724
1315 12.303891263796576
1316 12.092944440098947
1317 12.103033912990988
1318 12.179343038349502
1319 12.31306434656167
1320 12.392603883767478
1321 11.846741292029884
1322 12.360952111574273
1323 12.431428084233326
1324 12.436087470408888
1325 12.22227201774679
1326 12.1560656847634
1327 12.282850679762484
1328 11.862257535652997
1329 12.106511021235042
1330 12.81305656147258
1331 12.132209894306811
1332 12.211336806681796
1333 12.534535382163835
1334 12.540673618160204
1335 12.471009028785636
1336 12.155296027746225
1337 12.343490353131422
1338 12.203252074763215
1339 12.065687170040437
1340 11.7274772497749
1341 12.1722582964729
1342 12.287376489580339
1343 12.169756441583528
1344 11.685207613368227
1345 12.159324662510473
1346 11.752354901923061
1347 11.858954318073739
1348 12.28710415129051
1349 12.083202093929618
1350 12.113485078306173
1351 11.788995955700846
1352 12.361963468162413
1353 11.888495062632662
1354 12.136064951015003
1355 12.386759253059154
1356 11.678633904592605
1357 11.942560923491163
1358 12.180648583911813
1359 11.8925193341476
1360 11.88079904829831
1361 11.865242006239699
1362 12.3455266952031
1363 11.625982276508914
1364 11.926219411744237
1365 11.602808647706036
1366 11.922247764544874
1367 12.037138694700195
1368 12.086986993658227
1369 11.958536746877247
1370 11.935784311138866
1371 12.352370097998424
1372 12.235896174034341
1373 11.967392126751582
1374 12.160065276244016
1375 12.633964231693255
1376 12.182444426792555
1377 12.172168208777885
1378 12.24986698277071
1379 11.622520756361045
1380 11.111983408829143
1381 12.037310573115361
1382 11.375926597009935
1383 11.583084645739941
1384 11.615756857806751
1385 11.081614472714683
1386 11.883226979752253
1387 11.247361911391724
1388 12.29842986205592
1389 11.929769316914143
1390 11.664328231310943
1391 12.068168434127138
1392 12.052631128887837
1393 11.65338912643067
1394 11.681146400756576
1395 11.782466941161516
1396 12.104342617473305
1397 11.946036771223003
1398 11.839841117941692
1399 11.597317558373572
1400 11.98157650655928
1401 12.000027791429556
1402 12.207346444028113
1403 11.723429222278131
1404 12.092162815060504
1405 11.969974465968647
1406 11.727473410596854
1407 12.315172506726581
1408 12.074049522123593
1409 12.083160669133969
1410 11.953198626262942
1411 12.157593769390107
1412 11.618403448719095
1413 11.729356628176165
1414 12.077840173208147
1415 11.762600094006487
1416 11.983988645053495
1417 11.471617416302626
1418 12.654907616836395
1419 12.74134334375992
1420 12.088580528158964
1421 12.188890852202144
1422 11.862776270410532
1423 12.070051241452678
1424 11.909857617705676
1425 12.166832126477864
1426 11.887384859529217
1427 11.886310646962285
1428 12.237989562376312
1429 11.884525039909413
1430 11.84114318806645
1431 11.578750260557184
1432 12.807825315203436
1433 12.179715157856089
1434 12.327734965912601
1435 12.561009160333409
1436 12.674233548444052
1437 13.303593787727545
1438 12.677981026954788
1439 13.135988354234389
1440 12.760742183803218
1441 13.04190019403753
1442 12.403709345718578
1443 13.04914908870647
1444 13.199710920979467
1445 13.296162115264112
1446 13.368374728609723
1447 13.085747807417064
1448 12.64631624937104
1449 12.869051008888578
1450 12.22743848175728
1451 13.151645038171539
1452 13.196550706327384
1453 12.63033822160651
1454 13.108862833724288
1455 12.776494430206029
1456 13.032114023291873
1457 12.222436403415239
1458 12.891058596347538
1459 12.63181076689265
1460 12.953657344460009
1461 13.022240041707068
1462 12.635966602898216
1463 13.25685945951545
1464 12.88061007348661
1465 13.055127513449651
1466 13.443316967433269
1467 13.236594567419205
1468 12.935489331914285
1469 12.788730168525289
1470 12.614121286863334
1471 12.36945907803602
1472 12.567481070405943
1473 12.873060063603981
1474 12.153593792388495
1475 12.131485724418127
1476 12.322838488630921
1477 11.870220926482892
1478 12.033897495642101
1479 12.033860516004745
1480 12.091550042296115
1481 12.43079119692778
1482 12.244015763743798
1483 13.213132263871891
1484 12.733309113174883
1485 13.170703563641883
1486 12.614790568920982
1487 12.729203585178201
1488 13.000266513756362
1489 12.671065551415152
1490 12.653154500453809
1491 12.59576222799302
1492 12.743335047117796
1493 12.81999413202368
1494 12.604047839011452
1495 12.396757677632696
1496 12.649845596206003
1497 12.558466628210075
1498 12.97071129916111
1499 12.492113557342208
1500 13.203486211501984
1501 12.654176303391216
1502 12.939804980883538
1503 12.80742670639838
1504 12.650456854457333
1505 12.592524381311637
1506 12.378169619763886
1507 12.414365270480834
1508 12.536615099204539
1509 11.895018478440647
1510 12.004686283837882
1511 11.742094285439865
1512 11.587379589338672
1513 11.935448240812894
1514 11.842739356877036
1515 11.897940930630536
1516 11.915440287308623
1517 12.118828107044006
1518 12.238643549980953
1519 11.776629903482032
1520 12.15969336681389
1521 11.703669307419393
1522 11.700257895102759
1523 11.82815071364347
1524 11.927015121554009
1525 11.468454526825349
1526 11.96377282090681
1527 11.954400634176848
1528 11.823150638828798
1529 12.22512567620499
1530 11.93083824888615
1531 11.555467297969733
1532 12.05425627562912
1533 11.532398892358009
1534 11.45649854771903
1535 12.061656174539108
1536 12.233538699694352
1537 12.113124519466547
1538 12.48710666291819
1539 12.377696571055047
1540 12.315139836380773
1541 12.104772081247138
1542 12.564042601254174
1543 11.697513261907972
1544 11.860278663096446
1545 12.116988958917252
1546 11.901690732564889
1547 11.715256007351096
1548 11.756753239078726
1549 11.871421070600865
1550 12.028790237623232
1551 12.09192999278605
1552 11.942575816019334
1553 11.989325228274684
1554 12.401651366155594
1555 11.794854729812124
1556 11.934466767198503
1557 12.327895102525797
1558 12.002123873124152
1559 11.881221700076836
1560 11.924936809695136
1561 11.844081433581938
1562 11.849411628652424
1563 12.803421607672563
1564 11.935396578510348
1565 12.087302633573591
1566 12.373690563875533
1567 12.239612585851173
1568 12.10013077881812
1569 11.996204268656212
1570 11.851884913142005
1571 12.258077728485693
1572 12.321031267975538
1573 11.85554633656985
1574 12.374093766073427
1575 12.04762366149751
1576 11.704136694406191
1577 12.061860253183463
1578 11.938865906960562
1579 12.643425535954604
1580 11.457474143466825
1581 11.60119034410053
1582 12.334416761462757
1583 11.708434043860601
1584 11.42825732185534
1585 12.209272830204215
1586 12.063728521200806
1587 12.48161323038523
1588 13.004207068700039
1589 12.532754548103824
1590 12.156759971626055
1591 12.279026643414849
1592 12.208297433545892
1593 12.50132846726607
1594 12.609992326392808
1595 12.485143923441408
1596 12.459379411559498
1597 12.288432043734907
1598 12.01834930144815
1599 11.902024512147166
1600 12.041411163657166
1601 12.163951854302246
1602 12.333175714742511
1603 12.611076126406815
1604 12.45916089267336
1605 12.244596648103995
1606 12.433092478471456
1607 12.36369465406857
1608 12.358988814697302
1609 12.252231608044049
1610 12.019023343651792
1611 12.641900520976563
1612 12.563157534814062
1613 12.492141833350031
1614 12.118907935936283
1615 12.04942202706132
1616 12.614668899393733
1617 12.159240543081014
1618 12.43301807445282
1619 12.137648997116719
1620 12.30319785811552
1621 11.906987771906254
1622 12.20495994600419
1623 12.25125783303172
1624 12.076213638263805
1625 12.68705331299278
1626 12.180284703288583
1627 12.00253365956046
1628 11.808168318346178
1629 11.50636655401579
1630 12.37887443128749
1631 12.025995692805182
1632 12.616547472754572
1633 12.624390592779806
1634 11.980033315870969
1635 11.74803513311647
1636 12.217362782749209
1637 11.70848792839118
1638 11.706778486825511
1639 11.827255623093366
1640 12.24360693167091
1641 12.351901455708132
1642 12.542865143355984
1643 12.273976437027475
1644 12.451104079673483
1645 11.847974940355192
1646 12.29718731849637
1647 11.923526958870783
1648 11.808790033247826
1649 11.843268810451008
1650 11.622765322710855
1651 11.525147518921852
1652 12.016782874041008
1653 11.48417063297341
1654 11.652491296515226
1655 11.960723143990059
1656 11.359083958585916
1657 12.480991318219392
1658 11.929637959448723
1659 11.489697576072267
1660 12.448758617176054
1661 12.369461938726898
1662 12.159834499039277
1663 11.867267913205225
1664 11.886401042169618
1665 12.471561561682945
1666 12.203740474103618
1667 11.723991528995976
1668 11.7707073698253
1669 11.573060409158627
1670 11.448485337877287
1671 11.857083380518377
1672 11.330423838743625
1673 11.148808004646288
1674 12.16308230082366
1675 12.007929272213005
1676 11.946213032517079
1677 11.266501263226496
1678 11.569184152329589
1679 12.197628325393392
1680 12.292075602890483
1681 11.94025744570078
1682 12.444730183661976
1683 12.386553915588236
1684 11.992129066505411
1685 11.945665154506173
1686 11.679552068299557
1687 11.373687683928408
1688 12.1337970760792
1689 11.796890852105674
1690 11.300793162522424
1691 11.53945524154799
1692 11.671997969252518
1693 11.487573895990216
1694 11.684125834588862
1695 11.215541400956294
1696 11.718135813638911
1697 11.857772328008203
1698 11.554620902366004
1699 12.380477893664384
1700 11.516656707498944
1701 11.908198173241008
1702 11.741899833710592
1703 11.696188173007924
1704 12.240316565385431
1705 11.832922606568927
1706 12.17631458620248
1707 12.165041471082361
1708 11.719316908130176
1709 11.996152863603426
1710 12.06246367416821
1711 12.257564075405861
1712 11.863865173262626
1713 11.547420795501067
1714 11.760677076190785
1715 12.16150987425342
1716 11.757842570768762
1717 11.892371279283449
1718 11.847685990184914
1719 11.973944654414545
1720 11.630009960738398
1721 12.828386608279466
1722 12.064045134536457
1723 12.750334983469424
1724 11.774543523604613
1725 12.796713307124831
1726 12.010855529380216
1727 12.122052976749712
1728 11.848032346229898
1729 12.217702405007206
1730 11.7665107841871
1731 11.352926971003301
1732 11.479898900423638
1733 11.966866828775267
1734 11.846907543347323
1735 12.163728811895211
1736 11.689160473832112
1737 11.367131051845563
1738 11.210037341367402
1739 11.394430156267138
1740 11.85137295154683
1741 11.773905813773782
1742 11.869012485921656
1743 11.960899828832643
1744 12.396648228495424
1745 11.933472615188915
1746 11.960192256400305
1747 11.716216249738194
1748 11.618079474347425
1749 10.863495668289262
1750 11.891028934053622
1751 11.775599315495217
1752 11.717710047574288
1753 10.78962778295869
1754 11.65322932800531
1755 12.452925885267822
1756 11.816930664751062
1757 11.687814027611267
1758 11.821354018438768
1759 12.010484715785983
1760 12.772445456102002
1761 12.224033892349746
1762 10.95095611477407
1763 11.24396426983233
1764 11.063880235089952
1765 12.244752572894802
1766 11.826699433744665
1767 10.864224713008532
1768 11.337926320977706
1769 11.654893646376957
1770 11.456142169751411
1771 11.899974585696771
1772 11.113242266897275
1773 11.636367712394902
1774 11.237706689385192
1775 11.842782547724026
1776 11.664662364903451
1777 10.774591742417714
1778 12.093250195646688
1779 11.295626142454484
1780 11.177086147334645
1781 11.344933180714268
1782 11.57074895471357
1783 11.690704824696322
1784 12.198484078268653
1785 11.79333949218277
1786 11.017351245515828
1787 11.528889410591496
1788 11.598358229191662
1789 11.582610512809891
1790 11.60627623123774
1791 11.617491699843576
1792 11.888974480984311
1793 10.949631344387523
1794 11.006112349302244
1795 11.686300275520257
1796 11.71826984472513
1797 11.67729116406846
1798 11.743060586414193
1799 11.424401650389964
1800 12.210969829681252
1801 10.754514072209627
1802 11.326623006578146
1803 12.267093921677649
1804 11.820941653119268
1805 12.243259036949997
1806 11.584513598522257
1807 10.362645651491382
1808 11.168231015722322
1809 11.008375591942784
1810 11.085003927773407
1811 11.838316862358257
1812 11.44195268877462
1813 12.24687510392434
1814 11.349329411466172
1815 10.647050950397896
1816 11.898701120540705
1817 11.646028844058424
1818 11.117067247764822
1819 11.422320545822805
1820 11.132056105727603
1821 11.826254047630737
1822 12.155464384786342
1823 11.401957834847018
1824 11.037873292321489
1825 11.956536213193447
1826 10.772171686530015
1827 11.593134267936685
1828 10.86813788109628
1829 11.474262147067032
1830 11.29883496994549
1831 11.28133569073704
1832 11.276907786708339
1833 11.427407449363464
1834 11.876406041774036
1835 11.65644172416006
1836 12.49850742971544
1837 11.32161473890901
1838 11.138345844999682
1839 11.875496336056901
1840 11.683082686372517
1841 11.812899121965582
1842 11.602437310699658
1843 11.29585079131808
1844 12.089685564648082
1845 10.790897699722176
1846 11.026262423680496
1847 11.50608047820833
1848 12.039087052022241
1849 11.61042408499862
1850 12.048171378189124
1851 11.934102125450629
1852 11.629071974996023
1853 11.697676458241915
1854 12.158754948290719
1855 11.714837746195188
1856 11.374076425465665
1857 11.534576613702168
1858 11.192782525091097
1859 10.796615712191151
1860 11.31969783227551
1861 11.182485281468292
1862 11.218936459366331
1863 10.915418184631543
1864 11.171450886567843
1865 10.624530823924095
1866 11.542789028514122
1867 11.475483292228384
1868 11.446747641228223
1869 11.47027964164512
1870 11.143477265859325
1871 11.136038715021844
1872 11.369234669298553
1873 10.758968176354252
1874 11.427650234072887
1875 11.982998457461676
1876 11.618307044721044
1877 11.019768027668839
1878 11.518528384661915
1879 11.295229836608394
1880 10.816692414312504
1881 11.53201810443551
1882 10.74684916875908
1883 11.429958764090996
1884 10.820815349646105
1885 10.807093068176851
1886 11.387294278256855
1887 11.202517120768507
1888 11.280462061449855
1889 11.25059108236352
1890 10.746155674729426
1891 11.22956159550582
1892 11.373592946375968
1893 11.263223003820562
1894 11.39944074481841
1895 11.020983265197456
1896 11.038728230425585
1897 11.013596660199235
1898 11.051164990651534
1899 10.923134982738095
1900 11.139274873231626
1901 11.019836407015504
1902 10.724388805239228
1903 10.46251260680924
1904 10.881073600228447
1905 11.495717696168438
1906 10.731279121293523
1907 10.689046532466984
1908 11.05423750078918
1909 11.555578041840612
1910 11.044305434644471
1911 11.204129060406636
1912 11.6619481696965
1913 11.529746889017733
1914 11.432593503186645
1915 10.950552625856634
1916 11.844808411203676
1917 11.306155129301008
1918 11.3374616805065
1919 11.029229213832709
1920 10.740705840529106
1921 11.10544808486269
1922 10.790202768848815
1923 11.026931844521474
1924 10.55256819979844
1925 10.964358357037613
1926 11.197946678361573
1927 11.06817720046507
1928 11.059843192666243
1929 11.61091346127285
1930 11.073570597066526
1931 10.913927072471733
1932 11.102060060581508
1933 11.304607044568439
1934 10.833901274504013
1935 11.251164850092325
1936 10.90200456732526
1937 11.337452229170779
1938 11.186324903193084
1939 11.346279368940559
1940 10.962378073394614
1941 11.131789713549868
1942 10.765353620345333
1943 11.364428736073314
1944 10.989045790055613
1945 10.8050192540273
1946 10.732875098606332
1947 10.913022035454102
1948 11.477595947681513
1949 11.380970909128763
1950 11.657179171049016
1951 11.791167774146635
1952 11.150157437341546
1953 11.95660270458611
1954 11.148182542587538
1955 11.64961451236706
1956 11.910016356426675
1957 11.764971039269916
1958 11.732052773382614
1959 11.356457555090394
1960 11.276145988663885
1961 11.24582482443209
1962 12.106485154082133
1963 11.84287500167751
1964 11.844182010638779
1965 10.945727117173416
1966 11.31110118303001
1967 11.917882360859489
1968 11.026059722069487
1969 11.328623090094231
1970 11.554574340888744
1971 11.641088983550956
1972 11.353186789596412
1973 11.919828502047839
1974 11.831012006606326
1975 11.677672548599206
1976 10.860952232670607
1977 11.768358566687413
1978 11.377530199900303
1979 10.720610898441944
1980 11.064695444720938
1981 11.145041224030885
1982 10.774724361756297
1983 11.206631143076843
1984 10.849162133396748
1985 11.03469699427896
1986 10.748064118039126
1987 11.417110394224133
1988 11.263668254178254
1989 11.152016150474749
1990 10.764948598507962
1991 11.125585145939638
1992 10.589421520482405
1993 11.285080733433645
1994 11.192092879058544
1995 11.48153825190084
1996 12.066093527586087
1997 10.955708720759581
1998 11.243252605841617
1999 10.982837715507031
2000 11.487193676584178
2001 11.828448063591207
2002 11.671850072856621
2003 11.943384051464367
2004 11.769812031864967
2005 11.544160322240828
2006 11.580455523604764
2007 10.96895766316019
2008 10.540540373091883
2009 10.484674695636356
2010 11.140232340688222
2011 11.787843068062678
2012 11.81363360725019
2013 11.425882189671249
2014 11.368994678588086
2015 11.451591539618718
2016 11.565780742585908
2017 12.37279351914259
2018 12.026732746501585
2019 11.737577442406685
2020 11.461598505957028
2021 10.982727458264208
2022 11.582754471891505
2023 10.9416479307227
2024 10.285902110761269
2025 10.71694014737953
2026 11.133506649979582
2027 11.247385259118733
2028 10.813075305245317
2029 10.39272880802805
2030 11.218624582740887
2031 10.86862630482446
2032 11.09386684763832
2033 11.920168078999675
2034 11.927681596203097
2035 12.115657118098518
2036 11.898053859862644
2037 10.811167481555783
2038 11.06427479039085
2039 11.635355375644123
2040 11.445846942143918
2041 11.829079180679143
2042 11.69960255255843
2043 12.16791551286267
2044 11.949424721987974
2045 11.431322054555507
2046 10.934223758388171
2047 11.248754771742602
2048 11.647256515668934
2049 11.976736530227194
2050 11.507797512847203
2051 11.487048125175468
2052 11.365164095941171
2053 11.742189238585325
2054 11.80313815783222
2055 11.825776643335987
2056 11.275940474207944
2057 11.21700869776118
2058 12.191198581904658
2059 11.280992666438454
2060 11.679638267716939
2061 11.153112526557546
2062 11.874330971006252
2063 11.43692212763801
2064 11.040727779615025
2065 11.53346632082628
2066 11.536962328824677
2067 12.170058154891114
2068 11.214259252343611
2069 10.984529931217937
2070 11.463732982448361
2071 11.020086485392852
2072 11.149132840843588
2073 11.251975701546813
2074 10.924951954767408
2075 11.320624839429176
2076 11.784979334279743
2077 11.387950025810383
2078 11.044876119677825
2079 10.533906088593314
2080 10.982285300327163
2081 10.941449798684602
2082 11.058126816118643
2083 11.483473104637984
2084 10.953213628663947
2085 11.008117985107265
2086 10.917964330431985
2087 11.580707048072028
2088 11.1427451402704
2089 11.086557403552675
2090 11.232970195777625
2091 11.081610651582276
2092 11.139949625869997
2093 11.128281720960297
2094 11.194376204647435
2095 11.305073842863326
2096 11.505559703394786
2097 11.454340452217506
2098 11.276708561755724
2099 11.382796952091777
2100 10.819863852307192
2101 11.664685487620586
2102 11.541647910113674
2103 11.547136873297706
2104 11.42176362889316
2105 11.26479070672991
2106 11.435915000744268
2107 11.187651778056342
2108 11.460406551840071
2109 11.399834497232519
2110 11.331264418577353
2111 11.144717843363773
2112 12.162081345320694
2113 11.328137963805638
2114 11.65843540603151
2115 11.66310142477105
2116 11.42939816209251
2117 11.570483988535385
2118 11.704686150898356
2119 11.481231421731676
2120 12.217580251290043
2121 12.298403800667925
2122 11.485598417466134
2123 11.909138228624908
2124 11.623286402227365
2125 11.437613774950885
2126 11.448794257423508
2127 11.828983528244354
2128 11.602578146759129
2129 11.238622975975726
2130 11.703346680854894
2131 10.677251305264264
2132 10.704633617682367
2133 10.844221061509236
2134 11.129698424290673
2135 11.756520680244273
2136 10.710189746418004
2137 11.210891054753864
2138 11.239482190647724
2139 11.737939505356882
2140 11.764622048339726
2141 11.707087705281763
2142 11.195223113825728
2143 11.625846358832224
2144 11.918276410681504
2145 11.673682157956248
2146 12.047742189418365
2147 11.374462239007684
2148 10.965309986584536
2149 10.997089379234602
2150 11.288363789791957
2151 11.696318135160142
2152 11.261819255516537
2153 11.559974653497452
2154 11.920471094943805
2155 11.894467911384396
2156 11.797427476724954
2157 12.004805132549013
2158 11.209895199814481
2159 11.490070325385046
2160 12.337168677828018
2161 12.092002022760767
2162 12.05522091250795
2163 12.444428799435604
2164 12.59641034289159
2165 12.366176689909228
2166 12.845528480689172
2167 12.427488501209384
2168 12.697267427914882
2169 11.743630500469498
2170 11.412827797312493
2171 11.79898656190549
2172 11.789139478043431
2173 12.380400528197635
2174 11.850719796275795
2175 12.176357540387153
2176 10.791152771525722
2177 11.608173491104347
2178 11.071535407075984
2179 11.419455006216234
2180 11.73656181842625
2181 12.233056198493205
2182 12.043710869867503
2183 12.22069303913658
2184 11.825513710994201
2185 11.564583372792622
2186 11.60603145898839
2187 11.498268137223349
2188 11.048112239652468
2189 11.822982680557091
2190 11.854087797056966
2191 11.531425317427471
2192 11.58913451483788
2193 10.987615075538681
2194 11.105268970071446
2195 11.059201096424188
2196 10.966681083670524
2197 11.325143633753228
2198 11.563760907053869
2199 10.63747609507056
2200 10.669034162011322
2201 12.028312173669796
2202 11.096368132547866
2203 11.45360236893998
2204 11.908686669429184
2205 11.133037859120693
2206 11.309275405111014
2207 11.265064872884158
2208 11.46113046177715
2209 12.231192276227572
2210 12.070280067194654
2211 11.904890136483559
2212 11.68480324518108
2213 11.926965602517292
2214 11.457473690528463
2215 11.208454725005847
2216 11.641299911536017
2217 11.984156076033617
2218 11.53204242320509
2219 11.83958618203228
2220 12.039608095244494
2221 12.20989003525737
2222 11.588328729455096
2223 11.671264662118809
2224 11.576926259532323
2225 11.645707071911358
2226 11.560370498750343
2227 12.129410558922782
2228 11.815486036048343
2229 11.333305988437813
2230 11.773990819467324
2231 11.318462083667622
2232 11.08668087201961
2233 11.145609679440797
2234 11.67752338626055
2235 11.666055507061818
2236 10.8801687096156
2237 10.861213746164102
2238 11.662608333792106
2239 11.877300749119682
2240 11.903314429964734
2241 11.935769094163406
2242 12.2602441910205
2243 11.826822765048913
2244 11.669993190364172
2245 11.66093074258089
2246 11.974435142498978
2247 12.755248419785515
2248 11.957312490201474
2249 12.49673681357221
2250 11.724120519102042
2251 11.721991681370735
2252 11.611274571242689
2253 10.723584470788138
2254 10.678727169383192
2255 10.402229485459959
2256 10.978172553449754
2257 11.25959164646564
2258 11.149556906911998
2259 11.65726481359897
2260 12.06438648230789
2261 11.316001066416165
2262 12.77127392993915
2263 11.442674803135324
2264 11.885046681636792
2265 11.40246932803803
2266 11.653422318898418
2267 11.345686502409038
2268 10.839445809209165
2269 11.343998637718713
2270 11.613461756327535
2271 11.09424912776737
2272 11.217056915965486
2273 11.990481794578606
2274 11.20508568470204
2275 11.171081866926912
2276 11.33553999923574
2277 11.051870762194369
2278 10.601364376255077
2279 10.555781143066001
2280 11.041970321522223
2281 11.26783737032949
2282 11.253863597580462
2283 12.056266042328183
2284 11.837956599939824
2285 11.922616113811154
2286 11.805010578852935
2287 12.002797297107131
2288 12.106667766360369
2289 11.551073105485797
2290 11.297556779844456
2291 11.399753781913256
2292 11.360588560245548
2293 11.461076784004682
2294 11.316514566930989
2295 11.964900298495154
2296 12.042354639503714
2297 11.868283894216475
2298 11.924601565554838
2299 11.829483729333262
2300 12.069983837494323
2301 11.829521006438512
2302 11.451610625625955
2303 11.543415257225023
2304 10.858431507440619
2305 10.968663844460313
2306 11.835491958526525
2307 11.766840233659268
2308 11.765958387209439
2309 11.838192854626705
2310 12.053996346555143
2311 11.772153551238997
2312 11.82312435478867
2313 11.518046647084848
2314 11.761794155253721
2315 11.52252792079508
2316 11.27050484362594
2317 11.365215448203864
2318 11.513146608669935
2319 11.711841254646261
2320 11.44051233466882
2321 11.367682741046552
2322 11.280848190402164
2323 11.433456863769427
2324 11.578915152384624
2325 10.439004379763393
2326 11.284588769396901
2327 11.375348122156698
2328 11.298416627862208
2329 11.888938960056949
2330 11.635231648636758
2331 11.24071088850424
2332 11.302359636325052
2333 10.922472781159708
2334 10.774056090430637
2335 11.352236748062444
2336 10.920122748631883
2337 11.522516314747298
2338 10.858043854780078
2339 10.650704365671098
2340 11.293552824195777
2341 11.172873522600899
2342 11.09328447538499
2343 10.497384624628006
2344 11.083846909279517
2345 10.969219008939614
2346 10.86823784006725
2347 10.829663895404579
2348 11.134468482325689
2349 10.854434569756059
2350 11.039978161544738
2351 10.682733298940292
2352 11.146748475467444
2353 10.836753751633376
2354 10.815465159950374
2355 10.86434081916914
2356 11.501147869215911
2357 11.184749653024602
2358 11.248090952837757
2359 11.098025862408482
2360 10.766265888783908
2361 10.649190527891777
2362 10.702711898521539
2363 11.063331408593607
2364 10.829214143584183
2365 10.773563439262386
2366 10.729332882626515
2367 10.870337744044981
2368 10.584251981303028
2369 11.151446640947194
2370 11.13742455660739
2371 11.048875965996377
2372 11.099324519457362
2373 11.187740685481733
2374 10.802741391444261
2375 11.188426029734556
2376 10.55204680870188
2377 11.063988899518378
2378 10.980393861314663
2379 10.813338783169359
2380 11.020556925683646
2381 11.043472464694272
2382 11.015964400110434
2383 10.816926305399079
2384 10.957281976379479
2385 11.20223839463087
2386 11.139650760310845
2387 11.161292492126135
2388 10.683964289139894
2389 11.719858715739438
2390 11.050496815001528
2391 10.736959054383641
2392 10.92564679259689
2393 11.411467015395507
2394 11.640609381102397
2395 11.122588883686182
2396 11.592116752868044
2397 11.644668560039198
2398 11.774012021976652
2399 11.478965196577246
2400 11.15529038753189
2401 11.359329980407328
2402 11.318248269765432
2403 11.34575764776152
2404 11.42013345068102
2405 11.623765952885316
2406 11.143615271300341
2407 11.888008741989745
2408 11.461052609612466
2409 11.466292585274234
2410 12.024172267366437
2411 11.410396992482546
2412 11.846411630786713
2413 11.596976979582339
2414 11.49528096705828
2415 11.545169896212828
2416 11.461238488690123
2417 11.551846126221085
2418 11.711169148505592
2419 11.35814864723556
2420 10.9259446563225
2421 11.042235157083239
2422 11.471628711510233
2423 11.138645779550785
2424 11.657022633036346
2425 12.180012420768206
2426 11.572888931129055
2427 11.364924313257204
2428 11.762033353662646
2429 11.026969203677087
2430 10.949746816372079
2431 11.354552683270295
2432 10.462846873870479
2433 10.913044348039174
2434 11.752925083422413
2435 11.146707278229266
2436 11.73430885871807
2437 11.403894262725567
2438 11.373966606592004
2439 11.065113424233997
2440 10.411411680571096
2441 10.18254222001887
2442 10.726807779440682
2443 11.0926295875913
2444 10.596271601127393
2445 11.175821128436393
2446 11.049126122839962
2447 11.428225857424215
2448 11.640521644452695
2449 11.64258969395561
2450 10.741780950283369
2451 11.271625569320548
2452 10.879987352397016
2453 10.825644505891441
2454 11.461724269218916
2455 10.756073853030491
2456 10.910713274745763
2457 10.1436935931402
2458 11.380852509038096
2459 11.006925132372373
2460 10.819273375911033
2461 11.095894537604769
2462 11.052466880299805
2463 10.917962786127152
2464 10.777455248069398
2465 10.84215216139176
2466 11.51252649102898
2467 11.369385410291311
2468 10.886574801831046
2469 11.146591560048417
2470 11.421433626441582
2471 10.755191523839905
2472 11.380456783860694
2473 11.415344968152338
2474 11.110462298602247
2475 11.639794628750465
2476 11.050190924825582
2477 11.470073324497196
2478 11.690592309300031
2479 11.633052444814824
2480 11.83365774265666
2481 11.610778011919464
2482 12.107579659103548
2483 11.918282942298022
2484 11.886573902846667
2485 11.719918521490419
2486 11.637086173205695
2487 12.24503803418639
2488 11.966782294398845
2489 11.57951114980707
2490 12.420832148115863
2491 11.320291491855674
2492 11.799399838051873
2493 11.55502337690094
2494 11.627319353297757
2495 11.790446744562475
2496 11.278911619256727
2497 11.899698468439581
2498 11.469270070099613
2499 11.163032852521003
2500 11.668383969799846
2501 11.01711048191256
2502 12.267973100316452
2503 12.94803255095497
2504 12.415351975102118
2505 12.180994667522143
2506 11.999088134882273
2507 11.890843339724693
2508 11.95969864443697
2509 12.434422280830677
2510 11.977043835007665
2511 12.330522896254491
2512 12.264471650255006
2513 11.93807629588205
2514 11.883181528381256
2515 12.116424579255266
2516 12.37409903388171
2517 12.379964628940305
2518 12.006901706794094
2519 12.645146349327415
2520 12.012271628332249
2521 11.972267036062396
2522 12.128138896591418
2523 12.240604018530023
2524 12.025405443162404
2525 12.35645957674226
2526 11.577530323547887
2527 11.704947789277124
2528 12.304606126883447
2529 11.715785459078806
2530 12.243739656425138
2531 10.877488569023443
2532 11.54126209831403
2533 11.488618535052444
2534 11.783155314227523
2535 11.52524421860112
2536 11.110889312384819
2537 11.164922152061735
2538 10.960622602678754
2539 11.529844846742202
2540 11.288495977581201
2541 11.775660617936545
2542 11.315164275087628
2543 11.744554716162272
2544 11.038721868856001
2545 12.03499443375028
2546 11.448115422027557
2547 12.019637319701006
2548 11.995839213721943
2549 12.128050018236753
2550 12.395499802985624
2551 11.891108559248954
2552 11.982320376687978
2553 11.97063668062612
2554 12.052094767279431
2555 12.203169377787743
2556 11.874606602146397
2557 12.135705994095854
2558 11.704177749530178
2559 12.09552352468391
2560 11.784421317078872
2561 11.914822982778947
2562 12.03548815095006
2563 12.37811524516857
2564 12.14583768302565
2565 12.027040636701988
2566 12.454293528276914
2567 11.80016705177534
2568 12.016485556224106
2569 12.3595966787558
2570 12.294380414337303
2571 12.21705088582549
2572 11.915466530847235
2573 12.213326556275986
2574 11.652333821797404
2575 12.207499931894178
2576 12.251711495642796
2577 12.454219231011335
2578 12.062214751235533
2579 12.277575419476134
2580 12.47831400599867
2581 12.401700231648322
2582 12.261638977579375
2583 12.71791062327283
2584 12.066393086566338
2585 12.584775037222109
2586 12.332604599309416
2587 11.974436450102575
2588 12.228971011004719
2589 11.80548563854034
2590 11.99331688864252
2591 12.221025327030302
2592 12.062402484093449
2593 12.82017571212026
2594 12.167769476375296
2595 11.87199320203301
2596 12.236740922024246
2597 11.628222008617719
2598 11.94091794789462
2599 11.883027372162747
2600 11.747365523161843
2601 11.87715764081721
2602 12.483432310082293
2603 12.185599492478733
2604 12.34008223845392
2605 11.839633797933033
2606 12.086846946197381
2607 12.159376630009714
2608 11.980503760045634
2609 11.865654682505632
2610 12.12410169730373
2611 12.091851419335716
2612 11.464658148637051
2613 12.118482306095514
2614 11.835327000718125
2615 12.271633829151462
2616 11.375449192679001
2617 11.58940448216745
2618 11.65560405727778
2619 12.275482079416635
2620 11.67997321921566
2621 12.002999613793502
2622 11.657533082460361
2623 12.183878477849822
2624 12.146900564838324
2625 11.949379038176913
2626 11.808349649059158
2627 11.984597153692727
2628 11.945856008479142
2629 12.2170928356911
2630 12.31221079199557
2631 12.4154711649965
2632 11.450365408852
2633 11.722736342651311
2634 11.714943399895752
2635 11.664800727132237
2636 11.107117766598556
2637 11.419147598668296
2638 11.510555245833018
2639 11.744444550564149
2640 12.086704134027181
2641 12.36917663258744
2642 11.595249533073174
2643 12.13576081675282
2644 12.370413251056334
2645 11.5231572300423
2646 12.105244661472163
2647 12.213057116198522
2648 12.1667575661394
2649 12.141428949294735
2650 11.969489532721477
2651 11.765463684826365
2652 11.934041045398427
2653 11.680065582965339
2654 12.123676171774093
2655 11.850174386047012
2656 12.175817915919447
2657 11.89635955829209
2658 12.069080869324063
2659 11.897971196245619
2660 11.824300442318398
2661 11.858272729310409
2662 11.90698434255649
2663 11.82486221607658
2664 11.630326980528272
2665 11.768655153500784
2666 12.000497311738473
2667 12.310119265978681
2668 11.945463032218255
2669 12.156841372217471
2670 12.105360741778945
2671 11.913877696758641
2672 11.918669988518875
2673 11.830722194178945
2674 11.92815094740927
2675 12.046506961729726
2676 12.359601948183665
2677 12.388913452981498
2678 12.17369627376275
2679 11.792462358467988
2680 12.046812582244517
2681 12.065142969338613
2682 12.399105860207726
2683 12.298438368613386
2684 12.30037639223932
2685 12.423113116377252
2686 12.135739038982976
2687 11.814132910733402
2688 12.51261276315175
2689 12.12405554608609
2690 12.267818336989224
2691 12.167482187547305
2692 12.088854171134436
2693 12.424307564013462
2694 12.211566953703247
2695 11.843498803103271
2696 12.11936534233425
2697 12.3879322195941
2698 12.105259957282732
2699 12.106216414396673
2700 12.442979347197278
2701 12.843963474798676
2702 12.58824445049582
2703 12.28362242084963
2704 12.083394384288601
2705 12.304759773183644
2706 12.484259546585342
2707 12.530336235390251
2708 11.996466317120852
2709 12.433637792692776
2710 12.205455493772632
2711 12.308659600880757
2712 12.140560882249174
2713 12.258336032698729
2714 12.197247482706134
2715 11.995423786951388
2716 12.34816190849391
2717 12.376186719621755
2718 11.873211348378787
2719 12.157853985710355
2720 12.541438291301855
2721 12.217862189463375
2722 12.227864568900792
2723 12.066907620402874
2724 12.033698757258273
2725 12.184898128268124
2726 12.473338892454523
2727 12.427302681168095
2728 12.37213114672989
2729 12.388552413872812
2730 12.151911365462045
2731 12.488368998876147
2732 12.45754369760379
2733 12.14485675588258
2734 11.912230916377535
2735 11.92022762940814
2736 11.952953787614621
2737 12.177891426357368
2738 12.45157398061371
2739 12.189579870642142
2740 11.690637851543304
2741 12.158348917098525
2742 11.41971286754515
2743 12.199583925414778
2744 12.282455795011112
2745 12.440382230415695
2746 12.59388216118737
2747 12.10127562042103
2748 11.978330422908462
2749 12.110584465437684
2750 12.142769719048085
2751 12.401876092853556
2752 11.998761752901348
2753 12.062255086755634
2754 11.30141900551137
2755 11.829867621433491
2756 12.342427876520292
2757 12.028601503741244
2758 11.96663657732514
2759 12.128842908657823
2760 11.739411049953203
2761 11.612552041782005
2762 12.189062651601276
2763 12.661384425584203
2764 12.663505731500296
2765 12.411026662749034
2766 12.651721144997511
2767 11.99027066715598
2768 12.101834969577212
2769 12.410879708412047
2770 12.110680469505272
2771 12.687718064803075
2772 12.17857679687756
2773 12.30328437519712
2774 12.680522456451468
2775 12.390830268433625
2776 12.039648509412274
2777 11.626171704877132
2778 12.379518029794042
2779 12.285100504049232
2780 11.763335375136611
2781 11.786431350449563
2782 12.050328467965157
2783 12.266811258758576
2784 12.484046701330598
2785 11.863093144400919
2786 12.448356369961122
2787 12.223806289422457
2788 12.402035598434026
2789 12.167332297807942
2790 11.894008364383108
2791 12.089291629241998
2792 12.232646346176931
2793 12.189742385978988
2794 11.697725372059875
2795 12.156502048971348
2796 12.365530052801272
2797 12.2367479067095
2798 11.708468583857599
2799 11.651822740415195
2800 12.197065852165164
2801 11.863211853497328
2802 12.2074744399755
2803 12.045703399435762
2804 12.315419322849023
2805 13.327971914351739
2806 13.22511936965658
2807 13.778149932379794
2808 12.38108655854166
2809 13.086484562376583
2810 13.243077020706002
2811 14.024867757767877
2812 14.000915413162467
2813 13.873004540302196
2814 13.744833875042648
2815 13.73291336183219
2816 13.367922532256788
2817 13.291922255992759
2818 13.390399908864019
2819 13.193739713879785
2820 13.225055669356681
2821 12.979632328279978
2822 13.213575912827691
2823 13.48551648635943
2824 13.539353772771664
2825 13.564219309732021
2826 13.344573964898157
2827 12.931137246728726
2828 13.36808787997454
2829 12.97261790528028
2830 13.331412490730228
2831 13.312838063370654
2832 13.321834781117083
2833 13.075373320366534
2834 13.184707500396016
2835 13.276098912986761
2836 12.970503527923407
2837 12.552551998285182
2838 13.283358247868453
2839 13.629012709395504
2840 13.314884885898307
2841 13.155967482426682
2842 13.242824907285822
2843 13.164889021300537
2844 13.087417760662113
2845 13.51989926698166
2846 12.963800279382827
2847 13.028955395839692
2848 13.138030087915249
2849 12.906807863223264
2850 13.642233302153723
2851 13.291374944421344
2852 12.479811374227408
2853 13.552387452707434
2854 13.156761725746964
2855 13.565216225952272
2856 13.318877981368297
2857 13.088133962493414
2858 13.683322066925555
2859 13.479858636825446
2860 13.18639769866727
2861 12.791082508439285
2862 13.779504986189487
2863 14.033040198446352
2864 13.743565709019961
2865 14.219791890290262
2866 14.260379524302243
2867 13.53519209822607
2868 13.850528267936404
2869 13.864287314267761
2870 13.024858717315762
2871 13.044366480443273
2872 13.631793712638
2873 13.493031225097123
2874 13.776624909196089
2875 13.435522295727798
2876 12.28339757479688
2877 13.575344580302287
2878 13.525386742013975
2879 13.397973323791378
2880 13.507957113806208
2881 13.363518502428274
2882 13.605896704221719
2883 13.221658031911632
2884 13.523154859633685
2885 13.556474170661778
2886 12.619915215959683
2887 13.706507024340118
2888 13.733476649715053
2889 13.305254795555689
2890 13.178874025523104
2891 13.248344177902888
2892 13.169162703602812
2893 13.686192040587944
2894 13.781158653763654
2895 13.349855848274032
2896 13.620814795066481
2897 13.872394590796759
2898 13.316276268750645
2899 13.179368465051564
2900 13.383238222493407
2901 13.095305076258796
2902 13.415000825870765
2903 13.175306595122454
2904 13.20187459471673
2905 13.446726471361758
2906 13.304849501941327
2907 12.97854409570997
2908 13.070117971850449
2909 13.433629949485997
2910 13.388579096969947
2911 13.761720230082314
2912 13.375992336270617
2913 13.035834990399504
2914 13.238768698535406
2915 12.854635031273103
2916 13.18701574850985
2917 13.098003691311062
2918 13.079224542410111
2919 12.986104418504539
2920 12.935341291531115
2921 13.081836240845915
2922 13.465741936992675
2923 13.372131346017516
2924 12.726006218247251
2925 13.30208201022029
2926 13.41301700586013
2927 13.016766776302756
2928 13.130722108139224
2929 13.25965646385719
2930 12.992668306048612
2931 13.125781265913005
2932 12.97899117411276
2933 13.762779571117887
2934 13.206895373969504
2935 13.978422403977396
2936 13.454884991995954
2937 13.367523202699854
2938 13.813493066569613
2939 13.277117029089943
2940 12.818844707094854
2941 13.143692064020948
2942 13.1943674906376
2943 13.411164591916169
2944 13.247890720708547
2945 13.394807801794867
2946 13.474711661723699
2947 13.785126514796302
2948 13.94145155814613
2949 13.666176089583205
2950 13.756831746566155
2951 14.006826791961796
2952 13.774352508529498
2953 14.078228905610084
2954 13.75927507815633
2955 13.012118247327715
2956 13.292093724366003
2957 13.006128925158398
2958 13.33471517892633
2959 13.266607028020076
2960 13.135411128931766
2961 13.207891120318587
2962 13.63678159162812
2963 13.50483089960752
2964 13.498851503025177
2965 13.53304196271111
2966 13.883500888598576
2967 13.789409349384783
2968 13.905737747943736
2969 13.374534374921886
2970 13.658966760502405
2971 12.68766401881748
2972 13.390929422115152
2973 12.714604063587498
2974 12.807018154217108
2975 13.101219163104975
2976 13.779849418475088
2977 13.815113943763157
2978 13.56857217084514
2979 13.463533634659246
2980 13.344711790321362
2981 13.627278985707388
2982 13.433499884077825
2983 13.702699410068616
2984 13.546524371766987
2985 13.062537689719804
2986 13.394617570479115
2987 13.306909482184773
2988 13.617249620389533
2989 13.2326602038393
2990 13.446805717700219
2991 13.622896780957497
2992 13.35941309423299
2993 13.168406985293682
2994 13.848937274882845
2995 14.117632887141225
2996 13.943595130131188
2997 13.743082979036572
2998 13.568530266981096
2999 13.334141924965978
3000 13.663940288809457
3001 14.069535904236742
3002 13.853915411594437
3003 13.785944554659352
3004 13.733588906185805
3005 14.17281112353748
3006 13.917790893590755
3007 13.76096925902514
3008 14.129383203087375
3009 13.816019154340937
3010 13.842735719502858
3011 13.597716974487586
3012 13.764424825298686
3013 13.142364825202323
3014 13.985751347442395
3015 13.616529039959811
3016 13.089597115442885
3017 13.521237928194976
3018 13.25737185627738
3019 13.505991308553837
3020 13.264234653441447
3021 13.804190449902853
3022 13.593449301855339
3023 13.681926344464996
3024 13.658274746025304
3025 13.9776712199355
3026 14.02251080693623
3027 13.978599196718946
3028 13.819478984268033
3029 13.67643875322105
3030 13.615622036727625
3031 13.768499527117386
3032 13.053816951216955
3033 13.572903158849064
3034 13.98233067826929
3035 13.679377716038777
3036 13.520037897714502
3037 13.325027944868639
3038 13.576457171005604
3039 13.457270438411008
3040 14.486348589524125
3041 14.073334304661675
3042 13.464673962953082
3043 13.893355913176574
3044 13.235056266517876
3045 13.605457792306725
3046 13.7275663539386
3047 13.451752214600814
3048 13.148293814147348
3049 13.391458015602455
3050 13.599437321594019
3051 13.457488803581434
3052 13.243319394541448
3053 13.12603760538035
3054 13.200245639242288
3055 13.465537339295269
3056 13.917327196796522
3057 13.66685987540125
3058 13.430294428501462
3059 12.904768427345306
3060 13.13741155589954
3061 13.558909537647605
3062 13.285391771568026
3063 13.129517524350787
3064 13.047325885487563
3065 13.252027436624603
3066 13.79938976121161
3067 13.748629836228965
3068 13.83658483824281
3069 13.389486003148626
3070 13.843267820428585
3071 13.394232339328418
3072 13.636535592375685
3073 13.09332455196763
3074 13.255008817168724
3075 13.40697879076598
3076 13.630943897663503
3077 13.585110576586485
3078 13.158191575480515
3079 13.346891441789015
3080 13.731523600700331
3081 13.528871398671344
3082 13.03726596952789
3083 13.326832858974567
3084 13.857102637594583
3085 13.406744504031602
3086 13.689292095161111
3087 13.157820978532728
3088 13.454338156656807
3089 13.614586746636228
3090 13.709531426246064
3091 13.375164175066656
3092 13.765463429967529
3093 13.876585503181078
3094 13.91468871774749
3095 13.847126376815106
3096 13.891133286427253
3097 13.24836838478741
3098 13.449036080744007
3099 13.79203218111899
3100 13.5360836586942
3101 13.87311801918615
3102 13.700715980220817
3103 14.119006619061048
3104 13.76926854193609
3105 13.716549009799774
3106 13.835830270703374
3107 13.78288886247619
3108 13.907654885579952
3109 13.76777077129229
3110 13.84376173210004
3111 13.188722621240224
3112 13.842570682531454
3113 13.580477937074553
3114 13.624338369162203
3115 13.617879906219665
3116 13.761274474790277
3117 13.553746520489598
3118 13.404685752073664
3119 13.632275866356027
3120 13.362943671662947
3121 13.37168376499532
3122 13.162398354133114
3123 13.018895446256998
3124 13.31851903428855
3125 13.673975141701666
3126 13.742245601214037
3127 13.355805336570855
3128 13.051708433498467
3129 13.106096421940924
3130 12.866853229263706
3131 13.44394175243153
3132 13.33687623480066
3133 13.560612026061886
3134 13.641250921812935
3135 13.192416683202527
3136 13.055127942579956
3137 13.042358904399576
3138 13.421500065605152
3139 13.262284701014211
3140 13.61148290516527
3141 14.009719743779284
3142 13.802367260270124
3143 13.801464800018655
3144 13.231320953253958
3145 13.562940925607109
3146 13.632535637537112
3147 13.827317907533079
3148 13.476627716291278
3149 13.205566724984704
3150 13.708082402752606
3151 13.473395106428805
3152 13.695353563614967
3153 13.613888888093978
3154 14.093127685255782
3155 13.636095308458032
3156 13.769490607014408
3157 13.8426169966969
3158 13.566766465677293
3159 13.68408764544304
3160 13.457382442463132
3161 13.855099002004447
3162 13.541454212597637
3163 13.90460729089608
3164 13.653778318121912
3165 14.193467075628478
3166 13.701558713048348
3167 13.67649742180978
3168 14.102129669703908
3169 13.839323612034969
3170 13.67925366290846
3171 13.781005801417754
3172 13.31831536573656
3173 13.192679404316845
3174 13.586240411172742
3175 13.520909900509677
3176 14.078805847899105
3177 13.759452883830074
3178 13.622428930021291
3179 13.796916190490878
3180 13.814690382671067
3181 13.29379448521923
3182 13.63679270864748
3183 13.864487397289901
3184 13.803993386397977
3185 13.73589839215609
3186 13.773516233163136
3187 13.689057598835616
3188 13.936980430464338
3189 13.609755690014609
3190 13.399335526245627
3191 14.126304499547807
3192 13.455611661172533
3193 13.723623560571419
3194 14.211301804911834
3195 13.585424702378733
3196 13.750235355350533
3197 13.592538031455808
3198 13.881658460246198
3199 13.405951658983303
3200 13.146049622828524
3201 13.779291142025347
3202 14.015258777532539
3203 13.426765414314556
3204 14.129872396475449
3205 13.811425706321854
3206 13.837969463720492
3207 13.880113202299748
3208 13.864140650883527
3209 14.122949904309264
3210 13.901921796615904
3211 13.987642460998604
3212 14.197359784319707
3213 14.042350730699935
3214 14.01790089988613
3215 14.132195989763494
3216 14.008779000738024
3217 13.762669190802285
3218 13.54923774773333
3219 13.775564674814904
3220 13.572413288917863
3221 13.46566438779224
3222 13.829088696949716
3223 13.461018398605606
3224 13.657146782202728
3225 13.782634526039645
3226 13.756697230624463
3227 13.838660825681307
3228 13.51311188914894
3229 13.761068376114192
3230 13.764560611558727
3231 13.657060654330172
3232 13.602412888485372
3233 13.966231477325804
3234 13.863927731696934
3235 13.854425756055926
3236 13.469865079296783
3237 13.749671498150827
3238 14.029054684338956
3239 14.159731993736866
3240 13.516476874959713
3241 13.630286895564376
3242 13.772943869205678
3243 13.77664182900818
3244 13.935062845442005
3245 13.631160064286966
3246 13.638344777265191
3247 13.516649267029033
3248 13.634234927753619
3249 13.322220587206354
3250 13.936490699510818
3251 13.939715355965879
3252 13.759511651063777
3253 13.961636619384205
3254 13.661128414926846
3255 13.40183415354911
3256 13.796950421663682
3257 13.322241987002936
3258 13.39891304044119
3259 13.223000429219626
3260 13.133366325401827
3261 13.851327923162696
3262 13.547678109051244
3263 13.47672441262089
3264 13.363307385139192
3265 13.238148522804094
3266 13.638896827362093
3267 13.463285773229561
3268 13.438871203045665
3269 13.8205500689064
3270 13.662351929982762
3271 13.705920351344108
3272 13.665207756303412
3273 13.44747179858246
3274 13.626072029529128
3275 13.652698905065218
3276 13.307394018705361
3277 13.591004196832332
3278 13.481687954896824
3279 13.63885636535543
3280 13.298180625852753
3281 13.306019478235404
3282 13.192048107506984
3283 13.426978561302587
3284 13.861040914265942
3285 13.67752896587181
3286 13.693579062098935
3287 13.808442601830432
3288 13.389248282414814
3289 13.467948491354214
3290 13.718677989177587
3291 13.667819350157455
3292 13.57583431903531
3293 13.648705796020696
3294 13.301666146096583
3295 13.507331097476786
3296 13.807821368075295
3297 13.6965220857542
3298 13.770105979825942
3299 13.635114729935475
3300 13.865364505175929
3301 13.629011643879469
3302 13.772834824035682
3303 13.992394422469886
3304 13.68012108594743
3305 13.550031236075885
3306 13.913736669672272
3307 13.471180209671132
3308 13.531880113106906
3309 13.854280777940245
3310 13.749333279046105
3311 13.441418374441827
3312 13.49846890178745
3313 13.262743137927208
3314 13.334292122971648
3315 13.577179694718724
3316 13.544341948549532
3317 13.45579425756906
3318 13.328164190258494
3319 13.590508454433921
3320 13.780441383965881
3321 13.346006385250986
3322 13.375333811613721
3323 13.104761197443056
3324 13.755285213133382
3325 13.543552005165244
3326 13.48616803307397
3327 13.491216494562257
3328 13.088074664999972
3329 13.68831007456113
3330 13.85814632658842
3331 13.843381753926915
3332 13.181893987373716
3333 13.661064564464272
3334 13.227949810380844
3335 13.618284506040396
3336 13.53573004216731
3337 13.482623764062032
3338 13.668185293734975
3339 13.676786959445735
3340 13.70825534669081
3341 14.068176558443605
3342 13.636414064838101
3343 13.348807052608912
3344 13.591292905567709
3345 13.557340375962033
3346 13.447027078260524
3347 13.760658523106422
3348 13.41347531019362
3349 13.299956830873311
3350 13.458117223757386
3351 13.414150361534041
3352 12.812663751281697
3353 13.457558454702934
3354 12.823915907733557
3355 12.846435468892473
3356 12.691056354877407
3357 12.783694277405086
3358 12.801972622025588
3359 13.249310181422558
3360 12.713676295762989
3361 12.835720174546468
3362 13.379792627901441
3363 13.56296574172329
3364 13.824615956783402
3365 13.264227814048617
3366 12.799102365893718
3367 13.395861384068608
3368 13.470808989383553
3369 13.79289556275223
3370 13.838757207757437
3371 13.244257756011399
3372 13.039367568070093
3373 13.8805047679737
3374 13.67255122995402
3375 13.4318025452725
3376 13.634759781934545
3377 13.681047922254537
3378 13.541173614109114
3379 13.439050608941569
3380 13.792913224922838
3381 13.817045740097868
3382 13.662563484952527
3383 13.769254739849044
3384 14.13004708156933
3385 13.391930653797305
3386 13.464982485575117
3387 13.744857442818454
3388 13.34169847171953
3389 13.550607824763153
3390 13.711143326526496
3391 13.911517234106917
3392 13.637040951889329
3393 13.522879854578195
3394 13.557348193679863
3395 14.047270781280195
3396 13.725704454776254
3397 13.753570472536785
3398 13.374552519987084
3399 13.875365912327492
3400 13.872818562259784
3401 13.722784520968371
3402 13.758462806047264
3403 13.844342935807543
3404 14.07131274197244
3405 14.086597364181165
3406 13.894816423744428
3407 14.23477697383176
3408 13.967013514406414
3409 13.859591335571046
3410 13.885929546112024
3411 14.057622112957114
3412 13.808959971314952
3413 14.088690454125882
3414 14.078349881205442
3415 13.851278059171099
3416 14.008121887046574
3417 14.033638958937244
3418 13.983412700883909
3419 13.901639521388843
3420 13.731581940936714
3421 13.81992311750774
3422 13.66758958452436
3423 13.687993006628899
3424 13.271407636490947
3425 13.374245480310188
3426 13.699050878267242
3427 13.375728319328513
3428 13.705456319546164
3429 13.744699660802308
3430 13.52776080263904
3431 13.778417891956513
3432 14.0890361845158
3433 13.521386472602524
3434 13.401727437187732
3435 14.099535669485844
3436 14.237291807327624
3437 13.280714432381455
3438 13.703880955634494
3439 13.528051875773802
3440 13.952125739150073
3441 13.952277660996433
3442 13.410461313995244
3443 13.780186336474017
3444 13.409288102307038
3445 13.360398525066735
3446 13.455901275443534
3447 13.516267358294161
3448 13.534644649741539
3449 13.896166909168967
3450 13.805759381065771
3451 13.830140659965444
3452 13.602562104159198
3453 13.830530441869687
3454 13.482064300561209
3455 13.029618452740259
3456 13.696913520030282
3457 13.934922074802154
3458 13.874686160760257
3459 13.74928041482403
3460 13.814223446488715
3461 13.90751374283538
3462 13.6341421306757
3463 13.81912874645127
3464 13.570791520930992
3465 13.705651687978857
3466 13.345960934677233
3467 13.407579299047681
3468 14.10690768449336
3469 13.87667454905158
3470 14.013354781510353
3471 13.341264933458552
3472 12.985530351650565
3473 13.754051602890245
3474 13.62432553418342
3475 14.258491005021915
3476 13.355959029957507
3477 13.678542068059686
3478 13.541261839680164
3479 13.773665380743765
3480 13.551437166472516
3481 14.037712594188696
3482 14.104639376884352
3483 13.368002816331257
3484 13.919698659327096
3485 13.722410536217167
3486 13.625423954721551
3487 13.737794900096729
3488 13.282440654597908
3489 13.095476117927786
3490 13.776325865102732
3491 13.635940755284484
3492 13.738400890203458
3493 13.363194459941804
3494 13.56597455899865
3495 13.75868154152772
3496 13.450021648309
3497 13.740022722992098
3498 13.897147185858866
3499 13.921794705212823
3500 13.710895006418012
3501 13.459557293989825
3502 13.54864750594068
3503 13.31809712891522
3504 13.421021666907022
3505 13.550808155939116
3506 13.21401858123669
3507 13.640480577113948
3508 13.474715826132801
3509 12.889377583720094
3510 13.715744416686986
3511 13.861702252325703
3512 13.625044542427073
3513 13.682206379118961
3514 13.596352005423142
3515 13.445113798061065
3516 13.483375012299792
3517 12.637061871310706
3518 13.831410355335827
3519 13.860072267340392
3520 13.638895631906466
3521 13.516952574184922
3522 13.942225157766932
3523 13.593501146290032
3524 13.540432955531163
3525 13.536162117649184
3526 13.479511166898524
3527 13.479195837830384
3528 13.408534693878376
3529 13.321817740742345
3530 13.712275430820851
3531 13.38157588601957
3532 13.655519628222036
3533 13.456125040276358
3534 13.40252899033287
3535 13.570886953389802
3536 13.322396193540584
3537 13.512540300373956
3538 13.15444501276128
3539 13.172484917531598
3540 13.196827287628865
3541 13.001911843180245
3542 13.332447753905425
3543 13.629339929228404
3544 13.310956546381638
3545 13.252269678299005
3546 13.28122295996558
3547 13.307606884945711
3548 13.078466166347104
3549 13.660695431053908
3550 13.402697357806302
3551 13.240616417864276
3552 13.593492759510836
3553 13.816778051829221
3554 13.426250980125783
3555 13.44935248446203
3556 13.015714042710693
3557 13.542141515480818
3558 12.82251065487739
3559 13.5694094564754
3560 13.29466651572862
3561 13.526599497094319
3562 12.940218312081848
3563 13.169926720531103
3564 13.683933379278704
3565 13.835934327468086
3566 13.621785601444143
3567 13.669707152043532
3568 14.022753662057177
3569 13.689076657793416
3570 13.63476028414965
3571 13.60521458132835
3572 13.803071509738137
3573 13.471587015013343
3574 13.152476645182293
3575 13.487072520723482
3576 13.5020971240004
3577 12.642589987816372
3578 13.12686603698257
3579 13.066171938540185
3580 13.0902025536783
3581 12.912288861473716
3582 12.937380867060869
3583 12.584375348329809
3584 12.905720909501644
3585 12.904683439704439
3586 12.85104490636777
3587 12.938862937941384
3588 13.763569718490498
3589 13.707707089401582
3590 13.774225490204246
3591 13.715043964269139
3592 13.801445804633467
3593 14.084617394870989
3594 14.159017149905505
3595 14.06090832589324
3596 14.017401587168381
3597 14.094097435984068
3598 13.700530278337599
3599 13.71804044172937
