0 10.828470674273508
1 10.732564223426763
2 10.966570471480303
3 11.003981519201023
4 10.651196999537257
5 10.91200396885516
6 10.536358615671954
7 10.919691805161445
8 10.660355568106343
9 10.92062029822184
10 10.741765318072728
11 10.817091097987792
12 10.619957905183641
13 10.897112527895079
14 10.578751658432596
15 10.57300430333425
16 11.004353451522164
17 10.817632141431208
18 11.003535541844524
19 10.913741795605587
20 10.732332780409964
21 10.757823962707576
22 10.595002767016197
23 11.009260853240797
24 11.18392841736578
25 11.008565178581877
26 10.764991806014452
27 10.76631317531106
28 10.824321802754106
29 11.114516764960515
30 11.066063610985278
31 11.1097565891839
32 10.96739346862168
33 10.998799612883
34 11.126257898652801
35 11.039394297373743
36 10.79796637492628
37 10.848370173286636
38 10.93307572068781
39 10.798450310821876
40 11.054947488669075
41 10.649662375588862
42 10.657542675722365
43 10.314925984343061
44 10.908775037113031
45 10.601075889983456
46 10.469032457712558
47 10.509214630943228
48 10.567895583183162
49 10.380343005371511
50 10.758802660681681
51 10.737972264944586
52 10.131567893896117
53 10.55888028997865
54 10.56457149335583
55 10.240314362640333
56 10.265631031249999
57 10.066588523647086
58 10.48944047624203
59 10.671704296968027
60 10.16753731079618
61 10.29901492653272
62 10.806285017514709
63 10.889047028365043
64 11.041868330425409
65 10.962877044581738
66 10.711273527093084
67 10.775616875922319
68 10.920945292784532
69 11.17575733808604
70 10.790159980190687
71 11.005551929834349
72 10.632994185399353
73 11.16719567266408
74 11.298461614379098
75 11.071766809641476
76 10.654825518410842
77 11.571042859012271
78 10.881004746858212
79 10.905185851544994
80 11.042894993941141
81 10.065365902683137
82 10.73166622833926
83 10.43587703368715
84 10.894557504485526
85 11.259964093325824
86 10.589582711783844
87 10.64897098754298
88 10.496449330073396
89 10.501659762123383
90 11.040636508237958
91 10.68426892124022
92 11.062257681931959
93 10.657665207247955
94 11.358482654783282
95 10.821410375423879
96 10.920945629381242
97 11.062280450319355
98 10.674803828788729
99 11.108506961441611
100 11.077101343636485
101 10.58361939975988
102 11.448283258625274
103 10.873170393139434
104 11.66244281020961
105 10.653559087862035
106 11.226333086882823
107 11.486661435092477
108 10.96439553476655
109 11.22580987852769
110 10.856322088559303
111 11.182843933723317
112 10.941996065959236
113 10.82056820040198
114 10.918575640137407
115 11.116213035353727
116 10.92781855846298
117 11.26009706770371
118 11.104391275225044
119 10.662701002252312
120 10.798003593503337
121 10.85408496547829
122 11.04908783055258
123 10.90631632171877
124 10.912276219998068
125 11.165022386842171
126 10.726406747501047
127 10.85176556638382
128 10.939952416192247
129 10.79338487243468
130 11.003303602672874
131 10.714896455624723
132 11.335527149796777
133 11.167695469594241
134 10.862144473400964
135 10.790509468353278
136 11.189821882259386
137 11.093357330060904
138 11.522283233842524
139 10.875600923145168
140 11.381102141561895
141 11.220364333510544
142 10.970070127506098
143 10.946156259314627
144 10.61684985568827
145 10.923902396860118
146 11.115119037636289
147 11.087200221511191
148 11.057179339362834
149 10.89444492432419
150 10.990711008663572
151 11.167562155235705
152 11.10122183107221
153 10.807186880103485
154 10.917272833333046
155 11.629329012757482
156 10.902919094852473
157 11.429854588914774
158 11.101315246372073
159 11.00890426004238
160 11.294573182322186
161 10.843408734319146
162 11.0388250165751
163 10.917194376581556
164 11.315067369656697
165 10.99263682869344
166 10.66600671810226
167 10.814712554532761
168 10.850611962603178
169 10.991836415867827
170 10.958164921231822
171 10.742584010212234
172 11.032739683036647
173 10.617676074809596
174 10.293769111243105
175 11.034904601659179
176 10.67419679086058
177 10.691885479046828
178 10.861127175224663
179 10.642012541562933
180 10.436337137868396
181 10.791903800192689
182 10.711931788668752
183 10.530118413234323
184 10.440346972481175
185 10.11947846720159
186 11.043425735911745
187 10.429489113476528
188 10.916712975891274
189 10.647817580919098
190 10.647910338534354
191 10.824123707874701
192 10.590075457204673
193 10.602124352619777
194 10.336682474100487
195 10.86300294782021
196 10.898104541074568
197 10.652188827291347
198 10.370513919981072
199 10.794161293927077
200 10.280272509814735
201 10.973462955050797
202 10.78857973459415
203 10.766942233365306
204 10.698212079134697
205 10.19954445493884
206 10.385750055372524
207 10.711423952483193
208 10.346285232021074
209 10.66213457770063
210 10.616520241252436
211 10.20047867720298
212 10.894792240016136
213 10.361880270569834
214 10.773487151054495
215 10.680768380798003
216 10.58208543914768
217 10.540206934420173
218 11.250265406138228
219 10.618968616793259
220 10.383017511850705
221 10.272315057439602
222 10.785996300569915
223 10.576990013883712
224 10.288811162317943
225 10.2133486572829
226 10.353653852494778
227 10.453939980397328
228 10.788015404605948
229 10.29107108440202
230 10.328973063866517
231 10.336361137319315
232 10.266559273647621
233 10.820630234925027
234 10.479416878399157
235 10.564661447370643
236 10.223366345113112
237 10.568444589633993
238 10.286014755991362
239 10.343254045522867
240 10.481361142785266
241 10.63828357552186
242 10.640459416231879
243 10.525758250430524
244 11.00159985055639
245 10.478988400067388
246 10.577834771515073
247 10.715047590340092
248 10.446997992765514
249 10.771351000317985
250 10.657933496958774
251 10.307147990477379
252 10.613986933049947
253 10.207580628634354
254 10.872977112717097
255 10.397100650070067
256 10.495867179459324
257 10.415365023816515
258 10.68307127212642
259 10.646802594628921
260 10.974902623083098
261 10.654145238533419
262 10.678881291135374
263 10.796140447465302
264 10.72121275822461
265 11.053092530437455
266 10.920040737000258
267 10.56548305656548
268 10.819027678851917
269 10.85872343826606
270 10.841784818839567
271 10.730968260208204
272 10.82699563259568
273 11.073065116833728
274 11.082406646884522
275 11.097584303363957
276 11.316184136179931
277 11.406557626446162
278 11.12956987506293
279 10.438655363915869
280 10.759264725324382
281 10.669827634060542
282 10.178895758693224
283 10.981631716555944
284 10.712486111697602
285 10.677010615574547
286 11.167300522399012
287 10.218291661081953
288 10.477229999773408
289 10.88688155008554
290 11.086114331034207
291 10.970235682173795
292 10.786127967976427
293 11.04901210955882
294 10.980057879029332
295 10.695382571935545
296 10.849514554059656
297 10.532651704308352
298 10.412105854056277
299 10.648348702641515
300 10.613165722095681
301 10.50016211248473
302 10.97076712121861
303 10.884230212559132
304 10.828567940825291
305 10.582299041201349
306 10.632367223518251
307 11.14592797294137
308 10.880228468114794
309 10.571937060404219
310 10.525058732625466
311 10.669544750353547
312 10.588133254139914
313 11.040934193960839
314 10.525434550939599
315 10.492587457020784
316 10.69965816286034
317 10.436687197432834
318 10.437168385263343
319 10.547297811372184
320 10.737790157078733
321 10.86770211189213
322 10.540101984310024
323 10.657550596455257
324 11.268435385388551
325 11.332093003661624
326 10.676671963153275
327 11.103308262428419
328 10.974815023630775
329 10.739622109136027
330 11.50398579648531
331 11.188976789716477
332 11.163683574387935
333 10.826939249344768
334 11.026447743896709
335 11.295492493317576
336 11.093559863599793
337 10.714815425534
338 11.068229158859129
339 10.74480399347594
340 10.906811508904152
341 11.25629017996413
342 10.670128797607925
343 10.757004582673831
344 10.828717395467168
345 11.31288819258613
346 10.454258991397271
347 10.36985429286458
348 10.682994323180102
349 10.793659171218257
350 10.783608761894973
351 11.447314282045552
352 10.85861282706712
353 11.066660738688308
354 11.133762029170455
355 11.04196439175458
356 10.388087126201347
357 10.767446483570797
358 10.470981000640945
359 10.583522978838642
360 10.788327860556045
361 10.604122756619399
362 10.781371176274215
363 10.363089090832265
364 10.534095288536557
365 10.654145720884099
366 10.54023318848787
367 10.631595546024776
368 10.636776689911697
369 10.518174200348419
370 10.837622590542333
371 11.171997685000198
372 10.93209151224001
373 10.279936420233826
374 10.67669626120617
375 10.882974615328651
376 10.752943690126884
377 10.618059874894778
378 10.364457469904739
379 10.74651435348074
380 11.02730115330128
381 10.938655094128913
382 10.808985781223054
383 10.654007717616556
384 10.962639536572407
385 10.508395902308223
386 10.653673303337289
387 10.474987587517665
388 11.325026026037303
389 10.63812252669033
390 10.660387302625457
391 10.470732516444581
392 11.474280741998257
393 10.926889884756871
394 10.58662451348613
395 11.00337759013836
396 10.623332317530814
397 10.867292208976396
398 10.533022215114409
399 10.927759980959106
400 10.390411929119926
401 10.56795718738059
402 10.569550980302354
403 10.502025698280493
404 10.9142423484662
405 10.28950123311476
406 10.95424469940926
407 11.02460204995678
408 10.900422898252165
409 10.705946876566992
410 10.96596269012053
411 10.843353082164159
412 11.234459777454028
413 10.636777042563972
414 10.695170834798029
415 10.770344951934337
416 11.26736880922188
417 10.568581576308565
418 10.917988325949837
419 10.799919829285201
420 10.43259351317627
421 10.175676644312192
422 10.367679684698068
423 10.764899946185874
424 10.60139184195659
425 10.427190488037168
426 10.344691071733708
427 10.932761955010456
428 10.732188683709202
429 10.909686877722606
430 10.824330444941884
431 10.768052251660754
432 10.444092070907416
433 10.436428038577928
434 10.444348387588322
435 10.469125117979454
436 10.754106793673794
437 10.736769148059555
438 10.786100710359904
439 10.52355645665902
440 10.72102668901035
441 10.330055500689967
442 10.44410319737367
443 10.068607128175502
444 10.025087944360187
445 10.699877353272107
446 10.714160829736041
447 10.58133641268777
448 10.971948607190255
449 10.838487409900727
450 10.706823778897334
451 10.84568737930431
452 10.777423189306479
453 10.550775890885458
454 10.609948610232593
455 10.919828733204751
456 11.070210357305307
457 10.747681446842083
458 10.80211812508477
459 10.529264712508215
460 10.849543493857622
461 10.094995061108536
462 10.764626404473736
463 10.245663361294636
464 10.241482544687196
465 10.925233823295317
466 10.228881677560402
467 10.674935219796538
468 10.682351452901074
469 11.1761640885176
470 11.127788434739543
471 10.765706720485424
472 10.51676823829415
473 10.753933725906588
474 10.58975375139455
475 11.041572558872293
476 10.474335934608456
477 10.463615587529818
478 11.106477056651862
479 10.727537769954624
480 10.849632225802724
481 10.65199887054051
482 10.462223484420832
483 10.648186774561491
484 10.710318613182533
485 10.62677767692262
486 10.733392344544704
487 10.747414586881664
488 10.674103114147664
489 10.96382206812405
490 11.158620067819756
491 10.5483327737292
492 10.703156641142513
493 10.73425129351755
494 10.425432321280068
495 10.84803596860413
496 10.874365248434703
497 11.027260064843674
498 10.816943239166704
499 10.384712818744084
500 11.120326000891497
501 10.6723222673086
502 10.747868610925961
503 10.467117087431781
504 10.579487754416057
505 10.403429090564156
506 10.447667155513468
507 10.237835587477965
508 10.597499142312738
509 10.44189509236968
510 10.674020343003109
511 10.475874828915883
512 10.703610986286247
513 11.118977219553699
514 10.46546704275815
515 10.563443261240874
516 10.677716888186698
517 10.290814577070808
518 10.565704062421638
519 10.274697849690527
520 10.560002322228554
521 10.811971679691514
522 10.511491059433054
523 10.502559449073562
524 9.686920039848413
525 9.891546407118636
526 9.719405549578841
527 9.903191863287804
528 9.669782831188686
529 9.646834152451657
530 9.71196051082096
531 9.741397101908765
532 10.315049708809388
533 10.15427884913991
534 10.262450302653203
535 9.877247899573366
536 10.408985848130115
537 9.66012244749523
538 10.042129304829329
539 10.042432481038755
540 10.136616485958815
541 9.854281652317683
542 9.830617111021665
543 9.8418938411252
544 10.123879167229093
545 10.150690502147755
546 9.999424646078083
547 9.422294719663164
548 9.94606160189144
549 9.726002999050301
550 9.823838822627273
551 10.227164080801398
552 10.701772478671387
553 10.107417315393963
554 10.196993639717617
555 10.498491359383799
556 9.875349814538351
557 9.801133819178425
558 9.82499080005292
559 9.943831944509245
560 9.983819297961825
561 10.335870028789493
562 9.757170890544428
563 10.251461827518895
564 10.303581733833026
565 10.914469221541191
566 10.958355379320677
567 11.027918267076883
568 11.050132096327857
569 9.866054315472004
570 10.050284330714975
571 9.493332077369487
572 9.929275578377345
573 9.701990207080364
574 9.893366624335318
575 10.031774358456168
576 10.143494928046694
577 9.766742034639016
578 10.37405875970563
579 9.874988625610898
580 10.007983167614782
581 9.528908405411078
582 9.824341431071236
583 9.777625168912172
584 9.847234181731864
585 9.257321865749732
586 9.74710549687293
587 9.283737662562466
588 9.019524202793471
589 10.213170260890182
590 9.758398820095232
591 10.38441308317932
592 10.937008875427132
593 10.796905741050642
594 10.94064791717133
595 10.542116008693187
596 10.819230478463929
597 11.289161857477197
598 10.540624790874352
599 10.693075210044158
600 9.964256494810247
601 10.478785486028942
602 10.069026679085004
603 10.727340840337254
604 10.372707102589374
605 10.022909148915211
606 9.729248026366554
607 9.89987621965333
608 9.83817445498936
609 9.448025751141937
610 10.3778109569685
611 9.950647458706355
612 9.924769574424646
613 10.592581347579229
614 9.856452902020198
615 10.176093492843856
616 9.852978447879254
617 10.368756940739654
618 10.07539959944974
619 9.765065641016843
620 10.007870316446617
621 9.809363014661182
622 9.284623511517994
623 9.176099343922777
624 9.43379457505327
625 9.600689502620464
626 9.589889705534253
627 9.39840647362719
628 9.446732472688971
629 9.169540670229413
630 9.362625584533701
631 9.721840801187264
632 9.113738821153504
633 9.042503856714287
634 9.729074922415421
635 9.443404647713498
636 9.657885544102527
637 9.479541660440566
638 9.59414969044446
639 8.999346443380531
640 9.643478224024532
641 9.867544987911536
642 9.437020756266783
643 9.531648093171544
644 9.586328872681065
645 9.725634470309979
646 9.695207152497568
647 10.045016348082857
648 9.897531029174312
649 9.49000596606058
650 9.989440411879173
651 9.937201494570703
652 9.982856017730985
653 9.795544549487163
654 9.882683457400079
655 9.42722949587204
656 10.151624255189825
657 9.750586824576963
658 10.09704774685166
659 9.715973219881386
660 9.598032562971698
661 9.69060339549805
662 9.321885406692003
663 9.995435821752983
664 9.9035143254118
665 10.025317182448774
666 10.485182350301654
667 10.72656324414032
668 10.828434947098199
669 10.82227803770827
670 10.414674508631155
671 10.981414629930146
672 10.848507042548848
673 11.018189917962248
674 10.982627206960336
675 10.68841990056801
676 11.091387958807225
677 11.176564043261688
678 11.117251949091479
679 11.126945817805737
680 10.458645137756273
681 10.335383368229348
682 10.93329901494335
683 11.036597261556267
684 10.99423242319332
685 11.005372200730104
686 11.103886872716082
687 10.847169538379656
688 10.624494971812013
689 10.718701698444598
690 10.68728710030463
691 10.44791588345641
692 10.578174225143917
693 10.929627560356144
694 10.601213655245235
695 10.733645467499253
696 11.114219832803794
697 10.990394399386517
698 10.905431816218663
699 11.013960518762827
700 10.874008444875521
701 10.700064259549904
702 10.71212097790216
703 10.629767837598086
704 10.586956234935949
705 10.541009368093922
706 10.807581245549319
707 10.407288410857685
708 10.731153463982654
709 10.820437022233316
710 11.124769514439587
711 10.787776120225114
712 10.996792045422602
713 11.006483423234018
714 10.920634506842786
715 11.265436766681843
716 10.174887463515788
717 10.61877330544052
718 10.38993728290126
719 10.431717759306663
720 10.321372039378614
721 10.485376618995053
722 10.316576792673093
723 10.351367067676673
724 10.487651495838135
725 10.69168946116212
726 10.274691494360576
727 10.326095109487229
728 10.645345969486689
729 10.063037685979996
730 10.19371388039125
731 10.177244849581115
732 10.095095476592538
733 10.201802294469644
734 10.25760076299297
735 10.384868037917215
736 10.175622992173885
737 9.718782294128637
738 10.416907761532293
739 9.863752020502753
740 10.275062923603116
741 9.66994421875995
742 10.227052727105846
743 9.98329085835664
744 9.30244437003918
745 9.53436537248512
746 9.735882944585187
747 9.752577112823415
748 9.472745757878512
749 9.999173119564809
750 9.862046573609534
751 9.896541764434007
752 10.248527234330993
753 10.537012883133277
754 10.43597850983488
755 9.813579683607728
756 10.606089647200017
757 10.03821267281189
758 10.963980867750811
759 10.59330627300125
760 10.516293568702343
761 10.76484795069039
762 10.145929915470255
763 10.58031329866805
764 10.614262991112087
765 10.609800773580394
766 10.380104054756044
767 10.85505083133993
768 10.882424151588655
769 10.707471224269034
770 10.782272700289703
771 10.901742369863596
772 10.410913207086248
773 10.655883652086844
774 10.815311253905644
775 10.50671682919673
776 10.904608471693521
777 10.339803894153572
778 10.763164309644884
779 9.978310697446483
780 10.494560126473804
781 10.774269241180711
782 10.43033708875152
783 10.550551657635918
784 10.766640025736555
785 10.544989443776078
786 10.309301526309335
787 10.834635947442925
788 10.73930915423827
789 10.912728267713542
790 10.843960925623524
791 10.518117004006541
792 10.6761963548328
793 10.448274798574571
794 10.183079726889156
795 10.61310095304117
796 10.412967052410487
797 10.518734589401348
798 10.423456085480499
799 10.70612049338488
800 10.595013018503035
801 10.271621246523202
802 10.471224994996035
803 10.564691381643856
804 10.341179771072163
805 10.189409050107747
806 10.52374445416971
807 10.412744678818536
808 10.69858378574233
809 10.125692118551939
810 10.325909651391548
811 10.347336697575589
812 10.558896243598639
813 10.536941471783255
814 10.53536960630075
815 10.153411090524854
816 10.29589014656051
817 10.535390858993118
818 10.189163439850935
819 10.780364176145696
820 10.580007909957377
821 10.54001929861188
822 10.391733764527315
823 10.254130993833849
824 10.310248292821377
825 10.19655182560844
826 10.103064205871004
827 10.176975419106714
828 10.203777320349035
829 10.243386428657269
830 10.523423073868466
831 10.611084670383848
832 10.381227479015632
833 10.268989121320624
834 10.573850502844886
835 10.382719467884625
836 10.331828199200741
837 10.486513231043054
838 10.457191609356332
839 10.875345727235409
840 10.495715246872342
841 10.722868991459185
842 10.608601880637005
843 10.255886756937777
844 10.522010586556206
845 10.343357294152497
846 10.847350210822556
847 11.39043452466403
848 11.357230324617708
849 11.251836797364362
850 10.822127715471575
851 11.386138054945974
852 11.447400107443153
853 10.93066635666702
854 11.147826788848201
855 10.61342399948429
856 10.655847864728846
857 10.68551039127092
858 10.305850680280729
859 10.659633624804862
860 10.662766975058885
861 10.990948371351681
862 10.663879833468421
863 10.624340882451088
864 10.772847387303788
865 10.703058346754196
866 10.38001683573392
867 10.673110704247252
868 10.615457936244894
869 10.727698351852391
870 10.777669724290819
871 10.945929036878608
872 10.699401667847523
873 10.822125898656555
874 10.66499738207269
875 10.609175808075292
876 10.766571353862675
877 10.590116714863024
878 10.440215991218581
879 10.882526876723169
880 10.826981364235905
881 10.678102202014047
882 11.080568441250172
883 10.742389606358664
884 10.727397822958933
885 10.736751457635966
886 10.856012818121801
887 10.746224365382215
888 11.34871634653931
889 10.767437635445507
890 10.914024624922858
891 10.906832154423286
892 11.321851184603538
893 10.592424041801621
894 10.671190071586416
895 11.249510165594081
896 10.865231359436684
897 11.286424344288186
898 10.900620681487823
899 11.081377021652104
900 11.132843615819082
901 11.146932729964831
902 11.200722445502844
903 11.108979614242662
904 10.941966412095965
905 10.698296475268513
906 11.023277119666337
907 10.901573096216461
908 10.636341671852646
909 11.001264211401711
910 10.872630959178489
911 10.70567225872677
912 10.882368656665102
913 10.94258166579444
914 10.431479739169614
915 10.523228736259409
916 10.799891262754679
917 10.916500248064011
918 10.799922891682606
919 10.68817824262245
920 10.871566946128809
921 10.754687117234651
922 11.12253696095675
923 10.842089307073788
924 10.992539572201315
925 10.827914945507846
926 11.076564144070097
927 10.404217197449663
928 10.841137676796777
929 10.91640989314434
930 10.74799608664616
931 10.655406081877386
932 10.586509757138511
933 10.772259597055939
934 11.189251251871482
935 10.76993420864807
936 10.87201138526286
937 10.732119234333636
938 10.825202215479752
939 11.163004984815135
940 10.778190343230355
941 11.195976683025336
942 10.611302990970733
943 11.037274535908681
944 11.047610691638646
945 10.847288675066663
946 10.59522577344261
947 10.808522954468783
948 10.488065232976886
949 10.919610224446028
950 10.477494052568877
951 10.364039054533574
952 11.031237338681635
953 10.768912751491795
954 10.8676600100045
955 10.414619160399601
956 10.492826629557143
957 10.318638766956244
958 10.35970324484943
959 10.196260118330034
960 10.946009385336705
961 10.397528013169733
962 10.487244619446882
963 11.134227911387011
964 10.476977233720248
965 10.721419985394617
966 10.474515643122059
967 10.260987200539585
968 10.621951288139563
969 10.140570054496658
970 10.172924589968005
971 10.48170183154315
972 10.197634379121908
973 9.971429657237412
974 10.108966222980156
975 10.12992265064725
976 9.853290895244692
977 9.912791381483725
978 9.912527606562882
979 10.149749942360206
980 9.975720293459416
981 10.204399905696416
982 9.904462292550884
983 10.457455660150087
984 10.196639962043813
985 10.627831331618243
986 10.199775855035805
987 9.999268977628931
988 10.011573720248704
989 9.91597607256605
990 10.04523569037122
991 10.130617048522534
992 10.031793999947343
993 10.002688832312684
994 10.552610840317138
995 10.38692860823377
996 10.353905941734991
997 10.070371308779121
998 10.025051636164147
999 10.3865109662337
1000 10.315763332162538
1001 10.40423126966466
1002 10.371616350696938
1003 10.309068911697953
1004 10.075370880128078
1005 10.009778351844762
1006 9.837123432590545
1007 10.354242412337426
1008 10.647171685676435
1009 10.319548577385012
1010 10.507641412479101
1011 10.568305401491276
1012 10.316819678956323
1013 10.264227315334036
1014 10.331613381613757
1015 10.647496382322194
1016 10.036219461608106
1017 10.119326803480574
1018 10.297500394265215
1019 9.973047994588546
1020 10.247294424867837
1021 9.581517242993456
1022 9.483644431045997
1023 9.66597257652003
1024 9.469050281221719
1025 9.814271277641518
1026 9.709399367714873
1027 10.158172084106726
1028 10.059117365040569
1029 9.89868613711341
1030 9.782266057684339
1031 10.182659069901273
1032 9.53893514711427
1033 9.405695557159124
1034 10.55561243274407
1035 10.261639855408376
1036 9.984697280959548
1037 9.787381190838262
1038 10.036862565950456
1039 9.20764992014971
1040 10.309039188220593
1041 10.039712502993103
1042 10.23368778514377
1043 9.522927169965177
1044 9.832912782886025
1045 9.73568041619395
1046 10.027052374059641
1047 9.513040913924891
1048 9.84572852954788
1049 9.71335623793302
1050 10.737993323511189
1051 9.97738375706826
1052 10.567185941359472
1053 10.024844090589454
1054 10.174317940397668
1055 10.062727704771596
1056 9.755827824122111
1057 10.173313215789959
1058 9.94739916941875
1059 9.96191108256773
1060 9.928792667215987
1061 10.204604161686712
1062 10.836064918771552
1063 10.665328247977055
1064 10.34814319316881
1065 10.354306303371265
1066 9.570985805486696
1067 10.056886608708341
1068 9.552538262405813
1069 9.622267010947523
1070 9.198759020999885
1071 9.286266567641988
1072 9.899437207856282
1073 9.439931014257281
1074 9.945103450167192
1075 9.687762639410018
1076 9.347143834318757
1077 9.545349911381882
1078 9.494057286514666
1079 9.230155566310588
1080 9.444569548847504
1081 9.753022343577205
1082 9.359501788097548
1083 9.597271458182755
1084 9.74972560288219
1085 9.59365481466345
1086 9.491004968027736
1087 9.353967072173344
1088 9.463872916697598
1089 9.6057032521503
1090 9.379836286777431
1091 9.613528676757012
1092 9.516853639675109
1093 9.466014180807257
1094 9.422943075962653
1095 9.58159918824936
1096 9.053378338882595
1097 9.521167938750706
1098 9.286311354619745
1099 9.460790115273829
1100 9.285407829169902
1101 9.531856548054373
1102 9.248855437045947
1103 9.274228297380615
1104 9.279470154924931
1105 9.454580140270922
1106 9.372763250728813
1107 9.21911423216068
1108 9.469993542782648
1109 9.666448879074904
1110 9.196555572730404
1111 9.012356793497355
1112 9.451093977006005
1113 9.388700644925203
1114 9.554909148153138
1115 9.18094364530465
1116 9.306638052601476
1117 9.342867380540275
1118 9.077202110941034
1119 9.205622224544891
1120 9.26416511976809
1121 9.355106344305018
1122 9.237875986329893
1123 9.417883362579179
1124 9.688942712116603
1125 9.231964295428861
1126 9.223066802138717
1127 9.589897698354848
1128 9.111887302709144
1129 9.487134161031825
1130 9.548484282393758
1131 9.566748502085284
1132 9.930758288699037
1133 9.923980462497969
1134 9.832374007611833
1135 9.849378042580124
1136 9.903470898752412
1137 9.871822038534368
1138 9.44840204201257
1139 9.600416571098231
1140 9.696979414880254
1141 9.849751999805923
1142 9.708422463988452
1143 9.6980641801443
1144 9.40047615047752
1145 9.282557665648445
1146 9.71400864352643
1147 9.465303030951015
1148 9.642868350988488
1149 9.838462409209322
1150 9.82144387507995
1151 9.707278848038428
1152 9.645133853345433
1153 9.794150246676649
1154 9.958315373740675
1155 9.742441069236841
1156 9.308188737428178
1157 9.900525856998687
1158 9.76530962592781
1159 9.377135245827201
1160 9.49776027779821
1161 9.774804072516016
1162 9.768227845757734
1163 9.480432650933505
1164 9.762529134341616
1165 9.533838931381988
1166 9.782635187444658
1167 9.583621711604515
1168 9.529692296276574
1169 10.20031011399139
1170 9.662980249406065
1171 9.801348549124826
1172 9.994391287046344
1173 9.731936744727907
1174 9.939038455516087
1175 10.029526060560997
1176 9.87947661224614
1177 9.816254837294627
1178 9.801919524328236
1179 9.68702394682856
1180 9.243601838376366
1181 9.958901543820316
1182 9.86794477244012
1183 10.01598908437648
1184 9.928839771610258
1185 9.850812664818132
1186 9.80440320701647
1187 9.97035745935621
1188 9.812143785772822
1189 9.843475644439925
1190 9.95585805743325
1191 9.377432840357462
1192 9.988014847228852
1193 10.1446373718422
1194 9.749495630363976
1195 9.610694602554604
1196 9.77802220227252
1197 9.739882293683326
1198 9.882168491620709
1199 9.361135939986756
1200 9.655137002191644
1201 9.796546293580972
1202 9.658273626217738
1203 9.462530381721654
1204 9.672052350263911
1205 9.653638783775206
1206 9.698428684454965
1207 9.48411041796425
1208 9.953481915803986
1209 9.89483951627794
1210 9.691067777102942
1211 9.676710349324452
1212 9.379285877905321
1213 9.529998144484024
1214 9.138888511780019
1215 9.115876159279967
1216 9.520862108337035
1217 9.511359596111241
1218 9.405861078479758
1219 9.830433147978846
1220 9.753388600036851
1221 9.718500108148907
1222 9.92692075575325
1223 9.991026107408603
1224 9.86774453682376
1225 10.294583693279455
1226 9.965187281696144
1227 9.76966643624888
1228 9.770254854448423
1229 9.648687636154651
1230 9.966866132758641
1231 9.761624967440197
1232 9.665767968724678
1233 9.113818181158026
1234 9.585627261613105
1235 9.577300668244975
1236 9.536779006733678
1237 9.256242239554016
1238 9.565894817463985
1239 9.452165320883562
1240 9.447559969877883
1241 9.423031924208159
1242 9.455028301894759
1243 9.245567955168065
1244 9.255781638957776
1245 9.341874046380855
1246 9.49766151804847
1247 9.515420668162228
1248 9.330851605344222
1249 9.34473199396647
1250 9.284742011817173
1251 9.493039818799852
1252 9.578111018339104
1253 9.539857344949791
1254 9.546711291000618
1255 9.576863522343187
1256 9.70947513746088
1257 9.623802479065978
1258 9.161694975402884
1259 9.600388528442261
1260 9.275806146194993
1261 9.649866110452754
1262 10.043283606857004
1263 9.406265120961715
1264 9.466424298885501
1265 9.707860435851998
1266 9.848010699419103
1267 9.647876932037548
1268 9.285354616389435
1269 9.660869987649225
1270 9.555811862568218
1271 9.607503436974659
1272 9.470147306992244
1273 9.350528850938701
1274 9.334847836687272
1275 9.434136142105029
1276 9.586075088529245
1277 9.534384981445125
1278 9.421078205151796
1279 9.343275958995502
1280 9.72618831446059
1281 9.421964594274158
1282 9.51644225100796
1283 9.424514352620323
1284 9.625639500528791
1285 9.38712064117087
1286 9.985319642252287
1287 9.639738043302826
1288 9.513513609232009
1289 9.612163942271364
1290 9.634727294616152
1291 9.64529022120444
1292 9.59316573479577
1293 9.050721774632388
1294 9.313754017584351
1295 9.50645364741439
1296 9.600028452477009
1297 9.408333063517166
1298 9.135861087005535
1299 9.633175610183715
1300 9.393294360729257
1301 9.511731590356979
1302 8.9333969862398
1303 9.373603789723594
1304 9.224553807160499
1305 9.072182164127534
1306 9.449239007745987
1307 9.378628861843517
1308 8.97040686524267
1309 9.306682467338671
1310 9.308412239829543
1311 9.667910233952178
1312 9.964952325150092
1313 9.32438241845991
1314 9.210403911451625
1315 9.248667900446028
1316 9.395728836913891
1317 9.358092467410668
1318 9.534155742452283
1319 9.462173051049147
1320 9.204318270500746
1321 9.433439738696784
1322 9.254426530414799
1323 9.389332055196364
1324 9.670339077989544
1325 8.78698530426745
1326 9.536682003546293
1327 9.224261638709127
1328 9.393168053176979
1329 9.570903952055675
1330 9.25384761676143
1331 9.098337592606667
1332 9.186324527126265
1333 9.61551995526304
1334 9.257710322258955
1335 9.541775774689217
1336 9.145768574814626
1337 9.194840186502335
1338 9.457451291179446
1339 9.35838440637352
1340 9.300623759981805
1341 9.733271417244005
1342 9.251099560551896
1343 8.773519670850543
1344 9.308792943847093
1345 9.26342768199885
1346 9.21349817701024
1347 9.014029862691935
1348 9.344448377059585
1349 9.414743698747714
1350 9.307930796345627
1351 9.29781594184077
1352 9.166085859556102
1353 9.30834185109125
1354 9.270701566210372
1355 9.131154053303476
1356 9.205276216384396
1357 9.576952322082384
1358 9.269085543118026
1359 9.26829182242724
1360 8.932966096234077
1361 9.431749955743157
1362 9.209340995694692
1363 9.312724257066815
1364 9.3334611191398
1365 9.608391453674473
1366 9.777178625835434
1367 9.504167261150592
1368 9.573112065632245
1369 9.162644472855323
1370 9.34568487335002
1371 9.067562128714544
1372 9.463819293110905
1373 9.534861303554662
1374 9.578902607460048
1375 9.419641548670038
1376 9.037948979027226
1377 9.072812122277462
1378 9.598258054921736
1379 9.642066361778191
1380 9.063634306635814
1381 8.942023516070472
1382 9.045992177782425
1383 9.049208727675222
1384 9.17190566275672
1385 9.341846832373303
1386 9.39524054332881
1387 9.472980713784388
1388 9.005082044495005
1389 9.276147211619147
1390 9.991798415109436
1391 9.679348356505411
1392 9.35528527072721
1393 9.314120800669404
1394 9.638498367562818
1395 9.785388292540375
1396 9.689358821314915
1397 9.346467128944212
1398 9.548490854191288
1399 9.59766864809508
1400 9.549876047050748
1401 9.649564972167752
1402 9.137751227752915
1403 9.137649877614484
1404 9.144951661215002
1405 9.440072894758872
1406 9.260085521638448
1407 9.645624258351331
1408 9.42723960339639
1409 9.61064950708699
1410 9.423672417705049
1411 9.34764461072038
1412 9.758440199512131
1413 9.472286691650094
1414 9.756827869808596
1415 9.569112786028523
1416 9.33828799554203
1417 9.541722037349759
1418 9.490409971636957
1419 9.763941032830715
1420 9.542451886756064
1421 9.500383110182392
1422 9.169006279938866
1423 9.459284488240636
1424 9.187359449152549
1425 9.568908854566583
1426 9.515926707539913
1427 9.296855069278163
1428 9.691229484414029
1429 9.527085610480421
1430 9.771574633905548
1431 9.733612768596231
1432 9.59098408814484
1433 9.57809723908317
1434 9.581697020431895
1435 9.7020522678952
1436 9.330714968246461
1437 9.517332201263194
1438 9.399068107208546
1439 9.74544201841128
1440 9.455049919033247
1441 9.334347057053815
1442 9.498639472644939
1443 9.426822252753892
1444 9.379339776480723
1445 9.363547864245534
1446 9.740288693454476
1447 9.313194138759158
1448 9.396939112098138
1449 9.413929696063681
1450 9.621288523122788
1451 9.318767690503849
1452 9.612362000072464
1453 9.155441107568997
1454 9.752685638106984
1455 9.359497321023325
1456 9.479359640585054
1457 9.416908272100082
1458 9.483052239581745
1459 9.700306428287373
1460 9.82801192935213
1461 9.779931937854473
1462 9.700968280036847
1463 9.474832699275098
1464 9.61305391661716
1465 9.47087420616086
1466 9.208467349064597
1467 9.607089428957138
1468 9.420508271123857
1469 9.55917389425929
1470 10.048189684708666
1471 9.560532606040933
1472 9.709060678804402
1473 9.397671422318437
1474 9.556333350594
1475 9.677910746552179
1476 9.637429015504525
1477 9.725923450384924
1478 9.619376224125782
1479 9.830832894075378
1480 9.580479041419153
1481 10.04578407260012
1482 9.626055042521443
1483 10.246990127233152
1484 9.777686106233704
1485 9.549215254677346
1486 9.555317001563017
1487 9.45712006182028
1488 9.857458667014594
1489 9.32134676415683
1490 9.654890696820074
1491 9.683418395546353
1492 9.36007836475292
1493 9.65661764019246
1494 9.390347664616002
1495 9.61905656389461
1496 9.311792160669953
1497 9.650753472952642
1498 9.465333916173485
1499 9.61390007103585
1500 9.620896668033161
1501 9.406056581114097
1502 9.019729632274414
1503 9.459809709555609
1504 9.286475352232992
1505 9.380805328168663
1506 9.854655154888139
1507 9.61500323844306
1508 9.5055084597767
1509 9.40320449653038
1510 9.401625009822887
1511 9.73466686321658
1512 9.454295012122422
1513 9.777786185483631
1514 9.35991999802615
1515 9.487512615651335
1516 9.817874796495591
1517 9.46008600628053
1518 9.628746551216803
1519 9.129319797333961
1520 9.266198834593748
1521 9.479748031322274
1522 9.409006020435678
1523 9.11116336548061
1524 9.622537877995764
1525 9.275563096309824
1526 9.20230529966562
1527 9.160965101303473
1528 9.524276731177288
1529 9.457352000263922
1530 9.543316391010546
1531 9.512121706028598
1532 9.300820463285877
1533 9.613941666206966
1534 9.2704077440392
1535 9.235228041460518
1536 9.508510503856932
1537 9.104993662737959
1538 9.575936161167332
1539 9.419223706871556
1540 9.366804257800629
1541 9.380900878271422
1542 9.548889550872806
1543 9.5534508192651
1544 9.406891533137555
1545 9.65926097347593
1546 9.186137995249878
1547 9.46439643591135
1548 9.664680669781347
1549 9.709932568329119
1550 9.425516723794672
1551 9.596345007679892
1552 9.850832484200986
1553 9.588856083666817
1554 9.45905203876434
1555 9.95298235707215
1556 9.792427091015892
1557 9.505666778928859
1558 9.50904937831733
1559 9.298339058508391
1560 9.308357673948429
1561 9.408065459297454
1562 9.414680083386491
1563 9.109340764315593
1564 9.674472734742796
1565 9.153125810185628
1566 9.14120066796999
1567 9.428645937334375
1568 9.707227271358889
1569 9.262056273202287
1570 9.757020883657166
1571 9.562345887017571
1572 9.55099147106994
1573 9.578580864775818
1574 9.432785610979062
1575 9.530746509195245
1576 9.343736715482708
1577 9.440276713018422
1578 9.561588315784629
1579 9.15371364896411
1580 9.473315056205246
1581 9.403843867835217
1582 9.566656881483432
1583 9.306286568296052
1584 9.44577144421993
1585 9.655043566152708
1586 9.414332895808007
1587 9.457681051873386
1588 9.17320488876337
1589 9.509156466058515
1590 9.558604633680654
1591 9.254896365653236
1592 9.246152982126931
1593 9.36839279484683
1594 9.572216580524962
1595 9.52516780696107
1596 9.369604841841292
1597 9.360692747212111
1598 9.693507280189232
1599 9.651333147383317
1600 9.513243992658003
1601 9.34779091641672
1602 9.599460672702563
1603 9.530017856136588
1604 9.358884676823173
1605 9.703351785906392
1606 9.520995858650535
1607 9.48512355073859
1608 9.492679358850433
1609 9.426164130038737
1610 9.374229020861899
1611 9.636824854083459
1612 9.629344234506396
1613 9.294400800539771
1614 9.25860500057244
1615 9.198027755866557
1616 9.281357218080446
1617 9.291623687376836
1618 9.780941708721185
1619 9.4881633936524
1620 9.113100790771913
1621 9.430906845136523
1622 9.70615015746852
1623 9.59073248503557
1624 9.268161781645615
1625 9.575614700494663
1626 9.722718906163815
1627 9.680724192988569
1628 9.591535990314854
1629 9.392812602214914
1630 9.257552851614232
1631 9.409429777001462
1632 9.544096928407672
1633 9.612921408700434
1634 9.515317125564492
1635 9.53970502234556
1636 9.67016127695117
1637 9.60193409023515
1638 9.442581211980936
1639 9.407607865905842
1640 9.530520483683713
1641 9.437378261628153
1642 9.293399669240856
1643 9.271326418583477
1644 9.470691456984294
1645 9.40732637398927
1646 9.218986696829218
1647 9.733435791200682
1648 9.792265950965986
1649 9.574645214941823
1650 9.505119265285522
1651 9.398351878016596
1652 9.757740350330971
1653 9.59959366825288
1654 9.614963168504435
1655 9.459509827040112
1656 9.240661399361429
1657 9.203923345249484
1658 9.713359136124753
1659 9.654715644526679
1660 9.676887063191353
1661 9.694467352783168
1662 9.467510964461718
1663 9.537568567937768
1664 9.590892432636004
1665 9.397431481849013
1666 9.453663851009903
1667 9.444692895451325
1668 9.587918505571471
1669 9.606682155913505
1670 9.200386671310598
1671 9.500274904350269
1672 9.298170909850384
1673 9.228161180769737
1674 9.218565793760868
1675 9.474197744102716
1676 9.204037640040623
1677 9.437823039265137
1678 9.703939684827427
1679 9.47755202300779
1680 9.244253522359461
1681 9.526968420567053
1682 9.447445283810582
1683 9.575637184114987
1684 9.256100834823647
1685 9.244930656918404
1686 9.638010776432877
1687 9.499134769340158
1688 9.388081128219017
1689 9.30230314308203
1690 9.308070575000551
1691 9.350051509986505
1692 9.363854159223076
1693 9.427464766058135
1694 9.334818091981122
1695 10.031032021425139
1696 9.130818380466051
1697 9.273977919714321
1698 9.179798397051105
1699 9.432755679041573
1700 9.279615961468826
1701 9.545072905762531
1702 9.273149035507743
1703 9.60412876169494
1704 9.286406100965038
1705 9.427159444008236
1706 9.530711627906584
1707 9.374250840996778
1708 9.245845563417005
1709 9.568175942209532
1710 9.158449636063514
1711 9.231001982549556
1712 9.500984858411979
1713 9.793243177756331
1714 9.296372606015222
1715 9.701730872588906
1716 9.294867426323956
1717 9.747445906824685
1718 9.640218707854176
1719 9.60182456459314
1720 9.570548750930385
1721 9.472609466168446
1722 9.501509932565984
1723 9.69156802129193
1724 9.732510797490185
1725 9.396692219846235
1726 9.402925273911269
1727 9.436409533176452
1728 9.825915422741721
1729 9.648246454313584
1730 9.46928012732993
1731 9.402908528401795
1732 9.452075846146
1733 9.716720123400107
1734 9.55537200983017
1735 9.876370263084244
1736 9.586206222330004
1737 9.478386324112554
1738 9.512624150363228
1739 9.424715234843712
1740 9.293852075556226
1741 9.213090311892149
1742 9.5724441301446
1743 9.393112630459115
1744 9.579776589460801
1745 9.248296585900741
1746 9.512490972686008
1747 9.474519561875733
1748 9.337437174252242
1749 9.393881323004054
1750 9.60554368510297
1751 9.382928977181304
1752 9.580638563901845
1753 9.580383618337887
1754 9.506048595367526
1755 9.41847098355485
1756 9.257329907176938
1757 9.504820871880797
1758 9.35084463769236
1759 9.489805023422104
1760 9.353791917223758
1761 9.315729725760294
1762 9.60537424635477
1763 9.091281138580399
1764 9.435714989318447
1765 9.64999062831108
1766 9.622366859025028
1767 9.351794495559211
1768 9.592824770534909
1769 9.588366487022368
1770 9.36283447102325
1771 9.574574459684582
1772 9.396092592786834
1773 9.43356463527003
1774 9.222211057304094
1775 9.332981449803011
1776 9.619951308359317
1777 9.305531929214506
1778 9.380404521296407
1779 9.386007404989495
1780 9.520396808076777
1781 9.793979233326748
1782 9.377117198230309
1783 9.636340110886774
1784 9.417098890568818
1785 9.330682608815927
1786 9.525484121522675
1787 9.378324056421116
1788 9.449728122152242
1789 9.453517856412214
1790 9.479995103379792
1791 8.979254773036047
1792 9.228421325056928
1793 9.53505628265228
1794 9.328956343351638
1795 9.32066951030036
1796 9.381829559054824
1797 9.288280260789554
1798 9.421252305202875
1799 9.473587794934085
1800 9.592595068827917
1801 9.467528769080008
1802 9.346902589017954
1803 9.150258318709637
1804 9.404478689255042
1805 9.283266833008264
1806 9.432533145985175
1807 9.389126323510215
1808 9.121327013553023
1809 9.475331281235594
1810 9.911774905250331
1811 9.339600599282253
1812 9.461407367040284
1813 9.497738096930696
1814 9.518534747216888
1815 9.462534942372297
1816 9.270766499409905
1817 9.79028580141849
1818 9.749222686393225
1819 9.630171883146483
1820 9.728360479419674
1821 9.24348046805305
1822 9.429460990266422
1823 9.924798299092117
1824 9.308457377775566
1825 9.65526848397585
1826 9.492966156557307
1827 9.647842364497382
1828 9.547801083308464
1829 9.832901289137359
1830 9.753037388721777
1831 9.66863437214825
1832 9.694288188811374
1833 9.703386309350991
1834 9.412062044839526
1835 9.296324978863726
1836 9.534260550659408
1837 9.410567114746321
1838 9.495378119823512
1839 9.380007682583262
1840 9.344755596705852
1841 9.611416512734552
1842 9.403176666084903
1843 9.725036039790348
1844 9.518986982895104
1845 9.548873848286245
1846 9.45204921262954
1847 9.531876557784292
1848 9.529554684588403
1849 9.417645140550102
1850 9.174025435428867
1851 9.170098945235946
1852 9.391208761549255
1853 9.393726148419457
1854 9.168222772006715
1855 9.278949307612054
1856 8.980659033882626
1857 9.281942064601363
1858 9.159194602407531
1859 9.21048787492288
1860 9.183236337517437
1861 9.555731067327761
1862 9.08037920099997
1863 9.437542834691687
1864 9.538728946848117
1865 9.574407204350289
1866 9.027432890979872
1867 9.106557491457947
1868 9.256237774431273
1869 9.427418914325544
1870 9.378441580174222
1871 9.543506510882297
1872 9.465486591528526
1873 9.066826990232913
1874 9.208991065608279
1875 9.602384433480584
1876 9.519621230347632
1877 9.138290211330949
1878 9.332432585068148
1879 9.251053476601825
1880 9.569824693315221
1881 9.33697200749718
1882 9.071429929940857
1883 9.159754618824438
1884 9.400889885837998
1885 9.20999545253811
1886 9.400240168164771
1887 9.311092863785596
1888 8.944242351836708
1889 9.38972764228057
1890 9.43984082786009
1891 9.16783549768866
1892 9.556197974954571
1893 9.387650221335436
1894 9.314963950488139
1895 9.309802725355555
1896 9.668551861586314
1897 9.165363379391522
1898 9.321557158729789
1899 9.058695685629687
1900 9.284087588683096
1901 9.336327266178392
1902 9.464108153675735
1903 9.799769858175255
1904 9.40386470287782
1905 9.522661424010458
1906 9.060879265057904
1907 9.549044179198852
1908 9.359300685650437
1909 9.322686497013558
1910 9.208994576130397
1911 9.162216235806573
1912 9.218319690723655
1913 9.079791017671326
1914 9.003791924611551
1915 9.218655400953718
1916 9.173362781355532
1917 9.650774910664767
1918 9.373022868943039
1919 9.35658232436592
1920 9.109260365956018
1921 9.494631140654384
1922 9.569559825199285
1923 9.11349876363499
1924 9.011390787087132
1925 9.335379120353622
1926 9.54571943474064
1927 9.238082813290147
1928 9.689581870013876
1929 9.331541707560898
1930 9.224901106550515
1931 9.385003449323206
1932 9.564539944221805
1933 9.477275012289274
1934 9.080035983062935
1935 9.283042884909735
1936 9.015743540245394
1937 9.19101752754833
1938 9.307746725141389
1939 9.417200255812237
1940 9.356023548024597
1941 9.347091666912148
1942 9.301212813405014
1943 9.38769416161813
1944 9.417227597905022
1945 9.34329296352794
1946 9.657830792147076
1947 9.337456006127093
1948 9.678466104973884
1949 9.308637154564927
1950 9.496394179113807
1951 9.687450022222515
1952 9.401741279763788
1953 9.505007985969304
1954 9.336563936867332
1955 9.24561796727721
1956 9.526271694121544
1957 9.44770431805067
1958 9.289734218377983
1959 9.088592255215826
1960 9.409703664001713
1961 9.37158993472866
1962 9.463290599972773
1963 9.391655961422982
1964 9.32085347148157
1965 9.453485922292579
1966 9.355664913059984
1967 9.099704923246264
1968 9.462220474421072
1969 9.28522164568151
1970 9.414317485899431
1971 9.435237398238002
1972 9.276939180193937
1973 9.48483738654118
1974 9.376088029263322
1975 9.582177765173746
1976 9.362986734071361
1977 9.427080843722635
1978 9.712845137728833
1979 9.48862600649186
1980 9.38802138881155
1981 9.531812746157744
1982 9.25714912754398
1983 9.171790585021295
1984 9.33242397986246
1985 9.352879720488058
1986 9.529876927397675
1987 9.17824738548628
1988 9.164378718761778
1989 9.430679173616387
1990 9.66951657618629
1991 9.600053825521384
1992 9.313017013835555
1993 9.058451825154307
1994 9.580056160896621
1995 9.454875162401708
1996 9.25299967606275
1997 9.43578733364882
1998 9.281703481676022
1999 9.304857571779653
2000 9.33859849675067
2001 9.202426161025379
2002 9.407797420919131
2003 9.628313194894378
2004 9.537235290327045
2005 9.38434679700284
2006 9.356543117003287
2007 9.611497736003859
2008 9.84936805186846
2009 9.551937553207331
2010 9.48639832930384
2011 9.533069238630677
2012 9.607548343895392
2013 9.118531647921202
2014 9.641194104234014
2015 9.713243881890731
2016 9.676606590224537
2017 9.738126756936582
2018 9.573241523007638
2019 9.312739387392881
2020 9.832905600348433
2021 9.606489928907349
2022 9.79004436555298
2023 9.547669454525334
2024 9.887014060425633
2025 9.266144833171133
2026 9.733386571624452
2027 9.862734279442645
2028 9.600761456266493
2029 9.768229215248597
2030 9.554417387281122
2031 9.619320017000685
2032 9.358097622237112
2033 9.882825656028464
2034 9.493044179334621
2035 9.1190553516477
2036 9.382643493752681
2037 9.477946523433436
2038 9.466006201031032
2039 9.43649616688051
2040 9.086494356380475
2041 9.361635705749384
2042 8.979897468302955
2043 9.062979795865246
2044 8.955821850363302
2045 9.415059925001374
2046 9.188418119822797
2047 9.29179161980411
2048 9.347698401691806
2049 9.420486052032242
2050 9.7328929269499
2051 9.5973234808772
2052 9.148235362414743
2053 9.271537891590674
2054 9.494897314085119
2055 9.659374271364653
2056 9.827422110206237
2057 9.357747835797447
2058 9.722604287309897
2059 9.445442555272667
2060 9.899419544482837
2061 9.606210023225632
2062 9.476415595013254
2063 9.82923850046367
2064 9.697393115075808
2065 9.650528483009577
2066 9.71085381617641
2067 9.702453940333493
2068 9.517602267716724
2069 9.508968127458374
2070 9.485103390088273
2071 9.616832859659388
2072 9.727268784807848
2073 9.69214591606567
2074 9.507880566805209
2075 9.261811716674815
2076 9.254001197119855
2077 9.593582468789592
2078 9.43161863400334
2079 9.118251349201845
2080 9.44454474461158
2081 9.323211794726971
2082 9.515499696350457
2083 9.414869410136196
2084 9.484689799156989
2085 9.763715829475831
2086 9.515150310808055
2087 9.627930844391354
2088 9.274707908528159
2089 9.61395877422204
2090 9.487113394284652
2091 9.513778540283965
2092 9.064717595125353
2093 9.84397732854474
2094 9.469441181912243
2095 9.147319136239556
2096 8.843451062206888
2097 8.913461553202094
2098 9.605532104761824
2099 9.674261928895914
2100 9.44912284009501
2101 8.865971583353238
2102 9.369540757101582
2103 9.146001834118692
2104 9.590556908291042
2105 9.441306693661987
2106 9.592113530578079
2107 9.555843296518123
2108 9.66934021005979
2109 9.321844753258498
2110 9.25303929172681
2111 9.493411465723623
2112 9.161970110655416
2113 9.142137334851625
2114 9.49075183345959
2115 9.523139301135705
2116 9.545428069968942
2117 9.423592081271792
2118 9.428907536415839
2119 9.709453358449467
2120 9.43579137171244
2121 9.638528943502196
2122 9.662732898230871
2123 9.555628520883214
2124 9.81194942648614
2125 9.534464839068116
2126 9.311236175307998
2127 9.36578783985296
2128 9.767872505504268
2129 9.603786973803132
2130 9.562307451613034
2131 9.362332566308087
2132 9.350349952755497
2133 9.570469734982813
2134 9.759804345235798
2135 9.637107894244107
2136 9.839229626726883
2137 9.283171302963215
2138 9.635765937069765
2139 9.57883107621179
2140 9.3735102329138
2141 9.729028154156959
2142 9.3701749838929
2143 9.681778509938473
2144 9.503778074085236
2145 9.333989994949894
2146 9.526446744205062
2147 9.50528358992634
2148 9.738660559137776
2149 9.596518689792559
2150 9.490421577228767
2151 9.395747687166482
2152 9.396978175182285
2153 9.33846863223205
2154 9.996446692461008
2155 10.063419186102296
2156 9.789633927259072
2157 9.563517863576948
2158 9.626083282191534
2159 9.645295646689004
2160 9.70138763484489
2161 9.643494611572839
2162 9.949056078041497
2163 9.813964323865049
2164 9.662874733286461
2165 9.751908272175031
2166 9.645728477295744
2167 9.813299102665994
2168 9.840587155346503
2169 9.370756252815001
2170 9.407667498333122
2171 9.650805047543555
2172 9.696422277007029
2173 9.53206684389555
2174 9.587090881773975
2175 9.839895296766784
2176 10.132990353204743
2177 10.105702166931241
2178 9.686792176681115
2179 9.569682970365523
2180 9.705088077964573
2181 9.826314362214983
2182 9.669642768403515
2183 9.675471813610056
2184 9.072567454685577
2185 9.469343170039975
2186 9.454104627738905
2187 9.838246332051876
2188 9.901796270307672
2189 10.20101229581393
2190 9.67615502120139
2191 9.598179979497845
2192 9.63200254926423
2193 9.649012530392422
2194 9.36013602521489
2195 9.794260321282865
2196 9.53228900573522
2197 9.721740103744764
2198 9.395678235455808
2199 9.538615237476531
2200 9.370761798280103
2201 9.249449776696348
2202 9.864120798393843
2203 9.51293836226052
2204 9.849494107936469
2205 9.542866360548166
2206 9.432934080993016
2207 9.521297557480928
2208 9.376753143037808
2209 9.013199036652328
2210 9.894656976574112
2211 9.382335217211143
2212 9.588138944973947
2213 9.60897963371582
2214 9.475916578118616
2215 9.32299569453383
2216 9.422234007419368
2217 9.292043630457465
2218 9.488416763666907
2219 9.33938380069164
2220 9.311873704750644
2221 9.4127731093675
2222 9.450334772946862
2223 9.393892622726197
2224 9.511517857734338
2225 9.58024934828173
2226 9.394766986751433
2227 9.606586427838334
2228 9.276953661906127
2229 9.130656191575191
2230 9.001056882923667
2231 9.497369641990208
2232 9.34648699476131
2233 9.217327766125798
2234 9.431273162182423
2235 9.373957353014262
2236 9.513126344656605
2237 9.510189343064324
2238 9.64242702550683
2239 9.352020314602884
2240 9.724879114133694
2241 9.238131036571584
2242 9.847569447724652
2243 9.205221400383843
2244 9.26665611374967
2245 9.221411065603426
2246 9.534984671962894
2247 9.330295781298881
2248 9.407154690935652
2249 9.447541552909028
2250 9.484423093156412
2251 9.351806217373321
2252 9.180980513326936
2253 9.539734559831508
2254 8.923307051528457
2255 9.09986321723185
2256 9.50811292268609
2257 9.045535313483327
2258 9.541319770572912
2259 9.39593007480153
2260 9.61815521148305
2261 9.60581103505785
2262 9.738639939368678
2263 9.15409121423908
2264 9.476289914567754
2265 9.63323818287438
2266 9.90937892383879
2267 9.079519334764507
2268 9.37207338906064
2269 9.964454659337624
2270 9.7603633257363
2271 9.46485543398221
2272 9.681249989261788
2273 9.448923798464673
2274 9.664947419737675
2275 9.43769252054887
2276 9.379975607431756
2277 9.935588707809849
2278 9.501730517246658
2279 9.669198580236372
2280 9.389611389591181
2281 9.689412825595682
2282 9.54835757731057
2283 9.385582735652745
2284 9.984562050545684
2285 9.315834125822986
2286 9.550943867122315
2287 9.450313996619492
2288 9.797343713412358
2289 9.06626728161592
2290 9.380980600881706
2291 9.714881710505905
2292 9.859152409226786
2293 9.565634591868577
2294 10.000784256375141
2295 9.623904887041894
2296 9.42405098728806
2297 9.625500003146724
2298 9.355992726449077
2299 9.198616096478018
2300 9.185168311881535
2301 9.164533607400111
2302 9.271581963000608
2303 9.275615929239573
2304 9.637890321463516
2305 9.388320705680455
2306 9.375679300658474
2307 9.285529973028702
2308 9.551677080166932
2309 9.588039239817668
2310 9.181277097983866
2311 9.298741282934966
2312 9.372649845604034
2313 9.577464836636095
2314 9.173125002697144
2315 9.256623457385839
2316 9.537352448696698
2317 9.512669829552424
2318 9.112248133060337
2319 9.691932975332573
2320 9.324697970810996
2321 9.166057642871499
2322 9.325625663473225
2323 9.371325161034164
2324 9.723970425620161
2325 9.234796967150078
2326 9.07734806039244
2327 9.250172994704235
2328 9.68568745617892
2329 9.207932492562158
2330 9.3245421804403
2331 9.445441592202815
2332 9.4850991821932
2333 9.090213617392662
2334 9.428698394174342
2335 9.744224260774583
2336 9.437714135503217
2337 9.480032694679808
2338 9.405393480802774
2339 9.371758454844974
2340 9.384498671449258
2341 9.050105617650184
2342 9.445609436006453
2343 9.55006457858911
2344 9.371737687999948
2345 9.11450869294809
2346 9.224940269503255
2347 9.052044899041803
2348 9.65297691679263
2349 9.409309365850799
2350 8.995853687932337
2351 9.408776488368403
2352 9.407658521019517
2353 9.277273099360487
2354 9.457613163027832
2355 9.340401972223319
2356 9.238690927690051
2357 9.578375423345728
2358 9.436001108894759
2359 9.350008309060998
2360 9.560842800696774
2361 9.520587787891872
2362 9.44232316732032
2363 9.28932389883028
2364 9.163511081288439
2365 8.9592481656503
2366 9.056460181211248
2367 9.491003307337659
2368 9.303260044789097
2369 8.99308756037517
2370 9.747745738595993
2371 9.49105280181469
2372 9.260596195028294
2373 9.696398038753996
2374 9.55739734006482
2375 9.497148350768155
2376 9.293256796013726
2377 9.264469065963164
2378 9.337086679928722
2379 9.567306431415632
2380 9.634066400258636
2381 9.374544506333544
2382 9.30544783335514
2383 9.182499158398047
2384 9.741302512668675
2385 9.7000674245908
2386 9.496673901492729
2387 9.390635501472081
2388 9.36293519673178
2389 9.308600751680531
2390 9.52696374986893
2391 9.113911719543367
2392 9.4086302616644
2393 9.372104364640997
2394 9.194623120949915
2395 9.779953527020284
2396 9.281135124895533
2397 9.242762971961357
2398 9.303470762645546
2399 9.378392252625453
2400 9.112241254916425
2401 9.258547639449857
2402 9.45960640712608
2403 9.45647878594098
2404 8.920350294239231
2405 9.318770498682031
2406 9.343060926826046
2407 9.285084471436436
2408 9.40182833880087
2409 9.457930911825775
2410 9.166727086636932
2411 9.449848749416791
2412 9.343753407280444
2413 9.338804355178683
2414 9.353873813089182
2415 9.380431040578026
2416 9.428989263929088
2417 9.472114766543637
2418 9.533012796320207
2419 9.39693890571743
2420 9.659648152487348
2421 9.486319315563184
2422 9.458618408224615
2423 9.420658859031201
2424 9.61165094627603
2425 9.66430264305449
2426 9.443794377385203
2427 9.743765888206914
2428 9.25679508428423
2429 9.30188268919209
2430 9.578151719428881
2431 9.33681735824718
2432 9.538703399200575
2433 9.731221481130119
2434 9.726736132003944
2435 9.87643253646007
2436 9.262866715909599
2437 9.760540065326492
2438 9.70078169080426
2439 9.7519218772864
2440 9.616703955428731
2441 9.643358594203153
2442 9.552678470702022
2443 9.139191452772605
2444 9.61685149220198
2445 9.54802486858615
2446 9.563381223923955
2447 9.190957102468209
2448 9.50639531416522
2449 9.515367287861409
2450 9.773743997347117
2451 9.222016264437435
2452 9.479902496786353
2453 9.453345035359218
2454 9.260641723279152
2455 9.353356963138978
2456 9.73770566260168
2457 9.799375052144866
2458 9.301699465641995
2459 9.352229219416813
2460 9.38957129467638
2461 9.525617020015508
2462 9.460290814666989
2463 9.72517302018834
2464 9.102325220209837
2465 9.429523656007769
2466 9.507796178602304
2467 9.625069925861647
2468 9.474214963933246
2469 9.625836481179963
2470 9.481339830294274
2471 9.394096156570209
2472 9.465458144232246
2473 9.455713596204756
2474 9.359565306607093
2475 9.822819617280208
2476 9.2901272131676
2477 9.342630029314185
2478 9.894954016733449
2479 9.263961066855886
2480 9.589026847165517
2481 9.975200725152849
2482 9.317430356679598
2483 9.503014349394203
2484 9.558686241064805
2485 9.664411953478528
2486 9.606149091386024
2487 9.403627153190998
2488 9.265090251302585
2489 9.3185007834238
2490 9.426774877742831
2491 9.57844179965414
2492 9.187030518702688
2493 9.528954491730497
2494 9.263514274077913
2495 9.518847123677755
2496 9.317289968154999
2497 9.456605009209506
2498 9.221319286192685
2499 9.287846928956068
2500 9.311900562838366
2501 9.557701441331364
2502 9.602526711390386
2503 9.603036229139272
2504 9.1974223678515
2505 9.353139705630928
2506 9.346865799483117
2507 8.971718145454858
2508 9.428364701080554
2509 9.299038937429371
2510 9.546642995739688
2511 9.569634795268362
2512 9.624183440189372
2513 9.660643010878275
2514 9.488399918689263
2515 9.211265869776305
2516 9.431509507401232
2517 9.603856759852707
2518 9.40705213825775
2519 9.739181825741182
2520 9.472845134713229
2521 9.367999432724062
2522 9.465451580854749
2523 9.5730803530799
2524 9.570942147495655
2525 9.75981333949316
2526 10.113290099116973
2527 9.67592309873391
2528 9.41671856510917
2529 9.361608676658976
2530 9.505000408867836
2531 10.0106208717006
2532 9.889436938487783
2533 9.541352323966438
2534 9.318713179848361
2535 9.682472501313926
2536 9.473826351010741
2537 9.279798069753772
2538 8.987506723408494
2539 9.152488843985333
2540 9.76609123070063
2541 9.426779271334642
2542 9.839957605517396
2543 9.54322312865641
2544 9.542582295176453
2545 9.393258738095307
2546 9.76439209378659
2547 9.742243665127653
2548 9.430940971843732
2549 9.503521546836874
2550 9.914558392267837
2551 9.773481146429594
2552 9.732708980415346
2553 9.187874463334932
2554 9.158175521276599
2555 9.254042669260826
2556 9.373643541219893
2557 9.689547019153085
2558 9.669486489479144
2559 9.49351230298548
2560 9.501974689314618
2561 9.313116430503658
2562 9.382392967434388
2563 9.400093834497698
2564 9.238531347108818
2565 9.48830872407222
2566 9.476359198149773
2567 9.378649991903721
2568 9.1424307109803
2569 9.33410956266199
2570 9.162081362503958
2571 9.630512723096308
2572 9.160305690606181
2573 8.72723370299407
2574 9.48730389749651
2575 9.624740883760653
2576 9.76363958647533
2577 9.483547106553544
2578 9.411543298216346
2579 9.537403812294171
2580 9.229055806693243
2581 9.047174932307511
2582 9.064938964808787
2583 9.231581561824111
2584 9.486070356462555
2585 9.66569511360145
2586 9.58392525026902
2587 9.075198326727568
2588 9.13290132602029
2589 8.927109611466998
2590 9.165456550332928
2591 9.323967237408956
2592 9.021527002675352
2593 9.361713548576112
2594 9.320059584635422
2595 9.159386042607638
2596 9.430787608175136
2597 9.209498269350407
2598 9.58225888703945
2599 9.4329010643246
2600 9.196725228807143
2601 9.330164265160002
2602 9.584588154021231
2603 9.526796292810019
2604 9.208891984288165
2605 9.505843076697886
2606 9.42955848613161
2607 9.409048339956286
2608 9.515618468132137
2609 9.303950820798654
2610 9.466298605477435
2611 9.547688346145183
2612 9.569665248881778
2613 9.733299482559676
2614 9.071356092709944
2615 9.485964078759034
2616 9.555836270643267
2617 8.948150039978687
2618 9.532254314876456
2619 9.277038491272089
2620 9.281232634007008
2621 9.406508510092976
2622 9.144877509459365
2623 9.559286494953927
2624 9.355132207322473
2625 9.069945068903975
2626 9.286661445408457
2627 9.520420725101811
2628 9.247415156625879
2629 9.198241988727936
2630 9.245072829614937
2631 9.550073743221239
2632 9.901366329460599
2633 9.77853379187953
2634 9.882435613124885
2635 9.843263192826925
2636 9.896054215574546
2637 9.486528081699888
2638 9.33736253847609
2639 9.537269843812263
2640 9.626350255137206
2641 9.564154943757725
2642 9.571661683720688
2643 9.59853472613183
2644 9.70716089333897
2645 9.439298002090291
2646 9.465142577904823
2647 9.134902662829376
2648 9.159993178020036
2649 9.497836079040555
2650 9.286286907547519
2651 9.509344297197961
2652 9.340938500535128
2653 10.105653240160798
2654 9.634544632928794
2655 9.626574810019704
2656 9.4039270128769
2657 9.777370211722362
2658 9.479521685993976
2659 9.389030484955844
2660 9.499816624221925
2661 9.482723067652358
2662 9.944595125218793
2663 9.091023606847909
2664 9.53041522174933
2665 9.738317239518564
2666 9.461846383572627
2667 9.311981846690145
2668 9.259068155059914
2669 9.496066072975589
2670 9.637454828975608
2671 9.663005495746546
2672 9.421644200826682
2673 9.528536789807223
2674 9.400161394074177
2675 9.83776943721151
2676 9.57080688336251
2677 9.931180801322565
2678 9.424344662971528
2679 8.989037259893175
2680 9.696664595852813
2681 9.492058486648206
2682 9.320997009032649
2683 9.094499568508986
2684 9.382105648515529
2685 9.241775835543457
2686 9.13795571432944
2687 9.092309409786859
2688 9.094716019103124
2689 9.031926251644578
2690 9.081296446581513
2691 9.047235282035846
2692 9.125781750435877
2693 8.974224494370832
2694 9.040287701379974
2695 8.865299005482024
2696 8.824622769857452
2697 9.077500248514033
2698 9.224673761510914
2699 9.389327824255188
2700 9.822766257396943
2701 9.38504249864962
2702 9.268239969994935
2703 9.128836724402502
2704 9.351689473427202
2705 9.538247253129603
2706 9.228595809777241
2707 9.400187110230751
2708 9.371993251592967
2709 9.60242026580084
2710 9.704143712168992
2711 9.707381325381915
2712 9.705257703920434
2713 9.322759761035842
2714 9.746922219101107
2715 9.532218026800125
2716 9.369136073830735
2717 9.561580519274647
2718 9.657345423003857
2719 9.564506043920304
2720 9.563647147514038
2721 9.68399042091297
2722 9.451641247773752
2723 9.34960243478938
2724 9.483483491311054
2725 9.489587770572662
2726 9.78839726836557
2727 9.954103732364821
2728 9.865025018379106
2729 9.723851726461263
2730 9.684210003926372
2731 9.735796662265766
2732 9.328651997065073
2733 9.190209133603188
2734 9.811451074894235
2735 9.350369541175292
2736 9.459529352576169
2737 9.236602240516815
2738 9.448311947205767
2739 9.364091404370003
2740 9.054891569921812
2741 9.391373959918857
2742 9.795912377695366
2743 9.551587590536316
2744 9.430707146002456
2745 8.971537894841077
2746 9.301694371413738
2747 9.18703940963729
2748 9.427319432541742
2749 9.161251946309225
2750 9.367984441656589
2751 8.97073219960925
2752 9.351082736071405
2753 9.160661406723904
2754 9.298761677867356
2755 9.181676081061083
2756 8.93202752883845
2757 8.836914803889345
2758 9.174848945633716
2759 9.178243975073714
2760 9.13962410405786
2761 9.229453410655623
2762 9.77976175322408
2763 9.125720330858984
2764 9.39110531163428
2765 9.44728759750357
2766 9.119823068259217
2767 9.41894629836587
2768 8.752817358896166
2769 9.345959078606445
2770 9.521296651631458
2771 9.274499024921994
2772 9.038411394100832
2773 9.474962996942109
2774 9.205005527504671
2775 9.648213030008543
2776 9.27256102782875
2777 9.352577416183996
2778 9.496136937561259
2779 9.021860223639367
2780 8.90011374533866
2781 9.132896231277638
2782 9.4405800820735
2783 9.487534396669664
2784 9.452893109604213
2785 9.122258994143099
2786 9.126997230930888
2787 9.06651404429809
2788 8.932890789520082
2789 9.017013030964042
2790 8.909772027220328
2791 9.240668796685952
2792 8.66793303766707
2793 9.28594363108992
2794 9.49595944153226
2795 9.57951665137872
2796 9.278306788518556
2797 9.709183151842511
2798 9.671254348797481
2799 9.371009533435378
2800 9.607040170207911
2801 9.333559470061905
2802 9.087119643098516
2803 8.937591195286055
2804 9.36716227402238
2805 9.328324526361751
2806 8.925390702472098
2807 8.933355058080402
2808 9.902539658976307
2809 9.570518517244707
2810 9.49744860410417
2811 9.431785310128669
2812 9.277065821489469
2813 9.256707054570443
2814 9.628908013355092
2815 9.223076639560235
2816 9.504673680300504
2817 9.298971636290904
2818 9.552719711556934
2819 9.489192268708972
2820 9.614944012415632
2821 9.693595459189039
2822 9.233727107072884
2823 9.556772824372501
2824 9.817098636976247
2825 9.281742106902463
2826 9.673303663877341
2827 9.600366308549797
2828 9.412911899041234
2829 9.545594684298438
2830 9.590535221916666
2831 9.387552883725942
2832 9.367719971501439
2833 9.516997273327847
2834 9.888061649307913
2835 9.471672262335963
2836 9.777094837714868
2837 9.754479445848354
2838 9.591293102156566
2839 9.634627481454595
2840 9.474890952179452
2841 9.5777829855172
2842 8.90338821862011
2843 9.684900120299622
2844 9.263201938297644
2845 9.437410635802909
2846 9.392347751307241
2847 9.694146875793923
2848 9.746759696599836
2849 9.666991171665376
2850 9.22916242207446
2851 9.39728226556065
2852 9.4819077625151
2853 9.33374127409449
2854 9.579426812677259
2855 9.62341142467119
2856 9.594024244072822
2857 9.45428549420005
2858 9.328845721455547
2859 9.321398739550588
2860 9.58257604192742
2861 9.332951769443563
2862 9.224475915713326
2863 9.244813398591786
2864 9.462549025341332
2865 9.310572878748584
2866 9.224428888130314
2867 9.371996211592155
2868 8.961998849505024
2869 9.346102986773053
2870 9.023818109134163
2871 9.474942044039517
2872 9.161059598892159
2873 9.398355407120007
2874 9.086668251089154
2875 9.122269293551563
2876 9.308915988713483
2877 9.483327189774368
2878 9.430629560357628
2879 9.349106331809317
2880 9.060314215645219
2881 9.472278804460432
2882 8.925404558246198
2883 9.089420267187672
2884 9.349895012712478
2885 9.304162263303645
2886 9.078298354857745
2887 9.365074767430437
2888 9.504363593817
2889 9.110555843154966
2890 9.625191123837247
2891 9.078727570020488
2892 9.415351235271121
2893 9.174508681295258
2894 9.585197445358482
2895 9.363081864652154
2896 9.284670286156514
2897 9.423618377257966
2898 9.364691004093752
2899 9.452399565964411
2900 9.4365645869461
2901 9.234237237896524
2902 9.826528056705277
2903 9.610633424899772
2904 9.793221737527306
2905 9.600601328128167
2906 9.839204930505007
2907 9.644125756902596
2908 9.661362381249585
2909 9.522842734907936
2910 9.200611504420118
2911 9.527242971136912
2912 9.86543598195919
2913 9.883922514372872
2914 9.783593174677119
2915 9.653263553709904
2916 10.28511893901233
2917 9.628549900863304
2918 9.822990966550291
2919 9.817799473747476
2920 9.734867196807167
2921 9.985645512215125
2922 9.795776712974206
2923 9.5244334551747
2924 9.727431785035876
2925 9.711491477517582
2926 9.839414733336241
2927 9.673230631251378
2928 9.785142174643237
2929 9.687261004359963
2930 9.69345221392614
2931 9.55005507088977
2932 9.696586495870829
2933 9.59707420572127
2934 9.432841922523018
2935 9.796370990407295
2936 9.769960696103366
2937 9.834429637229329
2938 9.76764595018453
2939 9.6460979780802
2940 9.613828042750196
2941 9.702645460344188
2942 9.471475233066947
2943 9.575653958467607
2944 9.741405715573503
2945 9.675780829399612
2946 9.63502498051999
2947 9.636536541727354
2948 9.814899604523436
2949 9.308420769976795
2950 9.989380177684977
2951 9.751367671288733
2952 9.618894683402624
2953 9.583680316642308
2954 9.529027420535428
2955 9.51727847634496
2956 9.808507523977433
2957 9.557493332433035
2958 9.561186885573568
2959 9.677791878160793
2960 9.463892530834118
2961 9.608155762910906
2962 9.647857491651049
2963 9.89097649408408
2964 9.601106096291296
2965 9.629227660311845
2966 9.781398915099617
2967 9.60500801098425
2968 9.413334300755968
2969 9.31423575107848
2970 9.900944756140733
2971 9.625692580507229
2972 10.143912887082225
2973 9.485951461375532
2974 9.8464920608596
2975 9.257473393302348
2976 9.604460738511497
2977 9.247828346206743
2978 9.78485991365645
2979 10.007416692221895
2980 9.744394867713694
2981 9.623355970016165
2982 10.023008917601155
2983 9.53090730345176
2984 9.859256040790186
2985 9.406309786299568
2986 9.191003276158561
2987 9.745267662030956
2988 9.808206362307004
2989 9.751863791121108
2990 9.607367917598582
2991 9.561808291304255
2992 9.619759215202148
2993 9.82687966839462
2994 9.976283276077861
2995 9.827977593479815
2996 9.763430666600707
2997 10.058006060387319
2998 9.48664710305026
2999 9.559381504374636
3000 9.204037590843473
3001 10.037302392403019
3002 10.026634325459604
3003 10.36620824106136
3004 9.864138738878891
3005 10.242145258973228
3006 10.119755460603354
3007 10.125959626163999
3008 10.366382265590238
3009 10.231783968949616
3010 10.141782638259162
3011 10.350664585766172
3012 9.502403832801336
3013 10.430647194342635
3014 10.21299989844942
3015 9.867000403066088
3016 9.74282421962066
3017 10.007861731166763
3018 10.043833818190672
3019 9.680165580305971
3020 10.48895636581269
3021 10.078735992406486
3022 10.295836966120014
3023 10.061918362153767
3024 10.230702059693984
3025 10.431185605722073
3026 10.265703726678346
3027 10.299097953432403
3028 10.2696130903048
3029 9.930992937200442
3030 9.857674437994122
3031 10.504185326414651
3032 10.294347412466777
3033 10.189613254945582
3034 10.17968351692055
3035 9.864504126438376
3036 10.123336569746495
3037 9.968789832685104
3038 9.795803266531008
3039 9.957961607655776
3040 10.283409264237566
3041 10.022375157765323
3042 10.101633392299327
3043 10.192052130480263
3044 10.441288465772804
3045 10.208272235924177
3046 10.300686820643806
3047 10.176845848630371
3048 10.35895202566896
3049 9.987232326989476
3050 10.10095386223229
3051 10.29023148756164
3052 10.269433245311879
3053 10.397220724597569
3054 10.328181323496892
3055 10.19548652881808
3056 10.136834721158314
3057 10.018352563673586
3058 10.125266524763338
3059 10.48457935684162
3060 10.242317637150524
3061 10.37717802796008
3062 10.353794987655306
3063 10.46607630570973
3064 10.43084078827257
3065 10.507168265791934
3066 10.231375050897723
3067 10.235121992060353
3068 10.156149266829242
3069 10.447097416604233
3070 10.32603316493915
3071 10.748087737341406
3072 10.080717929603914
3073 10.388506347903336
3074 10.335248069913492
3075 10.447014091631596
3076 10.682832368842307
3077 10.253923805989773
3078 10.089591526537145
3079 10.170968085857178
3080 10.245713118625773
3081 10.04919890344877
3082 10.203308021420044
3083 10.001121055104784
3084 9.943496577598934
3085 9.693834050647379
3086 10.384422142878561
3087 10.396346499508633
3088 9.929218194063255
3089 10.227854203539653
3090 10.49828168693049
3091 10.264256785087987
3092 10.552573368443966
3093 10.575977942913747
3094 10.549010346312341
3095 10.447117306949053
3096 10.628294937124556
3097 10.744397726941358
3098 10.703968925425944
3099 10.370636139740254
3100 10.138567572565405
3101 10.357661412474926
3102 10.762012709022805
3103 10.162160638995251
3104 10.219355684385615
3105 10.258800030626329
3106 10.302022979990646
3107 10.370439189549518
3108 10.560367481570161
3109 10.644024072396338
3110 10.56819388461942
3111 10.298843888853913
3112 10.674579802356934
3113 10.286639712046545
3114 10.463193150443038
3115 10.291685035827715
3116 10.450146208161113
3117 10.357420601730972
3118 10.26649939549328
3119 10.580835383097842
3120 10.276370927751138
3121 10.679324688327464
3122 10.477844756867237
3123 10.28679207213667
3124 10.25500780510772
3125 10.59465588502521
3126 10.411668559555242
3127 10.60418343558578
3128 10.261621709215099
3129 10.162893412072485
3130 10.522795839212701
3131 10.785726902848694
3132 10.671005200976682
3133 10.780245954620773
3134 10.372530768091261
3135 10.909472058330877
3136 10.280310810105286
3137 10.492334699286996
3138 9.961650276838574
3139 10.043120161970949
3140 10.326245227226883
3141 10.314623871309296
3142 10.127656066959343
3143 10.30995327696289
3144 10.418327847814
3145 10.29673479861445
3146 10.534536324554066
3147 10.66872360624863
3148 10.440240789195236
3149 10.377802936215787
3150 10.09468465620999
3151 10.551616236770688
3152 9.891751845239707
3153 10.332881187252038
3154 10.25245954421738
3155 9.951585455976263
3156 10.033831833851377
3157 10.790407045398245
3158 10.365689002992898
3159 10.624586028265949
3160 10.365479534049491
3161 10.77325785797915
3162 10.681705096288933
3163 10.528793953659058
3164 10.284245573978597
3165 10.354940677363382
3166 10.78341603608353
3167 10.282033673385412
3168 10.127002293310548
3169 10.362009389373437
3170 10.184163249142294
3171 10.0968765254193
3172 9.999514812132974
3173 10.26013191439047
3174 10.3917088468964
3175 10.253280233938366
3176 10.163711132914944
3177 10.556839567923085
3178 10.103514249455367
3179 10.06763345279029
3180 10.146807395601915
3181 10.252909019214878
3182 10.21251609196675
3183 10.147168368347526
3184 10.520219156539422
3185 10.404047702648567
3186 10.58934519470185
3187 10.179276636367833
3188 10.479635262086163
3189 10.485210623817471
3190 10.392173740645843
3191 10.394633982298048
3192 9.885530695227587
3193 10.399232793135132
3194 9.946399864753799
3195 10.26152049078496
3196 10.58071577361733
3197 10.169719189661192
3198 10.353644127295397
3199 10.27928377233189
3200 10.26847034674925
3201 10.352659547994671
3202 10.34457324761401
3203 10.204980901174741
3204 10.407554246545791
3205 10.454139358563243
3206 10.142971113172969
3207 10.208301412106756
3208 10.334672268373838
3209 10.44833189226499
3210 10.090461943595091
3211 10.077818813369959
3212 10.241184333781675
3213 10.432637081301356
3214 10.461940182482719
3215 10.569040927119723
3216 10.348815592292313
3217 10.316513539644358
3218 10.391686466916184
3219 10.37638801728882
3220 10.042759915323337
3221 10.090638398599504
3222 10.140507336373295
3223 10.419572057779733
3224 10.300976125946784
3225 10.206445643210134
3226 10.322174832396678
3227 10.05472103899227
3228 9.723994693505466
3229 10.713175510935539
3230 10.681452812484439
3231 10.382210148341791
3232 9.824935730696298
3233 9.854186938655056
3234 10.448721276040201
3235 9.968522601097328
3236 10.19782606766713
3237 10.527858285769517
3238 10.29657057633297
3239 10.637613066894193
3240 10.331765707526353
3241 10.354719671644222
3242 10.34653511282011
3243 10.093288151373889
3244 10.57582894424728
3245 10.35992883469646
3246 10.047444986986864
3247 10.136700694978503
3248 10.222348987927006
3249 10.404957501464237
3250 9.951496032670828
3251 10.274786085118512
3252 10.252809477052939
3253 10.302408811072077
3254 10.292742535174076
3255 9.989302102682133
3256 10.571717112002135
3257 10.37786281614205
3258 10.120734161958161
3259 10.301210424152234
3260 10.457122309848469
3261 10.44612790410243
3262 10.137008217792483
3263 9.9147455306841
3264 10.584511529266369
3265 10.564067017280246
3266 10.085703929991736
3267 10.17326249927858
3268 10.393985434913317
3269 10.029920170963052
3270 10.359587110648556
3271 10.406342062415254
3272 10.48694377280615
3273 10.192520863141365
3274 10.543387522488871
3275 10.459343376140438
3276 10.538667940779018
3277 9.879029435980607
3278 10.59144858156302
3279 10.289543605403436
3280 10.414479646591653
3281 10.371698650204763
3282 10.680769110066757
3283 10.219751469582462
3284 10.351136470504061
3285 10.134070024255866
3286 9.99894290759389
3287 10.18098215221673
3288 10.209471791692959
3289 10.209459948094612
3290 10.188388310689977
3291 10.135567902258083
3292 10.046173014013196
3293 10.417972316429044
3294 10.026405132152643
3295 10.356067150495388
3296 10.214140636097596
3297 10.29638611749432
3298 10.053662856997304
3299 10.296220646656058
3300 10.357213180088078
3301 10.316941383840419
3302 10.42009072506623
3303 10.054680038321992
3304 10.03314379986106
3305 10.309606972462282
3306 10.349258835582582
3307 10.140658585863397
3308 10.039230557766034
3309 10.175863226229465
3310 10.274921410537615
3311 10.113232566255748
3312 9.9281475797804
3313 10.379505229582875
3314 10.436829693438437
3315 9.884307265205656
3316 10.469101280181565
3317 10.40055631908896
3318 10.515409241351746
3319 10.275279661429947
3320 10.437628928512133
3321 10.437009491456685
3322 10.672732271936756
3323 10.47296270976841
3324 10.067126264879217
3325 10.031161816509355
3326 10.206277485887387
3327 10.41599163663806
3328 10.22422508495513
3329 10.37173800660188
3330 10.666561805313986
3331 10.671642811135458
3332 10.336169219023406
3333 10.314570898046643
3334 10.141791271626124
3335 10.055031687624735
3336 10.568508562097715
3337 9.892411579815548
3338 10.071990400173927
3339 10.309040615829863
3340 10.29663169900355
3341 9.635686998169943
3342 10.170484728039101
3343 10.388323490121428
3344 10.24880095612674
3345 10.206133080995182
3346 9.973364992492652
3347 10.168903680317717
3348 10.029369266680236
3349 10.324059884160235
3350 10.354392131541793
3351 10.38275250253082
3352 10.088173803313765
3353 10.042311905267315
3354 9.992468319849332
3355 9.730073338983
3356 10.1940831039534
3357 9.900926617036463
3358 10.214995020767587
3359 10.476984208995196
3360 10.301674384951093
3361 10.311872220890443
3362 10.401579229514093
3363 10.076913120000535
3364 9.936553510453956
3365 10.412516368937268
3366 10.514051113213636
3367 9.93836646047619
3368 10.434732085083457
3369 10.095293577817444
3370 10.136853293741737
3371 10.310266332087068
3372 10.023410833695788
3373 9.849232607640294
3374 10.337195670154818
3375 9.900811744325631
3376 10.114294123349937
3377 10.055543589564945
3378 10.393512331857242
3379 10.2334570165367
3380 10.118918722007576
3381 9.82173312423219
3382 10.501379718310082
3383 10.17006030638782
3384 10.245666579404269
3385 10.639662255656136
3386 9.970433681997688
3387 11.329894550635297
3388 10.877051588686752
3389 11.011742302613454
3390 10.294984652467791
3391 10.699322537887289
3392 10.410325165548482
3393 10.132391534102359
3394 10.25841323980567
3395 10.076639765949633
3396 10.164763180403154
3397 10.142511138006839
3398 10.356681507843994
3399 10.461609320057658
3400 10.276861435450575
3401 10.656021123094622
3402 10.686486797508202
3403 10.742861747809089
3404 9.80237464094538
3405 9.521277791498202
3406 9.582244219201652
3407 10.176394448246448
3408 9.996957358291855
3409 10.228924253986566
3410 10.276037567217498
3411 10.600204963034532
3412 10.406380958451031
3413 10.923702584893276
3414 10.466332998503407
3415 10.245347769020558
3416 9.74982376362305
3417 9.743066912806642
3418 9.820150674197
3419 10.093260400560556
3420 9.905631583647466
3421 9.582898881726813
3422 9.86025817548666
3423 9.573195715033524
3424 9.851481286713762
3425 9.738668678072111
3426 9.87465326057837
3427 10.155391741378882
3428 9.940938891040991
3429 9.948692589586104
3430 9.90557983288539
3431 9.692785291009283
3432 10.348445944540492
3433 10.002246098236528
3434 9.914939388761402
3435 10.273532309362158
3436 9.968776281435934
3437 10.224914400153835
3438 10.115723067136951
3439 9.751036487630017
3440 9.8714483662365
3441 9.863705677953272
3442 9.86737517526538
3443 10.107578922598767
3444 10.513293011565858
3445 9.712139753098265
3446 10.286885607598387
3447 10.09345259283808
3448 9.9530145557964
3449 10.171178104319237
3450 10.215334722111889
3451 9.983358658159519
3452 9.885868650490949
3453 10.106828498034181
3454 10.305311264620945
3455 10.02600617518197
3456 9.351367362394251
3457 8.945199569390088
3458 9.512798035447824
3459 10.073923936497039
3460 9.120069603617415
3461 9.769329339427262
3462 9.148703734468516
3463 9.092928201378292
3464 9.707628120533599
3465 9.473252495768916
3466 9.652751569416473
3467 9.54787346021307
3468 9.257634543736213
3469 9.606988293095828
3470 9.485464298179947
3471 9.177353914003508
3472 9.761763763353505
3473 9.478454081234705
3474 9.745637423459147
3475 9.585436777963142
3476 9.625605466428167
3477 9.458574397634305
3478 9.578135494279692
3479 9.82041677191043
3480 9.997375830565549
3481 9.535075944557883
3482 10.081666319544546
3483 10.300127922282508
3484 9.708847104260645
3485 10.147412550697332
3486 10.539288992158237
3487 10.193123047490241
3488 10.295362136349814
3489 10.374123216681214
3490 10.24111289872563
3491 10.232029045711965
3492 10.225741523862947
3493 10.289764137446298
3494 10.329430372398368
3495 10.586026779986867
3496 10.922555820455441
3497 10.48511932821586
3498 10.445224713872815
3499 9.966999325922258
3500 9.36564747894176
3501 10.120930410522153
3502 9.845769276860462
3503 10.236618489335669
3504 10.18828060211328
3505 10.074772960889765
3506 9.900078737850668
3507 10.053093530394436
3508 9.926838694965404
3509 10.526959428882469
3510 9.62147593324723
3511 10.071718333584958
3512 9.626869530526264
3513 9.944477556820317
3514 9.397939449002628
3515 9.613611614817856
3516 9.33227754420026
3517 9.620108123453985
3518 9.336813227404951
3519 9.79083120691664
3520 9.88470428959516
3521 9.34051397470347
3522 9.707355843157579
3523 9.317444254593662
3524 9.805000968595447
3525 9.94610563617328
3526 9.591760778015697
3527 9.524409292447348
3528 9.314308819146243
3529 9.603594182764269
3530 9.714081853533306
3531 9.502480946317657
3532 9.62055560364609
3533 9.752260186974297
3534 9.714123510308548
3535 9.176977179763657
3536 8.881163952760577
3537 9.281878478535871
3538 9.019201925115828
3539 9.318655289855611
3540 9.93513613187666
3541 9.678012593691458
3542 9.472056908702557
3543 9.235658219299404
3544 9.16012070243655
3545 9.576151245758986
3546 9.451199391010512
3547 9.248314507925874
3548 9.65464150039915
3549 9.729023816280279
3550 9.485511133858255
3551 9.825209920723559
3552 9.474909445007384
3553 9.057049676401725
3554 9.698961827859087
3555 9.371853979459113
3556 9.471944061606392
3557 9.027913499629351
3558 9.479396540336996
3559 9.962300238189808
3560 9.384551951440226
3561 9.322317737736618
3562 9.504803646392663
3563 9.372210290054937
3564 9.685026297840656
3565 9.450591969018568
3566 9.2258625015309
3567 9.317673681895577
3568 9.213456864534878
3569 9.205785424980544
3570 9.473239092728415
3571 9.744905790866147
3572 9.399961456436142
3573 9.410171875353972
3574 9.435275083982484
3575 9.481482576767931
3576 9.37652485624549
3577 9.76143485788831
3578 9.755357994410202
3579 9.524923517634283
3580 9.573696208152219
3581 9.806343359391823
3582 10.04554721891433
3583 9.698876693320766
3584 10.138328178047749
3585 9.902714305473435
3586 9.885309189309416
3587 9.759834681109242
3588 10.045353018866205
3589 9.741977191800252
3590 9.8393066401371
3591 9.725390352321831
3592 9.711036879866457
3593 9.916852492998332
3594 9.513478462051872
3595 9.416443641604262
3596 9.322365980698157
3597 9.545689508495203
3598 9.660132130544335
3599 9.550194717423466
