0 5.36059164014078
1 5.259934752675102
2 5.107511664413495
3 5.369841751662502
4 5.065515456830404
5 5.1470972346713415
6 5.005128464845794
7 5.10364006334558
8 5.217703791456172
9 5.044283032203503
10 5.121283471734551
11 5.044051916779428
12 4.974404227794424
13 4.969650132187221
14 5.146691648178544
15 5.474318200478255
16 5.118852852366763
17 5.140870678455813
18 5.158336236559774
19 5.385945786701094
20 5.748746003030981
21 5.5445865142945525
22 5.240520478458143
23 5.717435612586899
24 5.081088929168769
25 4.899464907685113
26 5.461470316069713
27 5.089655770305195
28 5.423140338885996
29 5.121032962490501
30 5.088836286081331
31 5.3833610791108475
32 4.972069026582078
33 5.596292727801029
34 5.053186716577612
35 5.472143640621727
36 5.281623494816256
37 5.430687193861505
38 5.1858784396093585
39 5.2372212855910405
40 5.219058079017249
41 5.196191346201882
42 5.280332587442859
43 5.164421956883505
44 4.861155970188354
45 5.103114214234204
46 5.527558599000705
47 5.054054451463933
48 4.982278762324339
49 5.44571181733434
50 5.28743779796285
51 5.29878803077134
52 5.080566017388037
53 5.052683996232616
54 5.27971897054965
55 5.210678876775766
56 5.4393475753623575
57 5.192694050428511
58 5.199428419687696
59 6.302081199990586
60 5.291572127328961
61 5.583262686692021
62 5.117811401435138
63 5.126666117901768
64 5.036590957884157
65 4.648207505326183
66 4.938953952311333
67 5.2769593053357875
68 5.05983093652935
69 5.109325058178551
70 4.983555249474884
71 5.165166922471554
72 5.1519203755121605
73 4.85623537874734
74 5.290183512810544
75 5.230510649307021
76 5.527386142372392
77 5.068528582039613
78 5.027093198376708
79 5.006589024180737
80 5.150962521900224
81 4.879496456947879
82 5.06286591278816
83 5.085492941333537
84 5.071780090526353
85 5.236511474403853
86 5.120609399852997
87 5.088593568471238
88 5.059087983887633
89 5.204036561235208
90 5.16255358568423
91 4.914761368807166
92 5.11192321994971
93 5.148549556825957
94 5.199555036059961
95 5.085435083679225
96 5.1193170397906815
97 5.1779222391677155
98 5.234021015268091
99 5.251430890831821
100 5.024511064077326
101 4.984804709572136
102 4.897767498310422
103 5.005403873181101
104 5.066951302767281
105 5.024773904842768
106 4.8384588771144745
107 5.04257295770846
108 5.110742954853798
109 5.182702326163165
110 4.8222736733941645
111 5.073600525039375
112 5.165142212896157
113 5.047084150337692
114 5.075354518179918
115 5.0661922900604335
116 4.967187583065668
117 5.137077388788597
118 4.879507527475309
119 4.854340155491898
120 5.026108067789634
121 4.789582926842278
122 5.052980544011952
123 4.838241845730442
124 4.863459693497337
125 5.146502522224255
126 5.333425711885278
127 4.871311286951168
128 4.957722220029479
129 4.913680032427752
130 5.3325587192749575
131 5.3954285674737354
132 5.182115652054972
133 5.253477386109369
134 5.656165728873216
135 5.411993318089205
136 4.978607632869063
137 5.017131246694467
138 5.106991069178917
139 5.24488700760412
140 4.993900230579518
141 5.119200214923117
142 5.144352293537934
143 5.47544417292708
144 5.262137245061067
145 5.184899074747644
146 5.2048358881785015
147 5.002920219640387
148 5.265427257453876
149 5.233037674544674
150 5.074231936392792
151 4.726478235740864
152 5.010849572308023
153 4.968903732338975
154 5.0982712870049065
155 5.154189379322446
156 5.062635431662339
157 4.951115006489208
158 5.189575650163739
159 5.39604729785489
160 5.264003850444634
161 5.374119943500042
162 5.272234207232318
163 4.884200097582728
164 4.878309342436267
165 4.988091202576744
166 5.176724453780885
167 5.376736040664262
168 5.149852210292669
169 5.265127880830177
170 5.2806441822083166
171 5.090051448148993
172 4.9976580254091605
173 5.326010581484398
174 5.089068930583833
175 5.195896338873541
176 5.174800684433594
177 4.937675061986816
178 5.44745092827171
179 4.804328683038211
180 5.443965175958409
181 4.970115140947375
182 5.088741810928419
183 5.295055964496398
184 5.16274078586245
185 5.144525658391381
186 5.254900985039403
187 4.982481244107469
188 5.214920926038172
189 5.102071834384316
190 5.509203740700908
191 6.0329444007945705
192 5.510543507231242
193 5.368234182161485
194 5.0504051971552295
195 5.087843169854774
196 5.0303700336016535
197 5.16119856331547
198 5.553823249466295
199 5.353341677063383
200 5.045721254875782
201 5.082995499516833
202 4.936433819829323
203 4.781349887697687
204 4.769388991415833
205 5.1681929236224216
206 5.460656936373353
207 5.16955470562181
208 5.39023615433546
209 4.881723301884121
210 5.0512129387862466
211 4.740077211272291
212 4.844409456162878
213 4.838524888903796
214 5.254772465192496
215 4.904274705067563
216 4.6717414160066495
217 4.989403092587997
218 5.086878055595277
219 5.391218782877117
220 5.2138407855074655
221 5.803033659042854
222 5.320718140477907
223 5.195335096667249
224 5.450847704133774
225 5.180953611138546
226 5.158117289607226
227 5.459980438983509
228 5.693136833031227
229 5.7959649455417805
230 6.02242646321351
231 5.741134622025171
232 5.439722453043079
233 5.779067540403111
234 5.536423805356476
235 5.848740691473993
236 5.713758506909899
237 5.671182308805611
238 5.665051527146458
239 5.530732421193121
240 5.78339353696078
241 5.476838251409708
242 5.53314402600123
243 5.575966071562718
244 5.4158114317792485
245 5.360517223901029
246 5.284884809217706
247 5.556200250988272
248 5.372393741948731
249 5.367878867984711
250 5.856427694675028
251 5.803927768829309
252 5.629932965999168
253 5.693862537662839
254 5.472927543144956
255 5.316041578089886
256 5.061658870821738
257 5.0978713871278885
258 4.916833800820488
259 4.916019205740941
260 4.892736334330938
261 4.921278305723285
262 5.045174395847219
263 5.114878972191877
264 5.518760790500216
265 5.2710790574140045
266 5.802278191924112
267 5.071157076080433
268 5.020477153113698
269 4.848504076859733
270 4.608894961215198
271 5.791401697118259
272 5.7940302959207175
273 5.648990808138444
274 5.556916619075874
275 4.905987105616606
276 5.011700144711021
277 4.871521911113105
278 5.065259856620268
279 5.010555090013423
280 5.437710985010416
281 4.963296750798784
282 5.087082914613725
283 4.589486330132415
284 5.21532179881865
285 5.004195545221405
286 5.7740207400503545
287 5.026117646573518
288 5.026022833987046
289 5.169264090809981
290 4.8009353079878885
291 4.806234384833506
292 5.0002410206793275
293 4.983782440677988
294 5.11163874483234
295 5.115779017477934
296 5.174677745662427
297 4.815225187588793
298 5.088084582780378
299 4.870166375136487
300 5.139654177847437
301 4.949879014946994
302 5.543251648931048
303 5.473598101015268
304 5.064854691957749
305 5.207681590065127
306 5.641301358742685
307 5.330372398720008
308 5.3694660837798285
309 5.534745951837036
310 5.229338861704677
311 5.366849783387995
312 4.852283122105527
313 5.24975632537429
314 4.927382139323648
315 5.306461190845261
316 5.258654220753376
317 5.173980803851771
318 5.179175682451934
319 5.13854554778877
320 5.027694268657429
321 4.973788687972935
322 5.280719195466997
323 4.851075771629326
324 5.2164379292451075
325 5.157055750815926
326 4.88888425979642
327 5.079041812567554
328 4.737904246092877
329 5.851359657683108
330 4.8670363528856875
331 5.147130748455812
332 4.752895751840084
333 5.121824585158212
334 4.694160701573769
335 5.136936719031591
336 4.502946168621497
337 4.72392402645777
338 4.918361087948236
339 5.059482398777279
340 4.94604257294164
341 4.8076362462479185
342 4.6740358663071015
343 4.606614951974557
344 4.472093064174763
345 4.792687528409616
346 4.758312513888816
347 4.869346839997603
348 4.888885145184069
349 4.854920161269814
350 5.1958377154316935
351 4.910288218157803
352 4.995151316483564
353 4.820960092672624
354 4.96378773113361
355 4.778917749958974
356 4.778325241890987
357 5.107577710994966
358 4.96437363376035
359 4.955956994701841
360 5.191835577844219
361 4.691321198418242
362 4.744775512183185
363 5.016897563059948
364 5.007164833956388
365 4.790359587143804
366 4.794219749726939
367 5.024455322915377
368 5.113350803917313
369 5.029328371830852
370 5.370173702703084
371 4.977924954751393
372 5.008439887428725
373 5.173690817467816
374 5.066618090096861
375 4.985682733708297
376 5.068405550684987
377 5.039600577842352
378 5.101676366772254
379 5.134895350219542
380 5.197024785988123
381 4.823510590164599
382 4.9897979818928935
383 4.729470372457986
384 5.158541927195804
385 5.0255124287613615
386 4.794572026346877
387 5.151822312703181
388 4.795540895171768
389 4.9973643379335595
390 5.086330991250602
391 5.614351286616602
392 5.2656470986872925
393 4.92069412459755
394 5.2260141752628835
395 4.916147309388172
396 5.377485358418352
397 5.120720318262302
398 4.987274504839054
399 5.133466215246305
400 4.928628212305591
401 5.040718928519965
402 4.8561353709298665
403 4.576838272004194
404 4.965726508566672
405 4.792375339955575
406 4.80974847575424
407 4.979607368746296
408 4.857176486165745
409 5.360007651156292
410 5.012794497202398
411 4.974908521407611
412 4.879774909907417
413 5.022791487416689
414 4.777908953764702
415 4.482657684224755
416 4.715140475081894
417 4.6312256832686245
418 4.783398884910786
419 4.793450327095923
420 4.390024743445704
421 4.738986790669377
422 5.0809357173781216
423 4.694428738730815
424 5.363705643016875
425 4.688053300258322
426 5.162440316818991
427 4.765479141516947
428 4.578546810564292
429 4.960883651199402
430 5.07871125169418
431 5.063004330719424
432 4.878855609760157
433 5.385309718488221
434 4.843358920270041
435 5.065996488645255
436 4.9265562473930835
437 5.192435540477776
438 5.492540275823696
439 5.485019540327954
440 4.995487604327893
441 4.66257194582403
442 4.90375697588343
443 5.130841596728361
444 5.317638593803489
445 4.972322199862216
446 4.7551745334856825
447 5.048284591225395
448 5.091126509382535
449 5.106349909552251
450 5.104315809228215
451 5.403209572163454
452 5.142534979940102
453 5.152734918128065
454 5.421710327940698
455 5.054596321344504
456 4.895136288686521
457 4.943378841558945
458 5.074448648225003
459 4.938259262006196
460 5.147522065520628
461 4.885831960299076
462 4.637277004707974
463 5.076970098604971
464 5.215475790383349
465 5.094886268892864
466 4.88094462915142
467 4.930137949294352
468 6.031754400990543
469 5.04825615630669
470 5.103653695061686
471 5.289700762879775
472 5.469910067057029
473 5.214423619645576
474 5.077384672030736
475 4.946141421010032
476 5.0470598077523015
477 5.015625229172441
478 5.002903414059675
479 5.095397933223447
480 5.251554253790448
481 5.818494912921246
482 5.3846117609235105
483 5.2155972765130665
484 4.849405128162999
485 4.771937794155145
486 4.741808000111605
487 5.108334607111702
488 4.914095510525705
489 5.74462819691447
490 5.766890214086618
491 5.590245076927185
492 5.0868861011273045
493 5.374134631656668
494 5.319555991705014
495 5.586342520415866
496 5.280833066715986
497 5.252004196026784
498 5.546988381419698
499 5.4902960509199765
500 5.513457076213564
501 4.876325372064985
502 5.388815807644603
503 5.215512744941191
504 5.490392335218569
505 5.203007398547162
506 4.973853691328603
507 5.165334455743915
508 5.718577551511558
509 5.4533320583252065
510 5.503086315224216
511 5.36913031407539
512 5.018683777565835
513 5.200098743497436
514 5.221705834271404
515 5.281376011332618
516 5.355645146088209
517 5.26404876371434
518 5.270360881208323
519 5.368807230605173
520 5.251486532455824
521 5.442331329478866
522 5.304522665999593
523 5.307782786016021
524 5.019958793868755
525 5.2781847975621075
526 5.396683000404893
527 5.025812663756375
528 5.229242973391698
529 5.53646819664945
530 5.395344376722702
531 5.286476640477588
532 5.689486950337217
533 5.394585441953669
534 5.584669034528337
535 5.640418661065331
536 5.769187613639148
537 5.391926873519737
538 5.195776768880767
539 6.019479769390754
540 5.381786414508739
541 5.205809583857319
542 5.046971590573804
543 5.262676186821398
544 5.169671682602886
545 4.900310415135312
546 5.2114851077733135
547 5.366262920143276
548 4.994078698043511
549 5.349134061551083
550 5.272340460661447
551 5.178759810859643
552 5.067983586118447
553 4.896190698364412
554 5.264089200930182
555 5.489813906314733
556 5.2794350156628065
557 5.536544435220334
558 5.29447178859382
559 5.45485413796821
560 5.225753963161655
561 5.297983550623124
562 5.214149686408693
563 5.676100569673053
564 4.942949637101076
565 5.748799181829545
566 4.987179631235082
567 5.1347229948997875
568 4.993220233731647
569 5.2124662134079
570 5.034432409750776
571 4.964194852567512
572 5.239884404829058
573 5.351563242554314
574 5.163435317466683
575 5.652262427234716
576 5.246194049256227
577 5.296601903467255
578 5.222168467329663
579 5.071686103176423
580 5.343269506287374
581 5.148891709878524
582 5.144654834902435
583 5.433154377390109
584 5.137351156675864
585 5.1636324313292725
586 5.305649647954127
587 5.023494688571416
588 5.00795159141926
589 4.932692000220742
590 4.7795025352452285
591 4.96272251872176
592 5.153854537131883
593 4.936314092273473
594 5.147951682434885
595 5.124648210405693
596 5.174889201989996
597 5.062015692747412
598 5.477721100956128
599 5.21696764621695
600 5.078668026866733
601 4.994527727871738
602 5.277921323957125
603 5.386054806378177
604 5.230666183096013
605 4.970864254966782
606 5.260354667379652
607 5.042774887815619
608 5.450111307869428
609 5.427454998958365
610 5.414922922102866
611 5.152212499044346
612 5.414348579387197
613 5.140533335438599
614 5.0167015276120095
615 5.339813517344844
616 5.234477576931323
617 5.675640125213397
618 5.127846368369586
619 5.072593584751517
620 5.106384627938447
621 5.035411823199783
622 5.133996814024373
623 5.309478806558175
624 5.232217625908726
625 5.324377269852983
626 5.053599509844487
627 5.300780355734333
628 5.24813330170922
629 4.953873696260135
630 5.267052644988185
631 4.985133286189047
632 4.929281924190538
633 4.54450511824355
634 5.229876987960512
635 4.956969267029652
636 5.1230081959992315
637 5.269719609945057
638 5.192891830905016
639 4.973319880793262
640 5.10650170930018
641 5.047855113287797
642 4.8558729326330585
643 5.813663494514849
644 5.523437461352089
645 5.433922054606159
646 5.00846407970907
647 5.3312306530926366
648 5.648802337461019
649 5.867488172013043
650 5.55066103777033
651 5.5900603875499755
652 4.900669445449383
653 5.318448279794935
654 5.047273495682537
655 5.133458745212595
656 5.177984187386473
657 5.011644694638058
658 4.759809107000157
659 5.5566180059740695
660 5.272358025280612
661 5.392818121951273
662 5.015083243088585
663 5.3744255272101125
664 5.101955334430382
665 4.6424460626805
666 5.294876925266168
667 5.027594266650495
668 5.010420692807684
669 5.829279415560754
670 5.699321653314222
671 5.195387324643761
672 5.335875343977126
673 5.191551372274846
674 4.963741449482148
675 5.163522448015844
676 5.04801108742832
677 5.372664964302534
678 5.440919014986129
679 5.183364002413443
680 5.225774714572087
681 5.522744974960107
682 5.480823636294527
683 5.316763617411909
684 5.410905692037851
685 5.4690613494949805
686 5.416549904925437
687 5.498252871254656
688 5.228942307753108
689 5.253312400984483
690 5.0254388370309515
691 4.930985345868107
692 5.10664788959475
693 5.256240875962623
694 5.046885252857097
695 5.0638289890469155
696 4.9878105841618146
697 5.033975905653817
698 4.758098023704072
699 5.007341981520553
700 5.262407536888888
701 5.323124025689557
702 5.361727172143562
703 5.041388800054928
704 4.9836721911766215
705 5.247600400108152
706 5.144793304738615
707 5.133959367956504
708 5.021577581060893
709 4.971762519398237
710 5.1961222049783755
711 5.268455294327026
712 4.914007701767649
713 5.0171031027788215
714 4.9691546576759125
715 5.052764226385593
716 5.00540492003086
717 5.159568062629637
718 5.260154133745669
719 5.0428491615586815
720 5.197201849966234
721 5.156704177999492
722 5.171628786911007
723 5.341638381593959
724 4.9943902029462794
725 5.055517799865765
726 5.411016651689667
727 5.699252022328071
728 5.119886447219263
729 5.288179109651892
730 4.872697086930792
731 5.391582915877214
732 5.615073167768541
733 5.46198889198757
734 5.076298614749834
735 5.144646982669989
736 5.356618265379653
737 4.926924216333336
738 5.0672693642008255
739 5.074907878960772
740 5.3972396832029705
741 5.462821243718766
742 5.292901027094542
743 5.446051647409785
744 5.1754957798056145
745 5.242251121211744
746 5.244147593865841
747 5.34361003036859
748 5.0755748612007014
749 6.189275296580349
750 5.360146114173329
751 5.343494905138224
752 5.271835111247883
753 5.187751591538606
754 5.416619773212309
755 5.41835299111347
756 5.192427791667986
757 5.2368362217914495
758 5.168459836300977
759 5.190999378692542
760 5.336821187780065
761 5.428414227126847
762 5.321133542084605
763 5.254795477806621
764 5.239788495146528
765 5.428430300851128
766 5.571555247311576
767 5.9992012660609415
768 5.8564413652497
769 6.130009541893776
770 5.7326080915929545
771 5.321017667907845
772 5.197028168524664
773 5.337413265650979
774 5.111201926595507
775 4.970028616407854
776 5.2199381410911645
777 4.977770713725451
778 5.189389612569254
779 5.020246378995136
780 4.9625395222232145
781 5.190214190913606
782 5.235366148804703
783 6.031467618444438
784 5.145342053628829
785 5.122069630605275
786 5.30677385933758
787 5.118647370812416
788 5.150852179677655
789 5.050612072406586
790 5.340112149616061
791 5.163918869518438
792 5.449647716326058
793 5.232968696537265
794 5.238010055276466
795 5.304957514818119
796 4.992543992738219
797 5.137594041297508
798 5.004271179634324
799 5.327400837376304
800 5.091010881025973
801 5.3344859361984724
802 5.14470765053265
803 5.000287222686323
804 5.323236597996599
805 5.029436810314518
806 5.200576041407012
807 5.038376836576069
808 5.059552989793544
809 5.2335531251228735
810 4.871376432810729
811 5.148321497364686
812 4.953578562445621
813 5.375510765785276
814 4.909545707230319
815 4.753184851737033
816 5.0738722827758655
817 5.188832201424367
818 4.886239799279647
819 5.178497284675412
820 4.97368325088475
821 5.230160729672973
822 5.096326157524219
823 5.3702798164625705
824 5.197030841282736
825 5.31074973926575
826 5.121389426168878
827 5.4944807244357445
828 5.814594052809672
829 5.013259492486204
830 5.103035667216697
831 5.1855755890306074
832 4.9083404093993295
833 5.031449611315941
834 5.408046546968281
835 5.3186909517562855
836 5.1660530368494735
837 5.216203969191692
838 4.935720538587054
839 5.588503603318502
840 5.13234327583482
841 5.059633220258319
842 4.9052931099113595
843 4.990469318326201
844 4.9446630799416775
845 5.245951497786155
846 5.426889432230549
847 4.950185543089717
848 5.021286805586885
849 5.2741284953957255
850 4.929248136768146
851 4.832575764533323
852 4.638805668727927
853 4.776917545819259
854 5.040315686653855
855 4.811626652819935
856 5.027768313799814
857 5.321214709231512
858 4.956253382939737
859 4.861028846931454
860 5.387238482256739
861 5.404269034279215
862 5.1900062085452365
863 4.808448679645741
864 5.266108943716817
865 5.113760858514303
866 5.348540058553061
867 4.989900677047072
868 5.200463539565166
869 5.081115338746519
870 5.24932590522273
871 4.777614583775142
872 5.2571943182498115
873 5.525194056742621
874 5.2049990757429345
875 5.240287462681757
876 5.17951207445464
877 5.212515827941882
878 5.065441241533666
879 5.196851884889234
880 4.971193857371584
881 5.029125700138039
882 5.058821851710907
883 5.057085323077403
884 5.016728393467122
885 5.169051125303715
886 4.786704382062634
887 4.801764357493447
888 4.696095231811544
889 5.071701986806697
890 5.04860936123923
891 5.103905695041559
892 5.117586297868549
893 4.998533692678043
894 5.070652942710728
895 4.836412047432837
896 5.150934985708821
897 5.02023710938489
898 5.193873952841664
899 5.214434000301042
900 4.868649688321552
901 5.272663292915221
902 4.9529689145926294
903 5.18567689304967
904 5.22167695980737
905 5.7277041807897655
906 4.915057637123187
907 5.140498741504999
908 5.365061540456701
909 4.95842662027317
910 5.298925307514779
911 5.122014474623747
912 5.169903022665068
913 5.276769969168082
914 5.216865447994909
915 5.063457733654819
916 5.274636285116646
917 5.082283755097253
918 4.83055004111802
919 5.131826430633671
920 4.998842688678329
921 5.093760346058135
922 5.230918065898983
923 4.78201621278571
924 5.0493647067956084
925 5.113720060652084
926 4.923274319951031
927 5.129418621185463
928 5.0122770491550055
929 5.028648586941608
930 5.240807533194657
931 5.0302637466630875
932 4.947790905334987
933 4.845011714644724
934 5.100274446540206
935 5.164461214045641
936 4.851708273199368
937 5.436429534140983
938 5.202697038546472
939 4.832300234638474
940 5.225932521743318
941 4.992795255142053
942 4.91791939067966
943 4.886084255592604
944 5.078227251544254
945 5.18126178688246
946 5.14744696186895
947 5.540115466891786
948 4.995322835300724
949 5.1166102008821275
950 5.176330929611697
951 5.20019948160406
952 4.779463686576791
953 4.92627834285971
954 4.975148390344766
955 5.3175223619188
956 4.919511037203952
957 5.1858782974306585
958 5.1122812456287505
959 5.153220644244179
960 5.084184025700342
961 5.127747441593327
962 5.144720257372125
963 4.931677432790765
964 4.854267116967867
965 5.3092313120902785
966 5.024643163137557
967 5.293221168856724
968 5.2404076188512425
969 5.161160705430732
970 5.055120874112942
971 5.044332357139678
972 5.052488426198172
973 5.044317880280471
974 5.107066189937459
975 5.1470866214168804
976 4.751830961284221
977 4.875185434831983
978 4.882674463821405
979 5.017242060015141
980 4.932616668350144
981 4.7814295296003495
982 4.956857555426327
983 5.1759363894586885
984 5.063995930013727
985 5.311139414083054
986 5.371592293593639
987 5.041448207788581
988 5.3482970049482415
989 5.3974709330102
990 5.042065418817678
991 5.277043526935825
992 5.177693736004023
993 4.970889834643062
994 5.30085294040301
995 5.149842910724673
996 5.282090374008709
997 5.238612321226407
998 4.866738270953941
999 5.235082523754279
1000 5.178306874484024
1001 5.014759431112539
1002 5.032262595076941
1003 4.957821319179395
1004 4.989035475500121
1005 4.6932601556195594
1006 5.266511181489845
1007 5.087798854665984
1008 5.235429370516949
1009 5.170126275868287
1010 5.060355550357243
1011 4.8430307589257655
1012 4.799552094355458
1013 4.876824176296515
1014 5.101469479255409
1015 5.056563755994487
1016 4.7639082560872
1017 4.5532675732942565
1018 5.049116551711232
1019 5.096405195606449
1020 5.096224035449019
1021 5.2036800013797455
1022 5.1164674763999685
1023 5.111378603642677
1024 5.139704933798507
1025 5.264350193991931
1026 4.67759569638631
1027 5.24788462969226
1028 5.312925614781059
1029 5.076084009269244
1030 4.99255722449483
1031 5.522189695933943
1032 5.255058169576095
1033 5.097508325713763
1034 5.286975764147903
1035 4.904251720327759
1036 5.272683263349796
1037 5.51496119353378
1038 4.987244348027475
1039 5.282139531226019
1040 5.14238967878662
1041 4.794137245148863
1042 4.889941986369018
1043 4.97666843334011
1044 5.023158971593762
1045 4.828912918224533
1046 5.151756571816597
1047 4.9706625171492345
1048 5.0664217944310925
1049 4.959413088441712
1050 4.719226844889018
1051 5.264502494992873
1052 4.880142934146654
1053 4.62027528801285
1054 4.7100598428224085
1055 4.953920613938866
1056 4.767767168618324
1057 5.119730172292861
1058 4.587544751124777
1059 4.757547811013682
1060 5.099114616946917
1061 4.936534987030163
1062 4.795656853729771
1063 5.09610366835783
1064 5.152469716132845
1065 5.030476996660061
1066 5.0830104790359725
1067 5.089853829096713
1068 4.887203666061502
1069 4.8748908189155635
1070 5.481419196054952
1071 5.112519912787895
1072 5.33910403706273
1073 4.960893567524473
1074 5.1241208243373775
1075 4.921819206782637
1076 5.193575292657953
1077 4.909975089913996
1078 4.639684194822077
1079 5.0845959297113685
1080 5.275084208760189
1081 4.786721715210351
1082 4.804524491566671
1083 5.5100717040133524
1084 4.860432440812457
1085 5.208633322865845
1086 5.2178312369369175
1087 5.228011841943744
1088 5.1084762027781965
1089 5.0596749067131475
1090 5.140714073322391
1091 5.437158123343712
1092 5.183062084214527
1093 5.131899493774517
1094 5.471215638503257
1095 5.26498405965989
1096 5.345088267274553
1097 5.1097087104636465
1098 5.22663729539308
1099 5.757021722729081
1100 4.748211624109689
1101 5.206318054025801
1102 5.463625251681289
1103 5.154642492062156
1104 5.168660223269771
1105 4.898126318426465
1106 4.6148036885931445
1107 5.460770471114975
1108 4.933588112768061
1109 5.110575395776769
1110 5.402091060492946
1111 5.328979886365119
1112 5.305532308936271
1113 5.193638792960349
1114 5.375107205163521
1115 5.041786380488137
1116 5.327966858904185
1117 5.39124802545437
1118 5.04445462936581
1119 5.514104958574004
1120 5.120944500599329
1121 5.062303371365108
1122 5.2304513002246065
1123 4.844521683935676
1124 5.066218905209975
1125 5.0636915306000425
1126 5.145821512523934
1127 5.375835827753592
1128 5.162310862100809
1129 4.913223797773857
1130 5.089009269374441
1131 4.942192415161167
1132 4.778173298275422
1133 5.487949323910154
1134 5.113149364057977
1135 5.25644425085888
1136 5.003425273757646
1137 5.09149361517602
1138 5.322291182337501
1139 5.022397285708457
1140 5.284849095006455
1141 5.145908980772031
1142 5.140664772327708
1143 5.156177512429552
1144 5.4095309546713475
1145 5.097672677413302
1146 5.250001515838576
1147 5.453494759282318
1148 5.048320211690029
1149 5.230233243693936
1150 4.892991161081411
1151 5.283396180176278
1152 5.637914544606611
1153 5.199740126162992
1154 5.264229060244414
1155 4.909969012873855
1156 5.01296140511522
1157 4.819091315673143
1158 5.238215025616968
1159 5.091112761827831
1160 4.909228442656162
1161 5.0490431932654145
1162 5.234867668620725
1163 5.037397532626026
1164 5.388441377931824
1165 5.06432981060617
1166 5.04304378031466
1167 5.323540863052553
1168 5.044511645120754
1169 4.960953273922225
1170 5.158252743697862
1171 5.034551857301701
1172 5.060073975917249
1173 4.993703264961828
1174 4.986754787945327
1175 5.042896738600363
1176 4.936114672287667
1177 4.917169910238141
1178 5.225127744457771
1179 5.274739645058388
1180 4.959527600915466
1181 6.242870123890155
1182 5.333385271612492
1183 5.413959393030826
1184 5.779809487886578
1185 5.09481689341383
1186 5.30476124763604
1187 5.2528276105002565
1188 5.04845028819016
1189 4.922815737578332
1190 5.284411302911061
1191 4.974137618941822
1192 5.005853297302648
1193 4.918136042011756
1194 5.0403866291688155
1195 5.2368396062246045
1196 5.102746060977388
1197 5.193147060612816
1198 5.172565237181421
1199 5.135211513929179
1200 5.217796877360543
1201 5.154346713824307
1202 5.066152385866814
1203 4.874234529898808
1204 5.249777293398387
1205 4.872268634645975
1206 5.090388130915434
1207 5.279273202603163
1208 4.911131674533685
1209 4.862025845563938
1210 4.842595774627336
1211 5.070527690345393
1212 5.105300108958369
1213 5.104101104705708
1214 4.874507882736971
1215 4.806829891205981
1216 5.163365679840543
1217 5.24672373982159
1218 4.663465778723922
1219 5.034446369887809
1220 5.035243544816212
1221 4.735911649305196
1222 5.205837304341769
1223 5.152435455395483
1224 5.0030561325093785
1225 4.8935987372596985
1226 5.308248881968448
1227 4.914110875269006
1228 4.972011717040195
1229 5.059141886036989
1230 4.901962122721306
1231 4.984055981418424
1232 4.657032583629872
1233 5.13050147168058
1234 5.160897735093916
1235 5.063592079807739
1236 4.828444631787769
1237 4.765078869985703
1238 5.217068551403347
1239 5.535631681439892
1240 5.573316337383321
1241 5.3531660866330295
1242 4.945195333175415
1243 5.092787910213315
1244 4.915052164226004
1245 5.006170797015644
1246 5.113274316018253
1247 5.011027340608636
1248 5.075067078982217
1249 4.762210085070831
1250 4.785442798004273
1251 5.319967029258123
1252 5.376648057046938
1253 5.051791600711051
1254 4.780698838835079
1255 4.887520750732612
1256 4.824481519380615
1257 5.297287088399324
1258 5.135640698987252
1259 5.091058528323697
1260 5.314165676445183
1261 5.074225781544016
1262 5.030099766672913
1263 5.097333722233336
1264 5.010511357327362
1265 5.0954117986640535
1266 5.159698820167164
1267 5.125229320987451
1268 5.0627216194961555
1269 5.084410449010576
1270 5.008466439229166
1271 4.851547937212506
1272 4.83782815199872
1273 4.8273254734955735
1274 5.040468496509524
1275 5.26348587582457
1276 4.820070304351659
1277 5.081784756616405
1278 4.817074433756295
1279 5.031317179032175
1280 4.9304695462369095
1281 4.982071234473373
1282 4.789869207586881
1283 5.067888341996706
1284 4.80145727657694
1285 4.886822599824034
1286 5.457022623795916
1287 4.984579391775672
1288 5.125442843821324
1289 4.845093389243147
1290 5.173655571660226
1291 5.296459374492397
1292 5.072494157433434
1293 5.1049331364298665
1294 5.214406563724726
1295 4.825628015791784
1296 4.797740226779741
1297 4.98274569249941
1298 5.041136853207206
1299 5.632635172869362
1300 5.589237110562631
1301 5.302687005723539
1302 5.6396373134067845
1303 5.24116170459744
1304 5.601979169351009
1305 5.483847762836445
1306 5.423496635950684
1307 5.02224421891148
1308 5.136340825532922
1309 5.252178309091552
1310 5.445322801095066
1311 4.778221781640975
1312 5.414486233016325
1313 4.970765352888021
1314 5.144194777172506
1315 5.193507849609169
1316 5.07235549647027
1317 5.195478486912153
1318 5.06627759074578
1319 4.8749508525798015
1320 5.014163804471734
1321 4.76531451291539
1322 5.098617216301791
1323 5.10148894239512
1324 4.934001358615087
1325 5.2759210674577055
1326 5.0918852412282405
1327 5.12946480657891
1328 5.180072244285383
1329 5.021059452761975
1330 4.736017599559081
1331 4.7109442327562085
1332 5.393751863502262
1333 4.996627171364381
1334 4.824812496907142
1335 4.898367494062537
1336 5.0938515146682795
1337 5.530418732141129
1338 5.185738549915886
1339 5.185286663752591
1340 4.956292933937953
1341 5.416979632629737
1342 5.318549531777208
1343 5.096156767707416
1344 5.081702083918292
1345 4.952155421504757
1346 5.268846566636861
1347 5.1294234698004635
1348 5.337321528635732
1349 4.974495722724857
1350 5.279780981576886
1351 4.988343956557244
1352 5.57337361983677
1353 5.28421744352308
1354 5.072290268420437
1355 5.244751536926594
1356 5.028730696602591
1357 5.093599937849098
1358 4.772345766606934
1359 4.914387636508238
1360 5.312371738192201
1361 4.9600614462951595
1362 4.971493040976044
1363 4.916363025398968
1364 5.272177411555422
1365 5.159852653312415
1366 4.994500203921217
1367 4.970298387397061
1368 5.152599066244271
1369 5.2737200269752895
1370 5.205474056942016
1371 5.022796905198919
1372 5.266268583166264
1373 5.203750658574417
1374 4.975139508399929
1375 5.1894879372833005
1376 4.978946291905981
1377 4.7382322479757795
1378 5.350508483639945
1379 4.944295043800584
1380 5.053448559929103
1381 5.090243041973987
1382 5.367699740069492
1383 5.371656108891457
1384 4.840037223653339
1385 5.573741983964202
1386 5.098031587614418
1387 5.247332191430947
1388 5.30917744839282
1389 4.990661993000077
1390 4.995494708232013
1391 5.261456520829104
1392 5.270031291902415
1393 5.43893681507926
1394 5.317400251213118
1395 5.024979940730235
1396 5.121781996425467
1397 4.877853137765032
1398 5.06145760079775
1399 5.159126229126583
1400 5.124835501622819
1401 5.003512606274999
1402 5.117150006611808
1403 4.909441763903549
1404 4.988532216465044
1405 4.855534547878066
1406 5.023640832446491
1407 5.044233808197642
1408 5.233523778426958
1409 5.363518004760916
1410 5.133924712963581
1411 4.902437988026444
1412 4.8807343909403365
1413 4.998777547636297
1414 5.032055253592939
1415 5.003397562492638
1416 4.888697525750209
1417 4.857017175075087
1418 5.280719053039544
1419 5.157430372958672
1420 4.895594027000355
1421 5.082662648176384
1422 5.007782297054623
1423 5.070839813177577
1424 5.277581226566474
1425 5.098349315030624
1426 5.0215106150608975
1427 5.0783768104817
1428 5.215345586688349
1429 4.926126640046994
1430 4.9563559247122395
1431 5.117137550327102
1432 4.799261464846706
1433 5.143752406362503
1434 5.194485813671875
1435 5.220569229101503
1436 4.828783965372428
1437 5.122007803237213
1438 5.341856189014074
1439 5.076819158225891
1440 5.378306364560781
1441 5.03511420271111
1442 5.5327761504461215
1443 5.035423745730543
1444 5.184205218853531
1445 5.045674325031629
1446 4.857295393300874
1447 5.010491878969972
1448 5.139187127035791
1449 4.908495331660295
1450 5.088944871165982
1451 4.986786977927061
1452 5.002156882947181
1453 4.897906809452591
1454 5.120471112992819
1455 4.937304046127992
1456 4.883543442963231
1457 5.4858258392879495
1458 5.013732117348948
1459 5.204184324527416
1460 4.928388542541561
1461 5.078744598550694
1462 4.84094262337633
1463 4.8429890082875495
1464 4.957573159062381
1465 5.516831115503937
1466 6.079169564652241
1467 5.143476014473125
1468 4.863775530527346
1469 5.035356924278688
1470 5.157711855816269
1471 5.1163722423978015
1472 5.419967676208707
1473 5.034722700345766
1474 4.9427603140423715
1475 5.228624772573846
1476 4.920146004148976
1477 4.715742843780109
1478 5.233921063824281
1479 5.131327126035282
1480 4.990083781143975
1481 5.023084128637572
1482 5.143429668811815
1483 5.0320920960814055
1484 4.958383241366729
1485 5.13429108006593
1486 5.121957668824519
1487 5.162177113575107
1488 5.478599048196797
1489 5.258417700743441
1490 5.129384041037491
1491 5.011403598049546
1492 5.46336059756368
1493 5.083619053648775
1494 4.578495040046676
1495 4.921526891993466
1496 5.4331599461165565
1497 5.293064910127801
1498 4.993560365670594
1499 5.0628430190778175
1500 5.084763164321674
1501 5.122405880567854
1502 4.946163122692159
1503 5.258272979106692
1504 5.253370221075569
1505 5.605656999006907
1506 5.31006985619095
1507 5.193411735034086
1508 5.20607607889447
1509 5.268160960637985
1510 5.136229123296038
1511 5.337111711229798
1512 5.014928475140147
1513 5.060750356985962
1514 5.049450497203434
1515 5.1435625835364505
1516 4.970724313279712
1517 4.991149803202898
1518 5.078734804162557
1519 4.7404965469098554
1520 4.821675253224205
1521 5.132630093536057
1522 4.741273228198949
1523 5.2507044154911995
1524 5.049135125256783
1525 5.015464702249067
1526 5.049232279553713
1527 5.278145644358112
1528 5.220545242987125
1529 5.205562110653758
1530 5.411985910323828
1531 5.3619707537256085
1532 5.119924985715946
1533 5.203925563753908
1534 5.499472421834037
1535 5.50617932691347
1536 5.139962386701414
1537 5.043043727897773
1538 5.047356737847409
1539 5.038401015267983
1540 5.314427015778195
1541 5.208617922325059
1542 5.269493064604659
1543 5.362364307621227
1544 4.736161697912246
1545 5.079020770461843
1546 4.886884745741622
1547 4.926408689112439
1548 5.124356542780448
1549 5.029525588316624
1550 4.830136046730217
1551 4.819068934818977
1552 4.8380749741200075
1553 4.835051922776214
1554 5.154938246648226
1555 4.94457907863216
1556 4.8411301383108585
1557 5.05784051279102
1558 5.01366808125261
1559 5.1399993463579
1560 4.874508591101632
1561 5.431068354038896
1562 4.838409367023375
1563 5.188664517728194
1564 5.180941135961126
1565 5.313210621644821
1566 5.029952763538336
1567 5.243733589880103
1568 5.133955984259154
1569 4.696599305841031
1570 5.462080524253652
1571 4.879528674276159
1572 5.4741557056491
1573 4.61836318855775
1574 4.89455570165241
1575 4.719410150574995
1576 4.720124409499914
1577 5.131679177526792
1578 5.348832370901211
1579 5.032656822478614
1580 5.167999643688013
1581 5.095711749747091
1582 5.135033985734684
1583 5.1483064092349275
1584 5.700004465656629
1585 5.1674051888155805
1586 4.996807424832507
1587 5.047210298775891
1588 4.925093397071567
1589 5.078678751638467
1590 4.49610848779279
1591 5.133566071282951
1592 4.822568040965977
1593 5.496955235407101
1594 5.390708876586006
1595 5.116664915451654
1596 5.063708583830803
1597 4.877612142777875
1598 5.055548746129713
1599 4.846079439779822
1600 5.0327420654138795
1601 5.00914169666084
1602 5.224346557556749
1603 4.741060960800552
1604 5.386655552301386
1605 5.278303227998205
1606 4.950489788976174
1607 5.055432470660923
1608 5.135180076954648
1609 4.80307091766558
1610 5.2528863277080635
1611 5.328094242130051
1612 5.15733361602017
1613 4.978807715035333
1614 5.219517863377654
1615 5.155740820766128
1616 5.513706200286803
1617 5.13059501503746
1618 5.329806808961006
1619 5.2464712357312155
1620 4.947738489023019
1621 5.052073075840097
1622 4.577343397719171
1623 5.06805856165963
1624 5.354582593839503
1625 5.04750238870499
1626 5.810415161036178
1627 4.8503158465020135
1628 5.063633353747585
1629 5.456508863025435
1630 6.036852637561635
1631 5.010255480934791
1632 4.9834761896889574
1633 5.124526387014655
1634 5.144388008572898
1635 5.049373656486563
1636 5.295107606098561
1637 5.328030638682647
1638 5.010641483076557
1639 4.95732416030861
1640 5.582243818090036
1641 5.301284164366706
1642 4.829692036741155
1643 5.008948809817282
1644 4.910933106327441
1645 5.351021375029401
1646 5.042574487072032
1647 5.11255777542276
1648 5.319623824423187
1649 4.969587702494942
1650 5.363068830085516
1651 5.715581454297364
1652 5.078661299348059
1653 5.244319617496656
1654 5.253005690763736
1655 5.195661410611888
1656 5.522081086620578
1657 5.0663466278704385
1658 5.171316241907548
1659 5.086132805797414
1660 5.274122812547786
1661 5.175332566056656
1662 4.776340556696503
1663 5.311480675968547
1664 5.3065759192777815
1665 5.136002076308808
1666 5.070523710101307
1667 5.236341131267655
1668 5.089460527308061
1669 5.302391600810339
1670 4.865178413297376
1671 5.03167206707185
1672 5.072800768181126
1673 5.249501792857338
1674 4.8288431026447585
1675 4.850801711662151
1676 4.9858787681553824
1677 4.806130310715938
1678 4.916605122183263
1679 4.849129669187099
1680 4.870338450608085
1681 5.196223022584762
1682 5.602090476319633
1683 4.7614023942722525
1684 4.947337047507904
1685 4.854457783260368
1686 4.953932970763963
1687 5.142465051348995
1688 5.19394599916203
1689 4.974077485418121
1690 5.54237128343762
1691 5.055012747635665
1692 5.096633923777071
1693 5.133938151037529
1694 5.237922893733404
1695 5.196595521151341
1696 5.393259147667306
1697 4.645205537624288
1698 5.221874218535808
1699 5.952530679149864
1700 5.082416669639345
1701 5.15131405549098
1702 4.943039032717211
1703 5.386121846341373
1704 4.85387269517679
1705 5.218084187591898
1706 5.13996278251796
1707 4.911897752211853
1708 5.762443590875234
1709 5.497272010576415
1710 4.718943424246587
1711 5.972614797525439
1712 5.9025635352266494
1713 5.813695640312256
1714 5.113984421403522
1715 5.242645884417344
1716 4.80504560460114
1717 4.863005685177517
1718 5.933842000517107
1719 5.1903601903778975
1720 5.248576990339213
1721 5.384198956605724
1722 5.345563109189479
1723 5.249910030964274
1724 5.174640120310351
1725 5.142398857914222
1726 5.345698335391301
1727 5.233432049195881
1728 5.270481850422823
1729 4.544268960613592
1730 5.210852882970091
1731 5.3755837257853045
1732 5.408034682071875
1733 5.483535738183252
1734 5.399085928290486
1735 5.101042138043406
1736 5.314220391143548
1737 5.371834400033191
1738 5.134748830489957
1739 4.84481730490345
1740 5.610658672985115
1741 5.466956291502665
1742 5.3950127607786165
1743 4.9871549873362975
1744 5.668782165304129
1745 4.9964804152893985
1746 4.74738605476566
1747 5.270866098901601
1748 5.022211446467286
1749 4.814549068347528
1750 5.2330960020193995
1751 6.225042236535029
1752 5.240575497586136
1753 5.733259348738846
1754 5.0271124215683525
1755 5.340776316318191
1756 5.310104717523622
1757 5.223120985454497
1758 5.118179969912323
1759 4.968215641153329
1760 5.048452584713103
1761 5.443758669529795
1762 5.190453347306907
1763 5.018111800085533
1764 5.096825000565252
1765 5.123584581071496
1766 5.088577474093189
1767 5.066317885988352
1768 4.7028790846748585
1769 4.954950713001866
1770 4.895829582420618
1771 5.3113294136301095
1772 5.096283247970346
1773 5.350989037545812
1774 5.170341004710144
1775 5.208184292935616
1776 5.091580239629638
1777 5.587030960488747
1778 5.525891909781092
1779 5.18469949294556
1780 5.005550592255211
1781 5.377908365250767
1782 5.294243382653983
1783 5.316580525977364
1784 5.162719417996118
1785 5.570962937124511
1786 5.2638159079327815
1787 5.19424823660725
1788 5.189373928057087
1789 5.060343998848588
1790 5.254773804026561
1791 4.918202823846055
1792 5.088398313299427
1793 5.542052577679703
1794 5.32843072662356
1795 6.1309928858543
1796 5.298833166379634
1797 5.2913443926548585
1798 5.788508478700123
1799 5.205379991650669
1800 5.365709688514416
1801 4.836855039672786
1802 5.0602457943506645
1803 5.2148777783118545
1804 5.046801456134134
1805 5.346861476448199
1806 5.531993809575761
1807 5.274446799586016
1808 4.941651861810058
1809 4.973426057662046
1810 5.304145224357648
1811 5.174350643330301
1812 5.452127952999491
1813 5.0825363053178805
1814 5.022112953711942
1815 5.021426663649998
1816 5.099811516898042
1817 4.996615672025586
1818 5.452143426603995
1819 5.265388933698134
1820 5.220389739661891
1821 5.275395924694332
1822 5.231842028745768
1823 5.372586644840592
1824 5.737218250942
1825 5.697248904947988
1826 5.426855906165724
1827 5.574565189697389
1828 5.32242833317083
1829 5.260010230088278
1830 5.427165988246649
1831 5.127025574238242
1832 5.388592480704751
1833 5.1035888710796815
1834 5.371799545978854
1835 5.204701835091857
1836 5.394140486823386
1837 5.082691488449726
1838 4.992177885809071
1839 5.022957502561606
1840 5.35529156462852
1841 5.068067525931612
1842 5.185044202008157
1843 4.9664842714104065
1844 5.429823672334005
1845 5.523177608656889
1846 5.285399568845087
1847 5.24883155954745
1848 5.21804742658469
1849 5.128053999533159
1850 5.259203005580358
1851 5.062836078023703
1852 5.628497686792452
1853 5.166430219248641
1854 5.208850596275244
1855 4.9670081519557945
1856 5.181348540478348
1857 5.1554033181116
1858 4.960282809305797
1859 4.975898341614277
1860 5.1051087994566196
1861 5.4081375513448116
1862 5.375762031328306
1863 5.03326516210165
1864 4.978536426571646
1865 5.058155589622205
1866 4.96564564233396
1867 5.516133453841448
1868 5.403307810347859
1869 5.288476198926544
1870 5.147448166424661
1871 4.920421283982517
1872 4.736731005882476
1873 5.308538040203846
1874 5.4161824084467725
1875 4.624908290562999
1876 5.164786211126478
1877 5.160576010126938
1878 5.249966034345867
1879 5.026454480712478
1880 5.28863009168383
1881 4.873687171660062
1882 4.738410845406747
1883 5.0805010070307635
1884 5.102259543363091
1885 5.104942689509902
1886 5.104357156355589
1887 4.805189442776561
1888 5.088290424797288
1889 5.2669601614158825
1890 4.877809849652178
1891 5.332755144299645
1892 4.9267043384326445
1893 4.992574791849446
1894 5.1112419780093985
1895 5.116233873878565
1896 5.155044503792636
1897 5.137611254066984
1898 5.0111884282491275
1899 5.147698278744685
1900 5.075883607912663
1901 5.08295669499581
1902 5.125352936172931
1903 4.95528369893073
1904 5.223456994104234
1905 5.804016753958045
1906 5.173224676009479
1907 5.165326955255265
1908 5.250710360352074
1909 6.0884503371340255
1910 5.406116098777408
1911 5.2295873417115475
1912 5.540811629390181
1913 5.0945377198105195
1914 5.118631168568104
1915 5.0588745640788835
1916 5.027727656657402
1917 5.219230201132043
1918 5.252977826658358
1919 5.341620531134842
1920 4.976157953248867
1921 5.42900168361142
1922 5.103792654123191
1923 4.982285046730498
1924 5.194902888563317
1925 5.287610671368855
1926 5.325936033355692
1927 5.211412054408024
1928 5.230173362981069
1929 5.702993847767807
1930 4.913288507769284
1931 5.167256231385701
1932 5.375707177046969
1933 5.315516921528295
1934 5.508506049083324
1935 5.086693711754783
1936 5.243813274246317
1937 5.060672409537834
1938 5.124786865463246
1939 5.072084505175816
1940 5.156701497151949
1941 5.41302621396201
1942 5.060603369017768
1943 5.315382753567829
1944 4.948709325100805
1945 5.378559304697148
1946 5.096690033021543
1947 5.1744018712741715
1948 5.107482125932833
1949 5.048699888411447
1950 5.833733925951746
1951 5.257312670857071
1952 5.344425725225561
1953 5.057509233373615
1954 4.999554445683538
1955 4.884928050226597
1956 4.868262355658905
1957 4.998859380773404
1958 5.272334595576487
1959 5.1260058739779835
1960 5.158213556432655
1961 5.301677373125534
1962 5.0005426431889655
1963 5.231313861628468
1964 5.2253513720827645
1965 5.26778993885611
1966 5.417231521109457
1967 5.240877256259741
1968 5.181759040422747
1969 5.084334192321629
1970 4.746853620983815
1971 5.553760964770308
1972 5.384195388465358
1973 5.075637127068443
1974 5.279353355334344
1975 5.13337556650668
1976 5.101564312933613
1977 5.177457674160899
1978 5.007551984951437
1979 5.235429371282681
1980 5.126201400342731
1981 5.120532810442238
1982 4.794123631845903
1983 5.207684588826139
1984 5.316586912936124
1985 5.380723416484784
1986 5.226683576724749
1987 5.191883996790695
1988 5.222531805003389
1989 4.880616091113264
1990 5.057913639416246
1991 4.893240997573051
1992 5.08373284955053
1993 4.9380787329458125
1994 4.996353798698941
1995 5.37305583612081
1996 5.381249081713298
1997 5.389199334358619
1998 5.4343952345165984
1999 5.346185349807553
2000 5.707693678578362
2001 5.101464253575031
2002 5.1355085650682835
2003 5.050805999596231
2004 5.550905358347478
2005 5.471015363123831
2006 5.014810348022211
2007 5.374282461545791
2008 5.474326988349767
2009 5.116662239743525
2010 4.918351902366775
2011 4.881372271455165
2012 5.022064686055582
2013 5.076747584133132
2014 5.151639700750485
2015 5.89635837333799
2016 5.060371137125933
2017 5.199272118852777
2018 5.394872058958824
2019 5.120170692393426
2020 4.978564186616056
2021 4.913552856261605
2022 5.548373516958782
2023 5.270915950714502
2024 5.280495360012194
2025 5.045300108603093
2026 5.083337686017557
2027 5.288129216517236
2028 4.948567081559286
2029 5.002379860767088
2030 5.509260637281809
2031 5.1718903570876185
2032 4.844083345259639
2033 5.039513948838718
2034 5.088294766214867
2035 5.1690582138150525
2036 5.241936192777349
2037 5.4664787660853
2038 5.236806109506318
2039 5.067256065009469
2040 5.284536390335434
2041 4.986229787057127
2042 5.042242711369631
2043 5.026073228573463
2044 5.126172257091729
2045 5.022664952529215
2046 5.142220921235533
2047 4.86966088629504
2048 5.138822877917241
2049 5.150488802189032
2050 4.910660567718808
2051 4.9887814802025865
2052 5.084828620315964
2053 4.938867295452155
2054 4.865466057877615
2055 5.116660978130422
2056 4.93649040833931
2057 5.328065516311647
2058 5.128080791956345
2059 5.204126135253111
2060 4.67687737912787
2061 5.10590263518188
2062 5.279167026680915
2063 5.114734820646029
2064 5.126904590554358
2065 5.231912776779793
2066 5.2132082138229885
2067 5.1105161583866945
2068 5.7918159574415204
2069 5.1885025305531105
2070 4.908757747022459
2071 4.947278816219918
2072 4.8849792634158185
2073 4.933958461735741
2074 5.254781273114044
2075 5.533579710741438
2076 5.255479986128555
2077 5.023723806798829
2078 5.191404256394414
2079 5.024302773261839
2080 5.1324724982640895
2081 4.928573474930882
2082 4.866893816884641
2083 5.123124153568795
2084 4.948525030322992
2085 5.2743102145663405
2086 5.138743073705551
2087 5.367745131240047
2088 5.4308489804725015
2089 5.021660615698072
2090 5.50301437065818
2091 5.067501149427386
2092 5.022878971300143
2093 5.452224832907529
2094 5.286395935479078
2095 4.9577309680103
2096 5.263135621852241
2097 5.113592736619679
2098 4.930605908303767
2099 5.109184383163119
2100 5.0352325609971444
2101 4.952393343090486
2102 5.26748180764979
2103 5.051856148106024
2104 5.279605768115372
2105 4.87633775071407
2106 5.136932267917698
2107 5.179821610574761
2108 5.0815636891608715
2109 5.309511407256649
2110 5.062784692753374
2111 5.185536836381785
2112 5.399311435276815
2113 5.332862189325405
2114 5.150391081561911
2115 5.299181840806104
2116 5.121466518185823
2117 5.152303538938888
2118 5.244322691286664
2119 4.92566843471689
2120 5.053203564061917
2121 4.977770330194085
2122 5.2911654932119
2123 4.724893757621424
2124 5.021616967558113
2125 5.198173124579764
2126 4.712907254784487
2127 4.744904957927777
2128 4.863778080224704
2129 5.527993454587564
2130 5.0618846183280635
2131 5.147853374248322
2132 5.086568775744767
2133 5.172876566556954
2134 4.905916094016959
2135 5.443509140432897
2136 5.28569231618784
2137 5.295834937767676
2138 5.351231411411114
2139 5.024617418761875
2140 4.917865865641797
2141 5.069205565885163
2142 5.274119002383131
2143 5.248116882719328
2144 5.39942086620751
2145 4.936412194678678
2146 4.767035926019722
2147 4.977627452459806
2148 5.256133403625783
2149 5.441722556907361
2150 5.239138408353475
2151 5.480629935853496
2152 4.967733293912086
2153 4.814905379931047
2154 5.019830233425918
2155 5.126512636194478
2156 4.909694459008729
2157 4.975111005906306
2158 5.246028027970416
2159 4.92117504758679
2160 4.914456880193979
2161 5.151255950566506
2162 5.1424442604822
2163 5.065907071871363
2164 5.214267171759647
2165 5.143231818952035
2166 5.106691298760344
2167 5.115924878235356
2168 4.931888930448465
2169 5.271899643344964
2170 5.049499361870408
2171 4.927022454702671
2172 5.294121300979532
2173 5.0606733577186835
2174 4.824845361596074
2175 4.80241011947599
2176 5.008418501341856
2177 4.968110369748783
2178 4.917353173039205
2179 4.932380585858868
2180 5.053286729931082
2181 5.288639278880604
2182 5.191054321547626
2183 5.299253391149663
2184 4.73595209680751
2185 5.136269990985033
2186 5.25885641004368
2187 5.11388827368411
2188 5.360843782179836
2189 4.863018912185849
2190 5.161345266820089
2191 5.252313325602797
2192 4.88151200520106
2193 4.885399852660782
2194 4.9214688320126
2195 4.9660065312333925
2196 4.956107473244991
2197 4.994157175625606
2198 4.790461896954761
2199 5.2200729134103785
2200 4.906045434164968
2201 5.022218487226614
2202 5.034069773054778
2203 5.202558903560388
2204 5.1155563881995825
2205 4.750433012226401
2206 4.90928743024461
2207 4.749012465012836
2208 4.773699789156223
2209 5.064564494334484
2210 5.0812664215866
2211 5.121031495159882
2212 5.619649093002077
2213 5.081099365707872
2214 4.935478390065238
2215 5.108877216891131
2216 5.246744599486113
2217 4.99722110404642
2218 4.842160117445703
2219 5.099458392805885
2220 5.180619916127276
2221 5.347442500448749
2222 5.07435514848934
2223 5.377021657514825
2224 4.859384294811842
2225 5.397506888844838
2226 5.256845378471979
2227 5.332255487327097
2228 5.009182786437133
2229 5.046804249566811
2230 5.038163456899445
2231 5.119463439260562
2232 5.167587405840281
2233 5.219583821003752
2234 5.1053124815202535
2235 5.041153026167313
2236 5.296058082729254
2237 5.185740020137586
2238 5.247028313782799
2239 5.398165119263244
2240 5.108205769349681
2241 5.071660604336346
2242 4.757348522099855
2243 4.968654956090381
2244 5.329604167401045
2245 4.898957496579879
2246 5.413771410463553
2247 4.988100761714266
2248 5.20195163997283
2249 5.2738313678158555
2250 4.900477703739672
2251 5.154204183645748
2252 5.106371116729644
2253 5.52674177881565
2254 5.347131818522408
2255 5.179423679352249
2256 4.646838949161686
2257 5.166641422741272
2258 5.138820873152747
2259 4.94930267304842
2260 5.162711407568395
2261 5.173303983546361
2262 5.294386686077028
2263 5.148609444410982
2264 5.110497248214143
2265 5.380633648293786
2266 4.926549863934608
2267 5.098984878444599
2268 5.1677472908817474
2269 5.013224750189243
2270 4.9595915500743235
2271 5.033305385938412
2272 4.85377946882397
2273 5.42659381147154
2274 4.937941193790447
2275 5.251836779509764
2276 5.51276765837129
2277 5.274728078377181
2278 5.522978895570816
2279 5.403015991264267
2280 5.5311860795777905
2281 5.292597268840323
2282 5.467964745883007
2283 5.426667878413645
2284 5.680564991628879
2285 5.176707277533449
2286 4.927895851084909
2287 4.892876114558152
2288 5.516759591024452
2289 5.273280992712134
2290 5.47931964166124
2291 5.570822628805915
2292 5.5705653228405065
2293 5.327700263995413
2294 4.950551940546852
2295 5.546650297312137
2296 5.387471855338931
2297 5.270778830470024
2298 5.279891863696024
2299 5.31003376148504
2300 5.4396464585787125
2301 4.906061185372727
2302 4.823437563099627
2303 5.02295691193702
2304 4.962249761930432
2305 4.840518726946063
2306 5.013161040442409
2307 5.224163054494526
2308 4.9894361060126835
2309 5.097496007829283
2310 5.077970981605222
2311 4.973666805603772
2312 4.846296867820857
2313 4.693482495261943
2314 5.331628044902577
2315 5.299164932300865
2316 4.956951054305334
2317 4.810862177521383
2318 5.013681558995248
2319 5.072778881428284
2320 4.8189456002920705
2321 5.13848891427096
2322 5.199268903653811
2323 4.90763709552171
2324 4.871295036906359
2325 4.95369296164909
2326 4.872480720180922
2327 4.980276190158193
2328 4.947693400998815
2329 5.1525736468889285
2330 4.932804247074428
2331 5.141840367185068
2332 4.957595164067133
2333 4.912251255234917
2334 5.147539502819997
2335 4.74476814032303
2336 5.194962408641113
2337 5.050923966279505
2338 4.804064879174117
2339 4.842175636541267
2340 4.750091724643172
2341 5.029659092812497
2342 5.063015441370626
2343 5.062791683080855
2344 4.9166077317809975
2345 5.225105553050509
2346 5.082434471773844
2347 5.163724881639035
2348 5.112862455155478
2349 4.90285243357924
2350 4.9780184863081995
2351 4.931663022531181
2352 5.02980178928059
2353 4.8062910746854834
2354 4.952675226879832
2355 5.273291412719799
2356 5.0048657142421416
2357 4.893887828669186
2358 5.64693486351636
2359 4.9873122008791455
2360 5.047544795679847
2361 5.289706172024657
2362 5.193853982869699
2363 5.095586774481989
2364 5.542844510858785
2365 4.816374615672818
2366 5.268006279038151
2367 5.188379558590845
2368 5.219513631751712
2369 5.85680781758955
2370 5.460656598406048
2371 5.284073926160876
2372 5.172126417878994
2373 5.488066899437625
2374 5.1541382132647025
2375 5.452493824203278
2376 5.131399927668072
2377 5.262185667184239
2378 5.102931854416283
2379 5.21956053676769
2380 5.308389359223044
2381 5.348601155326112
2382 5.234478591682132
2383 5.208565340352048
2384 5.312058287082764
2385 5.016544857410722
2386 5.160472457808961
2387 4.8921567462172435
2388 5.075355498033829
2389 4.961580905326965
2390 5.199706714474115
2391 5.44954941433569
2392 5.229344463639706
2393 5.132510196030155
2394 5.302694792947617
2395 5.106453357764687
2396 4.937391055954459
2397 5.122842019792685
2398 4.909461739411282
2399 5.226039608029077
2400 5.111576207163015
2401 5.5997897296527634
2402 5.407410545819724
2403 5.176118135037458
2404 5.614334750261167
2405 5.168218367350442
2406 4.882751303337821
2407 5.263240171476087
2408 5.089664933125413
2409 5.099934217063575
2410 5.173178598322484
2411 5.365453211936276
2412 5.124031245400419
2413 5.018158433051065
2414 5.157020267456467
2415 5.2821817330082785
2416 5.2023207054141665
2417 5.171682193618867
2418 5.109374240379021
2419 5.5193785637255734
2420 5.219000866306858
2421 5.144682776940342
2422 5.099498661303791
2423 5.444444385693198
2424 5.251716587647337
2425 4.861542140141877
2426 5.057391690521168
2427 5.133314168139329
2428 5.204403361831756
2429 5.478128850833277
2430 5.172849390294868
2431 5.349251846984286
2432 5.318352323777341
2433 5.384146573749066
2434 5.823366544557976
2435 5.000712165645545
2436 5.079312183645608
2437 5.121969863476586
2438 5.0619008090636095
2439 5.269071437855931
2440 5.480911241192629
2441 5.189307324392341
2442 5.417163376373469
2443 5.59762027571469
2444 5.288672837964074
2445 5.188116276078282
2446 4.935168821487819
2447 4.877898058757492
2448 5.1296605687832475
2449 5.328322479954664
2450 4.910566421417703
2451 5.674854514980805
2452 5.064957830440754
2453 5.522080584144794
2454 5.4482578435408335
2455 5.034740076315173
2456 5.087248821110745
2457 5.206736723463422
2458 5.187119196925338
2459 5.104966473500205
2460 5.052877263512613
2461 5.0819959040947555
2462 4.820522001445472
2463 5.07297114897233
2464 5.434436025887341
2465 5.289341584763429
2466 5.071701280506895
2467 4.960123099212221
2468 5.344198703500383
2469 4.964473886392836
2470 5.0031650804515895
2471 5.214051064567205
2472 5.09933061270857
2473 5.331353280310981
2474 5.047417797557734
2475 5.14594756585656
2476 5.3801425526674365
2477 5.1511753407429035
2478 5.279315141096619
2479 5.504998414731332
2480 5.184054963374062
2481 4.888975832873822
2482 5.146382688679611
2483 5.039999319171092
2484 4.977755004533664
2485 5.164946900352867
2486 4.959652493806964
2487 5.423693178509103
2488 5.438646739912827
2489 5.170977945770855
2490 5.584933885106215
2491 5.369436420025031
2492 5.253832545942555
2493 5.205779535196035
2494 5.266994301819865
2495 5.26288012154759
2496 5.3047389778279195
2497 5.420669652131074
2498 5.7406455392824185
2499 5.533974053755917
2500 5.092383147423637
2501 5.3082340806370505
2502 5.740033827935542
2503 5.063902588535011
2504 4.981751579637788
2505 5.161252647377941
2506 4.985144662564484
2507 5.148696414788311
2508 5.231664338060554
2509 4.929982248780615
2510 5.178617954569046
2511 4.8264296459413485
2512 5.146524034575961
2513 5.103040302660965
2514 5.005835131836358
2515 5.315878043357014
2516 5.26520035726327
2517 5.0470922036622
2518 5.274189894545117
2519 5.087984042398114
2520 5.832247987740948
2521 5.548308292772947
2522 5.48605252764211
2523 5.583239442892078
2524 5.768827303631815
2525 5.65021427390247
2526 5.785742642486715
2527 5.0714042548723715
2528 5.195675013239186
2529 5.48749174619358
2530 5.6224975240098045
2531 5.574070109106945
2532 5.349755637867537
2533 5.567943223758005
2534 5.069729703503713
2535 5.263141007774351
2536 5.439842253839444
2537 4.7766497269265
2538 5.222129075280525
2539 5.304774469684292
2540 5.046309325147151
2541 4.8803010536718805
2542 5.147068031309492
2543 5.039308030931176
2544 5.149896879289203
2545 4.995345085059193
2546 5.068663251133994
2547 5.465171120751259
2548 5.189712720095235
2549 5.218398887760403
2550 5.369315220020036
2551 5.10918358325493
2552 4.8135118829444075
2553 5.494613929182115
2554 5.197873018550193
2555 5.263304373975485
2556 5.078138800193878
2557 5.030725011458182
2558 5.178757795276693
2559 4.995507446511356
2560 5.242043212836411
2561 4.952030503114049
2562 5.211109058944465
2563 5.040049678583148
2564 4.948762339936536
2565 4.860847626410796
2566 4.885851166297796
2567 5.2320123508698675
2568 4.947244221259684
2569 5.088368784281671
2570 5.226562289257376
2571 5.173702542115684
2572 5.032812854052833
2573 5.015684680345545
2574 5.285464294653559
2575 5.055881764765067
2576 4.910324007767074
2577 4.970379214974424
2578 5.421976050836425
2579 5.180649763569305
2580 5.165113118199741
2581 5.315652819533582
2582 5.008034529086563
2583 5.145448253582539
2584 5.212259010706702
2585 5.292374794356618
2586 5.453334309019786
2587 5.0400597479956755
2588 5.116172361081845
2589 4.965900323610135
2590 5.050703239968402
2591 5.041465276509239
2592 5.08352005355881
2593 5.171833764176743
2594 5.271983686236829
2595 4.960451773999719
2596 5.114349098582922
2597 4.99241737132581
2598 4.948690854494069
2599 5.3730529748267015
2600 5.426133536601613
2601 5.415558123225954
2602 5.504831616337531
2603 5.462228185845689
2604 5.6834314691627155
2605 5.639323665532848
2606 5.609597354401807
2607 5.386269802757896
2608 5.712168145475351
2609 5.302222374760581
2610 4.987588690406095
2611 5.330807184324805
2612 5.327735895700948
2613 5.430351315684209
2614 4.971417521075366
2615 5.241695570114131
2616 5.282332299690683
2617 5.022228187081322
2618 5.039867416430841
2619 5.339815438219851
2620 5.148630788939288
2621 5.3092399893384865
2622 5.446653803546092
2623 5.684453883410112
2624 5.33644680567297
2625 5.179181072886504
2626 5.496075760243609
2627 5.710264967151179
2628 5.421517047477579
2629 5.030186807302589
2630 5.226936362774395
2631 5.473367022398424
2632 5.366692500845844
2633 5.007213788360106
2634 5.362628039471259
2635 5.060030288661712
2636 5.2758978817990405
2637 5.586323055085267
2638 5.481959528750249
2639 5.369628049194341
2640 5.3737130806439595
2641 5.378354881458314
2642 5.1605572460331475
2643 5.077427510948217
2644 5.148636096300111
2645 5.341728437472225
2646 4.919911922842887
2647 4.907812201481756
2648 5.201281551668093
2649 5.269540102052627
2650 4.867794184734253
2651 4.911288834560461
2652 5.081230836864834
2653 5.3191991359773745
2654 5.09503868133403
2655 5.239654194025715
2656 5.0045284221421795
2657 5.188469778149797
2658 5.075467120791207
2659 5.152962709013942
2660 5.2853703859608885
2661 5.321553520245593
2662 5.416165165028891
2663 5.176691552258472
2664 5.474055507304427
2665 5.271506463650888
2666 4.871213444691007
2667 5.421205145215897
2668 5.438378223316446
2669 5.3306942317694945
2670 5.280697102985108
2671 5.505853915904906
2672 5.307416315033016
2673 5.263640314603731
2674 5.365985036728445
2675 5.337661580832737
2676 4.998326724344206
2677 5.551480215832098
2678 5.484911383641366
2679 5.37575852880446
2680 5.259203499294284
2681 5.1443817483742365
2682 5.463874833791563
2683 5.179673761101325
2684 5.256259104616004
2685 5.386161438671416
2686 5.21252030843346
2687 5.3415385288117045
2688 4.987516911764554
2689 5.019542520514408
2690 5.170177761304466
2691 5.03380799104773
2692 5.116701899360693
2693 5.1842673887323185
2694 5.2992081280796475
2695 5.174754480996839
2696 5.023746823809654
2697 5.116720514074116
2698 5.4343135971695755
2699 5.217064958071041
2700 5.177850981635264
2701 5.015064845123779
2702 5.0467480827591
2703 4.96673731552086
2704 5.096482518047554
2705 5.326996837997402
2706 4.951311583509524
2707 5.19390857370709
2708 5.484466534758707
2709 5.081136308654476
2710 5.112917088970293
2711 5.262752960063107
2712 5.036081529786187
2713 4.969667583130384
2714 5.086953370610932
2715 4.9913785541177615
2716 5.2252017282595125
2717 5.096787468401155
2718 5.388301811012297
2719 5.213464740268749
2720 5.109750496809848
2721 5.318504566233943
2722 5.024626488242725
2723 4.998134647360784
2724 5.2166724380545375
2725 4.983808113150402
2726 5.011738573748408
2727 4.842657378180954
2728 5.0951073897613055
2729 5.397592282413028
2730 5.095163950938917
2731 5.2507923761542825
2732 5.0049302653645
2733 5.12812662387036
2734 5.234152867766422
2735 5.025234560970607
2736 4.843346084989552
2737 5.065262153653429
2738 5.3156367644685405
2739 5.033435010367807
2740 5.588817860243178
2741 5.682590533018133
2742 5.549446895382627
2743 5.546301116386603
2744 5.740086344470511
2745 5.533390490686088
2746 5.513884595294689
2747 5.012082308173808
2748 5.023768812127318
2749 5.215678073888753
2750 5.016986679398341
2751 4.991818247045614
2752 5.299143678003523
2753 5.163576821479951
2754 4.833469328044269
2755 5.593270673222309
2756 5.626797743809768
2757 5.336787477366286
2758 4.916853936431691
2759 5.348241243236968
2760 5.470885732963034
2761 5.144949644531579
2762 5.472229463836753
2763 5.487349966263709
2764 5.057866875110052
2765 5.212302818788133
2766 5.083062555884452
2767 4.902911061376489
2768 4.8710027063603025
2769 5.11682703010454
2770 5.272603145321286
2771 5.2499366337711635
2772 5.082154555956952
2773 5.08251901231478
2774 4.920846767897717
2775 5.311696781164597
2776 4.990799598873532
2777 5.2214214296392765
2778 5.172669721751525
2779 5.3217250739117175
2780 5.158454677911361
2781 5.3043717834073245
2782 5.023456283960613
2783 4.937722510410104
2784 5.086274702113099
2785 5.096484860096436
2786 5.156270235600671
2787 5.1037375097058
2788 5.163597186625302
2789 5.123434930315569
2790 5.236040860149116
2791 5.1031803194285805
2792 5.01780196603838
2793 5.167800645752324
2794 5.049078020516408
2795 4.989681463746602
2796 5.457409650249397
2797 5.001236348839412
2798 5.2451637866303775
2799 5.1514749989782205
2800 5.088473386800261
2801 5.626946043229354
2802 4.986080584392242
2803 5.231786641877682
2804 5.168868512740769
2805 5.316037197548298
2806 5.140961277555997
2807 5.138644936474538
2808 5.158508251199191
2809 5.304522933307072
2810 5.11194348203906
2811 5.134512128552218
2812 4.933038745145609
2813 5.1188953602877625
2814 5.231837136818812
2815 5.280371749760005
2816 4.93735522316761
2817 5.141364062699343
2818 5.282235659757224
2819 5.20972870202818
2820 5.251703070658019
2821 5.29863870746243
2822 5.186376998537494
2823 5.377278755163991
2824 5.292342072368786
2825 5.15439542485841
2826 5.03711336381482
2827 5.188402531607021
2828 5.2273006139603
2829 5.180493676345444
2830 5.027271920904132
2831 5.225241379708533
2832 4.931092676054758
2833 5.046438327970597
2834 5.213799686329606
2835 5.457879566145524
2836 5.529362619291355
2837 5.110791502242883
2838 5.093341838992991
2839 5.117094479846246
2840 5.306688134573857
2841 5.206866704249811
2842 5.11246841646521
2843 5.238657164708086
2844 4.937940564179009
2845 5.116030746098879
2846 5.276400738174885
2847 4.981214858978548
2848 5.418313400321065
2849 5.254275113884968
2850 5.13490892271798
2851 4.9066408538462
2852 5.084575668219226
2853 5.059283791378235
2854 5.112421135570531
2855 4.989717603793135
2856 5.254634405706837
2857 5.18423626731728
2858 4.894824880485457
2859 4.948317543960727
2860 4.931696164524312
2861 5.105481471666677
2862 4.988552171915389
2863 4.753258357076693
2864 5.283548609421675
2865 5.076228029185827
2866 5.053798741837127
2867 5.1573896100646754
2868 5.04304488762877
2869 4.996118940521703
2870 4.977923060958634
2871 5.13033181092964
2872 4.993326529291001
2873 5.017427142340789
2874 5.119323878619868
2875 5.090651022142214
2876 5.024603756741226
2877 5.369695440309792
2878 5.076739412258422
2879 5.40927350662653
2880 5.014452494948119
2881 5.065402499504174
2882 5.2909370957243835
2883 5.232184660204998
2884 5.150793513657594
2885 5.262668525208638
2886 5.520392303176523
2887 5.101473571774162
2888 5.318282637592719
2889 5.203444057301315
2890 5.020848710202636
2891 5.029058755494501
2892 5.1285794991408835
2893 5.470737462830707
2894 5.079826341756179
2895 5.004442770532986
2896 5.1923805601804665
2897 5.77971713761254
2898 5.317867386794116
2899 5.4611987849662595
2900 5.576415534083136
2901 5.423262572649589
2902 5.196191651091568
2903 5.325941155614029
2904 5.711035991937898
2905 5.709253306989571
2906 5.767460574256773
2907 5.439581727979267
2908 5.698833766730406
2909 5.511839458095865
2910 5.413786216100684
2911 5.652850541762191
2912 5.646605736089486
2913 5.768238177475775
2914 5.911612383093927
2915 5.558895004391239
2916 5.625752999309864
2917 5.648588211328917
2918 5.302601461967684
2919 5.524771084150534
2920 5.850583669909262
2921 5.606667064694322
2922 5.128988676375152
2923 5.656755684082303
2924 5.452183745730909
2925 5.316348920012691
2926 5.347883551312288
2927 5.692278048117307
2928 5.680220662386444
2929 5.553689229074465
2930 6.455813422802203
2931 5.593412830454012
2932 5.34124340973168
2933 5.446521766274064
2934 5.88790662830186
2935 5.538685219901288
2936 5.770167332710423
2937 5.887370343895141
2938 5.497312512321124
2939 5.503046806406049
2940 5.6639802200149125
2941 5.4862174423408065
2942 5.630857603829314
2943 5.442717672089099
2944 5.143094476511754
2945 5.149676444499059
2946 5.169046792399738
2947 5.535864411677411
2948 5.605099363328411
2949 5.9829556451534005
2950 5.5761943816567845
2951 5.4079786613112075
2952 5.379726717943529
2953 5.087475286532182
2954 5.143390982390211
2955 5.13477409782961
2956 5.58977516545478
2957 5.435566986695759
2958 5.401809646536148
2959 5.942819077562736
2960 5.556743728611373
2961 5.949037604723576
2962 5.312456707814167
2963 5.861066431647639
2964 5.5162348995507
2965 5.4345177708497125
2966 5.861626841171113
2967 5.84765529171814
2968 5.820432665749964
2969 5.087593763449233
2970 5.340325846267547
2971 5.412725601646161
2972 5.295073557931484
2973 5.064719802954444
2974 5.291933326149938
2975 5.254591218899844
2976 5.180885749287562
2977 5.291084213169226
2978 4.950612111746518
2979 5.207763582219778
2980 5.542476467640094
2981 5.500658756891279
2982 5.388987645370711
2983 5.911148195871559
2984 5.509050665883772
2985 5.55026494059558
2986 5.698480948784836
2987 5.3413606685756765
2988 5.096415237192575
2989 5.3181252968516315
2990 5.612458398748015
2991 5.391676882472041
2992 5.575902261909587
2993 5.464834716683477
2994 5.450818181759026
2995 5.65896523737855
2996 5.318703161490528
2997 5.221475570723676
2998 5.425630547851344
2999 5.832546298650674
3000 5.606084266579118
3001 5.143897897510484
3002 5.210410995130356
3003 5.1625310723565985
3004 5.225974084560416
3005 5.178235934287207
3006 5.2447356596162535
3007 5.306730057943576
3008 5.076196042103223
3009 5.4718129539272145
3010 5.3139785046242425
3011 5.10089506002396
3012 5.326769922062294
3013 5.082770888123559
3014 5.3226428718040255
3015 5.411587284667246
3016 5.146369116251313
3017 5.3724713792255105
3018 5.736879005977785
3019 5.081950273523996
3020 5.314387839189854
3021 5.3632981471837144
3022 5.2429217126307615
3023 5.046078206947768
3024 5.329508224675365
3025 5.427503878985797
3026 5.201954692400093
3027 5.37810673031354
3028 5.329014384737195
3029 5.195390986592699
3030 5.5401617950298645
3031 5.6259636818062395
3032 5.2157231067302545
3033 5.093998081470181
3034 5.531462400362461
3035 5.497766403964396
3036 5.033715857381925
3037 5.196168016441295
3038 5.218248870008553
3039 5.299216180142564
3040 5.155888657120365
3041 5.427044045320683
3042 5.217989191526047
3043 5.3332689725776214
3044 5.5294994345995105
3045 5.511284793893702
3046 5.465680188720819
3047 5.135713137410354
3048 5.240484510802752
3049 5.401070609383441
3050 5.558167866166263
3051 5.3979967496423145
3052 5.261197921143143
3053 5.313109500252331
3054 5.3321118401615015
3055 5.197079024362957
3056 5.094297196784944
3057 5.281443028979088
3058 4.988680431507097
3059 5.413439701847937
3060 5.370503665598341
3061 5.218771818323788
3062 5.268354184608793
3063 5.1019300997755375
3064 5.35521846909377
3065 5.501740635130355
3066 5.215906376313455
3067 5.320877288854497
3068 5.18324605897003
3069 5.309847191787568
3070 5.630141724711834
3071 5.703500448749014
3072 5.788650556570515
3073 5.37902588864847
3074 5.412500908665577
3075 5.154567572993204
3076 5.230865166515115
3077 5.208239587340177
3078 5.373341523105462
3079 5.47091487439055
3080 5.043046448724776
3081 5.05965771418107
3082 5.51383865112413
3083 5.5889184783901085
3084 5.488918071261034
3085 5.2446493178295714
3086 5.457272652438866
3087 5.1947169374570406
3088 5.292413956172829
3089 5.197996263242933
3090 5.086363509781707
3091 5.388001764280443
3092 5.242778068817008
3093 5.182563697591006
3094 5.40244122265043
3095 4.930108002474233
3096 5.032169125325405
3097 5.228252874193989
3098 5.311192607466022
3099 5.5849246429635775
3100 5.569131955960281
3101 5.41610161748356
3102 5.830432956196099
3103 5.672212481070724
3104 5.451903425306472
3105 5.957925409095539
3106 5.4056887458188045
3107 5.4485358444417
3108 5.636308381454692
3109 5.408140997010199
3110 5.23860008232134
3111 5.2216226412437
3112 5.247382356773951
3113 5.22541347952971
3114 5.160716837256062
3115 5.168510589205058
3116 5.349798428722498
3117 5.545120186385579
3118 5.123503846087352
3119 5.305202910861213
3120 5.119826016480082
3121 5.0530358883604505
3122 5.07129712777506
3123 5.323337234471256
3124 4.956809976171713
3125 5.012404087366384
3126 5.531064252377118
3127 5.159010943782063
3128 5.391494456072674
3129 5.32527463104035
3130 5.157719522031922
3131 5.206052941981867
3132 5.297158178011612
3133 5.294417273230796
3134 5.221161998889048
3135 5.345325749583899
3136 5.303631245921992
3137 5.125635070527069
3138 5.108686990096319
3139 4.985467471690253
3140 5.103161171264747
3141 4.899142359084259
3142 5.1546928118895785
3143 5.194554408314701
3144 4.926599587749185
3145 5.32446592745477
3146 5.11994822326441
3147 5.295741612992473
3148 5.259090699762712
3149 5.023861963548013
3150 5.116728647342457
3151 5.3006649004459385
3152 5.330445702551715
3153 4.987487478913661
3154 5.077964658127533
3155 5.115331039858405
3156 4.950096973293175
3157 5.131668538726223
3158 5.211779407717103
3159 5.4777091062219245
3160 5.202776009298843
3161 5.122783226228852
3162 5.160711107559196
3163 5.248909087032751
3164 5.1516412331468935
3165 5.7443548298142835
3166 5.027351474907865
3167 5.096381265222428
3168 5.482324473555036
3169 5.5226106173209395
3170 5.008832187642593
3171 5.34152983837063
3172 5.21629603906869
3173 5.165992924022665
3174 5.236357660309396
3175 5.227767507137736
3176 5.262543233373704
3177 5.15472044423581
3178 5.499011437242875
3179 5.302327781647397
3180 5.263114612163848
3181 5.3983256433676505
3182 5.436337017303579
3183 5.034556588728402
3184 5.27838973811703
3185 5.023841757187688
3186 5.297421210438448
3187 5.162376109459015
3188 5.214339096244367
3189 5.171533038631643
3190 5.146320263544512
3191 5.00416961206978
3192 5.2255611233778705
3193 5.311754153560774
3194 4.97270721888045
3195 4.954457769267187
3196 4.982461046272869
3197 5.234513160660821
3198 5.2037914473063775
3199 5.22941782240109
3200 5.7596221534637895
3201 5.232364879052088
3202 5.548999495174912
3203 5.020365258497015
3204 5.547748706359099
3205 5.053033890837693
3206 5.287893073302656
3207 5.0990781348989955
3208 5.374300000293049
3209 5.153482750675624
3210 5.71684854527038
3211 5.165469479404178
3212 5.420115537664792
3213 5.117093080942215
3214 5.335893318250494
3215 5.143012192547105
3216 4.875782874161644
3217 5.328482356686516
3218 5.128873354327823
3219 5.481592765906719
3220 5.314330455182813
3221 5.18147029114318
3222 5.655154688161282
3223 5.557492243211086
3224 5.434741245689664
3225 5.471444590576556
3226 5.439247685505212
3227 5.251724040629112
3228 5.348863014731782
3229 5.305595421618112
3230 5.314111294934858
3231 5.411770574687333
3232 5.888551881726952
3233 5.267025660890133
3234 4.912886103856248
3235 5.043897974680462
3236 5.019033012835299
3237 5.0841873330220615
3238 5.376301543328463
3239 5.2347225190529985
3240 5.7963052032875195
3241 5.7310792224047615
3242 5.7812536675074915
3243 5.863857008765202
3244 5.609529573221431
3245 5.656474809890095
3246 5.259099504155809
3247 5.4272371950434
3248 5.18057202631699
3249 5.1247933527344935
3250 4.98159724683805
3251 5.151952189373588
3252 5.130370549382221
3253 5.112494272987815
3254 5.1868333575766625
3255 5.147728938804859
3256 5.08277384076653
3257 5.165006614806938
3258 5.165292191401983
3259 5.585022784829647
3260 5.703731930626476
3261 4.98113976055612
3262 5.100856035243072
3263 4.858867381323696
3264 4.922188189525628
3265 5.135523679882819
3266 5.056124168077162
3267 5.129004785813782
3268 5.091548597029652
3269 5.074166344597058
3270 5.434521191812443
3271 4.950161817235333
3272 5.240744195576443
3273 5.463447067699784
3274 4.84775906513057
3275 5.21279417268505
3276 5.040844481099937
3277 5.216380719281789
3278 5.241870422370982
3279 5.240121524042782
3280 5.133195824667142
3281 5.346855190583983
3282 5.201795498031477
3283 4.9669539438551045
3284 5.4514313222480135
3285 5.636955348667292
3286 5.133138529588764
3287 5.682014742515916
3288 5.298873878450345
3289 5.126581906646129
3290 5.227397915208662
3291 5.455577362781885
3292 5.17856539642264
3293 5.389074080143184
3294 5.52129668654924
3295 5.0008857816528804
3296 5.619745859951992
3297 5.535412840920004
3298 5.4400233995470755
3299 5.380515470241846
3300 5.533742619381076
3301 5.0598764263161895
3302 5.149811627502386
3303 5.293861373265143
3304 4.976997480882636
3305 5.338300161346415
3306 5.29626679043082
3307 5.148880354982743
3308 5.2495400095785545
3309 5.481919459053957
3310 5.265922265969792
3311 5.1663569909073415
3312 5.215542743287091
3313 5.2458844063945005
3314 5.189486058501042
3315 5.226549523946245
3316 5.16710464331061
3317 5.266721257187649
3318 5.959032050520797
3319 5.5269829177018455
3320 5.368121101729068
3321 5.287714633275589
3322 5.422725569935325
3323 5.147181652999274
3324 5.405764702678861
3325 5.542394263943579
3326 5.696417753389701
3327 5.648308446740964
3328 5.560369534399153
3329 5.159525885830461
3330 4.998100426355104
3331 5.112232113290306
3332 5.2299052628331095
3333 5.149128943041138
3334 5.139640540537133
3335 5.310831339266059
3336 5.536744464600967
3337 5.779763790774732
3338 5.559486843976003
3339 6.093635750671217
3340 5.376663510682394
3341 5.062898836482718
3342 4.8645364323565845
3343 5.185828878022008
3344 5.122383379083922
3345 5.28991195059255
3346 5.127020218999208
3347 5.2311048620652585
3348 5.129451383711932
3349 5.639456144228181
3350 5.5344340213068905
3351 5.346577875580131
3352 5.641837399022118
3353 5.612498132322313
3354 5.584342230277257
3355 5.717887969365722
3356 5.037492850618252
3357 5.289009301865122
3358 5.099797808969621
3359 5.242667353760589
3360 5.140884353895934
3361 5.634314407814645
3362 5.6308221731788555
3363 4.976363685277786
3364 5.211487620289149
3365 5.29943019547219
3366 5.238462934322502
3367 5.124311173097448
3368 5.145197028934598
3369 5.278173011044785
3370 5.0172585983697635
3371 5.253061121862847
3372 5.157836248295605
3373 4.994678785305042
3374 4.8638324431036315
3375 4.902443697286602
3376 4.837622071239516
3377 5.06838246755037
3378 5.275001515825415
3379 5.460794461665638
3380 5.7471979513953775
3381 4.860143998090151
3382 5.177989486862309
3383 5.233482619367988
3384 5.435582963166815
3385 5.373086553581036
3386 4.771508920319039
3387 5.097975627816733
3388 5.212417443591269
3389 4.9509672739740225
3390 5.143340659827571
3391 5.049237535038062
3392 5.182862868423248
3393 5.028866573562047
3394 4.852929844221238
3395 5.301678413270428
3396 4.960023778667123
3397 5.458223412447177
3398 5.347055702470759
3399 5.272763927799694
3400 5.262044056150877
3401 4.852062520808028
3402 5.267360835193767
3403 4.968052541271861
3404 4.981985433056747
3405 5.185055595883948
3406 5.372555827721411
3407 5.104552210134068
3408 4.95502274314951
3409 5.248568456162571
3410 5.294404403349501
3411 5.079229645283069
3412 5.162735955705117
3413 4.949224459903528
3414 5.104257826791031
3415 5.115551566931123
3416 5.370979589492378
3417 5.178148942948158
3418 4.694505158804789
3419 5.330980323303144
3420 4.98149932576751
3421 5.224941735523738
3422 5.233883204092687
3423 5.289348727213411
3424 5.10925330713349
3425 5.771816701438063
3426 4.930420536368007
3427 5.297763998837173
3428 4.975383413292253
3429 5.182160021971318
3430 5.236682023923344
3431 5.2241476371845295
3432 5.204103983198875
3433 5.1096765396001755
3434 5.287506314798521
3435 5.274234519984201
3436 5.335773600269788
3437 5.28776084953699
3438 5.184599878652723
3439 5.117707426521937
3440 5.076453889953256
3441 5.355904080700589
3442 5.178155401119213
3443 5.490261985630702
3444 5.81090436965139
3445 5.549549928740342
3446 5.329363378147735
3447 5.237359650722326
3448 5.133000234564773
3449 4.9799632825029185
3450 5.119725734553901
3451 4.9354708197397255
3452 5.3268055055928905
3453 5.27227131712047
3454 4.976314110463573
3455 5.089039768193316
3456 5.37407511038504
3457 5.283632780798695
3458 4.816931787295772
3459 4.915625055556588
3460 5.071676518953831
3461 5.261564693432263
3462 5.054387842788678
3463 4.941246607771401
3464 5.618633329619743
3465 5.416597165900951
3466 5.411956341912179
3467 5.136550822305083
3468 5.042339904220234
3469 5.486852913323114
3470 5.42748437729594
3471 5.1080206226901534
3472 5.100953066590738
3473 5.070113968849987
3474 5.241386117378518
3475 4.9715322938499495
3476 5.030312385731909
3477 5.394034568631739
3478 5.2153363660993675
3479 5.5076255042995905
3480 5.299914900364871
3481 5.178558858784709
3482 5.161466014620319
3483 4.905980106387717
3484 5.233956157354127
3485 5.247373409863068
3486 5.17512945584648
3487 5.502955499701584
3488 5.294786714279393
3489 5.213758650982212
3490 5.294289382490656
3491 5.345103799068803
3492 5.215274063301745
3493 5.448396783581655
3494 5.217546139751862
3495 5.439344530635119
3496 5.487035233685424
3497 5.160698082621864
3498 4.8978944012031596
3499 5.104544905188439
3500 5.1452029489345605
3501 5.033527918227255
3502 5.649085784088051
3503 5.234771792445119
3504 5.264175939446158
3505 5.211179741599326
3506 5.114153242924665
3507 5.139803996094326
3508 5.209140499746158
3509 5.361905277712357
3510 5.331933346325996
3511 5.282208053496767
3512 5.224537853199309
3513 5.54688619501246
3514 5.242538706601757
3515 5.170300235607169
3516 5.043755812764865
3517 4.928114181972545
3518 5.175269454918072
3519 4.947670747104826
3520 5.17487231427592
3521 5.245809158861358
3522 5.380544734250104
3523 5.102947088862528
3524 5.029357256681874
3525 5.2090221310089415
3526 4.99752126943075
3527 5.064655588135839
3528 5.23831616770742
3529 5.202393852703838
3530 5.166165356476885
3531 5.253818128501973
3532 5.61215609739789
3533 4.901945457520858
3534 5.31876307213825
3535 5.158384001887256
3536 5.207495467791596
3537 5.073795691238997
3538 5.210036639109141
3539 5.207617521212523
3540 5.299713914350516
3541 5.324893661464006
3542 5.09771408516286
3543 4.929701492605999
3544 5.059806660233766
3545 5.122450836289839
3546 5.09445322721813
3547 5.005800591150453
3548 4.970991595131988
3549 4.9763887795992385
3550 5.319586449949846
3551 5.158663066045778
3552 5.169711755765755
3553 5.528704606682137
3554 5.294773769923155
3555 5.410737302115736
3556 5.414633682251948
3557 5.1372132072733905
3558 5.359739648291897
3559 5.241547158858729
3560 5.190122207101358
3561 5.4129039686004194
3562 5.744199422421416
3563 5.233205539426351
3564 4.956642643290701
3565 5.088213141109939
3566 5.3734977727818025
3567 5.190596840622756
3568 5.301290262976174
3569 5.135337676124545
3570 5.239085515441997
3571 5.422729430370725
3572 5.093378869173664
3573 5.492267761475303
3574 5.424532160183298
3575 5.758623170357737
3576 5.047146449493623
3577 4.914338960914615
3578 4.9942760157073485
3579 5.1685141123189435
3580 5.681851922382859
3581 5.132884521791531
3582 5.361380720260645
3583 5.562094782328658
3584 5.724660463455795
3585 4.955020547540141
3586 5.376062473219782
3587 5.197568614442902
3588 5.657354434595686
3589 5.495268891838064
3590 5.681849962630974
3591 5.523746813952491
3592 5.541234793946168
3593 5.9691362701072395
3594 5.742306129557689
3595 5.936382092513857
3596 5.831818614851304
3597 5.678114271756436
3598 5.60520860302604
3599 5.596887712517545
