0 7.163399173662893
1 7.418622904985304
2 8.147451948370458
3 7.642381361118479
4 7.930145751691584
5 6.994869701283442
6 7.0135575330263595
7 7.148922258720006
8 8.010876073145385
9 6.870227514394933
10 7.626823020110798
11 7.548653556861583
12 7.629477119991144
13 6.844769357246028
14 7.158933405242282
15 6.89348860816585
16 7.166597241496228
17 7.069501688171337
18 6.8962656156475655
19 6.928869773328382
20 7.170677595201766
21 6.698760012491873
22 7.139680551760301
23 8.063036490011436
24 8.412879622323887
25 7.4779651876592
26 7.952028281241702
27 8.207529430970403
28 7.693755440204895
29 7.1652890815253905
30 7.575907232063778
31 7.2195100020291525
32 7.405975268666076
33 7.944380385387269
34 7.369006081257698
35 7.740090249512656
36 7.2995444117752655
37 7.064714951231064
38 7.793091115950788
39 7.066918509636584
40 7.175931299837718
41 6.958315425699658
42 7.103981035266259
43 7.615699516979377
44 7.63815066942508
45 7.527582714558045
46 7.154017417203283
47 7.344621950317624
48 7.434837192263432
49 7.35156419248375
50 7.280119471646717
51 7.294451029266532
52 7.015966838029677
53 7.279494144786433
54 7.766769790882529
55 6.805014549950127
56 7.323498291243836
57 7.145218390059576
58 7.27711082892139
59 7.829215350149023
60 7.701055150964031
61 7.727733472065223
62 7.397850199237074
63 7.402008098997081
64 7.317747218545159
65 7.44789784689193
66 7.083470323278127
67 7.193023844358906
68 7.58954073653133
69 7.6444850885369995
70 7.577623906251809
71 7.554553172900999
72 7.351348255119598
73 7.463614076558977
74 7.3004450275495785
75 7.424987696893919
76 7.660112832690487
77 7.453807850523581
78 7.003911011571792
79 7.834042038835648
80 7.975045072833903
81 7.340809119340926
82 7.356547238592131
83 7.632793887548856
84 7.739940110499593
85 7.388358582111814
86 7.49483396335647
87 7.5072870503511995
88 7.410948197232662
89 7.617873225032396
90 7.589399234862648
91 7.6749274796671685
92 7.1757747622293735
93 7.02979675106471
94 7.17638620118769
95 7.284056285634753
96 7.513302995992337
97 7.5292746314051735
98 6.6493415380121474
99 7.533515461552897
100 7.121725654521317
101 7.261282571841701
102 7.322232821760344
103 7.669902668759497
104 7.097950270551318
105 7.319185358974473
106 7.8477712417118894
107 7.151787163987208
108 7.715141222394933
109 7.898674484920247
110 7.629503614424572
111 7.653879038207634
112 8.025596693160445
113 7.525885440392389
114 7.623232856685347
115 7.636259835675303
116 7.757300445429716
117 8.18029151713921
118 7.939052679867827
119 7.795792156719985
120 7.444666801173745
121 7.97265804117394
122 7.901263327833679
123 7.734355042137225
124 7.606000911695231
125 7.768127745674531
126 7.642895424996063
127 8.000076872655471
128 7.8602662857075085
129 7.900075898011665
130 8.291384195090517
131 7.7453555340347515
132 8.313688465974819
133 8.021088324655194
134 7.917034278860885
135 8.014115643939187
136 8.005270355773654
137 7.743154394987896
138 7.488964291855193
139 7.970183605256729
140 8.542378383634269
141 8.26488388507271
142 7.923135786048449
143 8.262540867169381
144 8.638850834621282
145 8.461650598203942
146 7.495960062608855
147 7.697081875651695
148 8.019516106997111
149 7.661250796091323
150 8.01288019444661
151 7.381485046612066
152 7.706432678170906
153 7.328410852156593
154 7.853928483557931
155 7.6575375184637515
156 7.6578479012813325
157 7.7698507048198024
158 7.786865000346174
159 7.419776652885923
160 7.822287168821197
161 7.567575315512959
162 7.764456535104502
163 7.554331023380112
164 7.553330612229024
165 7.7933877187495355
166 7.625066677107199
167 7.313980388084627
168 7.603594481398629
169 7.797698990064398
170 7.3972022153920225
171 7.597084159572146
172 7.6661156860034545
173 7.496621699390106
174 7.715647871348378
175 7.56758820538931
176 7.537354069032341
177 7.556213956468885
178 7.835865063991766
179 7.7839778270204665
180 7.414320185746379
181 7.663293078030062
182 7.21356745408017
183 7.638067140842
184 7.4448189797258975
185 7.74424301984116
186 7.308469391550386
187 7.513354078320816
188 7.339802174914679
189 7.592498508963976
190 7.600761684216791
191 7.60382209894749
192 7.465713015881152
193 7.2291517890823345
194 7.4289046597330595
195 7.638565295725903
196 7.080908375148248
197 7.342110936781835
198 7.302581537464636
199 7.537444943337722
200 7.781439311997264
201 7.733511706807898
202 7.628574206240845
203 7.559495289103864
204 7.364987317321354
205 8.056783462642953
206 7.569801503147133
207 7.865306420416228
208 7.884398793931155
209 7.891897951130772
210 7.5719990611170145
211 7.524018677906328
212 7.750395859381917
213 6.729377116043934
214 7.834657248212204
215 7.431381428527657
216 7.877439900010824
217 7.304579020731655
218 7.712461612389742
219 7.357614886135426
220 7.908353277996603
221 7.832261079644908
222 7.795828615028657
223 7.547046167181577
224 7.890307406880431
225 7.484055934221748
226 7.604295919032908
227 7.5657119268873725
228 7.373303921947766
229 7.7653156344890135
230 7.675223476367059
231 7.638541733081059
232 7.444962140719136
233 7.699976626065081
234 7.311943843437821
235 8.169528430088754
236 7.710006955883867
237 7.4898048544006075
238 7.580167273930688
239 7.601630733163034
240 8.026750539647345
241 7.537782820047508
242 7.112839761747349
243 7.82346224511116
244 7.832552532888248
245 7.754659210657827
246 7.709406925609163
247 7.567638343309835
248 7.391828972327422
249 7.639840182400307
250 7.454497624755823
251 7.486610607403908
252 7.76810720499792
253 7.533686163356605
254 7.258433624962873
255 7.826188989403967
256 7.7374143881643365
257 7.646082291960138
258 7.615588760629116
259 7.6927215601545225
260 7.726537711950395
261 7.4214934287395975
262 6.97552801857572
263 7.442907674341522
264 7.354560432501039
265 7.754196215011272
266 7.230162680640869
267 7.62916239178024
268 7.98714383102869
269 7.5646373083031015
270 7.7804707552476495
271 7.480457754595548
272 7.487703031986946
273 7.476240596232357
274 7.217144894260798
275 7.572718180356975
276 7.571736679147198
277 7.25186339556725
278 8.001040077823248
279 7.298083172771902
280 7.392425042083615
281 7.353648493533338
282 7.937633509869346
283 7.8514569635598965
284 7.681239832832109
285 7.690798478181352
286 7.710621281199031
287 7.574957491937636
288 8.033210973317452
289 8.032531624505369
290 7.204744683950866
291 7.644074996037783
292 7.54848013188037
293 7.914565890850539
294 7.659753184166067
295 7.609780387511739
296 7.172947634811381
297 7.38948415569044
298 6.836341795448183
299 7.104863570145801
300 7.05133398270161
301 7.463183955784685
302 7.847173107545225
303 7.3464041994986315
304 7.854873505999359
305 7.643656660919087
306 7.824908046811897
307 7.550873771170145
308 7.6177361086903055
309 7.677561333284005
310 7.538517574087627
311 7.462510368853333
312 7.847482331390008
313 7.665852711333369
314 7.226110340768061
315 7.708182135892774
316 7.673892363721713
317 7.748702153429324
318 7.6519880403466285
319 8.012917041959701
320 7.347956981878884
321 7.664760108166304
322 7.8376992393926255
323 7.555416613524713
324 7.615208138695473
325 7.692448446907565
326 7.546175363962178
327 7.611619371159116
328 7.839410096800628
329 7.469928286427298
330 8.058488292938593
331 8.027487381171884
332 7.526017710136207
333 7.396137901450534
334 7.6123996410142905
335 7.462858773931347
336 7.4389244326031445
337 7.6627768311202615
338 7.784046933525368
339 7.629499607447656
340 7.924371645646431
341 7.890340800365866
342 7.889899369892168
343 7.89355156474103
344 7.721908654451978
345 7.8122756785092315
346 7.999833025496007
347 7.741836012783176
348 8.06993877279329
349 8.172806715751479
350 7.689261081319686
351 8.000545331293575
352 7.358675747525848
353 7.687808986633652
354 7.699183699174584
355 7.478799276082397
356 7.697027872297493
357 7.6733613628120025
358 7.334254449042041
359 7.856807900228685
360 7.508517310259855
361 7.6951659335453195
362 7.987716813307834
363 7.475819655094965
364 7.370583343136338
365 7.334775734897139
366 7.484921330099424
367 7.549870398424022
368 7.334801727465054
369 7.632594285331986
370 7.540875554803167
371 7.419836265503558
372 7.459989144570884
373 7.407500450022694
374 7.466135071736464
375 7.273091650941934
376 7.375534796814974
377 7.3024525456507385
378 7.3955332783072825
379 7.636096073086729
380 7.128508179130551
381 7.7552468350181
382 7.594283854161285
383 7.521139693742972
384 7.920666453918657
385 7.729339445659184
386 7.746063431204607
387 7.606648612518826
388 7.728799333078349
389 7.567219389590962
390 7.33617965845323
391 7.280070437468092
392 7.756024587423051
393 7.926889821698184
394 7.220327759919659
395 7.385622435901949
396 7.64813148045102
397 7.450012109399778
398 7.468153458634122
399 7.34611773576508
400 8.128210921662596
401 7.951685545643325
402 7.865452603304391
403 8.327537726521692
404 7.580446963237936
405 8.034115158376604
406 7.78818985037223
407 7.805284156204196
408 7.8642888364611965
409 7.74676572081101
410 7.723316825926863
411 7.628878328469949
412 7.860763155883989
413 7.886287858128948
414 7.99491682202499
415 7.726227110195062
416 7.97094296479998
417 7.9929453034816
418 7.935117753118062
419 7.892315459417238
420 7.742238727133119
421 7.725104815464078
422 7.851338344838772
423 7.905479644034133
424 7.8866283655349925
425 7.67740971417973
426 7.47873273768844
427 8.011188077796195
428 7.601796004603585
429 8.161216140185369
430 8.176299903831904
431 8.10184679423239
432 7.969609606332534
433 8.184290458208885
434 8.166744458557183
435 8.143501573559659
436 8.056866894856851
437 7.878403471851444
438 7.882686761262364
439 8.028611827506046
440 8.02692963022184
441 8.103034614082828
442 8.522349697885652
443 7.958572485536327
444 8.227223149576712
445 8.023674665322499
446 7.845529673993455
447 8.110885384390068
448 8.043508270038096
449 8.183428431823273
450 8.099366685715756
451 8.344353513185823
452 8.423688926880649
453 8.514210222927485
454 8.536759762582255
455 8.020268212343396
456 7.825906990064601
457 8.05097681933112
458 8.172593150523587
459 7.907358189913068
460 7.856457632040769
461 8.062570668285268
462 8.157037875795542
463 7.919880058434248
464 7.945091070050975
465 7.788176609426312
466 8.037150473359306
467 7.6099463236230305
468 8.281553755146705
469 7.760025923525516
470 7.963416242777033
471 7.932419625669701
472 8.007289015749475
473 7.789127333682371
474 7.965218006577191
475 7.880111253214524
476 7.937690126900352
477 7.933590549742516
478 8.094261348770688
479 8.045743225956748
480 8.49757020156342
481 8.27646693324938
482 8.60371277058418
483 7.955824019699206
484 8.118106780109253
485 7.521575408553855
486 7.9608530519099165
487 7.980224311022173
488 7.952434196202429
489 7.962607998380463
490 7.947391533433222
491 7.9627463254721835
492 7.812451314921193
493 8.299777983282093
494 7.993964318357368
495 8.13098498569225
496 8.028832055294059
497 7.782878779040517
498 8.195219224924687
499 8.235540436100102
500 8.245371509807228
501 7.752126253864015
502 8.071470404052292
503 8.036445139078342
504 7.805118464624743
505 8.045054831042814
506 8.03906925228704
507 7.898648293481189
508 7.868813280952305
509 8.269352905976714
510 7.94686582824359
511 7.556381895319616
512 7.6879597034133225
513 7.98535663943058
514 7.958077092078482
515 8.058220216548982
516 7.7133503184117735
517 7.988211985338083
518 7.589339566045236
519 7.8711719918289536
520 7.687971390111161
521 7.575555578575382
522 8.106387011335451
523 7.8210077294811535
524 7.702666791092626
525 7.624469881502654
526 7.820528145963778
527 7.9411999901852015
528 7.75083504818157
529 7.642513862862464
530 7.970206261710512
531 8.058532291351513
532 7.7240532674784825
533 7.953850712304573
534 7.735348393982458
535 8.04359271464131
536 7.613589104228711
537 7.9397951926518315
538 7.8194039431951925
539 7.986038452577591
540 8.028705584752306
541 8.12770486826416
542 7.951397207641029
543 8.245929617284625
544 7.847355899386031
545 7.8534446034400505
546 7.561147081749599
547 7.608775588274649
548 7.896219454123949
549 8.162851470506851
550 8.202154557841208
551 8.188792279101678
552 8.262086736111161
553 8.046292861184146
554 7.978758440590748
555 8.190447459917085
556 8.0005329072861
557 8.003143644039424
558 8.09578879342847
559 8.367574750523065
560 7.9910605995011155
561 8.271222332515611
562 8.09257078981356
563 7.806582840836225
564 7.550135762908286
565 7.976461419951252
566 7.750949563846224
567 7.923651798749716
568 8.039460259879311
569 8.026416317495249
570 7.430332359196356
571 7.858759808676909
572 7.766481437953871
573 7.737749457639903
574 8.176199824127028
575 8.076614673474609
576 7.629901750102734
577 8.145199385093868
578 8.218615438686529
579 8.14484854159648
580 8.189140503194265
581 8.22934549108855
582 8.288846245258929
583 8.223067267719046
584 8.048120895645315
585 7.794879183414706
586 8.012784936000985
587 8.040043915760402
588 7.7276566232403825
589 7.818486822310587
590 8.400759268305846
591 7.815658693023775
592 7.800893264277557
593 7.511764536571537
594 7.647530082534273
595 7.54491137768289
596 7.990184974306539
597 7.670357006287772
598 7.428434699186793
599 7.904977898276404
600 7.674711401507403
601 7.742326498029615
602 7.991244534090646
603 7.927727047238856
604 7.7962136749317485
605 7.92072528432584
606 7.467546871383556
607 7.544938400688204
608 7.446151856427868
609 7.897187977698482
610 7.725757164439447
611 8.00091905988747
612 7.506014787978305
613 8.035648090812774
614 7.785724855159002
615 7.711415628703333
616 7.547792891192038
617 7.765963797429992
618 7.974061055029046
619 7.798482655162128
620 7.490428104954056
621 7.810682739827073
622 7.834795858088457
623 7.845409416805296
624 7.501284409295959
625 7.891816655274637
626 7.816354964603395
627 7.477970898585461
628 7.966258371172902
629 7.438768715691032
630 7.70728075267281
631 7.602188586064128
632 7.38087001170164
633 7.843877759694925
634 7.6140389264895445
635 8.121128877261752
636 7.344599077412808
637 7.753836280267843
638 8.000359293110668
639 8.04229167650651
640 8.348665137832441
641 8.113460990357453
642 8.18868224261496
643 8.447574476239415
644 8.016402737207429
645 8.219131753210437
646 8.36306877144592
647 8.153755310542858
648 8.387386645370773
649 8.259847443881572
650 8.170580992554893
651 7.990523787747271
652 8.237475028865349
653 8.071385907560472
654 8.123765565074407
655 8.321864010904694
656 8.183116456796613
657 7.953719326718241
658 8.165809167398747
659 8.419189480880222
660 8.348105938585503
661 8.695661997584345
662 8.410021446702617
663 8.073512096121167
664 8.03082282329551
665 8.150140928544811
666 8.419084128564341
667 8.009632002713833
668 8.293034542612844
669 8.855905568693736
670 8.630130797739564
671 8.835509117401353
672 8.473983744928496
673 8.597536914168941
674 8.568531503708316
675 8.567219512839344
676 8.890310718698728
677 8.86915419705341
678 9.072992981891188
679 9.09198630091298
680 9.01878825203841
681 9.273185223405338
682 9.265452590538446
683 9.57829660507075
684 9.134414337929767
685 8.608555846791527
686 9.589103272591617
687 9.093716642116892
688 9.67896299697661
689 8.975952361179736
690 8.729315800865791
691 8.633639371109998
692 8.679953063966586
693 9.195198495285325
694 8.818171432261575
695 8.22533085005138
696 8.25093063574693
697 7.954382063676982
698 8.06735203896628
699 8.007201007402852
700 8.269873337764725
701 8.0319508652194
702 8.114062242338038
703 7.869754565952587
704 7.970613707516555
705 8.069765656699754
706 8.549869832372192
707 7.801624609199599
708 7.989269621182709
709 8.586286527245546
710 8.252785527650765
711 7.763638380956793
712 7.441902512702305
713 7.807282739951682
714 7.66936148695676
715 7.596317200274599
716 7.8753466540980455
717 7.828203480170971
718 7.583722776043556
719 7.673768714754424
720 7.6174828416984415
721 7.500632372691965
722 7.672359699162173
723 7.65182217694762
724 7.512720013655424
725 7.790025412721361
726 8.23897008804672
727 7.818811603927442
728 7.394246297479063
729 7.58669286974194
730 7.958763361017851
731 7.643049447651456
732 7.854627538019271
733 8.587673005713468
734 8.32647536764358
735 8.560678385654649
736 8.186404953700881
737 7.614509702476544
738 7.999140981565031
739 8.054686264746861
740 8.064562944013984
741 7.8656742721508275
742 8.400914969666276
743 8.65811421962569
744 8.304975041404624
745 8.49009970772678
746 8.512461217723006
747 8.601446002313791
748 7.844712431797837
749 8.077921788716974
750 8.076035133356955
751 9.068722677683164
752 8.794455447880615
753 8.442085772291621
754 8.355989394722876
755 8.590730816895665
756 8.260704162924327
757 8.339130883966117
758 8.797667306227256
759 8.198130098544327
760 8.430024720695272
761 8.672009047826856
762 8.747365508798575
763 8.463345427694724
764 8.506414632709145
765 8.9685815728592
766 8.722835170064553
767 8.863164846204665
768 8.714044972350553
769 9.121813716848896
770 8.618149296134176
771 8.66637913669274
772 8.585320254594377
773 9.07791136982342
774 7.914135032916986
775 8.458997074091917
776 8.307095383368027
777 8.369364848684965
778 8.547947974131821
779 8.101541559657468
780 8.085590688173209
781 9.046992413038561
782 8.529594033520329
783 8.461740417608627
784 8.618860826246546
785 8.404501196771799
786 8.579527782957483
787 8.646628955998175
788 8.740865163081436
789 8.042977786064002
790 8.263422113955734
791 8.130441545243233
792 7.887664250782286
793 7.773769480355677
794 8.409469784181077
795 8.346339796765024
796 7.686725243143802
797 7.812791298813838
798 7.906051587548314
799 8.062075279003672
800 8.256230827689354
801 8.111255544217613
802 7.718933658919492
803 7.980610614284925
804 8.066342033187514
805 7.540828780287998
806 7.800734037852464
807 7.373015728108667
808 7.505266665265362
809 7.661206195214526
810 7.607539607318576
811 7.244542393923464
812 8.268505361294183
813 8.220207607708032
814 7.909695045594093
815 8.41532194105689
816 7.882958824877575
817 8.2114870934451
818 7.785056976208777
819 8.361452225730996
820 7.589769768851352
821 8.056564331712602
822 8.032736049230914
823 8.084796612589827
824 7.71898990035672
825 7.8896081483744975
826 7.679850384001675
827 7.969051121648304
828 7.5425694711276865
829 8.152072861950176
830 7.768445255486031
831 7.702191736289173
832 8.278184600043446
833 7.9320873102958975
834 7.845085074441019
835 7.923205256967669
836 7.655774897834113
837 8.801259828893384
838 8.130294099636938
839 7.764994973537991
840 7.4581416136725025
841 7.229315547933946
842 7.506114046608708
843 7.6014827426028315
844 7.368236087826384
845 7.902911447310919
846 7.489689839963023
847 7.203284655360433
848 7.825819703505182
849 7.786883583901224
850 7.5817368977126245
851 7.511182299643411
852 7.577215541599414
853 7.53912163087289
854 7.058892378622775
855 6.819596338146032
856 7.336229308722215
857 6.8855137578081855
858 7.641650532599044
859 7.101653974349901
860 8.028817982049269
861 8.225651578560166
862 8.535675087034763
863 8.558559040304083
864 8.49599726407876
865 8.339990593709139
866 8.343991973254717
867 8.331183690851887
868 8.52999170756967
869 8.305197751739327
870 8.378299009823749
871 7.925261099873388
872 8.429691583784628
873 8.564783782803113
874 8.385707125376193
875 7.518019378151552
876 8.058358914758179
877 7.448579236655575
878 8.823254749222837
879 8.045636007635599
880 8.618909064292131
881 8.439564986273297
882 8.671235929474378
883 8.242484633676739
884 8.592964463201694
885 8.302433534178608
886 8.333587624369608
887 8.212658693075909
888 8.450112281102022
889 8.131974756845171
890 8.43194166807495
891 8.16550141455337
892 8.216698339188415
893 7.744483177881126
894 8.014501569908798
895 7.889042482077937
896 8.422708028836956
897 8.718265747872012
898 8.837214961880521
899 8.810616243426523
900 8.88409246679318
901 8.597196011234438
902 8.45302276515283
903 8.566071157192669
904 8.731179751887124
905 8.523109005630815
906 8.817970658167534
907 9.035905897718598
908 8.93418882505405
909 8.792388426687845
910 8.788749899692478
911 8.712934396351589
912 8.61630615870622
913 8.52954385998258
914 8.69508827731915
915 8.45550280796569
916 8.874729218880772
917 8.745331417076288
918 8.25660765072518
919 7.878064064907835
920 8.245111838375248
921 8.23907295469574
922 7.922630629893096
923 7.736075494889552
924 8.241403836005597
925 8.440896619030008
926 7.995575729255489
927 8.139284511387135
928 8.92079637404615
929 8.14889159127198
930 8.713947659730476
931 8.109540157648198
932 7.910847257995963
933 9.04594974270768
934 8.37672364580906
935 8.661859681135189
936 8.991888404286158
937 8.600858649210364
938 8.747252122813197
939 9.222914341482952
940 8.852360193348058
941 8.277250752900722
942 8.421300918092244
943 8.227566830310264
944 8.15332357722704
945 8.59626652325115
946 8.281253939448964
947 8.495206298915383
948 8.723966236058871
949 8.56682939409496
950 8.657655000293056
951 8.318736705441538
952 8.144550492931977
953 8.402371086184289
954 8.298887737009697
955 7.855434154748017
956 7.650543267336898
957 8.280759977996624
958 8.513391260401216
959 7.866204331214032
960 8.281284180172607
961 7.856659921268231
962 8.590365425087798
963 8.605029670217288
964 8.063886789011853
965 8.032639604342224
966 8.569013312866785
967 8.536482650816858
968 8.168223075622453
969 8.5806734771165
970 8.859562474233956
971 8.266805607105033
972 8.711398766799565
973 8.4157724811332
974 8.774585720175368
975 8.162909541181754
976 8.664916189119262
977 8.915993965068509
978 8.869602452185452
979 8.919300530376258
980 9.030854139172906
981 9.324705088339
982 8.708698500192538
983 9.18725695889075
984 9.066040498761625
985 9.349638252017911
986 8.616809956603653
987 9.023658250196496
988 8.730716572931659
989 9.225593753859242
990 9.2250673216102
991 9.043683709463222
992 8.711598618320767
993 8.666197432803958
994 8.688651302348937
995 9.073863814101864
996 8.73798251918817
997 9.080085433983019
998 8.527477317642434
999 8.648966892820246
1000 8.935469453856946
1001 9.072232205587799
1002 8.521850534611636
1003 8.464064890272727
1004 9.093864356105986
1005 8.854509419204444
1006 8.701286478110887
1007 8.736311618652437
1008 8.896524186019828
1009 8.868224443154638
1010 8.517012065646384
1011 8.691054363665698
1012 8.654756387017866
1013 8.734671137516449
1014 8.317726091185712
1015 9.01880647196891
1016 8.508706618198504
1017 8.681038218240813
1018 8.692586151609223
1019 8.956980522412964
1020 8.504414977953502
1021 8.714331393322887
1022 8.623064232380607
1023 8.977357357799104
1024 8.817152572819204
1025 8.452322089309689
1026 8.236376904054572
1027 8.255502321411202
1028 8.551842479248132
1029 8.430631487583288
1030 8.366303114336327
1031 8.20194658827518
1032 8.271886451839675
1033 8.369941769354057
1034 7.8686993130605885
1035 8.138758242449402
1036 8.355423172640423
1037 8.291327872583931
1038 8.349122879925758
1039 8.380594745222762
1040 8.227788145654008
1041 8.757257099092627
1042 8.362156040797366
1043 8.125896522069288
1044 8.406483928966926
1045 8.374915563470902
1046 8.468769565348223
1047 8.401723666862301
1048 8.347819189642406
1049 8.779520867962953
1050 8.46277499604309
1051 8.048012161417798
1052 8.46947007603639
1053 8.55130785802865
1054 8.657626751823948
1055 7.839520057138185
1056 7.760821011074495
1057 8.618810540784201
1058 8.711899348591341
1059 9.236567297172012
1060 8.43431232718041
1061 8.456983258411714
1062 8.216021190822234
1063 7.65810651279281
1064 7.94774019092784
1065 7.120373213425474
1066 8.077778254465626
1067 7.493174628720938
1068 8.018645119564441
1069 7.629471067244505
1070 7.791925810407294
1071 8.186033344880999
1072 8.529335450691544
1073 8.30452796001273
1074 8.491588063398195
1075 7.965175009195837
1076 8.391020477771612
1077 8.294022381352756
1078 8.620403310335458
1079 8.244420805870154
1080 8.028414422819429
1081 7.9791476602086275
1082 8.53166766102259
1083 8.643258653324674
1084 7.991574339825225
1085 8.604198910387574
1086 8.088885266019254
1087 8.476145286932644
1088 7.904350273986664
1089 8.440694197549778
1090 8.2990349645635
1091 8.46059955339015
1092 8.550270256977182
1093 8.628816602447877
1094 7.933150840132299
1095 8.08960079869849
1096 7.866454644226206
1097 8.046640261767179
1098 8.089074337534813
1099 7.741571522614759
1100 7.806956229400974
1101 8.393063894384067
1102 8.665021769960441
1103 8.613623986163365
1104 8.575843719544432
1105 8.37652229191186
1106 8.563561065079842
1107 8.719885515192193
1108 8.43184992677498
1109 8.334195454343872
1110 8.502637966691585
1111 8.83872178882201
1112 8.89084146560177
1113 8.63395943194292
1114 8.576372599819932
1115 8.914022615632694
1116 8.895663548806729
1117 8.593519489844423
1118 8.890390392061168
1119 8.966421570510969
1120 8.905272027990828
1121 8.776807913458482
1122 9.017457079280451
1123 8.832960815152106
1124 8.894611279454132
1125 8.745422472016047
1126 8.139122334674724
1127 8.239013688102649
1128 8.310675217190298
1129 8.76697597756586
1130 8.531896877513514
1131 8.164309511468817
1132 7.762491150073884
1133 8.154353716926199
1134 8.834840140515773
1135 7.919931664118183
1136 8.18102390405587
1137 7.5955403860928525
1138 8.181291182960265
1139 7.729135740825321
1140 7.994316992471737
1141 7.8532371484149675
1142 8.652447957400483
1143 7.6707739130933295
1144 8.371765325277773
1145 8.359868947088952
1146 8.392246200298253
1147 8.48591756408598
1148 8.348313752266492
1149 8.261827820056414
1150 8.492720320944114
1151 8.56367063416666
1152 8.07182265552128
1153 7.8949510215573495
1154 8.305477296404211
1155 8.533735544370366
1156 8.615556760830621
1157 8.401118505767958
1158 8.548485206798487
1159 8.599992296595847
1160 8.49132878019686
1161 8.940110663070907
1162 8.892586577662692
1163 8.34430713744445
1164 8.5410788090907
1165 9.308607032096873
1166 8.514233963648675
1167 8.075903539433954
1168 8.141001267196128
1169 8.680951494607335
1170 8.134154614417938
1171 8.218737469893535
1172 7.994603255605267
1173 8.677537472944017
1174 9.013062699085069
1175 8.281842586495271
1176 8.737110170615804
1177 8.96382391974457
1178 8.751344541073992
1179 8.6055005771398
1180 8.522374716385944
1181 8.60205612849862
1182 8.287736854936805
1183 8.429138069354067
1184 8.667030264108003
1185 8.711515463370223
1186 9.022156328218353
1187 8.7227056990223
1188 8.691818888503734
1189 9.086380037286135
1190 8.893072504865012
1191 8.86856387475293
1192 8.60498203026269
1193 8.558048979813067
1194 8.995386209472242
1195 8.41768728922218
1196 8.77533558177305
1197 8.368641097981982
1198 8.421514244284124
1199 8.722264076080656
1200 8.492678789769323
1201 8.574620591067063
1202 8.264374082193385
1203 8.338946072196354
1204 8.77044595277976
1205 8.471440732643487
1206 8.016153923687956
1207 8.657789171072244
1208 8.299097754075781
1209 8.612625296579665
1210 8.675972388620693
1211 9.021377835128073
1212 8.675624907127904
1213 8.502616849897342
1214 8.585161770378612
1215 8.59531605822381
1216 8.593382871026341
1217 8.50512848340028
1218 8.424981678432887
1219 7.805253649715962
1220 8.241295869835037
1221 8.411172609329823
1222 8.001946138895942
1223 8.56751641776145
1224 8.435780000678905
1225 9.093818886568974
1226 8.555758276232785
1227 8.459881421262432
1228 8.558220870876454
1229 7.893315432992231
1230 7.924612369148673
1231 7.589630707367463
1232 8.15779498139113
1233 7.722356342163455
1234 8.15510913548642
1235 8.578609155554833
1236 8.137776391593498
1237 8.580428906626336
1238 7.9733362009282125
1239 8.500918581191053
1240 8.102484055926523
1241 8.245875488449279
1242 8.348130293659443
1243 8.382365447731685
1244 8.779687357283436
1245 8.12348287443434
1246 8.34816215809889
1247 8.761322734814291
1248 8.004466523502716
1249 7.757528577559717
1250 7.690436004813132
1251 7.653303928523822
1252 8.093571304976255
1253 7.746932167036308
1254 8.233911864745476
1255 7.809039323567974
1256 8.43754393955946
1257 8.287153052113574
1258 8.218914464992343
1259 8.486051748196301
1260 8.129664075195485
1261 8.36797178480655
1262 8.259193144787899
1263 8.137182277112226
1264 8.125115692767254
1265 8.016955660712714
1266 8.34791394415468
1267 8.514862956094907
1268 7.945074643275038
1269 8.346524597015097
1270 8.585996547053876
1271 8.059086744434008
1272 8.158465664660437
1273 8.176923131921415
1274 8.328986939648207
1275 8.350422266755311
1276 8.346891170530407
1277 8.014285514779615
1278 8.289110184099243
1279 8.694116613663542
1280 8.43607620605805
1281 8.724346522940774
1282 8.28629959445598
1283 7.8587476538860805
1284 7.817980575813139
1285 8.035979571630739
1286 8.296898338889422
1287 8.418546813385184
1288 8.668647048677744
1289 8.120825545548524
1290 8.244061833749454
1291 8.228186937301569
1292 8.084228852250487
1293 8.025972473230619
1294 8.153513339354602
1295 8.128203004173884
1296 7.6972488054764865
1297 8.20122320207232
1298 8.088445877251685
1299 7.976249496201983
1300 8.330091727197972
1301 8.214750881216824
1302 8.057837936172144
1303 8.015408598064155
1304 8.095916397116705
1305 7.947602838893582
1306 7.6942708927120735
1307 8.081407164268908
1308 7.635020047317154
1309 8.234253234481809
1310 7.939155489585143
1311 7.965441795164136
1312 7.901401518305321
1313 8.186138974329543
1314 8.169416789047485
1315 8.246383954102212
1316 8.05042948779943
1317 8.287749066309313
1318 8.135701683441152
1319 7.855610463196293
1320 8.467341602639468
1321 8.114348925857772
1322 8.502685132202926
1323 8.34858436285661
1324 8.153133473596181
1325 7.8944109252047925
1326 8.048091618848181
1327 7.935064248021154
1328 7.9465165110215334
1329 7.850557706931514
1330 8.400831017157046
1331 8.258356062141145
1332 8.188985932323563
1333 8.101377659072584
1334 8.22357426086943
1335 8.192110748003012
1336 8.030987062312375
1337 8.329925191711038
1338 8.21352609095253
1339 8.27132624467331
1340 8.372579230602405
1341 8.144192741685734
1342 8.01741991700867
1343 8.1899544042309
1344 8.019975347196317
1345 7.9935031080909384
1346 7.9457262093998455
1347 8.394924302744252
1348 7.931805798758154
1349 7.755441741925126
1350 7.723202985560782
1351 8.19584519638242
1352 8.28422399431426
1353 8.048554383085488
1354 7.772301351355043
1355 8.055900845287317
1356 7.94615978989923
1357 7.961555857561001
1358 7.993859076615989
1359 8.228978796868464
1360 8.102923319760343
1361 7.8603142680897955
1362 8.33462510267637
1363 8.158244552461065
1364 8.21657210872926
1365 7.769645256605083
1366 7.919367890530631
1367 7.95893462139286
1368 8.12639935706753
1369 8.441289033543432
1370 8.132224698964082
1371 8.171360884234375
1372 8.204497705784672
1373 7.910173157323479
1374 8.425668684131011
1375 8.314598000732833
1376 7.990817771658242
1377 7.867658943991566
1378 8.165808311267758
1379 8.13434590285783
1380 8.05478329897648
1381 8.268158264345452
1382 8.073447560630637
1383 8.25468735898173
1384 7.8931757177372255
1385 7.62248849659647
1386 8.0213768415171
1387 8.285905114378636
1388 8.099207923752108
1389 7.900623682208264
1390 8.213491598294038
1391 8.198229562874234
1392 8.177012430673948
1393 7.956914499288609
1394 8.033942130011463
1395 8.56298007905243
1396 7.824080640267613
1397 8.367153749561027
1398 8.225225196427575
1399 7.923281100242212
1400 7.811309612969686
1401 7.8911470877338585
1402 7.960680224716062
1403 8.099196146029556
1404 7.713663659197893
1405 7.963212874360961
1406 8.176836375190593
1407 7.675524229896696
1408 8.223866969056179
1409 8.06841119557876
1410 8.04275917583075
1411 7.94747317561518
1412 7.952675241079698
1413 7.826913690243886
1414 8.149490589390954
1415 8.03753754595265
1416 8.151690813507642
1417 7.731066836326596
1418 8.05447822227689
1419 8.121491832303294
1420 8.139763222526046
1421 8.035403984712259
1422 8.210866086119713
1423 8.188565917131914
1424 8.390224637759571
1425 8.291849141799954
1426 8.2380993155331
1427 7.860265253448525
1428 8.440204393717508
1429 7.830808078699929
1430 8.463218967222405
1431 8.193180001392497
1432 7.922773073659289
1433 7.98379949567077
1434 7.9121656526613195
1435 8.035455417150875
1436 7.768690977033768
1437 7.85834972118255
1438 8.0691466595244
1439 7.7338680174457535
1440 8.3001623490033
1441 7.905201006829715
1442 7.8762168440029825
1443 7.932431809900068
1444 8.045602156437726
1445 7.900600527968088
1446 8.03163180709595
1447 8.059506307656568
1448 8.20669771442398
1449 8.412086700828729
1450 8.003664358337597
1451 8.210574890823972
1452 8.089114921558135
1453 8.037414501519565
1454 8.374033205852124
1455 8.520480105182296
1456 8.936914181224752
1457 8.58486764096462
1458 8.419940315874511
1459 8.705109443104394
1460 8.73813502940914
1461 8.689069871835162
1462 8.761110749526761
1463 8.488490386983012
1464 9.047527405463953
1465 8.383232743903571
1466 8.43393462098535
1467 8.294916965288088
1468 8.300295381361748
1469 8.371646667496014
1470 8.318300954251233
1471 8.323421060065234
1472 8.344366992737823
1473 8.832610199373955
1474 8.586977719743352
1475 8.646277212047488
1476 8.754137450253731
1477 8.659273740733434
1478 9.028332904756773
1479 8.09755980322712
1480 8.035037552188143
1481 8.008104387421145
1482 8.151981553872764
1483 8.239012871441085
1484 8.132746433137177
1485 7.914846091976543
1486 7.880047248657665
1487 8.214757940675314
1488 8.25021916304367
1489 8.305411545874149
1490 8.675273092462126
1491 8.59360550214414
1492 8.399932162802864
1493 8.075677277992753
1494 8.170517729195875
1495 8.595036124996607
1496 8.539329718428682
1497 8.437357083440418
1498 8.08058891039404
1499 8.35396472935143
1500 8.241686222111264
1501 8.101061256716543
1502 8.280361319928087
1503 8.451279076609978
1504 8.179209393336773
1505 7.760337716018721
1506 8.193917624026117
1507 8.330757352134647
1508 7.980322311247688
1509 8.467434755344474
1510 8.262119929027282
1511 8.359932275002949
1512 8.440251080968466
1513 8.173852218316341
1514 8.01305797131257
1515 8.547806734535348
1516 8.798423078532997
1517 8.51540829886834
1518 8.58120657656027
1519 8.274282541284338
1520 8.210876116824307
1521 8.235789840490902
1522 8.358208083978862
1523 7.938344027438702
1524 8.114202537511478
1525 8.120380337322025
1526 7.959794335697682
1527 8.562757568098931
1528 8.113486037608258
1529 8.085026729638319
1530 8.319769062545888
1531 8.662121776243554
1532 8.27751352261335
1533 8.368531352814252
1534 8.367534158819474
1535 8.498938252785896
1536 8.768305504445708
1537 8.925187620589098
1538 8.402629335708221
1539 8.219934931639765
1540 8.28141013219117
1541 8.158619148193111
1542 8.311112596660362
1543 7.978389967098377
1544 8.017591425833185
1545 8.560020799055469
1546 8.262606425022872
1547 7.610926803196525
1548 8.607615454624007
1549 7.639098332394817
1550 8.25637092714783
1551 8.245254121271357
1552 7.80585941533248
1553 7.960808376172769
1554 8.01364638416945
1555 8.389452268414932
1556 7.981129510186903
1557 8.816026004751224
1558 8.211520051600857
1559 8.443145561150624
1560 7.96430602337727
1561 7.868697653845899
1562 8.331794068663672
1563 7.932357726934364
1564 8.409067814102142
1565 7.75831643774261
1566 7.931799964723604
1567 8.035650180687309
1568 7.8590393743118305
1569 7.700552776939877
1570 8.215909195441666
1571 8.021429190339406
1572 8.307686025955414
1573 8.026619915441096
1574 8.149021998151364
1575 8.367042607199862
1576 8.264978526752977
1577 8.492424019385647
1578 8.405780208296282
1579 8.643902551666285
1580 8.399110870174647
1581 8.161533601285427
1582 8.60976094158387
1583 8.878157044865363
1584 8.691860099203204
1585 8.707846812527457
1586 8.123810445918949
1587 8.994605978053206
1588 8.48177745993954
1589 8.565806636337161
1590 8.271879946110001
1591 8.271515836837171
1592 8.196223579792298
1593 8.706697655429345
1594 8.783044700080447
1595 8.611404749452381
1596 8.52761613915245
1597 8.348164060155664
1598 8.306493813113155
1599 8.336945892768963
1600 9.047871338159421
1601 8.32820398408486
1602 8.214889485467884
1603 8.958682865246846
1604 9.288399397193214
1605 8.90547219629706
1606 8.104342416925846
1607 8.06520844253058
1608 8.288014895398444
1609 8.101396000955047
1610 8.477514151359898
1611 8.231771594633498
1612 8.825197465815897
1613 8.644931459832105
1614 8.604062463638888
1615 8.435406987452316
1616 8.466501167376581
1617 8.818525467464058
1618 8.819140591931147
1619 8.412637683637929
1620 9.028682674509636
1621 8.706592259314336
1622 8.21064194166894
1623 9.579296034496975
1624 8.680686705888156
1625 8.72325029551571
1626 8.427212635589196
1627 8.095385034620834
1628 8.300497366955822
1629 8.207034275579078
1630 8.2319906028927
1631 8.289623218996487
1632 7.9505359322281945
1633 8.146908528796219
1634 7.938089202902104
1635 8.137321748940733
1636 8.312062410556855
1637 8.323021318653483
1638 8.347426736352865
1639 8.200330727442198
1640 7.968444547640502
1641 8.613949449356973
1642 8.8615769196587
1643 8.811814462266092
1644 8.610903633213468
1645 8.401627816883506
1646 8.65059032932825
1647 8.451858808757082
1648 8.87474124813248
1649 8.348306910757644
1650 8.647137779820362
1651 8.392163221054409
1652 8.22940838341404
1653 8.210969652624803
1654 7.929736671196858
1655 8.847313194221247
1656 8.357522397707662
1657 8.274275077337016
1658 8.360299162913313
1659 8.662912979151406
1660 8.704081501803463
1661 8.720612594299311
1662 8.409586045154427
1663 8.36074611462293
1664 8.677747452364802
1665 8.827137648128282
1666 8.256492927371525
1667 8.730871715899214
1668 8.883465418272475
1669 8.81673198619702
1670 8.864902466580004
1671 8.45521267339498
1672 8.594593488429062
1673 8.622284226802588
1674 9.050352431417366
1675 8.720485540371518
1676 8.909991885903093
1677 8.938508319574765
1678 8.902401108387267
1679 9.013060156912267
1680 8.789267132976523
1681 8.566502318453837
1682 8.53471183204478
1683 8.636949269919121
1684 8.945171866432045
1685 8.78440100622842
1686 9.085022361923638
1687 8.876280013862752
1688 8.690896804349654
1689 8.562009726900728
1690 8.679269935223925
1691 8.162726810807312
1692 8.160155351138805
1693 8.202618149844689
1694 7.90069397252782
1695 8.337019229225097
1696 8.271251057887477
1697 8.198718379080786
1698 8.406524555331531
1699 8.558466344004948
1700 8.031267210566183
1701 8.784028761098968
1702 8.433301748484348
1703 8.890266197126616
1704 8.641244975485854
1705 8.056865857036465
1706 8.158797807276347
1707 7.873432899594771
1708 7.68119507842731
1709 8.063975997794476
1710 8.715721556989974
1711 8.095901093268923
1712 8.09648726610137
1713 8.658657125912972
1714 8.760962699857917
1715 8.453671917026647
1716 9.186255448371162
1717 8.611551852209365
1718 8.160703874144874
1719 8.736602871429684
1720 8.958566994805157
1721 8.806777415720395
1722 8.820872980463271
1723 8.40677290413656
1724 8.400385165818124
1725 8.892633785890377
1726 8.674120651566945
1727 8.753073944310016
1728 8.634919431213415
1729 8.479344190658962
1730 8.5271331939028
1731 8.407914125433074
1732 8.667096435041076
1733 8.552803341859187
1734 8.614895248599487
1735 8.420520405586492
1736 8.598663015673248
1737 8.387954198670448
1738 8.24318826491584
1739 8.695513294784343
1740 8.495606939354465
1741 8.418311178669656
1742 8.595114449884562
1743 8.106823722178692
1744 8.773896773979478
1745 8.568147325411758
1746 8.130867137557201
1747 8.49144022628545
1748 8.276536622909836
1749 8.252512668400474
1750 8.153428480209561
1751 8.51619355757397
1752 8.297454750890688
1753 8.175518587414958
1754 8.368424550083084
1755 9.104662867386752
1756 9.075664273235587
1757 8.509944642242651
1758 7.841574094481567
1759 8.25836140750711
1760 8.118063340729776
1761 8.312218894620743
1762 8.373347951829501
1763 8.231984777851217
1764 8.16518277729086
1765 8.707582434637843
1766 8.349053739384239
1767 8.62118623587614
1768 8.205291436611486
1769 8.211127611558037
1770 8.081665147432632
1771 8.660202173807122
1772 8.589415007891542
1773 8.431838662421969
1774 8.592921307263609
1775 8.748613078840627
1776 8.247963912397642
1777 8.346909334583833
1778 8.33636737674686
1779 8.203939692837013
1780 8.507508415564612
1781 8.37527686162784
1782 8.188822930982077
1783 8.324168193521075
1784 8.143760088672652
1785 8.42837430145589
1786 8.089473961749178
1787 8.125505599159709
1788 8.006970240564517
1789 8.291939727632423
1790 7.829980367662713
1791 8.28603869970126
1792 8.06040184481312
1793 8.908773984227453
1794 8.527739460767274
1795 8.36509566711236
1796 7.842555036713784
1797 8.06252467848042
1798 8.572380344960678
1799 8.216539269777046
1800 7.985158955046835
1801 8.255576758373351
1802 8.190676747217275
1803 8.305787003621427
1804 8.24160019260292
1805 8.029568103782713
1806 8.225210634331434
1807 8.58213663794793
1808 8.355582007081166
1809 8.452507805584272
1810 8.37832410233383
1811 8.06412286900487
1812 7.957490425875354
1813 7.7331923768998445
1814 7.8959602629491386
1815 8.02012912623197
1816 8.377306200648226
1817 8.879657053546133
1818 8.676478647023247
1819 8.392544394609653
1820 8.380052749203198
1821 8.743576940061303
1822 8.5981565712404
1823 8.318604682845791
1824 8.40266634613146
1825 8.45134419701263
1826 8.206626476056329
1827 8.387143920017282
1828 8.75716244803032
1829 8.501465845847736
1830 8.663388494863403
1831 8.45362993600451
1832 8.434739417096287
1833 8.170001081982836
1834 8.69431472167012
1835 8.117510980236965
1836 8.516387456625534
1837 8.539275347995384
1838 8.45389093613562
1839 8.012866941356899
1840 8.419444559552794
1841 8.224355777787377
1842 8.388387015888089
1843 8.506784069455891
1844 8.403361382138577
1845 8.798024183153103
1846 8.729588316335287
1847 8.124262915890556
1848 8.29347940495371
1849 8.182569466589358
1850 8.166447633184694
1851 8.81956939545426
1852 8.561712759951739
1853 8.71862159681103
1854 8.153988908108756
1855 8.2142859198445
1856 8.865437731401391
1857 8.75031373373273
1858 8.28538536420575
1859 8.661213155957602
1860 8.167749509603878
1861 8.09946188102304
1862 9.015355366682616
1863 8.388109050581745
1864 8.069076516749929
1865 8.57404436559712
1866 8.522310240228482
1867 8.11914116169674
1868 7.981370989280851
1869 8.679739629482265
1870 8.314269107362362
1871 8.439537883951997
1872 8.063748007946478
1873 7.866190254373407
1874 8.752504100363712
1875 8.758891428760426
1876 8.287940672249443
1877 8.134612127601992
1878 8.103527588990369
1879 8.165167276454088
1880 8.09768902997381
1881 8.077214139460336
1882 7.009487400970353
1883 7.590058908973525
1884 7.981873158997946
1885 7.741228906859885
1886 8.678958907237233
1887 8.505134227823058
1888 8.465968307283175
1889 8.21754142420325
1890 8.210600911923118
1891 8.183805053527362
1892 8.106758776656918
1893 8.425712701533456
1894 8.927093512043559
1895 8.661661852717875
1896 8.210104390345236
1897 8.098689406423565
1898 7.965846261155013
1899 8.596390121506905
1900 8.38490039626708
1901 8.47002780500044
1902 8.364494683916268
1903 8.490218595408328
1904 8.279870906085334
1905 8.584088871913417
1906 8.163171625154085
1907 8.55639428817243
1908 8.331699848626306
1909 8.117132256119756
1910 8.368751373493375
1911 8.227532291692556
1912 8.673801902632148
1913 7.814320613139039
1914 8.586535845644617
1915 8.274295742094928
1916 8.424116409461119
1917 8.811048495346515
1918 8.394316399957244
1919 8.73265532560258
1920 8.20953512929506
1921 8.695059036620995
1922 8.58729176777508
1923 8.547593716335543
1924 8.304775005827734
1925 8.904355770634922
1926 8.819039790363286
1927 8.013889738444883
1928 8.276256943140769
1929 8.500549626428459
1930 8.217108432223936
1931 8.135218163216514
1932 8.082452162710782
1933 8.197982257815449
1934 8.093762963040891
1935 8.218813320358672
1936 6.86287288923627
1937 7.663374646632231
1938 7.138505699158981
1939 7.468068961799655
1940 8.093546914624445
1941 7.560119503138355
1942 6.715367212625251
1943 8.362903507384418
1944 8.315645502018688
1945 8.471482283698569
1946 8.364331972715702
1947 8.059912770660707
1948 8.777712898099137
1949 8.12381502122072
1950 8.081924425393591
1951 8.530346458923495
1952 7.858629077913716
1953 7.796954221211173
1954 6.892986512214289
1955 6.931448242578733
1956 7.518274495516767
1957 7.204787372011762
1958 8.274309513135778
1959 8.006818975217312
1960 7.77332723652459
1961 7.820834764280427
1962 7.824511035158349
1963 7.704400075917954
1964 7.137309440530372
1965 7.681441476878689
1966 7.555833239554847
1967 7.725710168164366
1968 7.250859988791076
1969 7.367567332746049
1970 7.2292888834901055
1971 7.997061421411484
1972 7.333271562620364
1973 7.756493339080923
1974 7.735146289293614
1975 7.430693677424024
1976 7.679099709579628
1977 7.746274878430416
1978 8.377899862329864
1979 7.74976090529843
1980 7.700974323533227
1981 7.439412269471651
1982 8.075826710557946
1983 8.07114577198301
1984 8.555067232043127
1985 8.211330348705323
1986 7.883508949632544
1987 7.917919726458663
1988 8.365745617048017
1989 7.551353647023216
1990 7.752273773820846
1991 7.760966732727412
1992 7.95911298357881
1993 8.186464802500163
1994 7.926394844376985
1995 7.530446481160635
1996 7.835923312032476
1997 8.09374111725908
1998 8.138938741412227
1999 7.949616157815838
2000 7.594181046020522
2001 7.649931619085032
2002 7.734773188213726
2003 7.9529905301524275
2004 8.012293505910776
2005 7.809909279535414
2006 7.4720139209776635
2007 7.771680806456091
2008 8.114976468929374
2009 7.583153215787779
2010 7.389916856969153
2011 7.729759505620511
2012 8.15955891813006
2013 7.849279581675332
2014 7.969250916213175
2015 8.242407099786384
2016 7.668350292049497
2017 8.048499624762455
2018 8.320274659849469
2019 8.004402632674514
2020 7.865003378836961
2021 8.11640367940174
2022 7.653985911160871
2023 8.483843711036748
2024 7.994551718424668
2025 7.604297090993312
2026 7.971240900544678
2027 7.716870442048213
2028 7.486075393339179
2029 7.949347845282398
2030 7.92660248965437
2031 8.071078502893473
2032 7.689332923441115
2033 7.969437702137518
2034 8.114992490512716
2035 7.419609353170337
2036 7.879870605434226
2037 7.717770021249245
2038 8.108901994123102
2039 8.040464231654793
2040 8.254293276245681
2041 8.31114823571332
2042 7.922113102340206
2043 7.998457002544766
2044 7.583822978357536
2045 7.749140271226125
2046 7.275887042012711
2047 7.10450644836914
2048 7.7327944129500885
2049 7.684118035910556
2050 8.199884982681354
2051 7.9815020593881405
2052 7.862894823862152
2053 7.535356764040563
2054 8.082369628525019
2055 7.736164777526306
2056 7.759006529162801
2057 7.670695955560935
2058 8.075528157783362
2059 8.164630312823773
2060 7.533496775960084
2061 7.614879745092861
2062 8.36597953514955
2063 8.09079945913461
2064 7.894736705684044
2065 8.136581237647901
2066 8.245582572649466
2067 7.651679257344023
2068 7.717429092865236
2069 7.961006085669627
2070 7.9580320638887745
2071 7.41253667977234
2072 7.594691717042816
2073 7.767295486146367
2074 8.173794963032726
2075 7.486847100085653
2076 7.918706177195572
2077 7.096454835132699
2078 7.861980509563325
2079 7.6157941260463495
2080 7.783050994312172
2081 7.614587941226327
2082 7.60051722139108
2083 7.768392603312108
2084 7.9044780330792275
2085 7.8109428918741655
2086 7.75405049446533
2087 7.953033635268926
2088 7.697354965510822
2089 8.419582746059854
2090 7.213660574031858
2091 8.096572948324184
2092 8.233461263539581
2093 7.908734900423797
2094 8.303410912528012
2095 7.821459305406171
2096 7.088476827970427
2097 7.215229650520599
2098 7.6733803221830525
2099 7.883861156993413
2100 7.328484549366576
2101 7.1445889130878015
2102 7.1643879503848815
2103 7.389974140207122
2104 7.531677871070878
2105 7.183254992567628
2106 7.443348698167875
2107 7.3670232419083685
2108 7.199960292683807
2109 7.997084932880003
2110 7.729672214499814
2111 7.62349992879899
2112 7.947694437245632
2113 7.831082939536918
2114 7.634163470118297
2115 8.41116599960075
2116 7.769703613566981
2117 7.632188573697629
2118 8.036916251395697
2119 7.692343933285167
2120 7.835658843013862
2121 8.262507227663633
2122 8.25753685992857
2123 6.871836515587113
2124 7.74116136472616
2125 7.673832430696715
2126 7.853033797403154
2127 7.864295782295842
2128 7.390183777175913
2129 7.389576217258226
2130 7.934894588114104
2131 7.887805643069534
2132 7.400570930827533
2133 7.314712768721024
2134 7.713452942491415
2135 7.4897905694537235
2136 7.8198456129980185
2137 7.452277928585676
2138 6.769047595460886
2139 7.8370193941223425
2140 8.003720318749156
2141 8.438837343460515
2142 8.334464574657584
2143 8.00037131826665
2144 7.564488628379161
2145 7.515100104580604
2146 8.12212705356604
2147 8.613580030205771
2148 7.929159878728428
2149 8.175294274961319
2150 7.993977788245897
2151 8.042783686362625
2152 8.114710794690325
2153 8.277060313034974
2154 7.596577964021034
2155 7.348609018271256
2156 7.514733195884428
2157 7.4119745913806225
2158 7.130878919974375
2159 7.805436422778318
2160 7.68416765777824
2161 7.763916743900066
2162 8.292802933245435
2163 7.442749880306153
2164 7.470756696996997
2165 7.033985131167039
2166 7.154666250950709
2167 7.027217033040978
2168 7.506984132037149
2169 8.31955508991948
2170 8.174774027091102
2171 7.403040475027783
2172 7.734802259585011
2173 7.299411207068168
2174 7.136328617880512
2175 7.367479363341247
2176 7.372883604612354
2177 7.951224979648686
2178 7.87377535343615
2179 7.748922997632395
2180 7.3861404358149
2181 6.858624906741552
2182 7.693243851820378
2183 8.075929606536603
2184 7.50267625084352
2185 8.615003493304812
2186 8.652307947293854
2187 8.478401827586106
2188 7.7635344987295705
2189 7.634397533231096
2190 8.901979161290521
2191 8.67044809214373
2192 8.527311040129256
2193 7.956004777210878
2194 8.559231984522858
2195 8.792465239912318
2196 8.380153306506905
2197 8.571408297100916
2198 8.88200126354794
2199 8.370249782379455
2200 8.793384931405482
2201 8.781025783790493
2202 8.501406219520186
2203 8.463749804694833
2204 8.018736160772985
2205 8.06709556960273
2206 8.313489344662004
2207 8.21903941048786
2208 7.732661876184533
2209 7.994212976233936
2210 8.045335166989492
2211 8.058859144228729
2212 8.26559540825715
2213 8.460478066512328
2214 7.812130434017092
2215 7.957017812032894
2216 7.144889596424394
2217 7.4628595130988815
2218 7.416663915337949
2219 7.357231253897802
2220 7.613472963914424
2221 8.272600893821318
2222 7.5195151794397646
2223 7.5469880494710075
2224 8.037856772436623
2225 7.568848491018993
2226 7.674978221212311
2227 7.174526608331467
2228 7.562597913152289
2229 6.996195875453882
2230 7.315814298944409
2231 7.234238915362583
2232 7.314299669991434
2233 7.3964849550475105
2234 7.187367100119541
2235 6.969519280831193
2236 7.509200085704829
2237 7.168628801122958
2238 7.570336215406279
2239 7.8884549162639965
2240 7.036864165089569
2241 7.256678974156583
2242 7.303648126223943
2243 7.127912863856839
2244 7.724484021991063
2245 7.762893307382378
2246 8.399980971130683
2247 7.904693707326359
2248 8.329765365340416
2249 7.645979686939722
2250 7.476605659662403
2251 7.6399477633457735
2252 7.663314780324158
2253 7.24448837650002
2254 7.883390240682358
2255 8.146574620907563
2256 7.646428706563897
2257 7.490437595798784
2258 7.823041792131147
2259 7.801052695719108
2260 7.695711730567514
2261 7.564706353446829
2262 7.499051134530143
2263 7.606239133897753
2264 8.16023060452324
2265 7.615879839909699
2266 7.324552632783475
2267 7.120798382061152
2268 7.946738884725839
2269 7.437768878723811
2270 7.0231368181354235
2271 7.780527061922793
2272 7.519604814504378
2273 7.695765168806084
2274 7.6372441800610975
2275 8.078902049641568
2276 7.721823436495813
2277 7.1906236369170236
2278 7.7207390377066485
2279 7.287028861435134
2280 8.120523212869317
2281 7.292969360818385
2282 7.599085192181638
2283 7.302995606784383
2284 7.180866370505672
2285 7.383533396853261
2286 7.056801760064547
2287 7.118462254201734
2288 7.140041870204036
2289 7.065541175250247
2290 7.049724264740569
2291 8.099510126324452
2292 7.661260742389891
2293 7.600228011714898
2294 6.9569616885098
2295 7.534911688128581
2296 7.4690732656382535
2297 7.575260442267336
2298 7.25442615524639
2299 7.6647260295516135
2300 7.526492843496997
2301 7.720988078941735
2302 7.702288255328025
2303 7.995065406480845
2304 7.381211875681961
2305 7.61414630799645
2306 7.779834428104719
2307 7.020215073356409
2308 6.737059313811291
2309 7.316576187629605
2310 7.443861373505758
2311 7.423799852732679
2312 7.7943494135079785
2313 7.08391506206419
2314 7.408638961561119
2315 7.116597044530391
2316 7.343139936879188
2317 7.073504108001824
2318 7.420836497464268
2319 6.876689226923336
2320 7.5783590126637215
2321 7.438810018570558
2322 7.058993126564577
2323 7.194006887556995
2324 7.221458568949791
2325 7.054527335970068
2326 7.295985186612572
2327 7.384008477376273
2328 7.751379242565645
2329 8.254236125264427
2330 7.669790078807486
2331 8.06044046521482
2332 7.825307719104279
2333 7.78176311509203
2334 7.174894613174852
2335 7.351968766497165
2336 7.397440828972647
2337 7.634800759865712
2338 7.3451616044658605
2339 7.3285888854429
2340 7.50456232740325
2341 7.541871884387216
2342 7.883981388850321
2343 7.8892937095477835
2344 6.630455660810196
2345 7.819344340442568
2346 7.291072043776436
2347 6.968229860971874
2348 7.462391539757108
2349 6.892466380559269
2350 6.780479395050908
2351 7.152086756720254
2352 7.45886185818069
2353 7.393189791126265
2354 7.629566545590557
2355 7.0679623974588885
2356 7.432709579258937
2357 7.513204031948669
2358 7.486519996424693
2359 7.950555905439673
2360 7.565443715173405
2361 7.299099765686676
2362 7.277661659538931
2363 7.290819404398395
2364 7.479087219250585
2365 7.282454130572332
2366 6.975312624243648
2367 7.346815319611396
2368 6.6212839515269435
2369 6.509586336206967
2370 6.930637615962299
2371 6.323238459304602
2372 7.09834112793634
2373 7.020369817508848
2374 6.797735508582655
2375 6.9039771445875795
2376 7.239338597758247
2377 7.15100901467214
2378 7.820831881518495
2379 7.29028707310645
2380 7.072960449041248
2381 7.167445256967092
2382 7.340754574352664
2383 6.772231618752232
2384 6.97786800947844
2385 6.488281872859649
2386 7.488485486769236
2387 7.171872084411912
2388 7.458186969276935
2389 7.93521208937832
2390 7.408091225304413
2391 7.494003105593488
2392 7.451983652150026
2393 6.783726808798501
2394 7.541761565310366
2395 6.749235809835897
2396 7.226306483988058
2397 7.298653757116361
2398 7.110745255113194
2399 6.908283961935786
2400 7.15782603271392
2401 7.39715038015588
2402 7.590284603719784
2403 7.45042430883248
2404 7.196534810465881
2405 7.140229159066725
2406 7.385079101615137
2407 7.60586251980758
2408 7.641796207175914
2409 7.063672667670421
2410 7.11879155065883
2411 7.293029714328751
2412 6.736498719435727
2413 7.037098925249816
2414 6.867139050831261
2415 7.06026336179385
2416 6.871251715554174
2417 7.535720174527408
2418 7.427032186314297
2419 7.44506584875986
2420 7.3945703031478045
2421 7.452943793088726
2422 7.468543972438262
2423 7.375691366914408
2424 7.2790458960889755
2425 7.76927886122882
2426 7.009167048649956
2427 7.221713885971923
2428 7.305377936761124
2429 7.231962716753871
2430 7.01568922782657
2431 7.143747447341339
2432 7.186300849643096
2433 6.999633974723986
2434 7.104044807923175
2435 6.903313185557235
2436 6.726801516754489
2437 7.4475397087215
2438 7.461491975293518
2439 6.876109162087908
2440 7.320303272996348
2441 6.724210373183319
2442 7.250270260225457
2443 7.09807188841373
2444 7.444243393807399
2445 7.452518707652035
2446 7.247876185429281
2447 7.081907663700566
2448 7.006654514942923
2449 7.588214773462809
2450 7.86995524536395
2451 7.876629020595934
2452 7.575621862863077
2453 7.873707137596012
2454 7.25298277559421
2455 7.448537664048282
2456 7.35803421751238
2457 7.177575548318121
2458 7.654501512569457
2459 7.384137495062898
2460 7.226792610409995
2461 7.343192407579515
2462 7.283966954734162
2463 7.591861212476696
2464 6.99489616247524
2465 7.897125307179804
2466 7.076575840172548
2467 7.465222913754904
2468 7.3473880946454795
2469 6.923156201659713
2470 6.919454485306352
2471 6.927259423925567
2472 7.562805636042447
2473 7.552809957420153
2474 7.118563551041549
2475 6.675289695633278
2476 6.791584657165837
2477 6.780804648729934
2478 6.938640628669672
2479 7.263090687558525
2480 7.664820266920397
2481 6.917784404831004
2482 7.38896943714225
2483 7.510066255767913
2484 7.417553096124952
2485 7.9831517530466884
2486 7.578714778767742
2487 7.381783439670399
2488 7.717275518003686
2489 7.1954228170508765
2490 7.5018150453422
2491 7.195413338633027
2492 7.156845393098971
2493 7.377214973857849
2494 7.824595832452372
2495 7.099869350435862
2496 6.9236247447102786
2497 6.990752105552633
2498 7.389311421660235
2499 7.190401401163658
2500 7.045296207314625
2501 7.177851647945455
2502 7.634735436892245
2503 7.28869776333003
2504 6.746254647666165
2505 6.996721240688348
2506 7.310985530890214
2507 7.189176930019636
2508 6.795311484971443
2509 7.257115834036984
2510 6.83068644471882
2511 6.898561750810071
2512 7.386815927522432
2513 7.249900801608918
2514 7.271740090110631
2515 7.249376333852715
2516 7.2887349805078365
2517 7.581046955803365
2518 7.208645309135742
2519 7.380993378085952
2520 7.444967018074247
2521 7.255662957501059
2522 7.323160024032536
2523 7.672391779602554
2524 7.123068314822659
2525 7.234169655031768
2526 7.488015713577162
2527 7.133328534022046
2528 6.811569566998291
2529 6.607781351725812
2530 7.659278037100967
2531 7.100426493305618
2532 7.118084471592527
2533 7.224398276437784
2534 6.846362201214276
2535 7.1645444969536625
2536 7.262501693164841
2537 7.163546404922773
2538 7.050669160331099
2539 7.081014376497508
2540 6.89741016828592
2541 7.158779757854072
2542 7.4648861825714405
2543 6.944049900587704
2544 7.2612158104689
2545 7.867026170484407
2546 7.637302326966232
2547 7.407615447064788
2548 7.44275188354567
2549 7.334153964050699
2550 7.061482626940772
2551 7.072244180079769
2552 7.706071157625774
2553 7.01410403580772
2554 7.175058340457905
2555 6.861539999225766
2556 6.982804375391329
2557 6.741768976214039
2558 6.514779344007257
2559 7.598524311529706
2560 7.27803961707742
2561 7.051211209448645
2562 7.390395633487193
2563 7.115963478644841
2564 7.378662937156817
2565 7.335713120354226
2566 6.765196437847277
2567 7.069721622572996
2568 6.62435186339246
2569 7.1551664182744155
2570 7.715772735365577
2571 7.115052351515599
2572 7.500774468545766
2573 7.214970397311433
2574 6.7260934357101005
2575 7.446312367280905
2576 7.2823063963885755
2577 7.068401410526078
2578 7.166567452485236
2579 6.787141917485436
2580 7.352627987261601
2581 7.090730950611094
2582 7.390293186915457
2583 7.795132882212754
2584 7.886855249599366
2585 7.402890631791639
2586 7.267915482608376
2587 6.8138005937035055
2588 7.157967270465412
2589 7.387411946673476
2590 6.923038478971633
2591 6.930423865034145
2592 7.259287986416731
2593 7.196467976635064
2594 6.6932461419888885
2595 7.369966366510222
2596 7.645395295515623
2597 7.313479669132286
2598 6.993869222579647
2599 6.927417711619899
2600 7.077410974201676
2601 7.32475697623797
2602 6.740396641562005
2603 7.417567744478483
2604 6.773706773665001
2605 6.949156580399036
2606 7.150925234203405
2607 7.210219311330042
2608 6.92316048962487
2609 7.413765665579782
2610 6.909039278129606
2611 7.6184459345569335
2612 7.21692745856839
2613 7.05845379525738
2614 7.309440926632775
2615 7.251400109158074
2616 6.9292308082492875
2617 6.769736971410058
2618 6.966466821839052
2619 6.790552415570138
2620 7.056489961726896
2621 6.921498232783737
2622 6.96406273955799
2623 7.084047116854793
2624 7.219333870352253
2625 7.0080604865340295
2626 7.251751962158901
2627 7.221277012072558
2628 7.745757734791082
2629 7.547526543819701
2630 7.4927526710730135
2631 7.284394590543805
2632 6.969997061997247
2633 6.890950300959431
2634 7.019051504762333
2635 7.27542340420134
2636 7.152755901746383
2637 6.98424160381948
2638 7.102212001065309
2639 7.5826333722812365
2640 7.321564368139988
2641 6.896651640954497
2642 7.121822391441075
2643 6.633609830121126
2644 7.390724064052374
2645 7.475334143630994
2646 7.64737747034362
2647 6.71245782419461
2648 7.273027823042481
2649 7.149981744825044
2650 7.01482920551506
2651 7.11577844882656
2652 6.994467336597186
2653 6.961234644401009
2654 7.262549966153212
2655 7.394689262953368
2656 6.7530349123395315
2657 6.811553331266544
2658 6.740178658917071
2659 6.697741091708409
2660 7.030102093590313
2661 6.912384064177383
2662 6.621263887095914
2663 7.013357038383214
2664 7.0768537242796326
2665 7.100326936698353
2666 7.124289073783881
2667 7.216631368793857
2668 7.40344599184097
2669 6.771508094298962
2670 6.850190725613091
2671 6.624395422208989
2672 7.255005476911628
2673 6.884591218523501
2674 6.627648324582371
2675 6.6079141393370735
2676 7.262841192991302
2677 6.78456430336821
2678 6.4507549714961145
2679 7.217784121024432
2680 7.23216221632993
2681 7.363596617501239
2682 6.992586088330819
2683 7.0281853167860415
2684 7.488683020178013
2685 7.572631246111456
2686 7.151093881159824
2687 7.106522374018072
2688 7.6368180975057225
2689 7.790518679675203
2690 7.543142231735017
2691 7.2285780605346135
2692 7.449802245824914
2693 6.6944212356731185
2694 6.94183990432275
2695 6.859051276958045
2696 7.070168701818146
2697 6.9227945879130575
2698 7.15138843759748
2699 6.799406847076012
2700 7.178272762822087
2701 6.508565472607222
2702 6.992743173599663
2703 6.977768074464022
2704 7.260982423955586
2705 7.475020906948822
2706 7.083123257014111
2707 7.182357009083923
2708 7.0547987097775735
2709 6.773722984584833
2710 6.887347432779175
2711 7.267786020966135
2712 7.114206013184585
2713 6.821309298905076
2714 6.515809014696771
2715 7.18951673782859
2716 6.845814150873048
2717 6.794246251715449
2718 6.841948439884694
2719 6.961753750816354
2720 6.834908191943463
2721 6.4293584155155035
2722 6.587746335066615
2723 6.889788180505495
2724 6.778418588937939
2725 6.8827018710426335
2726 7.0271027152522345
2727 6.923009769115878
2728 6.9449666642185806
2729 6.684979074431928
2730 7.163259094092769
2731 6.720869519940873
2732 6.5786673916474685
2733 6.71398186849813
2734 6.775803982951985
2735 6.647712087134742
2736 7.002440795531542
2737 7.16287694183645
2738 6.79361097471247
2739 6.891288870473499
2740 7.07704274722899
2741 6.430386355574836
2742 6.941997844566808
2743 7.089155454142023
2744 7.258736351427117
2745 6.907619502452631
2746 6.718819265834891
2747 6.882658233069655
2748 7.063435652464634
2749 6.815460480092147
2750 7.055914099542225
2751 6.776547571002694
2752 6.979904215557972
2753 6.786280542540513
2754 6.763362469593401
2755 6.477422470792631
2756 6.718464714591473
2757 6.555715944365796
2758 6.983403640258823
2759 7.205808357417493
2760 7.244634966391642
2761 7.330093510907318
2762 7.46486843834258
2763 7.403705391890766
2764 6.9985345546111075
2765 7.2936609626484294
2766 7.231923398524784
2767 7.310979685278561
2768 6.8636301358764555
2769 6.969718478535307
2770 6.720709255319451
2771 7.2594879988584164
2772 7.508937323088485
2773 7.161103710918334
2774 7.007314415600643
2775 7.067940987716627
2776 7.142383473627931
2777 7.285258321974699
2778 6.923309220211477
2779 6.879022008557385
2780 6.918389616205003
2781 7.154240411815511
2782 7.144207699388927
2783 6.766249615232849
2784 6.9355834375507595
2785 7.256632425762379
2786 6.680705293882862
2787 6.708968409444791
2788 6.616779181386387
2789 6.783537310010931
2790 6.91983262820188
2791 6.787339108877524
2792 6.869479673660646
2793 6.803535376351273
2794 7.089973904399884
2795 7.255651893264119
2796 7.038015057745177
2797 6.9891277219850165
2798 7.1764403961109275
2799 7.0908403942120595
2800 6.893642983095295
2801 6.8637004389154175
2802 7.454209112488541
2803 6.696138897351573
2804 6.99549756014391
2805 7.1829431202894165
2806 6.835319298151599
2807 6.370018720910061
2808 6.778706773277145
2809 6.832227859704054
2810 6.414604752231174
2811 6.625234278775892
2812 7.072506013604565
2813 6.655385811623387
2814 6.656473767068555
2815 6.396779723892609
2816 6.570504646375234
2817 6.649843896678734
2818 6.530461015624111
2819 6.742977010819497
2820 6.707102595093257
2821 6.8613786495308355
2822 6.731635329889108
2823 6.974960741724156
2824 6.771741701787676
2825 6.798160451125341
2826 6.556514703920212
2827 6.573288878641802
2828 6.711709616472058
2829 6.502093851317425
2830 6.660215292723998
2831 6.620972036273852
2832 7.07297208547851
2833 6.513098495741609
2834 6.829432374246625
2835 6.630138504281498
2836 6.473075360711342
2837 6.87416499706746
2838 6.551900568982607
2839 6.970926562520114
2840 6.541627561928627
2841 6.585754522388932
2842 6.555569714579861
2843 7.068780461902045
2844 6.778335545000157
2845 6.9183847673459145
2846 6.613165620854938
2847 6.754316796636189
2848 6.2703264954848015
2849 6.819442636158257
2850 6.536804909220732
2851 6.453088375818481
2852 6.213081513351492
2853 6.082435987654257
2854 6.693381508081978
2855 6.935355761401909
2856 6.831449260527467
2857 6.846037992495524
2858 6.903782400506891
2859 6.314387755493665
2860 6.2806119267439415
2861 6.308988666155733
2862 6.384796313134479
2863 6.656282341442348
2864 6.253504796696877
2865 6.34789266019125
2866 5.956579656339653
2867 6.452946508215573
2868 6.360517183841516
2869 6.682351606220898
2870 6.443237815434357
2871 6.020501971030486
2872 6.351738294069413
2873 6.391581527313023
2874 6.356055990039901
2875 6.181024142997939
2876 6.518768363288002
2877 6.417817041063199
2878 6.498152370777885
2879 6.828786760847916
2880 6.5656258160144745
2881 6.348221596636351
2882 6.774729901859734
2883 6.916456843260686
2884 6.978879210240445
2885 6.443729974774416
2886 6.639557851204878
2887 6.796549338643936
2888 6.62522042696108
2889 6.469419439136197
2890 6.454675207035863
2891 6.121935313329946
2892 6.144967508139934
2893 6.480058149369378
2894 6.347720065487071
2895 6.498360134834195
2896 6.463642936979718
2897 6.614279384580026
2898 6.835483814947798
2899 6.781588691541359
2900 6.434302204763686
2901 6.52047718736533
2902 6.370859550999997
2903 6.638172501202347
2904 6.364731013396052
2905 6.06757854260203
2906 6.215322312728616
2907 6.584373763740043
2908 6.514561316500159
2909 6.750500185440693
2910 6.8845187050256955
2911 6.7175425865133045
2912 6.43844236648999
2913 6.927500407222492
2914 6.8844187769180705
2915 6.743838997958802
2916 6.41367729098075
2917 6.409791317525474
2918 6.696729203578414
2919 6.424184577642261
2920 6.5088752081711645
2921 7.055442203611273
2922 6.395836208237634
2923 6.006464833594337
2924 6.2641419237909695
2925 6.21238073112027
2926 6.3040400076177106
2927 6.516514917913028
2928 6.188851187795361
2929 6.62500781102556
2930 6.123452451939694
2931 6.597864790201966
2932 6.756873444315671
2933 6.701179727500454
2934 6.277781706325624
2935 6.637306395899026
2936 6.793978253003826
2937 6.937567530914815
2938 6.631766275643401
2939 6.1132858927302385
2940 6.595731564277244
2941 6.3809366655941435
2942 6.061433081261658
2943 6.177361910728221
2944 6.088868313640888
2945 5.921196128926813
2946 6.034049801828388
2947 5.8393737811687165
2948 6.438442784664085
2949 6.603075838588915
2950 6.367737835226878
2951 6.293086848723929
2952 6.528917674747346
2953 6.364744354703086
2954 6.732736042737027
2955 6.605062015811884
2956 6.213028984030719
2957 6.406516501219928
2958 6.606163475552303
2959 6.66840885371356
2960 6.217985314705241
2961 6.412714293579751
2962 6.28649339858857
2963 6.430937025951212
2964 6.535517254874346
2965 6.569566825388004
2966 6.615607226316125
2967 6.586417463306777
2968 6.958573060358589
2969 6.182185218920185
2970 6.542046067856419
2971 6.6756827903682865
2972 7.064654771701029
2973 7.06688616293141
2974 6.858997957874672
2975 6.6446681328827655
2976 6.668242901198504
2977 7.288708882303979
2978 6.7384431367074455
2979 6.574976550275022
2980 6.373652333884365
2981 6.36952121786649
2982 6.485290290058934
2983 6.913405653880856
2984 7.371757247839999
2985 6.886085475485119
2986 6.967023078533683
2987 7.0178390157297725
2988 7.324221061615033
2989 6.884171344320428
2990 6.613849482769257
2991 7.076285218913786
2992 6.797184029091321
2993 6.708040485005236
2994 7.062304426206741
2995 6.814608363150324
2996 7.085574821200638
2997 7.341576049643987
2998 6.848136587798199
2999 7.506301226197716
3000 6.359881715571709
3001 6.531083872071678
3002 6.64880768308388
3003 6.666773149571044
3004 6.4663539133434975
3005 7.04247195549879
3006 7.016902872668167
3007 6.6851647541311054
3008 6.597890329294086
3009 6.5367826681617816
3010 6.823044813624764
3011 7.147829499542161
3012 6.957712806740368
3013 6.907298220850209
3014 6.981168892442314
3015 6.934785776286587
3016 6.469893938843748
3017 6.413788383791734
3018 6.635267630538141
3019 6.628208226321317
3020 6.498789494187445
3021 6.554915960844881
3022 6.4701767002319235
3023 6.47331828782471
3024 6.499877547979666
3025 6.28076969218855
3026 6.5310083605100715
3027 6.530614036633843
3028 6.3009308709904195
3029 5.907966221361979
3030 6.471606389821767
3031 6.512920767985007
3032 6.531109193881406
3033 6.531433514694789
3034 6.430828321915135
3035 6.469634143695362
3036 6.227638336017403
3037 6.11838705471673
3038 6.590431487644683
3039 6.253507323801703
3040 6.8910510565163285
3041 6.8822919491487715
3042 6.642885140589526
3043 7.088914353406242
3044 6.986469064769636
3045 6.902930046294894
3046 6.604229827975791
3047 6.377480802875612
3048 6.630374600897136
3049 6.814568908166625
3050 6.645040213784846
3051 6.6410141247345935
3052 6.636917711767569
3053 6.9062499845789205
3054 6.676485063494879
3055 6.428887983282949
3056 6.709629967455172
3057 6.834174607764052
3058 6.770876792904327
3059 6.853346294079152
3060 6.67013556978505
3061 6.729829426907293
3062 7.153345735728279
3063 6.576448310967833
3064 6.968553809479617
3065 6.827350122700131
3066 6.7520146597743524
3067 6.743812447016091
3068 6.682494407949842
3069 6.752764120855812
3070 6.751584630406422
3071 6.6187519725088775
3072 6.785847251103129
3073 6.391515862641618
3074 6.671346190382198
3075 6.677044713027666
3076 6.979086302813003
3077 6.59536115654862
3078 6.696872668733017
3079 6.8229132315553045
3080 7.076627513496474
3081 6.968824945577717
3082 7.718654195948952
3083 7.063160906182512
3084 7.337339044911477
3085 7.542993585343619
3086 6.702930663847208
3087 7.4580326823844345
3088 7.206321222238298
3089 7.274323743508838
3090 6.672441212806096
3091 7.290585462743656
3092 7.012738608318492
3093 7.265525384906574
3094 7.271442672786395
3095 6.98415889964175
3096 7.017064443177048
3097 7.325534568481734
3098 6.849404063403513
3099 7.900251335067692
3100 7.248023724750537
3101 7.088316120609535
3102 7.628753054060381
3103 7.196738479601984
3104 7.184326106124202
3105 7.082993921214249
3106 7.106862607780509
3107 7.0373512368011
3108 6.860837723283269
3109 6.766062489214234
3110 6.955007544767766
3111 6.732712766579155
3112 7.025200836724041
3113 7.150349909306272
3114 7.293041815199736
3115 7.456239046685953
3116 7.2430937494206225
3117 7.357229295139688
3118 6.655856410344552
3119 6.790328766973795
3120 7.331716571477762
3121 7.001188521737053
3122 6.757075699062333
3123 6.403730304278507
3124 6.376530833897286
3125 6.510085377268059
3126 6.866381439262675
3127 6.632251251959147
3128 6.969856574249217
3129 6.910957429398006
3130 7.400465999195655
3131 7.057799511599223
3132 6.709834341574794
3133 6.618739354678305
3134 6.697460357736786
3135 6.562465410609765
3136 6.781983720894224
3137 6.994164742626494
3138 6.6541921400284245
3139 6.968690154668774
3140 6.888170117358807
3141 6.7089423866423
3142 6.8768991028608575
3143 7.000921256627494
3144 6.625117452051354
3145 6.718731606588429
3146 6.785074270386637
3147 6.912509897643735
3148 6.932118952087169
3149 6.712140249711813
3150 6.546787928211115
3151 6.849146439352377
3152 6.822925729139403
3153 6.420378330285151
3154 6.6599072832635615
3155 7.07260919797567
3156 6.883123750058952
3157 6.806945526687528
3158 6.9059787592571595
3159 7.064657839921888
3160 6.948213282722653
3161 6.759430964368795
3162 6.6129925308830435
3163 6.544731200894017
3164 6.924914691470872
3165 6.440692201768911
3166 6.51182668701687
3167 6.286295148914868
3168 6.727693952211879
3169 6.6504942212354905
3170 7.036627190729017
3171 6.5851590530581126
3172 6.797841276940083
3173 6.634098417712297
3174 6.737748378579459
3175 6.69473526921496
3176 6.856693894626222
3177 6.775949365033857
3178 6.871874058121284
3179 6.75984170961079
3180 7.011703426302801
3181 7.124522780293053
3182 6.938561391561727
3183 6.794556474157115
3184 6.794434642870108
3185 6.951931120717761
3186 6.489982200266001
3187 6.8616368654191895
3188 6.482276214126711
3189 7.275081063783999
3190 6.877684616814248
3191 6.971598154663578
3192 6.886565453250246
3193 6.622960435054398
3194 6.820544700424281
3195 6.745906768209474
3196 7.078632971480835
3197 7.013821779669204
3198 6.718661810288338
3199 7.012150844916009
3200 6.519091553422204
3201 6.7653552985727945
3202 6.804049724405368
3203 6.711357345884562
3204 6.972428298451504
3205 6.836775485698727
3206 6.846210256082697
3207 6.628928147929879
3208 6.746477001865261
3209 6.584773483365594
3210 6.8847678881058885
3211 6.592380927236742
3212 6.927618305861062
3213 6.869696919893007
3214 6.616615159813751
3215 6.887187055926108
3216 6.985582102335384
3217 6.571332842050248
3218 6.739762471906755
3219 6.700925395475705
3220 6.789384274840864
3221 6.51005260995546
3222 6.999134024590765
3223 6.59881009845816
3224 6.435588896197934
3225 6.503582465382614
3226 6.749222066042703
3227 6.654654172583974
3228 6.866069599123207
3229 6.547244795677278
3230 6.730959289771115
3231 6.645044404753254
3232 6.753783810515376
3233 6.839943780277768
3234 6.4680632020681035
3235 6.9856143075613994
3236 7.049042547518001
3237 7.079326768343382
3238 7.405612542153954
3239 6.549095658752307
3240 7.301420487521308
3241 7.230635966686324
3242 6.6864352441369395
3243 6.868726319467778
3244 7.09852625496514
3245 7.117518438412628
3246 6.727832190366727
3247 6.793220268426153
3248 7.493938319273923
3249 7.360770810819793
3250 6.889636804300692
3251 6.7065862137210495
3252 6.854806372815532
3253 6.855720635644753
3254 7.1398163848713025
3255 7.709524492588761
3256 6.872600550465846
3257 6.423422641899485
3258 6.834497504091798
3259 6.780452693331245
3260 7.113948354623551
3261 6.829135434924147
3262 6.383370386941455
3263 6.389055934705672
3264 6.370734474425942
3265 6.774011635653504
3266 6.379835148750242
3267 6.531215441308426
3268 6.650047239030234
3269 6.850061618776818
3270 6.821795997285536
3271 6.502861422926825
3272 6.297142941630598
3273 6.559626981130886
3274 6.447450008992697
3275 6.435355407432963
3276 6.520973931944526
3277 6.502848599015119
3278 6.396253587298276
3279 6.567760557999693
3280 6.552577494183399
3281 6.371442932992066
3282 6.450785045266721
3283 6.518674822341932
3284 6.464672689662515
3285 6.296738548030405
3286 6.667158853297199
3287 6.55023850964614
3288 6.413475768124596
3289 6.597760432182417
3290 6.35423145411664
3291 6.325596814389531
3292 6.504988259871623
3293 6.372980261410622
3294 6.485244524095645
3295 6.31292830304191
3296 6.487868945614222
3297 6.60852990315269
3298 6.806373121127422
3299 6.326115861939009
3300 6.304179296758809
3301 6.489481246402898
3302 6.463089426934241
3303 6.212597610047689
3304 6.342241567651745
3305 6.259345809557166
3306 6.510791363709002
3307 6.525096675366581
3308 6.477293886033595
3309 6.352051729201863
3310 6.318552746239032
3311 6.323599903126925
3312 6.173248947070363
3313 6.461653462958842
3314 6.422705907441275
3315 6.177933517576118
3316 6.206048494420734
3317 6.406488669459614
3318 6.459492294315419
3319 6.306496099128602
3320 6.3450333462241595
3321 6.318388196380233
3322 6.124727116839541
3323 6.320598606774622
3324 6.441015109594185
3325 6.41917010179045
3326 6.438563339616218
3327 6.531820751066196
3328 5.933367325560009
3329 6.215791464739282
3330 6.3835993517956
3331 6.663505569710093
3332 6.351686051437577
3333 6.5548551228333904
3334 6.369317195426324
3335 6.4776383359909815
3336 6.333056038965539
3337 6.549386357306645
3338 6.513548104003137
3339 6.506453583280759
3340 6.17826515532257
3341 6.411964292650309
3342 6.147219643323695
3343 6.366365598572723
3344 6.763044350226758
3345 6.304222122521703
3346 6.577981377365913
3347 6.312494561880949
3348 6.499183712314773
3349 6.1847900399224125
3350 6.816901230724421
3351 6.648382266195817
3352 6.4854317972924544
3353 6.096365745842218
3354 6.158274811268869
3355 6.636423617754138
3356 6.107423969415819
3357 6.496878516891093
3358 6.110348331665075
3359 6.303607804893578
3360 6.162844880535626
3361 6.619023217590771
3362 6.617230429640208
3363 6.072733579851131
3364 6.553613818888158
3365 6.531179675527589
3366 6.372135949631749
3367 6.409204932498766
3368 6.224501069099105
3369 6.40497463049366
3370 6.603422071912952
3371 6.305001127699112
3372 6.627741361645956
3373 6.247156262029252
3374 6.384086229148188
3375 6.351945745015567
3376 6.4225708068647105
3377 6.234807007931646
3378 6.43817914129656
3379 6.401535662254307
3380 6.665707242867022
3381 6.454434563622432
3382 6.711000072561117
3383 6.427571954434247
3384 6.602942466441557
3385 6.290040707432992
3386 6.110583057418794
3387 6.35036699723302
3388 6.342294064255548
3389 6.408325233582075
3390 6.248852627003191
3391 6.547371454271774
3392 6.523096371134453
3393 6.572431098386758
3394 6.534477598137161
3395 6.465324148840403
3396 6.609949364865048
3397 6.692252349336879
3398 6.366246029195021
3399 6.321175662278731
3400 6.3494982437123255
3401 6.47407188288447
3402 6.310232081797077
3403 6.465050563946965
3404 6.412649411628893
3405 6.272064923415851
3406 6.511003590224671
3407 6.485264355598789
3408 6.3699632035011815
3409 6.499485909780101
3410 6.299849321393138
3411 6.1310584361080975
3412 6.677314088020788
3413 6.3957451478293335
3414 6.3091716540474
3415 6.21716841702685
3416 6.514264933368788
3417 6.414774843831623
3418 6.178756798056607
3419 6.073198254965431
3420 6.409845655552409
3421 6.786629227168634
3422 6.5115622828015205
3423 6.672229500280849
3424 6.7245317199534975
3425 6.55606449795076
3426 6.71641820036646
3427 6.646168695478797
3428 6.977430152208176
3429 6.363188727515541
3430 6.5596831835797875
3431 6.548289568314694
3432 6.299389366522734
3433 6.622182869296999
3434 6.26498829981058
3435 6.618103121006846
3436 6.685543255328265
3437 6.815284913279516
3438 6.241396070990317
3439 6.280103294241878
3440 6.427787662537157
3441 6.39301898022138
3442 6.721117928654246
3443 6.632485897300353
3444 6.707584337629741
3445 6.928671921345398
3446 6.660857078372434
3447 6.837568267255805
3448 6.259193351920158
3449 6.668556697198442
3450 6.990295971957418
3451 6.88942451144813
3452 6.602421556268582
3453 6.764687526593369
3454 7.0112570242883265
3455 6.77007484912816
3456 6.641405694810525
3457 6.746333014713136
3458 6.75268882332413
3459 6.650925533898841
3460 6.772838504768889
3461 6.819870198993576
3462 6.944191411497855
3463 6.8824851904019875
3464 6.936870501292461
3465 6.7392203548446
3466 6.975803142078441
3467 7.08620960450759
3468 6.877292779672862
3469 6.646754981334234
3470 6.840289424589569
3471 6.858672535601905
3472 6.945976327155018
3473 6.884431065705701
3474 7.016547674828309
3475 6.858292615269975
3476 6.5170504638218
3477 6.882739758054903
3478 6.850988191386244
3479 6.677245595165846
3480 6.853346684920744
3481 6.957993783503026
3482 7.086756209238968
3483 7.078919425910515
3484 7.002384625608548
3485 6.661094280910684
3486 6.930479271795854
3487 7.150760416996055
3488 6.924344201236353
3489 6.663283430745241
3490 6.570867986965109
3491 6.6305644783054225
3492 6.774202812345539
3493 6.691035677956435
3494 6.832540264293679
3495 6.737929110655212
3496 6.654893688421421
3497 6.467616932951336
3498 6.724423339306049
3499 6.752390561545864
3500 7.336230628783119
3501 7.000765426508068
3502 7.163439587957561
3503 6.771284382132443
3504 6.863449595632746
3505 7.0672756548894995
3506 7.235587315431184
3507 7.172432489328828
3508 6.934377194732253
3509 6.9062162133898815
3510 6.814396002370213
3511 6.9474610745874665
3512 7.245291079248625
3513 6.346026529878928
3514 6.78526482132763
3515 6.731476910695113
3516 7.216815389180059
3517 6.880962968683755
3518 6.898112534867449
3519 6.577694882543714
3520 6.3947198298345285
3521 6.938306982838733
3522 6.484144178477258
3523 6.8471975344942635
3524 6.561087506989633
3525 7.002869031708264
3526 6.583269670318568
3527 7.117568370040357
3528 6.474503931075523
3529 6.948174114989867
3530 6.824052080113145
3531 7.269776983762981
3532 6.861201206733423
3533 6.872158824077936
3534 6.984343643042917
3535 7.410350322723374
3536 7.351715737495888
3537 7.303976885130725
3538 7.181380981769693
3539 7.180558093317051
3540 7.368422517713353
3541 7.3031719085528595
3542 6.6523075761161286
3543 7.285752172959177
3544 7.1019423354086175
3545 6.894610277238375
3546 6.56181936424717
3547 7.102874331377973
3548 6.679711210861865
3549 6.614189724333228
3550 6.796030320105104
3551 6.734606444254672
3552 6.493543879633053
3553 6.915566610446711
3554 6.6048861162546375
3555 6.107484800614672
3556 6.538876023192977
3557 6.6774115490355195
3558 6.521651591967281
3559 6.907189462402625
3560 6.599031528975576
3561 6.848826965360791
3562 6.760762596214344
3563 6.81971922609959
3564 7.210626034462909
3565 6.4410845155026815
3566 6.718663133329631
3567 6.99781306977213
3568 7.259454933615903
3569 6.9815919232373345
3570 6.679780472349987
3571 6.672812080028628
3572 6.63002591529236
3573 6.991565280381659
3574 6.876538932638015
3575 6.706112372827302
3576 6.715369903615085
3577 6.898700463016153
3578 6.743172912690362
3579 6.791554453498079
3580 6.991588243937193
3581 6.951061653621956
3582 6.693329323993836
3583 6.96018201519709
3584 6.527311298293823
3585 7.038091728745228
3586 6.490015603124649
3587 6.966235752096648
3588 6.72237440887255
3589 6.736492225024356
3590 7.115429669567583
3591 6.641531677409907
3592 7.071922139521465
3593 6.431620812058069
3594 6.733942269028529
3595 6.813578658149724
3596 6.5253087304164765
3597 7.536350755579147
3598 6.632706884205365
3599 6.7198875006582295
