0 10.59405039229568
1 11.054397635197512
2 10.724749733376013
3 10.666421855062582
4 11.311207025455635
5 11.462545516780137
6 11.205148184891119
7 12.731625772348368
8 11.043083622121115
9 11.426078418287235
10 11.048014794790877
11 10.701927827890097
12 10.967724074932935
13 11.406881464415335
14 10.578158626793929
15 10.70332867142763
16 10.740941790924985
17 10.43143841782204
18 11.83079670569817
19 10.812592960774468
20 10.08549182277451
21 10.60450549005446
22 11.054103781688118
23 10.455639371955893
24 11.450582576442992
25 10.305123018477934
26 10.390544733611868
27 11.02016009292523
28 11.153921131291982
29 10.685218313825553
30 10.840961649825196
31 10.695435288382047
32 11.741850064048498
33 10.68707288108967
34 11.563899688988812
35 10.970075854561145
36 11.095856599699824
37 11.131578776763483
38 12.15013491717301
39 11.506281640164406
40 11.56835378303731
41 11.228101615768233
42 10.691335290435253
43 11.18310435162207
44 11.485554882325602
45 11.208678669306918
46 11.0187606937898
47 11.514475924979436
48 11.48489306282322
49 11.183521210225353
50 11.422285787136842
51 10.708763157590882
52 10.694342270969582
53 10.979868473075209
54 10.782008105415054
55 10.761803420784247
56 11.02681750888545
57 11.345507733964224
58 11.262534973328155
59 10.946749192935119
60 11.417777558242431
61 10.5272820746259
62 11.69868876208511
63 11.608119829230972
64 11.699011927490341
65 11.376325711953498
66 12.233642633302363
67 12.268524785763724
68 11.633528250890913
69 11.378496418929007
70 11.661979320727294
71 11.456388667087456
72 11.989819918397394
73 11.94924022648097
74 11.489405173334793
75 10.925236265574995
76 10.67834709177463
77 10.48654419751769
78 10.258064917419636
79 11.3202437951381
80 10.946290369158705
81 11.356180395778495
82 11.543395008657598
83 11.8286786074272
84 10.516595696798747
85 11.454227610682292
86 11.784815168644679
87 11.32940123795864
88 11.704431756666272
89 11.736159516218153
90 11.377160979605492
91 10.932568599673706
92 11.024077673906312
93 11.079394668177976
94 10.454653878933126
95 10.528158784202923
96 11.05379427705241
97 10.546485479398491
98 10.064193154319293
99 10.201893623832433
100 10.11076892161004
101 10.441669702065038
102 11.130189861143217
103 10.50929276809122
104 10.879504301624983
105 10.73360935308652
106 10.72182305597101
107 10.423494633008497
108 10.364193895442435
109 10.19280302312387
110 11.618349195309461
111 13.14098557568425
112 12.157902149256909
113 12.200749883814304
114 12.763999379472674
115 12.975144663770866
116 13.116103840075327
117 12.625484138034247
118 12.74385490426044
119 13.222506966438809
120 12.397281080647792
121 12.129169870696526
122 11.234986061358851
123 12.498319421469377
124 12.73607939718851
125 12.383286328858064
126 13.4124058212114
127 12.039608064127318
128 12.032524703142322
129 12.791309409708074
130 12.715438764685658
131 12.345939403502786
132 11.658574150900058
133 11.964828795846238
134 11.818893910758375
135 11.815439688769453
136 11.461020231767458
137 12.043540483085485
138 12.038874117514029
139 11.488799897975563
140 11.708839356749541
141 12.08784623503233
142 11.10015865242144
143 10.699169264057709
144 11.346752456586698
145 11.089402893431721
146 11.301870244144084
147 11.414572296232143
148 10.874400116114895
149 11.527930356949751
150 11.449340065658973
151 11.947782713654993
152 11.119978757588536
153 11.641603778715643
154 12.443825172983031
155 12.255578297878204
156 11.109629129049454
157 12.255368257275583
158 11.588637725181794
159 11.544806828470549
160 11.980002001033839
161 11.194372432655424
162 11.821355682873861
163 11.749115229279814
164 12.359915324422369
165 11.66974328970644
166 10.930802171097836
167 10.558041532791634
168 10.704816607923695
169 10.752480756173954
170 11.24826676151909
171 10.984650839278673
172 11.438974251513184
173 10.782725498870892
174 11.22641164631329
175 10.849248923294008
176 11.326052228603787
177 11.394352480522128
178 11.655109574134205
179 11.713496765388529
180 11.432947474814782
181 12.023439944544958
182 11.401131782742258
183 11.182901065831821
184 11.917805037665252
185 11.103557128860986
186 11.734400409000015
187 11.733853447199975
188 11.338461916527809
189 11.804508974022665
190 11.913358658236527
191 12.234139697398458
192 11.646977836969757
193 11.849009929260761
194 12.412394088885543
195 11.926591450234016
196 11.783347431337207
197 11.53613750233206
198 11.478292736193648
199 11.407929161397812
200 11.80430993788127
201 11.700762688923389
202 12.443989319526326
203 11.821337229806089
204 12.784456389286127
205 11.987518712724356
206 12.492967411528038
207 11.778569602517987
208 12.435629791890994
209 11.642899433077794
210 12.332868187702005
211 12.68805658886947
212 12.798768737523012
213 12.55947013478613
214 12.543741778108682
215 12.200479493543941
216 12.956341616199259
217 12.170463475350301
218 12.539230480774561
219 12.442693168645606
220 11.974441826633027
221 11.997433761422968
222 11.93160166399394
223 12.028076891575665
224 11.743179900911247
225 11.884431585324911
226 11.838546159924913
227 11.988920359553205
228 11.99252930110153
229 12.429322325254764
230 12.335841617425498
231 11.793510690588963
232 11.731250020511967
233 12.231671435145634
234 12.317975612125226
235 12.510710824871987
236 12.259182133971164
237 11.802177107621302
238 11.88622470650961
239 11.589796727707341
240 11.669113743091433
241 11.804964499491213
242 10.585805524619413
243 11.790315337915283
244 11.258783920610265
245 11.593209719352286
246 11.95954079287729
247 11.082022911431705
248 11.440605461007928
249 11.982628283238938
250 11.300198785228057
251 12.552294686254236
252 11.932933548445257
253 12.183350433614654
254 11.5372689368016
255 11.383674420359243
256 12.147686660183002
257 11.09613277026122
258 11.528751599363344
259 11.775355010106601
260 12.506657825037337
261 12.196112841998453
262 12.18604569683918
263 12.233131034356383
264 11.356413640438028
265 11.990398877937558
266 12.347572292859672
267 12.045263643670658
268 12.111865845710401
269 11.381965146430947
270 12.319105887239953
271 11.617166911407283
272 10.879713659315968
273 11.22647251005751
274 11.937696541894052
275 12.104626717801512
276 11.845211758177939
277 11.993583304209281
278 12.02727808636411
279 12.617221096920959
280 11.578454410861184
281 11.937752018231416
282 11.99058021475495
283 12.252600400587045
284 12.248732092250188
285 11.150955743683818
286 12.1832424680161
287 12.35305251154328
288 12.620538873727652
289 11.62809449927431
290 11.93597424976223
291 12.018824896539819
292 12.294342939392372
293 12.15084542802105
294 12.10534060598848
295 11.43420395288719
296 11.414769573013087
297 11.382829756719545
298 11.958570045438695
299 12.462258793020375
300 11.780815540347035
301 11.951573437383512
302 12.836091345668304
303 12.63651426130474
304 12.305247300730313
305 10.829365309919398
306 12.042427179847786
307 11.477445671301707
308 11.493650614059554
309 12.211369249541434
310 12.059187446965737
311 11.849947079013752
312 11.720493481303285
313 11.870599937343904
314 12.170717266858903
315 12.37729226957186
316 12.382170498448234
317 11.869124369568025
318 12.222946888042266
319 11.865444879430921
320 12.069996156579073
321 12.75473104449635
322 12.877318148725344
323 12.510724648617366
324 11.955012789275697
325 12.391456807895583
326 11.878018995985038
327 11.885664376140085
328 11.923956969050115
329 12.190660017425552
330 11.972755664123842
331 12.018643937540398
332 11.44329317969752
333 11.920170140286038
334 11.97517561508419
335 12.100590220661694
336 11.717546470043196
337 11.858151283785373
338 11.670947555849837
339 10.85536525555618
340 11.475980730500348
341 12.05048549137067
342 12.024459190147088
343 11.55041774803572
344 11.917735201119333
345 12.245064066940664
346 11.559626320386746
347 12.057807991052504
348 12.119791772665737
349 12.387801618243385
350 12.446418518408574
351 11.04254393819241
352 12.154237379923728
353 11.845284527747836
354 12.006581745323704
355 12.545160190736828
356 11.588794604190582
357 11.775234044847208
358 12.055452430694421
359 12.173837921102923
360 11.686331611772959
361 11.618076385682174
362 11.304042092706686
363 11.926241731164861
364 11.988666650234423
365 11.009127033267587
366 11.310954748673469
367 11.633848514875789
368 11.671551448807362
369 11.801641373070815
370 12.709921246216902
371 12.216546762009076
372 12.598253361181943
373 12.365490157499709
374 12.734277588729084
375 12.637637247879153
376 11.717526050582187
377 12.057672673916876
378 11.704120610537563
379 12.383325897696745
380 11.721370064377416
381 12.367987218572585
382 11.867075626538451
383 11.26071444583182
384 11.566491873986289
385 12.006067652140297
386 11.341767253806593
387 10.86855950929502
388 11.770385976843542
389 11.979227481575684
390 12.019297132529855
391 12.041829637704446
392 12.936539379340346
393 12.658918261597579
394 12.597029484018218
395 12.779105109968826
396 12.600082764068198
397 12.30952117269665
398 12.610451699604562
399 12.235541446580301
400 11.894919915768693
401 12.215147719179528
402 12.156945835770074
403 11.881321642238895
404 12.534762531675844
405 12.247950215946148
406 12.020459091035624
407 12.381717682819293
408 12.19973798558179
409 12.7177450245902
410 12.216233212706486
411 12.861043220732006
412 12.57788805022552
413 12.158857158380215
414 12.067517113179484
415 11.709415651049447
416 11.505722749497858
417 10.96328692343105
418 11.758157776026106
419 12.339126387563772
420 12.29826201310572
421 11.878793735607484
422 11.79393849147576
423 11.872421358524694
424 12.437437675500373
425 12.166527140010764
426 12.133854594822582
427 12.530329745027036
428 12.166621110174843
429 12.311921216689443
430 11.992008419114901
431 11.219391331644916
432 12.302746810953748
433 12.711582965977657
434 11.349431087236457
435 11.117999457205906
436 11.76890840495211
437 12.553928999749754
438 12.070976381535475
439 12.542872132442266
440 12.40368682894262
441 12.313163674887262
442 12.152955166360185
443 12.691074973279271
444 12.661064539112642
445 12.657186056619153
446 12.160159093146648
447 12.335738740057945
448 12.134203817764634
449 12.597272151202484
450 11.912176729856464
451 11.970845328779983
452 11.763925443610185
453 11.352287818006557
454 12.176041373581242
455 12.205802867291288
456 12.391855851542811
457 11.858832254851473
458 11.556104908887532
459 11.226996538968779
460 11.67170208925302
461 11.55751203706617
462 12.61416175085624
463 11.682262125708759
464 10.931755104797158
465 11.037321274877879
466 11.72687709302737
467 12.272900046205116
468 10.963897500975786
469 11.994647565431356
470 10.4177295823009
471 10.258422369544846
472 9.901234979877074
473 10.35069749833659
474 9.304706873291426
475 9.978975595238165
476 10.234238406902348
477 10.009897318398943
478 10.358833477464032
479 10.291838418705572
480 10.139453165528165
481 9.877601443080188
482 9.730518052703625
483 9.476800165503414
484 9.836799601763436
485 10.005354769584043
486 10.045682172421087
487 9.90899937997809
488 9.976450083521776
489 10.820902599534811
490 10.759996953386109
491 11.053035051402018
492 10.755361507849814
493 10.950961877232865
494 10.484863839993219
495 10.71451040203772
496 10.360786096628855
497 10.399733954132351
498 10.393829853764128
499 10.031887382664259
500 10.176350743894101
501 10.90849858999587
502 10.077083873526353
503 10.556532333120199
504 10.743705593818111
505 11.111467146096047
506 11.222275640437916
507 10.015830685673675
508 10.21508023716996
509 9.991013278752273
510 10.043568060985697
511 10.063950497272923
512 10.341961655975174
513 10.475903966614068
514 11.101103875841037
515 10.007720135408064
516 9.682087203187058
517 9.689737887972178
518 10.045666159593262
519 10.21746887392851
520 10.007458233574015
521 9.784313452923163
522 10.086226305849108
523 10.293088476522787
524 10.312461985017759
525 10.043934928659391
526 10.290684075717524
527 10.661933359588696
528 10.236495716757943
529 10.354998066223837
530 10.41417358753753
531 10.272684234110693
532 9.828946799672428
533 10.288790094440422
534 10.38187578573676
535 10.162877578468477
536 10.123217365652387
537 9.95932717733603
538 10.172717788786057
539 10.259184999096666
540 10.402609287307442
541 10.569167009479836
542 11.004391030495452
543 10.80777874163602
544 10.155731922593839
545 10.483718533742566
546 10.911403911962088
547 10.012688723503523
548 10.436366767145097
549 10.31380251647036
550 10.315806877073411
551 10.681167935241534
552 10.15765387188234
553 11.082599034476125
554 10.166947511771346
555 10.496900903769673
556 11.024234651273852
557 10.562885937928723
558 10.404760809133235
559 10.311179543162767
560 10.096165224806292
561 9.396267588802584
562 10.112170799004875
563 9.425258644246354
564 10.579213583512933
565 10.175815237338263
566 11.464202151857668
567 10.533897334925937
568 10.103814603336712
569 10.575810121221487
570 10.228860459756238
571 10.448438797041888
572 10.614961621480717
573 10.000356089580153
574 10.281311074469409
575 10.056327325394335
576 9.955579966340617
577 9.694890135760746
578 10.379195548021174
579 10.648177877714263
580 10.761481051452112
581 10.41901757571191
582 10.86472714687404
583 10.620406610910038
584 10.591781150098033
585 11.134277314686265
586 10.01429832637541
587 10.328206956925257
588 10.798054872576992
589 10.945324247571843
590 10.660065571867628
591 10.91318440473567
592 10.195833444609027
593 11.535842101228212
594 11.175859026999232
595 11.159211076222148
596 11.330419523546652
597 10.664200289509992
598 11.023224355852662
599 11.845053489749999
600 11.46509670990088
601 11.277073310101231
602 12.036065348802959
603 12.308236478019184
604 11.516989831385148
605 11.366748916543338
606 11.55963032630105
607 11.950573394708591
608 11.882085667257343
609 12.367742280615179
610 11.553820880241311
611 12.331481550306014
612 11.43696527696679
613 11.907997287900425
614 11.944082699822125
615 11.807792690350558
616 11.56994773895132
617 11.577843165401932
618 12.095903188435308
619 11.161021149762647
620 12.082214928045639
621 12.196129006077818
622 12.669704648787087
623 12.266958556049874
624 11.642980701321902
625 11.819106035603923
626 11.799466696705348
627 11.561717187957818
628 11.501427654627028
629 11.806002259129583
630 11.792781959445854
631 11.587653735905894
632 12.02021886601716
633 12.096023935295099
634 12.05791851528006
635 12.473858873989712
636 12.621323817048651
637 12.904068150134389
638 12.525687890033524
639 12.430187082956143
640 12.601150876577943
641 11.313464877221536
642 11.940922986236234
643 11.978209605963572
644 12.07024091605239
645 11.985527364591267
646 12.518548049454198
647 12.347575102401233
648 11.499786036545904
649 11.793004392910749
650 13.007460047342649
651 11.625126122045222
652 12.465821943626787
653 12.646639974183284
654 12.477080770627655
655 12.276634062858857
656 11.652106064250184
657 12.338837554924199
658 12.07949042916225
659 12.074301097257925
660 11.603507783173054
661 12.120363962398184
662 11.3951284276603
663 12.187957792422283
664 11.819862877228575
665 11.314215330796197
666 10.871724284012764
667 11.360025850425703
668 11.813373792971186
669 11.928213831990618
670 11.9218181919004
671 11.473935571844192
672 11.148942292856827
673 11.775341241111125
674 11.276148335556144
675 11.319918996184406
676 11.559051919110823
677 11.249234393160524
678 11.295119014452055
679 11.016188047855751
680 11.951585800767
681 11.63224096522054
682 10.942111528507464
683 11.43454227976352
684 11.855722385384366
685 11.238139599704388
686 11.661085326052108
687 10.986082124554851
688 11.782619860315242
689 11.66614058695432
690 11.318034095175097
691 10.866430658237205
692 11.169485124914099
693 10.619256295116026
694 11.145370322631598
695 11.038127914512668
696 11.560932320514762
697 11.719413243443658
698 11.376998693417722
699 10.91190517042582
700 10.964128177749636
701 11.38961994074414
702 11.843604353946734
703 11.95072881858184
704 12.04135961584118
705 11.397872340067149
706 10.590271833231723
707 11.141814901423588
708 11.094616350631055
709 10.805587374744652
710 11.438923795397931
711 11.524488430698106
712 10.583082714537506
713 10.087663383894194
714 10.635409289310653
715 11.244668807046974
716 11.458023432296647
717 11.367741590521469
718 12.068385028270725
719 11.42745921345752
720 11.861592855592162
721 11.1596455040331
722 10.89817606609775
723 11.009376329030305
724 11.774735314714802
725 11.496882145062683
726 10.886965202513073
727 11.11958915609772
728 11.595836116840296
729 11.135121123706968
730 11.853999489489826
731 11.108645241089842
732 11.264353148640192
733 11.77929067892538
734 11.680764152353659
735 11.911999399396102
736 12.143291862255088
737 11.499188937713134
738 12.323585072773598
739 11.844023355794185
740 11.067672171901856
741 12.161412234471074
742 11.743489453021997
743 11.685760102248704
744 11.59468173264326
745 11.310369666365704
746 11.52323294072035
747 11.660420435371954
748 11.982997636665761
749 11.720374225842798
750 11.523695945686985
751 11.461490381282575
752 11.469918442061985
753 11.389602058630707
754 11.47368957254996
755 11.424991707255042
756 11.091131509816082
757 11.441556764552264
758 11.721702388660294
759 10.719059707187597
760 11.624488418215368
761 11.523075665598553
762 11.703391510889759
763 12.08194459188017
764 11.672801553964273
765 11.88463351506436
766 11.44030636322182
767 11.060004765249413
768 10.452355451998331
769 11.38991510389346
770 10.392674402198688
771 10.764257588397863
772 11.681370780460611
773 11.532377274010488
774 12.226157186481853
775 11.94598817274305
776 12.126363087679925
777 11.331640725693697
778 12.175550577487567
779 11.710123851510364
780 11.67903868474342
781 11.735019783839087
782 12.224479975448553
783 11.360672790117164
784 12.151350903671604
785 10.563873554576814
786 10.85895477161884
787 10.383547042785924
788 10.69921115815439
789 11.173890497326875
790 10.470112899294847
791 10.976810730343228
792 11.49274219818952
793 11.792530111195239
794 11.635305515346506
795 11.405880268552783
796 12.109737134204545
797 11.568086872281013
798 11.201251214167096
799 10.579346849907754
800 10.596107836806304
801 10.954442771236852
802 10.601594565090236
803 11.473609447760007
804 10.969876384075206
805 10.062049665294408
806 10.591025425749196
807 10.923756536174183
808 10.780005524518986
809 10.770585534199308
810 10.835837069549976
811 11.900881719043305
812 11.074964083630523
813 11.030381122312908
814 11.518476676354119
815 11.834435452898363
816 11.30471709356317
817 11.508037246775974
818 11.449756645581013
819 11.840064849366797
820 12.25904138803457
821 11.4802477175521
822 11.290779244579072
823 11.605348291603232
824 12.01056532132088
825 10.950086380342393
826 11.8327176483446
827 11.226243304892224
828 11.286163654437669
829 11.410187434055436
830 11.764666514343528
831 10.771297213273126
832 10.64373192057837
833 11.72606112835103
834 11.41733963078614
835 11.37998444904336
836 11.21280293323673
837 11.625018052935856
838 11.437485307224565
839 11.05214107801852
840 11.692771418166286
841 11.493763193012773
842 11.667166916837196
843 11.269576012042021
844 11.63024184946732
845 11.90060349510391
846 11.231810444872037
847 11.00463357259001
848 11.09282385318489
849 10.660947821750364
850 10.875994119180758
851 10.307049119553428
852 11.745717011736579
853 11.308851302903737
854 10.460380305896546
855 10.612449404813878
856 11.3813432839521
857 11.444424324345073
858 11.198845522944078
859 10.859425733699888
860 10.759383071089292
861 11.321530246167828
862 11.013813409524676
863 11.415102050995703
864 11.696646012468328
865 10.886152904540728
866 10.74758450068631
867 10.926220140504297
868 11.497745079748684
869 10.801873899892154
870 11.204013706251128
871 11.04258923151862
872 11.264776031172204
873 11.87666515908755
874 12.306533089819908
875 11.635268179904186
876 11.665036667759805
877 11.321059868802305
878 12.139536968280286
879 11.59918493299926
880 11.335442633164332
881 11.593247385009494
882 10.961673927993326
883 11.79995978584114
884 11.897256889572054
885 11.776214942058777
886 12.173422489632124
887 11.938769026767412
888 10.366683230069865
889 11.29568733681306
890 11.2512506297816
891 10.468178843566873
892 11.286774989578857
893 11.10171090754256
894 11.119254915205294
895 10.935709108282873
896 11.058525331336023
897 10.424250006682716
898 11.10833479483391
899 11.029669813581398
900 10.858503354031566
901 11.367668724168862
902 11.39857695252588
903 11.598860098134734
904 11.245205261679452
905 11.438469078969302
906 11.817671724410792
907 11.710246359681346
908 11.204030233821399
909 11.81708713488306
910 11.246894580769942
911 11.234104725990765
912 11.541776841896871
913 11.394807554989539
914 11.807694703081161
915 10.950188863974955
916 10.5252672308846
917 11.283961541105604
918 11.480414040096132
919 11.66151927458668
920 11.859000744036095
921 11.238297485887994
922 10.970907331086154
923 11.507412888020388
924 11.98829443059421
925 11.955887176477235
926 12.387129963426492
927 11.747977125283567
928 11.603368564691685
929 11.392336337268365
930 10.414666027837951
931 11.334279505123122
932 11.787823809360916
933 10.588077287650332
934 10.77868372107193
935 11.726588360930842
936 11.129239367906843
937 11.868480475393829
938 11.808826883902563
939 11.502961586461769
940 11.116299772616898
941 11.477093414651554
942 11.061288670587457
943 11.53683888430044
944 10.573103758210248
945 10.936496556374257
946 10.862676910005911
947 10.992180492059003
948 10.838963007941482
949 10.730278581073724
950 11.444141209674374
951 11.556491686169172
952 11.73789243379328
953 11.106139263257282
954 11.851298034600083
955 11.418241090121928
956 10.978980332156793
957 11.30903625415053
958 10.878393683308841
959 11.494139381220455
960 11.541830077403251
961 11.479094383981975
962 11.661189429241684
963 11.139873131909829
964 10.975608458050713
965 11.653744041264709
966 11.715175605458619
967 11.03739603765228
968 11.062568664586298
969 10.635473450317333
970 10.78589522809656
971 10.933065581372272
972 11.174747487711713
973 10.972346656189968
974 11.010892025660283
975 10.65837311204759
976 10.95469166479505
977 11.22636033158329
978 11.237737079535828
979 11.507057299564927
980 11.053576007107523
981 11.44988951890064
982 11.149836775099557
983 11.638733533075118
984 11.507546303526656
985 11.261106629219178
986 11.008086770949323
987 11.254024228217082
988 10.631995197959728
989 11.464132687639697
990 11.09715847075701
991 11.382710770374231
992 11.248198998462245
993 11.104003059479615
994 11.735561250178067
995 11.106164123174805
996 11.152543319325318
997 11.58925727165886
998 11.431754535466759
999 11.109910140102006
1000 11.261153230975815
1001 11.10720836777048
1002 12.169417577625172
1003 11.357324937846546
1004 11.135576577712785
1005 10.874927624353916
1006 11.685668952426155
1007 11.51760248293841
1008 10.725228578527036
1009 11.383241582760252
1010 11.18694077115148
1011 10.576560004142221
1012 10.61905593254793
1013 10.53224628018183
1014 10.792189708709
1015 10.81167497948041
1016 10.03949155871154
1017 10.808919517757344
1018 10.136247635645216
1019 10.247683206842817
1020 10.590484643016259
1021 10.910985696544989
1022 10.59430365219197
1023 11.12540962902406
1024 11.480054813206538
1025 10.988092214881274
1026 11.23848480737501
1027 10.895596573451737
1028 11.309590870265671
1029 10.978778971795187
1030 11.592819406973385
1031 10.901248485894458
1032 11.591500781627353
1033 11.306168616674126
1034 11.052603849143013
1035 10.84301470734716
1036 11.045330119566971
1037 10.59780811010321
1038 11.133648066263225
1039 10.973067414882589
1040 11.289807838714255
1041 12.009891425948522
1042 11.42746917888845
1043 11.696851771359292
1044 10.697546029284236
1045 12.299305402314321
1046 11.27175108326725
1047 10.564853194681154
1048 10.54651146061997
1049 11.033755803378504
1050 11.24754580985574
1051 10.995099130151265
1052 11.15167066092746
1053 10.402364442818874
1054 11.140455822845151
1055 11.460577022750455
1056 11.262141095611561
1057 10.719356016022
1058 10.784930727189337
1059 11.462760779340462
1060 11.31531283330502
1061 10.73064691687613
1062 11.746036803446732
1063 11.286410430093303
1064 10.344457607333734
1065 10.590745434344967
1066 10.088601904754682
1067 9.62660277821817
1068 10.018171160132148
1069 10.58134033555592
1070 10.14343947731455
1071 11.522114506654326
1072 11.818635615568452
1073 11.745241228868593
1074 11.433996876696826
1075 10.740742557853336
1076 11.901139026046277
1077 10.683584859113935
1078 11.630768129725578
1079 11.728417147211749
1080 12.327722069066313
1081 11.129749995817429
1082 11.28906882628009
1083 10.31934529703596
1084 11.66364937765307
1085 10.32308111092865
1086 10.389125031571925
1087 11.0208853730904
1088 10.279902728279916
1089 10.761458392582092
1090 10.232983951641195
1091 10.264310864322868
1092 11.056373799424685
1093 11.40598985850652
1094 11.430208153300828
1095 11.058680396706887
1096 10.95539649430209
1097 11.523002807549398
1098 11.986065778546136
1099 10.58802122045774
1100 11.62600998645823
1101 10.895805855990702
1102 10.934222981645323
1103 10.64298682414053
1104 10.745414152761784
1105 10.498929540280196
1106 11.59596591975885
1107 11.114277680862289
1108 10.78066244257892
1109 10.304142258180706
1110 10.637762054918596
1111 10.695184696691458
1112 10.023550720643195
1113 10.154746182615682
1114 10.049034366484596
1115 10.625585958312955
1116 10.4608663028004
1117 11.28003117150965
1118 11.175736003396585
1119 11.554151093459149
1120 10.836686774629383
1121 11.493748323421928
1122 11.31009114873474
1123 10.646222849058798
1124 11.331281565449542
1125 11.106791646220234
1126 10.605251282958946
1127 11.242798636991886
1128 10.875257844620043
1129 10.615827700438244
1130 11.003203203082522
1131 11.35438994064403
1132 10.670060050359748
1133 11.15392435783285
1134 10.699986229364447
1135 10.41615936470285
1136 11.57324796889232
1137 10.196900371594067
1138 11.559752553430874
1139 11.348486947546753
1140 10.801348931970429
1141 11.259542633475577
1142 11.332031139939085
1143 10.341445717383396
1144 10.622120933304952
1145 10.932909102491276
1146 11.311879247571953
1147 11.569516405982185
1148 11.67359262115355
1149 10.393884343818728
1150 10.56986129541358
1151 9.856267225061913
1152 10.279991148164394
1153 10.255902994930292
1154 11.640928365153728
1155 11.388453313189487
1156 11.66780736650694
1157 10.917736468735757
1158 12.490782098280125
1159 11.88352066115566
1160 11.085150527123842
1161 11.056939066973147
1162 11.314452436139915
1163 11.589156605776116
1164 11.289706852508026
1165 11.3235294488411
1166 11.777232787669385
1167 10.678379358481308
1168 10.673977718478037
1169 11.005420773534976
1170 10.726075064178543
1171 11.257343767332465
1172 11.423514717286782
1173 10.171273419304491
1174 11.04610291996887
1175 10.216962462595578
1176 10.42140569350401
1177 10.628191253300578
1178 11.515002298700715
1179 10.935310121315851
1180 10.89190084721781
1181 10.225939387550858
1182 10.440538457612137
1183 11.284637137337882
1184 10.577979373264935
1185 11.677468743812916
1186 11.579885286817252
1187 10.984860198039886
1188 11.23986187569077
1189 11.663979663868396
1190 11.319376051952005
1191 11.455914205235127
1192 11.36390714056902
1193 12.056255624982024
1194 11.451590188903166
1195 11.185226897680572
1196 11.121984433627903
1197 11.501401615321113
1198 11.714348707734393
1199 11.596414478273056
1200 11.20658700002508
1201 11.298402826779324
1202 11.04989618950751
1203 11.962624427060355
1204 11.531636653784517
1205 12.17283122927599
1206 11.66177906867808
1207 12.313958976510072
1208 10.786517031845335
1209 11.539492132491223
1210 10.943629960511663
1211 11.40874982762297
1212 11.139077080154651
1213 11.418060304299576
1214 10.365747703908966
1215 10.892088784903983
1216 11.767470971533887
1217 11.560947707327628
1218 11.268430303624397
1219 11.03062869148223
1220 11.085836507588292
1221 10.973576200027491
1222 10.537066966949308
1223 11.479984376164712
1224 11.502940631663481
1225 11.515909306704332
1226 12.223433982241781
1227 11.502017989298226
1228 11.788971021371148
1229 11.568410802915638
1230 11.390182473172008
1231 10.902832895254422
1232 11.099483553403484
1233 10.556561877707976
1234 10.483904828534923
1235 11.007741049578136
1236 10.66850690896695
1237 10.343109039615236
1238 10.070348474953294
1239 10.341604506920381
1240 9.966888716495601
1241 10.482568070092922
1242 10.744244638560794
1243 10.148132356866611
1244 11.02468071213662
1245 10.32821250816164
1246 11.028670578631797
1247 11.261395236097352
1248 11.734580035042127
1249 11.61806884120935
1250 11.938881671584717
1251 11.061563328350472
1252 11.202200274039388
1253 11.320519104724594
1254 11.019561656401965
1255 11.494063429730389
1256 11.18168720261054
1257 11.571511318434707
1258 11.801456985794298
1259 11.604862915910937
1260 11.093706696575417
1261 11.763688286331476
1262 11.325938369373496
1263 11.220887189685966
1264 11.736343811067487
1265 11.433384331163909
1266 11.127552421025817
1267 11.953988098071608
1268 10.745889309027456
1269 11.384874385939401
1270 11.4853780315039
1271 11.792889858634195
1272 11.721864807975773
1273 11.457215305978073
1274 11.841036539812876
1275 11.703798871670996
1276 12.138385530013776
1277 11.879618991442431
1278 11.960895544269675
1279 11.798475052886772
1280 11.518191561601649
1281 12.087755284363482
1282 11.72995006058246
1283 11.123838724625307
1284 11.56897802566501
1285 11.841524262684276
1286 12.10640344728593
1287 11.89321034665258
1288 11.271329365411868
1289 11.58020120668909
1290 11.629788515309485
1291 11.318982946278105
1292 11.805548073624987
1293 12.0713278599528
1294 11.70762313724071
1295 11.553954117831159
1296 12.253987976185275
1297 11.658076768533272
1298 11.927729044304089
1299 11.796456840760458
1300 12.296217318049694
1301 11.643514495939776
1302 12.073966444782263
1303 12.138362431430126
1304 11.706410007640507
1305 10.83667497289932
1306 11.297503190577332
1307 11.291343068596358
1308 11.306441396611675
1309 11.256945592822056
1310 10.928192332755197
1311 11.714715795154317
1312 10.62207304275269
1313 10.908313639002097
1314 11.265807941495064
1315 10.567959586357748
1316 11.527103525661762
1317 11.184662551300974
1318 10.80264205870747
1319 11.243475457419981
1320 11.68961168764596
1321 11.397310166482985
1322 11.798464950685476
1323 11.765813082317209
1324 11.71412296013383
1325 11.528343366855035
1326 11.378555962769909
1327 10.98125957814084
1328 11.96854103139224
1329 11.838519293494963
1330 11.641140556959089
1331 10.854745033660711
1332 11.340988741788905
1333 12.176921941462053
1334 11.950465991738344
1335 11.893656598717751
1336 11.542683055772518
1337 11.49206333546711
1338 11.3541797402173
1339 11.9685172647206
1340 12.208459524075268
1341 11.534467601432265
1342 11.329253057404324
1343 11.717758087873376
1344 11.74398544897355
1345 12.102035653770033
1346 11.877030591055965
1347 11.239212779411382
1348 12.546804317334518
1349 11.277171682839102
1350 11.845125627654111
1351 11.605323493835455
1352 11.89162319397378
1353 11.77149911724642
1354 12.014929294069388
1355 11.256121809123574
1356 11.885416333930127
1357 11.660235047441875
1358 11.347632605439744
1359 11.147933373158285
1360 12.663552094374799
1361 11.53010880751434
1362 11.513574465402732
1363 12.453883405165355
1364 11.566941782190893
1365 11.336967608744235
1366 11.733422375461988
1367 11.486284066059325
1368 11.602868863592052
1369 11.394956393020632
1370 12.016289278448705
1371 11.088686645461161
1372 11.93224531976838
1373 11.593337664111687
1374 10.80197791262768
1375 11.764956184659713
1376 11.685136654324618
1377 11.912446265860455
1378 11.635023576727624
1379 11.650858278825675
1380 11.889213753555557
1381 10.927753281736306
1382 11.485099676460203
1383 10.94405751438637
1384 11.54095288656951
1385 11.019584293672283
1386 11.66702165446746
1387 11.284693055085858
1388 10.86607740016582
1389 11.003217888608114
1390 11.276999045624006
1391 11.270205110247323
1392 11.517328299324312
1393 11.479695864592355
1394 11.41649954474888
1395 11.560789627997117
1396 11.000775467718725
1397 11.22484182304457
1398 11.802989758682465
1399 11.796871357096531
1400 10.988334841966436
1401 11.617479877284664
1402 11.482106752696355
1403 11.760379116739665
1404 11.28018499752609
1405 11.26604115985832
1406 11.115603400972013
1407 10.831989301101473
1408 10.5823041084704
1409 11.279460720655342
1410 11.482882337515875
1411 11.39753187263403
1412 11.633275468638704
1413 10.936876986496964
1414 11.6495340612469
1415 11.265707595729303
1416 11.609086516545759
1417 11.5943171605072
1418 12.283052251197104
1419 11.558676572806547
1420 11.616493032909446
1421 11.968003420372787
1422 11.648446185003777
1423 12.242588907463224
1424 11.492583988655038
1425 11.035461888330987
1426 11.580090560990353
1427 11.703661920082089
1428 11.489217376261024
1429 11.327517088343246
1430 11.38384165326039
1431 11.963986234177847
1432 12.226959535347332
1433 12.187768392418029
1434 11.69536315878112
1435 12.684065954024828
1436 11.735605827575247
1437 10.898113938217291
1438 10.92285025914029
1439 11.004529353861427
1440 11.542239261641575
1441 11.88311396602809
1442 11.11000988763929
1443 11.696960866819502
1444 12.249200717351746
1445 11.532956566121227
1446 11.83106156802927
1447 11.74483766092673
1448 11.048517090025527
1449 11.404682066181515
1450 11.227552896019409
1451 11.518146227703259
1452 10.794343818571727
1453 11.304251635177701
1454 12.119986855942654
1455 11.973791672695873
1456 10.662711501203134
1457 11.271033738306903
1458 11.910424420066382
1459 10.424812496701728
1460 11.078328305534173
1461 10.526649967897239
1462 10.345969476710229
1463 10.41447257138026
1464 10.456817718927544
1465 9.62638267273116
1466 10.339859650980749
1467 10.841949665739422
1468 11.044371632090826
1469 10.256336795830334
1470 10.94773519577935
1471 11.25968889921678
1472 10.760701781422801
1473 10.709231859524031
1474 10.973140856553279
1475 11.01823988485932
1476 10.890411267880852
1477 12.103046079774467
1478 10.98742036564876
1479 11.483593158773
1480 11.399269735843601
1481 11.750689952668926
1482 11.109036640447682
1483 10.446322131896869
1484 11.302339921043613
1485 11.607347387877507
1486 11.651937717008021
1487 11.241962487182217
1488 11.411030652552952
1489 10.833832582425702
1490 11.309597541767571
1491 11.27740692077522
1492 11.749494578318634
1493 11.252508827860865
1494 11.611068686831086
1495 12.095613585688067
1496 11.281004316994098
1497 11.220689831972491
1498 12.093120539955905
1499 11.27028971403166
1500 11.4255341989044
1501 11.270004050588213
1502 11.232670575930028
1503 11.831359790663216
1504 10.747099614161353
1505 11.596358277068338
1506 11.104418099367377
1507 10.9875336817772
1508 11.101883625955432
1509 11.541051952776131
1510 11.489447592397207
1511 11.030693861853658
1512 11.30035132150605
1513 11.64537994231998
1514 11.671518053903679
1515 11.188950843428236
1516 11.540884377900158
1517 11.38051353856456
1518 11.416117148895593
1519 11.847506698926823
1520 11.872950737786317
1521 11.887835221154344
1522 11.72704643308592
1523 11.896140133094095
1524 11.55570328377393
1525 11.76647002518374
1526 11.702611555806872
1527 11.652288586465353
1528 11.830872652108573
1529 11.371309203276718
1530 11.417088771164014
1531 12.051256945242612
1532 11.81396128358029
1533 11.484801915813788
1534 11.337811543808202
1535 11.56019797967136
1536 11.25465065044095
1537 11.589657698672736
1538 11.277055098904002
1539 10.535977002085971
1540 11.263528136327153
1541 11.657298841309668
1542 11.465624850914432
1543 11.40810186408169
1544 11.168833274739475
1545 11.367274526685753
1546 11.885107395241219
1547 11.042135262351401
1548 10.979599988207568
1549 11.698190961221359
1550 11.771288786608473
1551 11.523348022720276
1552 11.026852272920802
1553 11.052390112248565
1554 11.088310728397522
1555 10.964094779180156
1556 11.15621923025516
1557 11.372230095280743
1558 10.538533561919815
1559 10.212626581589433
1560 10.606476116755037
1561 10.709288661893034
1562 11.161986250346411
1563 11.71214686172592
1564 10.47110212055058
1565 11.435945329181406
1566 10.859097091923742
1567 10.9821291114152
1568 11.943197667363933
1569 11.797969033533372
1570 12.302729757856063
1571 11.4690609516288
1572 10.770167236965241
1573 10.536619247939708
1574 11.418843522359635
1575 11.09553796296247
1576 11.205308432262733
1577 10.11230407759585
1578 10.98441367317722
1579 10.595369212682186
1580 10.759164142993065
1581 10.743918098508226
1582 10.835792720790598
1583 10.930386464744624
1584 11.087113504036296
1585 10.816242249909218
1586 11.240780221753518
1587 11.292728186493616
1588 11.55040268479734
1589 11.5785478358062
1590 11.281195005242447
1591 11.557481746738581
1592 11.233710828984139
1593 10.660351250723318
1594 10.17183966825367
1595 10.614767765083498
1596 10.990502627857571
1597 10.956097507100766
1598 10.566137854525126
1599 11.18026020299697
1600 11.291408499602843
1601 10.894579755089785
1602 10.783379258875977
1603 11.375844530690442
1604 11.558937674262292
1605 11.762616602954305
1606 10.370496981487024
1607 11.39978738911257
1608 11.504055426821282
1609 11.640106427890268
1610 11.364876053263771
1611 11.364994037207335
1612 10.859461975209824
1613 11.297785285742577
1614 10.651794885332945
1615 11.185149374603263
1616 11.868878983651571
1617 11.640737740340949
1618 11.09133066671926
1619 10.823116399318824
1620 11.511676933579796
1621 10.249969164708071
1622 10.61513876414895
1623 10.831483816033073
1624 9.8766138655933
1625 10.233150897129315
1626 9.917402972727448
1627 11.0533126587501
1628 11.18913361295473
1629 11.388633893472218
1630 10.415026013874883
1631 11.11525856285565
1632 11.28296676694008
1633 11.148107230619393
1634 10.761411004807453
1635 10.793198725096582
1636 10.90869291563611
1637 10.450914204426736
1638 10.90335300466524
1639 11.38993069182943
1640 11.91167971569261
1641 11.763009559176869
1642 11.850863637693276
1643 10.92305531093668
1644 10.51200282949033
1645 11.467521640662422
1646 11.547079697725534
1647 10.5286002272221
1648 11.545181722236856
1649 12.005350463627025
1650 11.27268902381685
1651 11.313121249052807
1652 11.49252478830056
1653 11.713599911082413
1654 11.51768062265503
1655 11.053197708442507
1656 11.543941732691959
1657 11.680159926944746
1658 10.739684605718024
1659 10.228933088236325
1660 11.245539742618394
1661 10.68109832086934
1662 10.24619436142226
1663 10.4002108997579
1664 11.127788263203888
1665 10.055121914115862
1666 9.820030495025977
1667 9.89942197478067
1668 10.873195947449661
1669 11.50750406054508
1670 12.018212829281616
1671 11.056581891886394
1672 11.943364581800296
1673 10.935902310569196
1674 11.561774547205655
1675 11.24814482398728
1676 11.009727243414236
1677 10.799830338353546
1678 10.725894649298372
1679 10.953652920558886
1680 10.905030720055231
1681 10.245880240188582
1682 9.411493789404673
1683 10.239340664877346
1684 10.38332718586752
1685 10.167364563726132
1686 10.651381575433051
1687 10.44197137059489
1688 10.258039583826447
1689 11.21016546770863
1690 10.717501716036276
1691 10.336969091887106
1692 11.136903363902382
1693 11.035712948035984
1694 10.25020287779966
1695 11.14859605493549
1696 10.50726624256225
1697 11.152746468245326
1698 9.93903792288417
1699 9.751108887717416
1700 10.11627516658315
1701 10.064532144119674
1702 10.351606413577757
1703 11.340557032282883
1704 10.50218746283817
1705 10.95506059915703
1706 11.379409717508773
1707 10.720721119992728
1708 11.49745966381626
1709 9.923599794374738
1710 11.538542439414686
1711 10.228618227686487
1712 11.175141592658287
1713 11.537583763328747
1714 11.276571141095669
1715 11.33589842709122
1716 11.05498157739477
1717 11.362786337925675
1718 11.317639135260508
1719 11.363744174088964
1720 11.73722382832255
1721 10.59277303403825
1722 11.369150623413654
1723 11.80374358631094
1724 11.239868117495988
1725 11.356553778718501
1726 10.77850406524494
1727 11.109701451157644
1728 10.840887731375519
1729 10.686499180893886
1730 10.423329799759275
1731 11.230281305907592
1732 10.982647184756933
1733 11.317287184963497
1734 10.661932092847538
1735 10.717837349782158
1736 10.452065849770074
1737 11.050705980216184
1738 10.754172221033222
1739 10.8072525008285
1740 10.66916104563846
1741 10.878346121268367
1742 11.186243762115213
1743 11.166882037788097
1744 11.09993439299821
1745 11.705140524809046
1746 11.2601603250111
1747 11.15310075683383
1748 11.18527414724196
1749 11.144344351184088
1750 10.860795783531147
1751 11.161875289210997
1752 10.307577270020087
1753 10.808938985491551
1754 10.821005136476108
1755 10.935026467360853
1756 10.764641350331297
1757 11.226236902647077
1758 10.806592835554783
1759 11.454681142150344
1760 10.628051799655385
1761 10.735450351529558
1762 10.947839742907268
1763 11.754216296725566
1764 10.451394312337609
1765 11.21162628637367
1766 10.541788622408125
1767 11.409750924197407
1768 11.202700989694376
1769 10.936794170338471
1770 10.96212669426806
1771 10.82323663971042
1772 12.09123402700239
1773 11.096938902739144
1774 10.81671571052656
1775 10.224893623475124
1776 10.831824833443925
1777 10.928591380087031
1778 10.747882297841137
1779 10.800457967952035
1780 11.518439683138501
1781 11.037770721827371
1782 10.891439979994525
1783 11.009442790461248
1784 10.867437819986124
1785 11.022898949802416
1786 10.625152131007612
1787 10.454750312216019
1788 11.600898050886304
1789 10.672837376116428
1790 10.988180546957834
1791 11.164597172900798
1792 11.22474739137099
1793 11.214768912395604
1794 10.887697906266224
1795 10.093478204307628
1796 10.798322756410194
1797 11.306530513874565
1798 11.064107412324136
1799 10.903495315252746
1800 10.868859005739438
1801 10.865028429073025
1802 11.015284003099636
1803 10.623502991236528
1804 11.003715159421692
1805 10.777111513407283
1806 10.695795582383765
1807 10.1041900341057
1808 11.017208422267311
1809 10.90541085119848
1810 10.384929342965444
1811 11.600755038562582
1812 11.344655657729215
1813 11.131767696124733
1814 11.10325839628237
1815 12.017685387871062
1816 10.875754128710557
1817 11.325040121083545
1818 11.88274008098397
1819 11.194725188704691
1820 11.118329059137551
1821 11.64471471095548
1822 10.883928397977806
1823 10.957284018581024
1824 11.276495704490909
1825 11.347156854575074
1826 10.852779962823218
1827 11.535746695818714
1828 11.226606621022308
1829 11.722540695532835
1830 10.846294924801901
1831 10.698226760215526
1832 11.680695345213074
1833 11.648851161993502
1834 11.781145854959723
1835 11.379544548053776
1836 10.928702165516034
1837 12.144628480450393
1838 11.079124547189592
1839 12.055589603699083
1840 11.243212426204588
1841 12.106129974649189
1842 11.668134992616906
1843 11.664213634953535
1844 11.29248542873092
1845 9.921529563614063
1846 11.308331449822058
1847 11.727997588696043
1848 11.404976717266333
1849 10.69888468483743
1850 10.762861819077768
1851 10.864684818529115
1852 10.434227210654708
1853 11.03139046985444
1854 10.557006003153587
1855 11.066765899056142
1856 11.87826077969987
1857 11.117172272034983
1858 11.240396707442315
1859 10.890443795820172
1860 10.782925259199477
1861 10.56789133671699
1862 11.187656937386862
1863 10.964419950439876
1864 10.731293846085446
1865 11.061577437566832
1866 11.475966201319325
1867 11.349366895081358
1868 10.167295205746498
1869 10.670515051569975
1870 11.069616244347216
1871 11.170130798608932
1872 11.3171499917482
1873 11.054613383943321
1874 11.271431515495355
1875 10.925274679398788
1876 11.331557035982778
1877 10.862579995979281
1878 11.140249926847256
1879 11.118007651555201
1880 11.378672140704918
1881 11.365224274264627
1882 10.661285271622427
1883 10.944769683160123
1884 11.591468404783884
1885 11.212181138168432
1886 11.232729925282785
1887 11.218910622515747
1888 11.446930874510862
1889 10.540174577443183
1890 11.082127966361256
1891 10.753981025587471
1892 11.362802365136554
1893 12.109363138771425
1894 11.946502448954972
1895 11.298010455208294
1896 11.068429463815095
1897 11.455341567498767
1898 11.635600574405972
1899 12.25190482888812
1900 11.999381780411099
1901 11.58895330007788
1902 11.017381989129467
1903 12.323645154959289
1904 11.660398240455038
1905 11.513141219045002
1906 11.463604330110778
1907 12.657454460459283
1908 11.876425519062291
1909 11.424304385016091
1910 11.481533046554404
1911 11.762828743452285
1912 11.27504444093255
1913 11.902930823805944
1914 11.947882152721618
1915 12.414565386681073
1916 12.153937918751238
1917 11.311141967751084
1918 12.001390294106482
1919 12.03408559392966
1920 11.56261707354939
1921 11.464951692970608
1922 11.842519145703223
1923 11.940695255382872
1924 11.706019503694902
1925 11.739876714712363
1926 11.04672894741402
1927 11.95717790775845
1928 12.326202286979894
1929 11.472489218800733
1930 12.055383626782996
1931 12.147753092675423
1932 10.989587210772237
1933 11.433737829202038
1934 10.764501756464535
1935 11.27313472244098
1936 11.30633616672187
1937 11.646326969623452
1938 11.968299250218259
1939 11.699542843779886
1940 11.521697727865872
1941 11.16990185352041
1942 11.46437973168141
1943 11.3530270745737
1944 11.662574212761537
1945 11.293549417301787
1946 11.314037205592909
1947 11.033636868334924
1948 12.013404791911702
1949 10.683424364252778
1950 10.65550218536647
1951 11.225555368145871
1952 11.903613852916912
1953 11.49495415006239
1954 11.532883975847884
1955 11.239973300911851
1956 11.467537552235406
1957 11.251325763200354
1958 12.016406644185292
1959 11.934160030051867
1960 11.416495074294694
1961 10.830145320217493
1962 12.160526081150731
1963 11.076914881912474
1964 11.444708650981385
1965 11.431980354408559
1966 11.491857463825736
1967 11.87506383113153
1968 11.360411565166025
1969 11.652836235911114
1970 11.103713481978815
1971 11.436981150730581
1972 11.2173219508255
1973 10.977333155800068
1974 10.646431742126932
1975 11.961814860484656
1976 11.692815113965077
1977 11.344253066844441
1978 12.400129322189898
1979 11.301532011988114
1980 11.417414572855689
1981 11.623510893773629
1982 11.76114636888671
1983 11.557896731519513
1984 11.71344253375596
1985 10.972510225252446
1986 11.264149349668452
1987 11.605182643489767
1988 11.991805789786047
1989 11.867458519912544
1990 10.899471285763536
1991 12.066283283918695
1992 12.562780369354769
1993 12.077011602015736
1994 11.931868747010332
1995 12.021795819228508
1996 12.161983098053303
1997 12.307761254264497
1998 11.745130854383754
1999 11.527208300669372
2000 11.555494103994848
2001 11.346069103383543
2002 11.610675564940538
2003 11.777478580456718
2004 11.152284643913395
2005 10.87591241540909
2006 11.463313027054838
2007 11.144643323746465
2008 11.789418265621881
2009 11.157176528574483
2010 11.382310574139694
2011 11.33092382095718
2012 10.867980204414838
2013 11.08246327728254
2014 11.708768363399543
2015 11.478581918631576
2016 12.285385607089461
2017 12.0405405558695
2018 12.016775317200409
2019 11.97331468452788
2020 12.583678298820583
2021 11.596407087380886
2022 10.843791781219657
2023 11.301525700536352
2024 11.957949767070819
2025 11.672435791111935
2026 12.488663466213985
2027 12.083669888320642
2028 11.372808732811537
2029 12.063215102955024
2030 11.534299145119443
2031 11.111899389625352
2032 11.1531415194819
2033 11.381163632949308
2034 11.820168504363219
2035 10.960055735803344
2036 11.092876741992148
2037 10.853275731406898
2038 11.212012549050884
2039 11.516702861241585
2040 11.674135831538804
2041 11.470521344303776
2042 11.965064448868384
2043 12.07090719007844
2044 12.065388720514802
2045 12.024200218636725
2046 11.457659334188897
2047 11.674588006898185
2048 12.191670399843936
2049 12.23272964557707
2050 12.38782496622257
2051 10.939241418181835
2052 11.535343524480137
2053 12.013954144473251
2054 11.962757427747684
2055 11.91944251047328
2056 12.52348991658687
2057 11.239732902797448
2058 11.50569795683957
2059 12.121176007044703
2060 11.897381225709609
2061 11.82134386754221
2062 11.420446540702168
2063 11.941851561311791
2064 12.209418718659037
2065 12.310182575961383
2066 12.150547890849749
2067 11.889989492262735
2068 12.138593901234344
2069 11.166058267235144
2070 11.692769763040285
2071 11.159221496320509
2072 10.790515964730238
2073 11.489749882311191
2074 12.016655683448901
2075 10.846565128961632
2076 11.82685601867909
2077 11.374257472690621
2078 10.835804747022367
2079 11.979395872849617
2080 11.176656381814514
2081 11.306824906438374
2082 11.12531314990537
2083 11.931146325355474
2084 12.048901848299089
2085 11.943046401449632
2086 11.414036067198376
2087 11.48827600925054
2088 11.83530817664179
2089 11.788259913029561
2090 11.763150660374366
2091 12.267566511860913
2092 12.053067131850183
2093 11.15539873321289
2094 11.453078777338828
2095 11.937878997174662
2096 11.735659860760624
2097 11.762990743637317
2098 11.064370707715925
2099 11.775040263414475
2100 11.642347215628885
2101 11.862378735884024
2102 11.845689951121294
2103 12.19635105815199
2104 11.43371370864189
2105 11.494939064504798
2106 11.080450566546093
2107 10.472940258765897
2108 10.767224604367268
2109 11.434340726290456
2110 11.594401225173893
2111 11.412878304911164
2112 11.662712240982883
2113 11.475530021985952
2114 11.674458240428885
2115 11.139377221749976
2116 11.483343509060903
2117 11.414508230573917
2118 11.89858059427687
2119 12.14422187316795
2120 11.727901844409548
2121 11.741933238739904
2122 11.279014764912514
2123 11.119018608368947
2124 11.296938072962579
2125 11.82681543413849
2126 12.026837864976951
2127 12.156472029123377
2128 11.778077890869168
2129 10.750907580608896
2130 11.507658027355577
2131 11.705779180756723
2132 12.321410167914406
2133 11.392144923814243
2134 11.773387293703571
2135 10.857646888346233
2136 11.533244630313417
2137 10.813874403973802
2138 11.081196735875379
2139 11.54603933441751
2140 10.940152636613277
2141 12.347088310986443
2142 12.58112590815262
2143 12.295035130749028
2144 11.855607918572344
2145 11.848521322379204
2146 11.947666022849873
2147 12.045328848005168
2148 12.007737047663442
2149 11.32719566564803
2150 11.414405389705113
2151 12.530026262349825
2152 11.212307937448998
2153 11.605488822232026
2154 11.912001809906895
2155 11.59514067168295
2156 11.688743742399136
2157 11.702332828445934
2158 11.584710292633918
2159 11.628457215826746
2160 12.081778876444503
2161 11.628728516035368
2162 12.137803049541887
2163 12.066496633632314
2164 11.680587378124827
2165 11.49903779104263
2166 11.83560117920647
2167 11.527311003331192
2168 11.936116859965122
2169 11.580178073718603
2170 12.207276530578232
2171 11.844096762544037
2172 11.746465831133174
2173 12.049073663174372
2174 11.507715810449302
2175 11.021489942125262
2176 11.606310623613293
2177 12.102874457001866
2178 11.628756392891543
2179 12.035260903049569
2180 11.615578655655773
2181 12.444521319390722
2182 10.585233961262519
2183 11.471133840616199
2184 11.317663408865632
2185 10.927972208966995
2186 10.609735137588366
2187 10.97590972249556
2188 11.377056554913182
2189 11.119546631928209
2190 12.512844127536743
2191 12.204941995229598
2192 11.931766449402176
2193 11.959390937256028
2194 11.65443220067736
2195 11.750891408798877
2196 11.779718698656655
2197 12.203741781584538
2198 11.989541409832482
2199 11.403860162483106
2200 12.137955924138142
2201 11.960754030297789
2202 11.958753133874168
2203 12.121744328077682
2204 12.22489879361652
2205 11.860735194549806
2206 11.313842906368178
2207 11.621026482634404
2208 11.233446153930583
2209 12.17703627839752
2210 11.278956150558436
2211 11.29552210906454
2212 11.236581776423007
2213 11.76437900822251
2214 12.38230292925003
2215 11.205215180767983
2216 11.496496203267107
2217 11.611048569360108
2218 12.178548722655094
2219 11.684814762503034
2220 11.286648624310574
2221 11.872009073975775
2222 11.552240051028228
2223 11.421144547775421
2224 11.48576826215653
2225 11.555779906778579
2226 11.461594476669067
2227 11.674386376976189
2228 12.164366250150527
2229 11.699554755635464
2230 10.984282960451141
2231 11.615950939673807
2232 11.58381705225235
2233 11.544161983223937
2234 11.836035916744436
2235 12.015154567427798
2236 11.597698183733169
2237 12.001694444924556
2238 11.972292238613894
2239 11.409978280420184
2240 11.924798042477486
2241 11.876978682937827
2242 11.88124435512714
2243 11.834259267943379
2244 11.815537560878248
2245 11.654769294125106
2246 12.471335124941358
2247 11.798787231116512
2248 11.7071066302722
2249 12.035335314707554
2250 12.690911704652823
2251 12.154262226963755
2252 11.849987680124523
2253 10.45997417178679
2254 11.634421588150262
2255 11.563280115796294
2256 11.272288682262277
2257 11.274493800801494
2258 11.979609447353589
2259 11.087253570611272
2260 11.316749341688917
2261 11.324826571125865
2262 11.227495476206547
2263 10.882032346396995
2264 11.497263268046671
2265 11.431127703064579
2266 11.854118215885974
2267 12.005462538843897
2268 11.583212085352477
2269 11.072721273611865
2270 12.166667802668188
2271 11.397471996850381
2272 11.595599913473594
2273 11.153610410960741
2274 11.43429685938988
2275 11.51903418767778
2276 11.441863750202067
2277 10.96214072595042
2278 11.376895658064015
2279 11.287340637786974
2280 11.26230583114923
2281 11.56073856431766
2282 11.297573341410352
2283 11.473847523068187
2284 11.126540871482009
2285 10.546362049587147
2286 11.132281955485487
2287 11.63080745807074
2288 10.097112412882481
2289 10.819951550557562
2290 11.331630628896928
2291 11.165867303708056
2292 11.596392188619438
2293 10.023423550633876
2294 11.266623364025964
2295 10.652517257370631
2296 11.345283636907572
2297 11.04727830095337
2298 11.377685372192193
2299 11.211344059791855
2300 11.092658851564943
2301 11.67442539680303
2302 11.214167845825195
2303 11.356453864398636
2304 11.559452287146534
2305 10.26931024185058
2306 9.967670070768417
2307 9.9302333986821
2308 9.66878798006385
2309 9.697982411134312
2310 10.391820150460717
2311 9.708243724524179
2312 10.962973936814512
2313 11.248600172434818
2314 10.523960660838961
2315 10.283305824988952
2316 10.495540281303889
2317 9.685917245795936
2318 10.389877364508333
2319 10.207009685337374
2320 10.421472791786309
2321 10.239627711439857
2322 11.01943204249769
2323 10.571117206090392
2324 11.051430091927935
2325 10.646575632084112
2326 11.614973071317927
2327 10.586576609477778
2328 10.480259231576248
2329 9.990171589198455
2330 11.22203319790501
2331 10.694447701116273
2332 10.755126737817374
2333 10.571531804924804
2334 11.010997240705859
2335 10.53772746028269
2336 11.24699953808594
2337 10.806884072069593
2338 11.558771237155298
2339 11.26714770094688
2340 10.830386095951404
2341 11.829388518188997
2342 11.587143521740158
2343 11.136309633162133
2344 11.355594145262854
2345 11.260394381754386
2346 10.462979126777775
2347 11.06837978239244
2348 10.94644685211314
2349 10.649434534405101
2350 10.646513065933817
2351 10.906662699823745
2352 10.44180312798774
2353 10.936433086582412
2354 10.659994783911873
2355 10.752310301303702
2356 10.693600088529008
2357 11.500882169589977
2358 11.100670877056864
2359 11.176392745901214
2360 11.47596766809869
2361 11.235030919979216
2362 11.066315307648395
2363 11.947538219892198
2364 12.107288780565963
2365 12.314528623491872
2366 11.964554827244859
2367 11.606490678875172
2368 10.715348111304888
2369 10.180320459995228
2370 10.06273256394681
2371 10.460594160411485
2372 11.2239223019303
2373 11.381429061880855
2374 11.744473671584688
2375 11.780637250559604
2376 11.564266181736466
2377 10.539565440017235
2378 11.480402712549743
2379 11.006329177641208
2380 10.712028981364304
2381 10.920751085495509
2382 11.001832453954675
2383 10.458189846263288
2384 10.566994348905105
2385 11.515963848202755
2386 10.943222429076407
2387 10.903385718292007
2388 10.297781435588227
2389 10.133612378103448
2390 10.772113509436084
2391 11.140363267869573
2392 11.500508089850971
2393 10.697645776373907
2394 10.947715015799929
2395 10.741169457681941
2396 10.748437076348873
2397 10.79087542172281
2398 11.318074870107557
2399 11.101348020030208
2400 11.039994145885563
2401 11.319721719121945
2402 10.90131908086109
2403 11.319143880657451
2404 10.338977732995508
2405 10.596291123708964
2406 10.847360014774948
2407 10.576496898975876
2408 11.432561281796602
2409 10.729488649770381
2410 11.327738543046873
2411 10.375381804546146
2412 11.284042859355843
2413 10.723147381961823
2414 11.032904270827808
2415 10.661238096528677
2416 11.00862267949944
2417 10.88458598478745
2418 11.029944915413388
2419 11.226250245739218
2420 11.857308138159967
2421 11.0779946749283
2422 10.717711721492558
2423 10.736517507427255
2424 11.562241818099254
2425 11.68251477243224
2426 11.162833755837516
2427 11.408662277298749
2428 11.02509320298128
2429 11.023448356834765
2430 10.587038772372585
2431 10.444054724882754
2432 10.884089794255795
2433 10.769705570018838
2434 10.102187551958668
2435 10.483046815497456
2436 11.769831845938754
2437 11.686548814804462
2438 11.953819960482248
2439 11.508050707113192
2440 11.343560387938187
2441 11.062506283587066
2442 11.086784539622126
2443 10.46917669529625
2444 10.976814055607642
2445 10.49575682092002
2446 11.645959115581846
2447 11.635717410564718
2448 11.17442003987468
2449 10.368045578421722
2450 10.712052388433493
2451 10.80373470386627
2452 10.932473412600501
2453 10.969388417812048
2454 10.453265158992227
2455 11.374751356162182
2456 11.50360573660017
2457 12.042903643514226
2458 11.258658497429439
2459 10.197601475000855
2460 11.755526701843433
2461 10.695925646416827
2462 10.91773959868214
2463 11.008382891038679
2464 11.374013514412525
2465 10.694339597266609
2466 11.258290897111785
2467 11.069591079282317
2468 10.837724865921643
2469 11.197551159349219
2470 10.829395338256974
2471 10.35370728693764
2472 11.064430759910213
2473 10.498815861377205
2474 10.764301300958804
2475 10.814178111263983
2476 10.509243615637372
2477 10.877887587966882
2478 10.684629279383184
2479 10.773061198858032
2480 10.969910629501388
2481 11.386188665960084
2482 10.783223834431793
2483 11.152524681641738
2484 11.739960717397208
2485 11.15788225643834
2486 11.301420758924806
2487 11.270158380734287
2488 11.561713704143635
2489 10.793944362426734
2490 11.463306726761898
2491 11.079425222228812
2492 11.305975381189546
2493 11.140222586594593
2494 11.674363449584956
2495 11.283468483863771
2496 11.119218762464525
2497 11.25453176356938
2498 11.083164671660095
2499 11.76910105391757
2500 12.052121034718121
2501 10.790359479800772
2502 10.220371346294845
2503 11.127392425524649
2504 11.103689754298461
2505 11.675344488127353
2506 11.425027277588072
2507 11.22842098088683
2508 10.70568230377037
2509 11.831618054259673
2510 11.773060038807117
2511 11.55677918915875
2512 11.511854737688422
2513 11.022041756086011
2514 11.572943804893118
2515 10.931458369677902
2516 10.855590400538055
2517 10.845552006283004
2518 11.029673550726054
2519 11.669741571302737
2520 10.755204985750005
2521 10.357314588842591
2522 10.68302067931274
2523 11.385233549542013
2524 10.851110450989012
2525 11.612232902060331
2526 11.143635378525534
2527 11.31999951804817
2528 10.822139834569066
2529 10.90023717017189
2530 11.484603150764322
2531 11.060030932637618
2532 10.974562209029669
2533 10.352846260447366
2534 10.263282656702847
2535 10.693211684301533
2536 11.078447976790377
2537 10.799912797037381
2538 11.216326597522066
2539 10.602479182122732
2540 10.373875476223407
2541 11.177239994710416
2542 11.088580379340458
2543 10.938810546695724
2544 11.213271468484438
2545 11.303640484335421
2546 10.73083818860041
2547 10.840342044255351
2548 10.637115985795932
2549 11.099727068918485
2550 10.63716197586303
2551 11.406227906430209
2552 11.872649050780332
2553 11.552781695809168
2554 11.602841341603355
2555 11.679435111440911
2556 10.884698719318921
2557 10.563852957820695
2558 10.552072772863289
2559 11.293916922098463
2560 11.18662452073875
2561 11.388372506538888
2562 11.30041320766066
2563 11.646615209640604
2564 11.807286741495286
2565 11.148793328153644
2566 11.2408729750744
2567 10.719151799294838
2568 10.52980988443038
2569 10.825938376566514
2570 11.230195093998613
2571 11.063204257571998
2572 12.046748278513672
2573 11.808389772211108
2574 11.754360406583896
2575 11.564058794659582
2576 10.978512677838513
2577 11.006195183145884
2578 11.216969556228642
2579 11.042186115126249
2580 11.13086253617752
2581 10.955511391188448
2582 10.954992874106445
2583 11.208148503969491
2584 11.513353207790898
2585 11.086707002111474
2586 11.641355792565935
2587 11.155553891812051
2588 11.308517017349928
2589 11.055709043528747
2590 11.692771908829007
2591 11.461451020410951
2592 11.635876670639524
2593 11.259285798532542
2594 11.533871821035312
2595 11.482999610764457
2596 11.284584169113732
2597 11.176157088954369
2598 11.080685019801182
2599 11.42725756827078
2600 10.773958522653267
2601 10.66859215557597
2602 10.999869555713262
2603 10.796037200734903
2604 11.062472420488241
2605 11.062532895324825
2606 11.011183026231043
2607 11.40567809167107
2608 11.079088320921288
2609 12.215950471416766
2610 12.129167755542541
2611 11.641669178585824
2612 11.455898860648311
2613 11.463200007824343
2614 11.391862772367132
2615 11.506310804606974
2616 11.326498175899923
2617 10.943447049883373
2618 11.151044006741717
2619 11.289407649235438
2620 11.672976918228784
2621 11.537120356426579
2622 11.168496479482737
2623 11.917206077136786
2624 11.243479364786577
2625 11.527354304436264
2626 10.31795614725814
2627 10.50984603696312
2628 10.813246257093361
2629 11.125732920367895
2630 11.273041403966452
2631 11.086063242113589
2632 11.092917049674375
2633 11.326462754570251
2634 10.518941624277232
2635 10.937769089614292
2636 10.245793341007383
2637 11.435485310636226
2638 11.855487307788675
2639 11.404094615784356
2640 12.32074569552422
2641 11.45252813623549
2642 11.032912419142162
2643 12.021365594642948
2644 10.27492844506556
2645 10.673176999998633
2646 11.671199698216794
2647 11.838846475108278
2648 11.04172689409401
2649 11.213670654294189
2650 11.074738759033755
2651 10.939714574615286
2652 11.401204134741171
2653 10.53450838390528
2654 10.65682828038189
2655 11.514312538442901
2656 10.496288832053322
2657 10.799677279496796
2658 10.505787086356161
2659 11.138845175787779
2660 10.855398309788242
2661 10.971215454931409
2662 10.558433206717531
2663 10.854589578932595
2664 10.599728098718092
2665 10.421937968332522
2666 11.474813760040679
2667 10.68568286751313
2668 11.034172370418965
2669 11.387765696964898
2670 10.844010587837591
2671 11.013003717225493
2672 11.134305642621626
2673 11.019513911734244
2674 10.220349339158084
2675 10.489951595909151
2676 11.221400256093577
2677 10.36023385959001
2678 10.165724222072278
2679 10.954882168075251
2680 11.162364141075265
2681 11.007504946489883
2682 10.451820317788272
2683 10.412813491928864
2684 10.901206331059889
2685 11.133588489193727
2686 10.814107518844574
2687 11.066191585877068
2688 10.657091639391336
2689 10.828476127258618
2690 11.039766946726171
2691 10.73438405593428
2692 11.038964846448216
2693 10.94805322409535
2694 10.847507211174714
2695 11.067184973101858
2696 11.098502827288167
2697 10.85957952638756
2698 11.208963493330915
2699 10.684455467263502
2700 10.898348240963413
2701 10.528203781841475
2702 11.578663854650584
2703 10.65467280361822
2704 10.62095182766374
2705 11.089827564863672
2706 11.056068714786536
2707 11.39733510053974
2708 10.423690492999269
2709 10.235280779901682
2710 11.072768170762592
2711 10.544134172364094
2712 11.319359240308426
2713 11.276734943230302
2714 10.531977339938647
2715 11.15150241664648
2716 10.741445006829244
2717 11.066404880134083
2718 11.075087147417578
2719 10.434226210119133
2720 9.830259699566783
2721 10.814100562723779
2722 11.155009620593567
2723 11.197500551697821
2724 10.65325951291174
2725 10.76780774325822
2726 11.04517427216315
2727 10.912780229949263
2728 10.529709028444724
2729 10.43270603390272
2730 10.89205856510261
2731 10.80507571996371
2732 10.802959326699005
2733 10.936601411799348
2734 10.979483730517524
2735 11.101420415994667
2736 11.520926952163588
2737 11.011552964087405
2738 10.950389053123267
2739 10.959670956081332
2740 11.420810483907399
2741 10.890238805211686
2742 10.526537803669559
2743 10.089819710721066
2744 11.517323631195167
2745 10.857144903464347
2746 11.082875721064177
2747 11.294732227919834
2748 11.37371933208394
2749 12.120005986322559
2750 11.02756213651447
2751 11.309039331732272
2752 11.846104960376206
2753 10.938040470482601
2754 11.60778768319589
2755 10.227621694368414
2756 10.378215498824403
2757 10.63257495444146
2758 11.067334599019997
2759 10.804434571556818
2760 10.42712754092235
2761 11.129496856581179
2762 10.926907720775198
2763 10.69654979011901
2764 11.053481009075078
2765 10.91771818007486
2766 10.841398459022525
2767 11.19935017732133
2768 11.543651548647626
2769 10.8469072140378
2770 11.09901902042549
2771 10.24755674514406
2772 10.576824080184727
2773 10.793768504507314
2774 10.671665405802372
2775 10.668491697328369
2776 10.701232353442686
2777 10.86017344480425
2778 10.94729117894974
2779 10.810182903630048
2780 10.829525375687565
2781 10.654249067445381
2782 10.763949845653398
2783 10.9615209716434
2784 10.37564973355099
2785 10.59706901995024
2786 10.760361528517308
2787 10.997848463134387
2788 10.888180948303786
2789 10.43382469356853
2790 10.446341534112038
2791 10.97179806819577
2792 10.7594312056721
2793 10.732593841645413
2794 10.590243119026129
2795 10.419393165656125
2796 10.386696860701468
2797 11.072944690863334
2798 10.451516988247302
2799 11.022117261012577
2800 10.87045881363191
2801 10.658919920295435
2802 11.133404098679517
2803 10.95055232562856
2804 10.790719189565205
2805 10.7965511675785
2806 10.54094226821137
2807 10.424506005874065
2808 10.787138449542383
2809 10.24684940740707
2810 10.771750727142745
2811 11.233162744710794
2812 10.815344969295916
2813 10.167834587962169
2814 10.17028431620486
2815 10.63754537851551
2816 9.914285871757109
2817 10.126969137275864
2818 10.014259153979179
2819 10.617165323466406
2820 10.511698508704447
2821 10.479636239535347
2822 11.308381566267201
2823 10.446055788634048
2824 10.895851445148255
2825 10.890593992129304
2826 10.351628717966722
2827 10.451154430359887
2828 10.902187623178474
2829 10.361432716612942
2830 11.131128657538955
2831 10.713665602449932
2832 10.66224359818067
2833 10.31968698657324
2834 10.833792247758339
2835 10.587834877128433
2836 10.428898357510489
2837 10.49253537996407
2838 11.440647344538254
2839 11.10279880059005
2840 10.876032062222723
2841 10.566301638044925
2842 11.086298353050015
2843 10.816733454746617
2844 11.261653453814265
2845 11.041050669920963
2846 10.481581079117921
2847 10.41599164314
2848 10.115800418173464
2849 10.194949355199025
2850 10.859794232761617
2851 10.918233328552263
2852 10.746656077253505
2853 10.871756235199827
2854 10.479779993899378
2855 10.601904521427604
2856 10.450426094626309
2857 10.756913759489134
2858 10.929744413405066
2859 11.127322573650847
2860 10.945319407292997
2861 11.253609238937317
2862 11.35905053188026
2863 11.132681673444988
2864 10.607356388180522
2865 11.085251289902976
2866 10.542819418773487
2867 10.565064822353051
2868 10.60984744632322
2869 11.28080492526299
2870 11.498834658027832
2871 11.018268469846022
2872 11.783491964742439
2873 10.224689573015398
2874 11.259979141588506
2875 11.632617750513237
2876 11.468489009268009
2877 11.078481787079616
2878 11.281699347501728
2879 10.457897705373314
2880 10.812652013472041
2881 11.714685938882882
2882 11.508527976331496
2883 10.885910006268347
2884 11.470724619764859
2885 11.033275436122963
2886 11.149881966273213
2887 10.292954432502137
2888 11.300189902220199
2889 10.803133668762362
2890 10.665646072735553
2891 11.195447066565443
2892 11.050474419283159
2893 10.881713598180776
2894 10.957747183369174
2895 10.353451494623393
2896 11.108952622437254
2897 10.974706723552872
2898 10.571973579856854
2899 10.606655270036628
2900 11.134088889993363
2901 11.476775451478026
2902 11.24574117918559
2903 12.000771810482334
2904 10.74502978754395
2905 10.963663009946545
2906 10.094018906338624
2907 10.943501766789817
2908 10.694164095107507
2909 10.4483823575284
2910 10.506482879568031
2911 11.05558060835289
2912 10.782056673206734
2913 11.100281437539937
2914 10.304977206914467
2915 11.693985433926988
2916 11.129984864256684
2917 10.627854490167065
2918 10.994912063969059
2919 10.923684307679089
2920 11.113186121919208
2921 11.521206402121233
2922 10.772329633208496
2923 11.128132792864168
2924 11.690543491209604
2925 11.558808423280578
2926 11.425159614182768
2927 11.371766806527322
2928 10.928184964800652
2929 10.599828399961076
2930 10.665874839996357
2931 10.809063762222628
2932 10.99242609905716
2933 10.992279609510533
2934 10.469997153489063
2935 10.12468560440571
2936 10.421841579955593
2937 11.207374736627939
2938 10.60031934015317
2939 10.814705705271965
2940 10.792920676459952
2941 10.8250525553353
2942 11.029854727125834
2943 11.186468678108604
2944 11.572466680384974
2945 11.733528522456577
2946 10.714705802856834
2947 10.582573022962995
2948 10.500449100524795
2949 11.11755681818839
2950 10.437289033671204
2951 10.536527080424955
2952 10.28719014324354
2953 10.6221646525712
2954 10.811804793958219
2955 10.62443325941595
2956 10.324828929403093
2957 10.331044370777171
2958 10.794472636025876
2959 10.659524934713106
2960 11.036341943223603
2961 10.552056432874293
2962 10.66690968342208
2963 11.229180046510384
2964 10.52543270627138
2965 10.945934930276504
2966 11.012733259919749
2967 10.62751719236567
2968 11.041556654807023
2969 10.797909054522849
2970 11.306659940871263
2971 11.134033925666003
2972 10.871888241377539
2973 11.123869000956219
2974 10.448585538682902
2975 10.57272320778548
2976 10.878096683272844
2977 10.961655162241213
2978 11.74162141760713
2979 11.730292774962935
2980 10.57347060943614
2981 11.371467180235962
2982 11.15987283489928
2983 10.422229858050425
2984 10.664526020686223
2985 11.411532178628446
2986 10.707620109869492
2987 11.004179828534568
2988 11.141447146859436
2989 10.140215173512994
2990 10.602988652267323
2991 11.287207288244645
2992 10.882822994127892
2993 11.433860495989999
2994 11.110973683587396
2995 11.433059389029726
2996 11.173765952224919
2997 10.658912011749083
2998 10.876134962659227
2999 10.427223058594963
3000 9.120904333827472
3001 11.01107857463796
3002 10.914764076326584
3003 10.739241257058712
3004 11.055857760993089
3005 11.503018061645404
3006 11.346957889693785
3007 11.990503042380432
3008 11.769552265325672
3009 10.54418457609602
3010 10.780020271075054
3011 10.65809263079944
3012 11.154398759731599
3013 10.969740968300218
3014 10.732310151868239
3015 10.899363177869215
3016 11.275352558254328
3017 10.461738150371412
3018 10.42219110506421
3019 10.358221857744732
3020 10.701525124708185
3021 10.77360591770321
3022 10.860227224058583
3023 11.121088742970075
3024 11.033472751154504
3025 11.032410311041737
3026 10.599946909741512
3027 10.595590441079784
3028 10.717261521072711
3029 11.1292432804061
3030 11.172290309879614
3031 10.608540943991878
3032 11.529484525134235
3033 11.01367410482207
3034 9.894920578749257
3035 11.395693625098561
3036 10.828221852572565
3037 11.034981455753078
3038 11.434722346633551
3039 11.085465126212426
3040 10.551280859366424
3041 10.858387176290698
3042 10.135591364456804
3043 10.800494339055476
3044 10.679318374932357
3045 10.846123944811014
3046 10.432234883772225
3047 11.306516563295776
3048 11.26619945673517
3049 10.185595491312345
3050 10.57751109609077
3051 10.54519091781673
3052 10.917478030735083
3053 11.658081363799488
3054 10.749010967786448
3055 11.055896660692511
3056 10.95839947641666
3057 10.966917787225169
3058 11.623081923222523
3059 11.568159614777896
3060 11.464365665522836
3061 11.514948170439283
3062 11.629310641013658
3063 12.086932695527882
3064 11.723163252652393
3065 11.506584826295683
3066 11.588890260460703
3067 11.304996967032034
3068 12.030038557092595
3069 11.607098136725012
3070 11.472360558004262
3071 10.894297472764361
3072 10.396437536263363
3073 11.01904666590913
3074 10.733283689246877
3075 11.798532365666933
3076 11.482873326525926
3077 10.97383970808847
3078 11.02339869179925
3079 10.167709238780189
3080 11.522386343612773
3081 11.5126679695187
3082 11.642643413004357
3083 11.272519030672434
3084 11.56980195891822
3085 11.19916945415023
3086 11.106044100190806
3087 9.959835571507629
3088 9.665301862229322
3089 10.174598363927212
3090 11.01419245505668
3091 11.201904763918556
3092 11.453237478661231
3093 10.800847061322095
3094 10.361637634200052
3095 10.847424941462412
3096 11.253497152050562
3097 11.371609483040753
3098 10.646562190238708
3099 11.008164688199617
3100 10.64060941656664
3101 11.297940470551838
3102 11.524719229873803
3103 10.873202442877375
3104 10.856863105971822
3105 12.099631043126507
3106 10.878002566784204
3107 11.06656167894121
3108 11.415242395438662
3109 11.770362079514008
3110 10.72971855567038
3111 10.67277018532359
3112 11.078869097925086
3113 11.528971702128658
3114 10.939846341061374
3115 11.441197347770743
3116 11.30963678100318
3117 11.063539039141212
3118 11.02041721530095
3119 10.987467672419093
3120 11.756667534010989
3121 11.420470450954264
3122 10.784902638264468
3123 11.440950066318928
3124 10.495182156270376
3125 10.536751860591306
3126 10.735695814234607
3127 11.503269986219106
3128 11.714352809859228
3129 11.22304191357648
3130 10.647034038422094
3131 11.356049461155592
3132 11.52576689822916
3133 11.289989774120334
3134 11.554629556787647
3135 12.15676113957821
3136 11.419049211979123
3137 11.19265616170246
3138 11.755990812547259
3139 11.779430300152455
3140 11.571268257947924
3141 11.049504175748707
3142 10.80695528398494
3143 11.089657029494546
3144 11.52653821232637
3145 11.663029426379454
3146 11.850647621435144
3147 11.669535735605324
3148 10.968157528651851
3149 11.325091555035653
3150 11.201595576803523
3151 11.04060156531056
3152 11.127952260204989
3153 10.490282236127195
3154 11.090323193041579
3155 10.965446776975087
3156 10.765152835601413
3157 11.3920888508692
3158 11.155994636942562
3159 10.817837319688124
3160 11.54093936009472
3161 11.378946614923024
3162 11.070902702619806
3163 11.319861000107911
3164 10.737522481372515
3165 10.632242255875765
3166 10.682643648458994
3167 10.503535092585158
3168 10.581211070329704
3169 10.97066106710342
3170 11.701440152658572
3171 11.249407827596478
3172 11.157908915201151
3173 11.444253877569821
3174 10.974012083227487
3175 11.322501952309267
3176 11.093148023396562
3177 11.048441845160903
3178 11.242390331173963
3179 11.330736439698555
3180 11.517709044703572
3181 11.876219215126602
3182 11.011290513094663
3183 11.176534381639998
3184 10.924133745025683
3185 10.884777349693659
3186 10.744261558508597
3187 11.118692685138297
3188 11.212349722099487
3189 11.581023208777953
3190 11.135507023717732
3191 10.92640415975718
3192 10.982860914400373
3193 10.827039368619996
3194 11.499325890994706
3195 10.893253590270211
3196 11.213321907923794
3197 10.62299278874471
3198 10.519143007909939
3199 10.894048017879042
3200 9.865609115512555
3201 10.9002357093235
3202 11.394375869620147
3203 11.109063801420593
3204 10.765133850344858
3205 11.017384673683088
3206 11.730666777341709
3207 10.86714724238354
3208 11.40978799407503
3209 11.447441526994341
3210 10.819215428904267
3211 11.081054530575551
3212 11.044307310863687
3213 11.325618706711948
3214 10.600394333021812
3215 11.191954728035356
3216 12.297847732988096
3217 10.962330711297149
3218 11.219167934235413
3219 10.482960852315745
3220 11.95582599771098
3221 11.225510677249838
3222 10.744984483113283
3223 11.038241107865115
3224 10.832198942905531
3225 10.738180520977709
3226 10.828332950600721
3227 10.66758106807847
3228 10.808859140592284
3229 11.10194466759693
3230 10.871711426784554
3231 11.496129872921413
3232 10.319677206916937
3233 10.536119912529994
3234 10.999126758354633
3235 10.639810649917319
3236 11.108635804677485
3237 11.287468455034329
3238 10.698582075391101
3239 11.430785320637364
3240 11.120011297976122
3241 11.073358426363713
3242 11.35020504704881
3243 11.400145173411362
3244 11.207085632740208
3245 11.682242766145452
3246 12.14186538126214
3247 11.679994435648434
3248 11.647077372104665
3249 11.609464988097734
3250 11.105219673299803
3251 10.871442770889082
3252 10.97236150786079
3253 10.523337368139336
3254 11.230380731700468
3255 11.456051160349762
3256 11.194126849263323
3257 10.97580954581312
3258 11.774737068527747
3259 11.67839075017267
3260 10.751135617830258
3261 10.80163928237188
3262 11.284908663861914
3263 10.409015147105462
3264 10.910923807987974
3265 10.891750292673617
3266 10.869374562408463
3267 10.976255326479418
3268 10.632605179032069
3269 11.182311036606917
3270 10.816386561684283
3271 11.09192535364046
3272 11.078892329610305
3273 11.13169759613835
3274 10.882598354988085
3275 10.361699771746892
3276 11.143946291020024
3277 11.095536575101537
3278 10.6201964223271
3279 10.939794238881204
3280 10.645606740230829
3281 10.88833169590993
3282 10.986505563721824
3283 10.407455106050518
3284 11.062811330608996
3285 10.628654355927143
3286 11.239491520494079
3287 10.794094446236063
3288 10.659078034601714
3289 10.802991972832427
3290 10.391458606719848
3291 11.145915223515019
3292 11.45998773612155
3293 10.915386360220214
3294 11.091381299932424
3295 10.834111836649598
3296 11.03859083454351
3297 10.62973082851308
3298 10.945795977856154
3299 11.10327712047477
3300 10.77042452769284
3301 10.879901927376109
3302 10.969268366125368
3303 10.56965850346119
3304 11.376539874119151
3305 10.272403296969422
3306 10.383166765517522
3307 10.821407514840583
3308 11.22211775503883
3309 11.32905219623858
3310 11.930140953900345
3311 11.10246867933874
3312 11.133132990250852
3313 10.695214951695313
3314 11.124028250689141
3315 10.914448835583569
3316 11.061351963786798
3317 11.1877325679493
3318 10.890460858093302
3319 11.240691548155713
3320 10.956975272458545
3321 11.42920156299774
3322 11.330805764203292
3323 10.98310432682805
3324 11.04882190649667
3325 11.742203606610278
3326 11.871936062550489
3327 12.620110081491621
3328 11.751202053999862
3329 10.843819956556166
3330 10.848878260858207
3331 11.411109997129639
3332 10.968869301363409
3333 11.109525240037456
3334 10.488971403410847
3335 11.124300611590956
3336 10.77044922977134
3337 11.364141395601537
3338 10.249320808136963
3339 10.959600024051573
3340 11.99042159575221
3341 10.883416091567407
3342 11.4341815612223
3343 11.713879181641657
3344 11.54387114064621
3345 11.103445907480507
3346 10.283045071292788
3347 9.763678625606397
3348 11.793185318422186
3349 11.175574138339062
3350 10.993183800993155
3351 10.547203398270959
3352 11.273793710212225
3353 11.341148627390995
3354 11.410476846002464
3355 11.502358453577111
3356 11.250867942592075
3357 11.195131732564557
3358 10.710257682785045
3359 11.468878892386979
3360 11.4147198208032
3361 11.699949369351605
3362 11.366989682853648
3363 10.954014450061758
3364 11.310202120619675
3365 11.32324882103703
3366 11.291722434477439
3367 11.4578425278292
3368 11.418867880705484
3369 10.395886172545909
3370 11.014397601487941
3371 10.733054873326271
3372 11.417576896109674
3373 12.045231272421754
3374 11.496899472995027
3375 11.646639009842277
3376 11.402799027566077
3377 10.932673087693317
3378 11.046377789995535
3379 11.382488630167524
3380 10.971749774452785
3381 11.387091842545265
3382 10.922908370167832
3383 10.861894181560686
3384 10.45741078239631
3385 10.424153579875155
3386 10.315378910186675
3387 11.280342012987827
3388 11.000809973016098
3389 11.791711401763301
3390 11.22584855904511
3391 11.192066593868777
3392 11.308595080940306
3393 11.379956521565473
3394 11.601871428635523
3395 11.152681358474979
3396 10.603157704044202
3397 11.253367952442634
3398 10.72999144357692
3399 10.781167605507635
3400 10.925069662700993
3401 11.086109440590551
3402 11.279814712716753
3403 11.276349576227215
3404 11.446558244506186
3405 11.171511519768789
3406 10.863195114706183
3407 11.016509234352288
3408 11.235744116197736
3409 10.867901303126311
3410 10.837682212899091
3411 10.841223574921141
3412 10.990230454345307
3413 10.949389291839719
3414 11.39301761269716
3415 11.50278394011177
3416 11.558413221483004
3417 11.672003945154911
3418 11.29452120926835
3419 11.344469769452381
3420 11.133258054017512
3421 11.357560660374793
3422 11.397305002729446
3423 11.411095727805105
3424 11.707082066848637
3425 10.843029716212175
3426 11.380137713394769
3427 10.856121847532846
3428 11.514459182581167
3429 11.585244415106036
3430 11.313989304457317
3431 11.211655319386868
3432 10.97226566330369
3433 11.462313597305782
3434 11.029040963047628
3435 11.599055914361033
3436 11.528475187913996
3437 10.937262201168071
3438 11.299314577521288
3439 11.63871890257763
3440 10.838863145675068
3441 11.402623417197125
3442 11.481823383262702
3443 11.163746822944928
3444 11.492900805347432
3445 11.557746915623776
3446 11.924295321817318
3447 10.965394772296579
3448 10.534778690424847
3449 11.259399395297194
3450 10.369057193375253
3451 11.31942317130319
3452 10.748395472964322
3453 10.840478179518305
3454 10.910737018723975
3455 10.436868222054535
3456 10.689954574761767
3457 9.938590369597502
3458 10.005088106069964
3459 10.891516452938424
3460 10.834379644030522
3461 11.161252883199795
3462 11.774856376608895
3463 10.969369113218583
3464 11.133788689171404
3465 10.61518362477549
3466 11.007357060078304
3467 11.835689577829978
3468 11.757743192167366
3469 11.766191248053534
3470 11.282641618516903
3471 11.413021227962139
3472 11.56731897447744
3473 11.339336286859353
3474 11.235286334314917
3475 11.441700487454568
3476 11.426259129671843
3477 10.968074192519838
3478 11.433025674381886
3479 11.80202860939117
3480 11.255170928631445
3481 10.940588946467138
3482 11.45275180908907
3483 11.295778942191115
3484 10.863962807425986
3485 11.376470293344306
3486 10.896347826517156
3487 11.821949328706165
3488 11.435266591040838
3489 11.226909222801885
3490 11.114588550691165
3491 11.097805982950488
3492 11.236899492801008
3493 11.104690387365606
3494 10.929288315764445
3495 11.33223831126793
3496 11.427603803019181
3497 11.722078596284279
3498 11.36754544069998
3499 11.173717345250365
3500 11.545058448207627
3501 10.963475021135125
3502 11.19932727777251
3503 11.150254239296066
3504 11.780113632477565
3505 11.170453501710252
3506 11.590906768909404
3507 11.733831488235417
3508 11.78388382449741
3509 11.220948451511097
3510 11.213367961302668
3511 11.385890627119199
3512 11.592794922187474
3513 10.882839250415968
3514 11.942523047395973
3515 11.68825188732285
3516 11.953402871531551
3517 11.8973757156408
3518 12.01714974091185
3519 12.2029522120051
3520 12.0824605593721
3521 11.480735663279273
3522 11.260752697714832
3523 11.88479904840602
3524 11.561429058847782
3525 11.660064088091154
3526 12.074434798586662
3527 11.504272756077665
3528 11.278152299486155
3529 11.331284430363837
3530 11.83483945867172
3531 11.109132522906972
3532 11.098156100172902
3533 11.50722796137487
3534 11.367183917309186
3535 11.44139681224611
3536 11.314025877244662
3537 11.912502317502728
3538 11.61331306892783
3539 11.648004024741502
3540 11.197981217611854
3541 11.51484295217939
3542 11.869072034798677
3543 11.778088411656592
3544 11.833900556353452
3545 11.389644577074245
3546 11.361928762891651
3547 11.599602721106015
3548 11.524995443881659
3549 11.522662145441645
3550 11.105139204448875
3551 11.074983351969689
3552 11.378529985848614
3553 11.443954947776346
3554 11.338123377095561
3555 11.422157029879452
3556 11.900997214129285
3557 12.011988081948527
3558 11.35354627504795
3559 11.568177362146638
3560 11.422275328819534
3561 11.621079817816662
3562 11.203662627126166
3563 11.162632641071324
3564 11.53520876868372
3565 11.449278539031296
3566 11.2788290569399
3567 11.040798060843422
3568 11.433533817589604
3569 11.310809151827451
3570 11.436559736320445
3571 11.117304886734678
3572 11.029205507834382
3573 10.888194424092912
3574 11.059336413022322
3575 11.631177541980172
3576 11.602601206019393
3577 12.818120119535024
3578 12.246108896665836
3579 11.854817799648346
3580 12.665457948124354
3581 12.481972185389656
3582 11.663074592997821
3583 11.680527146165355
3584 11.18937234451219
3585 11.443703137066988
3586 11.887924346821254
3587 11.489579378003286
3588 12.384892163490758
3589 11.763308786564423
3590 11.033076015316519
3591 11.76617105255486
3592 11.749324901878175
3593 11.358495224028156
3594 12.298919658691728
3595 11.907712777511989
3596 11.719898537533199
3597 12.076421342120524
3598 11.936141076685995
3599 11.707674529842395
