0 7.030486332643984
1 7.324303292788208
2 7.229513032707965
3 7.521675221473148
4 7.213238469926494
5 7.272338825391962
6 7.35310078259581
7 7.392923428038607
8 7.426044442539556
9 7.314560591182949
10 7.282241861266597
11 7.0625301363319455
12 7.145792108623391
13 7.151843699721983
14 7.472421329889711
15 7.259513076532688
16 7.368140322758083
17 7.441338343262352
18 7.2272759222548935
19 7.177989973359743
20 7.362150934253151
21 7.351827476057456
22 6.795637216313602
23 7.43546935403588
24 7.539579984110326
25 7.424888890855042
26 7.771382074258524
27 7.4411000602070985
28 7.173576134982904
29 7.116824755319008
30 7.5945814519241805
31 7.715952816370184
32 7.354266204471043
33 7.095377328222872
34 6.9468252986731125
35 6.969292003410031
36 7.401734217388231
37 7.115070224783731
38 7.294103653640016
39 7.503558788839134
40 7.5039814534030995
41 7.592746087005183
42 7.623214646363525
43 6.708479132896753
44 7.277876109738138
45 7.243953194325452
46 7.330898999418346
47 7.323219722647667
48 7.1506046481640695
49 7.263459022107382
50 6.952164042630924
51 7.305821061651691
52 7.136023071927443
53 7.005488083110871
54 7.085714431549192
55 7.4008435405459005
56 7.124512376850037
57 7.536325788659028
58 7.486439698308798
59 7.619584360822706
60 7.133073335149484
61 7.29008361423911
62 7.219100353005581
63 7.35795829617587
64 7.2740869971342725
65 7.016668359461013
66 7.101980552533519
67 7.509406010892101
68 7.220095505543675
69 7.084431685010364
70 7.290378414786937
71 7.4279983064635955
72 7.252238727803209
73 7.09175278282481
74 7.168542034905973
75 7.326026223952149
76 7.30257007466411
77 7.648084158456852
78 7.690021163789332
79 7.588514067959962
80 7.3679307632084186
81 7.393567768624874
82 7.68397730232868
83 7.155063779511788
84 7.4015189664648195
85 7.317785956348955
86 7.566335588603353
87 7.170890454922654
88 7.277445574837505
89 7.45980398851432
90 7.483578163400038
91 7.34394987328543
92 7.445991083049715
93 7.350999271299787
94 7.28541144204383
95 7.232372826482872
96 7.367170676016799
97 7.268490656624257
98 7.200708394433755
99 7.4060936880330965
100 7.357147103160153
101 7.415497190390646
102 7.534172304429973
103 7.424619211727984
104 7.233852440071079
105 7.148026261017922
106 7.468091719960034
107 7.344580786736508
108 7.526826375825676
109 7.311252396737573
110 7.510243367207192
111 7.323082270601318
112 7.592700555809722
113 7.139177508703291
114 7.534872713351995
115 7.655849808165754
116 7.65918193812884
117 7.496890486403804
118 7.664144541274307
119 6.873696912225023
120 7.238627288943205
121 7.323590678668499
122 7.61596297616114
123 7.5158956635497445
124 7.633592682380145
125 7.50316348509403
126 7.569313171807022
127 7.549804605224619
128 7.79664328383181
129 7.444426457425602
130 7.3621127972783125
131 7.632364767420254
132 7.19697567606532
133 7.705772442904561
134 7.630046192405397
135 7.375923239154452
136 7.486236772151321
137 7.33784641442248
138 7.464970328834082
139 7.499227898260865
140 7.732342264054618
141 7.529709401057076
142 7.212472094815369
143 7.506841536425135
144 7.413473375181099
145 7.462331470581849
146 7.16238837112966
147 7.51430570833369
148 7.477477692614896
149 7.454234134877101
150 7.522725981018395
151 7.374107971061424
152 7.213811054565344
153 7.5311384006999855
154 7.452953679834688
155 7.64257373449475
156 7.683316186052728
157 7.634413038604688
158 7.674381227465218
159 7.044378204024127
160 7.425537464024588
161 7.221738072898879
162 7.142684626638373
163 7.481380955951196
164 7.0411395164770125
165 7.445612232943089
166 7.371970875649396
167 7.255533652349277
168 7.182032424252791
169 7.613630077033931
170 7.345550167399373
171 6.915754368879193
172 6.936191057354298
173 7.407175178847526
174 7.1316350016438275
175 6.907629854819799
176 7.47487942033678
177 7.204760194517428
178 7.3315947403447135
179 7.2992895103538995
180 7.295359425927604
181 6.924633360320229
182 7.564654441067268
183 7.327934254094662
184 7.04397187342914
185 7.079276808359975
186 7.066253540450226
187 7.388771599223727
188 7.425959712219138
189 7.301853978299159
190 7.127793210207605
191 7.473760911061992
192 7.284064932480842
193 7.362458193931379
194 7.543357666262612
195 7.230759647544217
196 7.297209439192751
197 7.265631461646339
198 7.283749820310791
199 7.424619235584489
200 7.083370002188254
201 7.274658718269481
202 7.125283601652923
203 7.230887255876963
204 7.346774382767335
205 7.7021674423296504
206 7.465376778278864
207 7.3910204163930455
208 7.420280696012203
209 7.364713856724185
210 7.140744385873615
211 7.285794900291967
212 7.358976694165405
213 7.605421832150188
214 7.5310568873835075
215 7.512152056434085
216 7.577632837519578
217 7.772072837521681
218 7.437038676518211
219 7.744166275454498
220 7.436778509993576
221 7.564560015634722
222 7.4564320041610745
223 7.1413032057840065
224 7.327400230882909
225 7.140699698143245
226 7.1106200375664965
227 7.377730599843379
228 7.019663019364536
229 7.2453622694980275
230 7.2916214999867375
231 7.061860303463265
232 7.040882014377599
233 7.338902812652728
234 7.429168283933779
235 7.286612005599962
236 7.560954889480704
237 7.091442480334895
238 7.713214687567771
239 7.029072342522795
240 7.526830354441644
241 7.505881179041555
242 7.478124747004596
243 7.042965938737938
244 7.1850080658522435
245 7.274871361892888
246 7.428830436462028
247 7.068621310887053
248 7.289167361114732
249 7.115582171133326
250 7.444619550849946
251 7.3150766727303145
252 7.450478360687478
253 7.527619546082868
254 7.272837951412501
255 7.5268632389589705
256 7.106955813556184
257 7.2367305854430475
258 7.260954968146187
259 7.194192106270767
260 7.253708436035765
261 7.058053412327437
262 7.054125844228881
263 7.305728965403449
264 7.623933338140746
265 7.350274551758756
266 7.350329703297839
267 7.409934773774351
268 7.144907706127796
269 7.59479059491215
270 7.31519620311391
271 7.258617211786877
272 7.276318913357585
273 7.251351315479538
274 7.545834640774888
275 7.569673295335292
276 6.939922557573355
277 7.354736449398439
278 7.4723579498329675
279 7.021108595023965
280 7.1931452090783345
281 7.303808435926519
282 7.170576486476653
283 7.206299461209579
284 7.405018053260159
285 7.200528508914292
286 7.282579665080088
287 7.173103441457561
288 7.408076993817884
289 7.00211312614721
290 7.338545528236436
291 7.43020128506757
292 7.8826728123728005
293 7.388631148838985
294 7.653243620069897
295 7.333829785292136
296 7.675910631611532
297 7.57168803023228
298 7.2692313692821875
299 7.561589692128679
300 7.7383027106872
301 7.825169199548721
302 8.27412319391033
303 7.04259976175004
304 7.421953987314032
305 7.343057732295216
306 6.867413689875778
307 7.2978352312679275
308 7.328972445315804
309 7.345325786689213
310 7.36044937950183
311 7.507777319906115
312 7.415358623834797
313 7.683214187434802
314 7.678234339247324
315 7.123093326352899
316 7.459416189429789
317 7.508109759897235
318 7.5085363259222415
319 7.103002648079884
320 7.514749124958273
321 7.119748806481474
322 7.664071871346804
323 7.616442772779481
324 7.837924142497218
325 7.36921666857597
326 8.770301894082367
327 9.290379156961986
328 8.766686575411034
329 8.966602251603506
330 8.671709017796243
331 8.980587376762083
332 9.059914493806577
333 9.261607972189319
334 8.87230237843393
335 8.974735504013463
336 8.720145372489705
337 8.535427993615702
338 8.988252985519948
339 9.153874720435992
340 8.920547281453324
341 9.07946684785114
342 9.03669802608513
343 9.28320028650902
344 9.07217390400817
345 9.13222596441285
346 9.112293577566128
347 8.233357152694577
348 9.002904811023
349 8.609298850747749
350 9.146329727595067
351 8.898596155719234
352 9.10259088510942
353 8.645231079563453
354 9.362163376119499
355 9.388178199360114
356 8.89814436152576
357 8.556399508891815
358 9.102992351029458
359 9.159955544740862
360 8.762262094128344
361 8.867006704352175
362 8.87036022259359
363 8.584346876635648
364 9.181342963372048
365 8.390896497441888
366 8.584570506232629
367 8.87688251263107
368 9.135488676944304
369 8.867280071885729
370 9.24590192418253
371 8.74069500472906
372 8.894168178909332
373 9.28055412273457
374 8.96468155340132
375 9.010205084099717
376 9.14472451810934
377 9.23766192611308
378 9.112013754726192
379 9.22664108012452
380 9.552831191670952
381 9.065133901031691
382 9.335216599164646
383 9.130990568522966
384 9.162403655338823
385 8.746265945450833
386 9.231306398355915
387 8.988107560793765
388 8.964928983286303
389 8.99287468802837
390 8.397399490554992
391 9.182201170396914
392 8.653555518714414
393 9.162051210006464
394 8.614018502512943
395 8.986350564927744
396 8.690596038048577
397 8.655492978148166
398 8.995654113737833
399 8.946685546811734
400 8.845967276872154
401 9.09863092371165
402 8.812118066290035
403 8.827256210637184
404 8.558483370894384
405 8.920178951143503
406 9.239200644741196
407 8.61438973721384
408 9.119085024705889
409 9.477162377240795
410 8.894359629827044
411 9.228224922721726
412 9.125977664127523
413 9.184265097944538
414 8.75107821313337
415 8.90493406139292
416 8.545455923145804
417 8.564883535106853
418 8.51850356451264
419 8.441230963978201
420 8.837931764532474
421 8.783170072826962
422 8.954763468817402
423 8.885569464752574
424 8.774817610888203
425 9.314574368041365
426 8.742371914160078
427 9.05967159775553
428 8.634843581911772
429 9.069763956867908
430 8.609885721236484
431 8.882559639952182
432 9.055029082177441
433 9.039869680476933
434 8.946797859753097
435 8.24929230488052
436 8.94484532161025
437 9.289347369437179
438 9.235469302626257
439 9.088591653500378
440 8.747665428581275
441 8.499635707479248
442 8.61616162978238
443 9.463164344357217
444 8.579444126893353
445 8.820246875398746
446 9.008636134036552
447 9.052156260888255
448 9.092057958701691
449 8.973477196077773
450 9.01583152697066
451 8.741597704594694
452 9.083406263804267
453 9.002007749462688
454 8.907531887755647
455 9.324632240857454
456 8.844018550436651
457 8.688818457167248
458 8.832368092912482
459 9.180193582582513
460 9.348436324234225
461 8.341684176403572
462 9.120634267574088
463 9.07472666826461
464 9.327407016109252
465 9.081664535833387
466 9.004448833325274
467 9.095890115254749
468 9.274590816364194
469 9.202219936783568
470 8.940234147510662
471 8.886002375916046
472 8.729510085415932
473 9.10475974867388
474 8.509175101224637
475 9.178223791940262
476 8.772038069169342
477 9.041052402421155
478 9.025016679609383
479 8.885955082541793
480 9.016765440866921
481 8.862143681964639
482 8.82657225659526
483 8.83963971975637
484 8.649126867228798
485 8.966994809600592
486 9.123445273673877
487 8.992562280788702
488 8.71437193199125
489 9.38513012633426
490 8.83197042468276
491 9.16041419208551
492 8.876536938139287
493 8.758009829019837
494 9.245868223480931
495 9.488182483270025
496 10.172891846805337
497 9.795680472925488
498 9.3193420931869
499 9.00843001987882
500 9.49181812315618
501 9.217502407347821
502 9.396155216776878
503 9.32207147605349
504 9.026838132793038
505 9.11891208149183
506 9.552337787850387
507 9.092653341560887
508 9.383645760641455
509 8.727387397987462
510 8.573954913541767
511 8.959876899795566
512 9.066338209925023
513 9.051383719876789
514 8.812089875625924
515 8.629448013610247
516 8.670906685347116
517 8.611758118165758
518 8.856007808504133
519 9.04328073676542
520 8.969584185347824
521 8.692948303997575
522 8.599160977763637
523 8.545828683330443
524 8.457046783462314
525 8.360070123926466
526 8.656836813774198
527 8.71463886612231
528 8.674380623482685
529 8.773703110415854
530 9.138533724270054
531 8.494990007031108
532 8.83113752091317
533 8.575739063251538
534 8.790078263794548
535 8.514011532588146
536 9.068974398712852
537 8.52544647046692
538 8.95916583095339
539 8.513877198041083
540 8.949701242328908
541 8.87791416032735
542 9.299219981641711
543 8.960287747187826
544 8.874811683920205
545 8.971815967563778
546 9.256054643581706
547 8.978409299215622
548 9.296887358978879
549 8.635758456460998
550 7.773740309646136
551 7.708989208631074
552 7.394559687387722
553 7.3046006600537705
554 7.2560672174474705
555 7.721934302122205
556 7.8559528902554945
557 7.186920814109712
558 7.301721999348088
559 7.449261180389233
560 7.455643058153514
561 7.698119076153186
562 7.705374209802297
563 7.602674353177682
564 7.196221243654314
565 6.856316576177576
566 7.403939512625883
567 7.478038854923737
568 7.435662967283921
569 7.809765535562029
570 7.415429876458708
571 7.184954054115987
572 7.491552243688488
573 7.60631069572472
574 6.9999086435387055
575 7.346433655503362
576 7.168317571000752
577 6.905669297197304
578 7.321348245165453
579 6.9072407230455495
580 6.946626608364703
581 7.093700451762902
582 7.084803748240282
583 7.009761472860423
584 7.2387423091373755
585 7.062555506765977
586 7.533334245177369
587 6.896571416810434
588 7.2716436647310765
589 7.220780445189147
590 7.508428258642481
591 7.34816526299497
592 7.381887305882498
593 7.426263664348087
594 7.528728153154218
595 7.620326499044512
596 7.159617317439177
597 7.00750152450267
598 7.045363695219403
599 7.22398853670232
600 7.108265448542742
601 7.2253596268763225
602 7.419244397441647
603 7.388787446350017
604 7.309831912932043
605 7.410518805520821
606 7.398250031559573
607 7.311597331055752
608 7.534288154966885
609 7.414218851462647
610 7.469530902441602
611 7.264451781216292
612 6.999572832223721
613 7.330410675424936
614 7.082619795803842
615 7.20556358412261
616 7.2730624735671725
617 7.46076172844138
618 7.398552503559431
619 7.076501644622072
620 7.274284677155069
621 6.905309334875631
622 7.152063132284226
623 7.156525664474298
624 6.99268108300884
625 6.853941976311705
626 7.411105062544197
627 7.133974816886437
628 7.356171539583137
629 7.444640525489468
630 6.943369170776293
631 7.451448961633866
632 7.242833963668564
633 6.931052944419255
634 7.121775287629364
635 7.539532416219093
636 7.5365704031596445
637 7.535270455191201
638 7.576608970603046
639 7.189781518317248
640 7.085685605760264
641 7.127366854546293
642 7.4411448482009925
643 7.174959378044624
644 7.508024784589501
645 7.438362250472907
646 7.232968662444934
647 7.180072547483412
648 7.278656357555185
649 7.122010143065891
650 7.294072450933494
651 7.231281800923303
652 7.191885454261785
653 7.660617968669347
654 7.740799207078307
655 7.656406450701182
656 7.294356254958168
657 7.419577402452409
658 7.102402420943141
659 7.278447499103717
660 7.271914995841588
661 8.053713664812483
662 7.685347407044834
663 7.8854256516712615
664 6.977458661200633
665 7.4469516119914445
666 7.2734456084764485
667 7.1539870659898845
668 7.320320942394513
669 7.457509838249817
670 6.785261825948818
671 7.4832402996283225
672 7.574870680680543
673 8.792044810824926
674 8.258900806314166
675 8.776856914922082
676 8.981337150433706
677 8.7087095548609
678 8.52603716244918
679 8.826346190584172
680 8.366719416818933
681 8.51189288299729
682 8.118126481180617
683 8.702815443838498
684 8.39497508854266
685 8.018856580240175
686 8.837949707560513
687 7.899698217772673
688 8.419453834499997
689 8.050381906394698
690 8.98169713830097
691 7.820087836191889
692 8.684808276169877
693 8.66654744316933
694 8.32361765197178
695 8.311975609444302
696 8.281426804188236
697 8.740159832322734
698 8.729577331352358
699 9.339599980203953
700 8.702547010186306
701 8.38607121930589
702 8.627591367717285
703 9.134129631493204
704 9.07398281757973
705 8.773582214421044
706 9.227124546425264
707 8.883605259545613
708 9.076422195017445
709 8.6735028785162
710 8.824221439134828
711 8.17091327407647
712 9.264648787712671
713 8.87256143002851
714 9.427660028556287
715 8.169699606803416
716 8.549743117190154
717 8.461577955125135
718 8.925319661505668
719 8.806795920489458
720 8.348727930346138
721 9.359001786737062
722 9.133244602536427
723 9.54209477192752
724 8.801978716564628
725 8.712955677353182
726 9.26664554046207
727 8.45979525284223
728 8.609318177523955
729 8.929507251401663
730 9.33093380289388
731 9.168394899046817
732 7.759929944123338
733 8.322540836500178
734 8.952385268904548
735 8.090949431163216
736 8.292689006142869
737 7.8990762893178745
738 8.535645859783973
739 8.075255857319338
740 8.36700272993344
741 8.685057553375444
742 8.559424535564181
743 7.973492707494906
744 8.452306530052203
745 8.082501265616333
746 7.755650685148145
747 8.53942371364301
748 8.078701132730648
749 7.953005731976495
750 7.927856422422428
751 7.937318011663932
752 8.583224445722209
753 9.124093840638299
754 8.381310787018135
755 8.472417636216857
756 8.70482872988671
757 8.953613944265358
758 8.893939800774461
759 8.541353702580665
760 8.03366859016625
761 8.44274746577818
762 8.002842390790518
763 8.2366963990914
764 8.392479765899447
765 8.103830617081426
766 8.38045779006088
767 8.234270219623973
768 8.045160662648025
769 8.628382460240479
770 8.516870053925217
771 8.717420451344609
772 8.299654521113986
773 8.104595037656962
774 8.396320833782426
775 8.457065932016617
776 8.593586463561328
777 8.404169325316179
778 8.950433770641322
779 9.198713552925076
780 8.74513151594426
781 9.248142473025762
782 8.380150482801264
783 8.870959921637663
784 8.446046867011711
785 8.606237167438897
786 8.944592898835474
787 8.395418266728162
788 8.934798333182988
789 8.35541917651197
790 8.509744428836612
791 8.64131408946346
792 8.426962092589877
793 8.24838732072425
794 8.162284249756997
795 8.057858911538077
796 8.256704651333084
797 8.175375983462759
798 8.651724942963662
799 9.17750892557133
800 8.677571530251146
801 8.125423291773934
802 8.549486643704805
803 8.624577859255528
804 8.18493709517773
805 8.423607870277868
806 8.322161815068245
807 8.043702905252717
808 8.041077646606444
809 7.998726127948913
810 8.480871668184063
811 8.459946269923465
812 8.67862409149429
813 8.377550814730236
814 8.358283190685043
815 8.513680802174719
816 8.383788019301111
817 8.228185313444135
818 8.220455559802573
819 8.265797076603727
820 8.249398284106539
821 8.219124453887432
822 8.56961833320117
823 8.152525339152044
824 7.8924358413491
825 8.542997906996183
826 8.638542727607378
827 9.053260615521536
828 8.203856001390688
829 8.30273321268678
830 8.622179622325481
831 8.500657008824534
832 8.280395052472649
833 8.092857348530824
834 9.107044273571608
835 8.541865633017578
836 8.415289942518458
837 8.88852301802514
838 8.71794106802734
839 8.951449453521166
840 9.229900831368507
841 8.452157348697016
842 8.580867225580558
843 8.691583635826087
844 7.7902094880861394
845 8.510212801532694
846 8.473548231404177
847 7.954407766302547
848 8.774690925457781
849 8.384179018137274
850 8.707751307963779
851 8.144388296680425
852 8.374135270237362
853 8.439338241888548
854 8.479670991275034
855 8.321168905270609
856 8.251616174851755
857 8.140084288032094
858 7.882657349538905
859 8.133598126916564
860 8.171160912772997
861 7.788165217066802
862 7.799842252275388
863 7.95959457153946
864 8.441237333552225
865 8.722624852034475
866 9.287376760176857
867 9.688917056644755
868 8.8474508422504
869 8.806023313599788
870 9.250572968381297
871 9.133062339911877
872 8.787064545183117
873 8.621630485654874
874 8.573893815229507
875 8.94199487530973
876 8.383857846737497
877 8.508590636474223
878 8.365209404516035
879 9.206967783368501
880 9.361354373666623
881 9.406350649497172
882 9.414094695797651
883 9.043959756438156
884 9.622511196268965
885 8.982411291571403
886 8.797285776113306
887 8.784501738040335
888 8.826677310385676
889 9.678584515554347
890 9.803155992745051
891 9.155874699324826
892 8.657145478896643
893 8.800765929450305
894 8.815479834596891
895 9.521031354307254
896 9.30614575283014
897 8.84562775530989
898 9.686694745705104
899 8.996181344097412
900 9.193369159437957
901 8.984940188977106
902 9.250920428214593
903 8.935558535348894
904 9.014204557287488
905 9.53366894322793
906 9.559722426942324
907 9.36121718803546
908 8.772848470295433
909 8.994438812813797
910 9.292271231138509
911 8.653010586319928
912 8.683324172278832
913 8.202424761192365
914 8.084589258296182
915 8.91955527932666
916 8.751399359703905
917 8.639050711390894
918 9.030846477838026
919 8.678426694431304
920 8.583493083945688
921 8.454322910259567
922 8.313577987427465
923 9.145864434124643
924 8.520208727567892
925 8.454857520590377
926 8.701498831616998
927 8.291559213961941
928 8.761282180865193
929 8.922640661228133
930 10.379428246938854
931 9.99796910658872
932 9.085584867949512
933 8.795770815134118
934 8.352772385469263
935 8.962308208749613
936 9.129782979848834
937 8.635613441565178
938 9.191150881040583
939 8.552264792419566
940 8.36623793590736
941 8.631349121479078
942 10.149422935834593
943 9.082924914773965
944 8.953641023634232
945 8.766799995139069
946 8.898279109279004
947 8.83676566678732
948 8.899311373466569
949 8.174646261031638
950 8.317994206971179
951 8.676656095141919
952 8.978772712706967
953 8.686495303542785
954 8.62160932278037
955 8.531355440728381
956 8.801555640435659
957 8.482921814870076
958 8.530202240104007
959 8.984865195808295
960 8.75609698550293
961 8.876237165042712
962 8.838483170350132
963 8.868780704822779
964 9.065928881403668
965 9.147382319673905
966 9.29428233623503
967 9.014609613279509
968 9.26812479526978
969 8.899103314291885
970 9.149989798967741
971 8.918521289611496
972 8.858738167257739
973 8.682228823625843
974 9.012536748630618
975 9.271908718775048
976 8.858255922014672
977 9.377848409410003
978 8.633841965672598
979 9.1938349238604
980 9.262999170608925
981 8.576463287532507
982 8.954196762516991
983 8.869185567476427
984 9.25195830657168
985 9.281167939978126
986 9.0245062735203
987 8.933351605498805
988 8.738762537840977
989 8.964131041258227
990 9.278845629505389
991 8.491976408745527
992 8.694147900681232
993 8.594077985107532
994 9.170958361939572
995 9.112331089250894
996 9.232955185979073
997 8.788600978261764
998 8.63223169600282
999 9.07679304381737
1000 8.957465126567811
1001 9.049409869983084
1002 9.000496068023715
1003 9.080356691020576
1004 9.041859097269297
1005 9.045222663032234
1006 9.084737076894456
1007 8.925134156538503
1008 9.317806843396147
1009 8.954751424322886
1010 9.155289052605077
1011 9.183607848695152
1012 8.87596204462504
1013 8.903346901793965
1014 9.0503817072111
1015 9.13117138789022
1016 8.727421426162778
1017 8.708567876691653
1018 9.120652956838592
1019 9.296273556451538
1020 9.166832118925905
1021 8.99456141798542
1022 9.022184351659979
1023 8.90780786762942
1024 9.375872781953554
1025 8.86232443262042
1026 8.17017936370722
1027 8.919889419983685
1028 9.039689154658483
1029 9.033809162555851
1030 9.001228793979879
1031 9.358665656022227
1032 8.55827321456917
1033 8.686063335472205
1034 8.894569405430396
1035 8.968183299520563
1036 8.951603905573204
1037 8.624271823267573
1038 9.302339037856873
1039 9.589027352645052
1040 9.504516185456449
1041 8.895736635846468
1042 8.807763240993662
1043 8.82632703880791
1044 8.704905095047884
1045 9.059926134149377
1046 9.408893320621045
1047 8.688311483252777
1048 8.962682703688454
1049 9.473469377621544
1050 9.215796756878705
1051 9.030941729812177
1052 8.980750419143739
1053 8.556106303362474
1054 8.86359571474784
1055 9.282895574959365
1056 9.120997163229125
1057 9.407637292738778
1058 9.638270456576214
1059 9.009860626674058
1060 8.935850106814714
1061 8.810422957384315
1062 8.992501013767425
1063 8.875013171302745
1064 8.958847306418548
1065 9.192185845759111
1066 8.685403702079373
1067 9.042940710691138
1068 8.816528457470492
1069 8.847080149149267
1070 9.364615797410575
1071 8.49510378855016
1072 8.56826359604301
1073 8.838634393593074
1074 9.329027994903218
1075 8.623115905352646
1076 8.856173313472642
1077 8.785520093451142
1078 9.060563110356929
1079 9.129856490210958
1080 8.999882132479936
1081 8.989350249890709
1082 8.761831964376052
1083 8.832354708554895
1084 9.313982182775998
1085 9.261363613158967
1086 9.02128701029079
1087 9.474907336410498
1088 9.035881383380243
1089 9.011350335178856
1090 8.847335085092528
1091 8.738838101321692
1092 8.816207354504565
1093 8.866525213108988
1094 9.163796772387153
1095 8.986070288488218
1096 8.387897112062547
1097 9.065855961767925
1098 8.71998405195506
1099 8.839664357871772
1100 8.597713795351986
1101 9.284712934900236
1102 9.104808298446669
1103 9.134476408897411
1104 8.76970165978617
1105 8.96404768337024
1106 9.147319322405739
1107 8.7634603594999
1108 8.97062073278103
1109 9.033622756712449
1110 9.025047343330248
1111 9.043670623291067
1112 8.778964666200041
1113 9.045287015421609
1114 8.66385204736697
1115 8.662606206772724
1116 9.171624125764444
1117 8.908920917264034
1118 9.362763204060665
1119 8.64391789170773
1120 9.08717303553407
1121 8.856479229128878
1122 8.81029523680571
1123 9.230405327140879
1124 9.11016232795969
1125 8.499445735986473
1126 9.100355964824322
1127 8.765807582301528
1128 8.81127246948779
1129 9.124664655801404
1130 8.593069749180296
1131 8.955186178780979
1132 8.867464037299358
1133 8.6614730381854
1134 8.884699282483389
1135 8.8252095755772
1136 9.203179000312446
1137 9.283328678848443
1138 8.986731090072226
1139 9.496733837411309
1140 9.106853756876637
1141 9.340029474362531
1142 8.662116355048893
1143 8.415040541149384
1144 8.440482151946126
1145 8.642889793122299
1146 8.570941998862022
1147 8.948448650102245
1148 8.754341201510359
1149 8.80482126605611
1150 8.919686289757477
1151 9.224319570229941
1152 8.712131747900703
1153 8.92922192240462
1154 8.957314487038305
1155 8.76226278228211
1156 8.793083337641358
1157 9.088038428604554
1158 8.544756334199983
1159 8.940703143832325
1160 9.582329986765398
1161 8.705324270037446
1162 9.134213696803762
1163 9.248198207099968
1164 9.025180634834502
1165 9.659922975902239
1166 9.32037940904938
1167 8.929353095558152
1168 8.852979550625609
1169 8.757022023000449
1170 8.773018806513052
1171 9.16571447458109
1172 8.8022539804508
1173 8.684810861288428
1174 9.098390376722753
1175 9.508501875905981
1176 9.0855777353361
1177 9.1978432622616
1178 9.347289418031634
1179 9.001426842904772
1180 8.857669507368758
1181 9.079545921318598
1182 8.6323917650784
1183 9.052974230470406
1184 9.345746619097087
1185 9.097972284499779
1186 8.907175917041558
1187 8.839248391803569
1188 9.129995823837843
1189 8.885143074218416
1190 8.90902482622042
1191 9.098456631116228
1192 8.528488357509845
1193 8.869250288246556
1194 8.16537789052938
1195 8.969210044318128
1196 9.142387591822299
1197 9.011051394620111
1198 8.668578201790092
1199 9.068234130237586
1200 8.871978164457866
1201 8.81255113892286
1202 9.142184174385044
1203 9.103861297823673
1204 8.962200070946947
1205 8.783253461852693
1206 8.93677380996511
1207 9.094243930447067
1208 9.263226581563327
1209 8.947200948477624
1210 9.389148343520084
1211 9.013596699783546
1212 9.087625822263808
1213 9.386419992626223
1214 9.335845486146967
1215 9.319171002485739
1216 8.99722423505357
1217 9.239230590568255
1218 9.234318441082003
1219 9.093999030281974
1220 8.932982880248174
1221 9.088900478517846
1222 9.28968554895823
1223 9.456259351176266
1224 9.090767053551007
1225 9.461578870962834
1226 9.125407407146751
1227 9.50167807852425
1228 9.651808102237275
1229 9.46741726281659
1230 9.515569993887281
1231 9.366707511543977
1232 9.10341815113341
1233 9.432707586245911
1234 9.455957957162466
1235 9.027310301792077
1236 8.98198803945707
1237 8.65199844071764
1238 8.792838531081856
1239 8.859929162030632
1240 9.136787641086423
1241 9.355686931105257
1242 8.883306947333956
1243 9.030140221879769
1244 9.771873567446258
1245 10.05460099337829
1246 9.088325340095707
1247 9.328607907636872
1248 8.752724378247164
1249 8.677364605475448
1250 8.777041261098635
1251 9.194039302987424
1252 8.954797032977217
1253 9.13254192305648
1254 8.76505606065807
1255 8.733035514405953
1256 8.785669421608072
1257 8.683531488855133
1258 8.928512563533777
1259 9.323966534048866
1260 9.578673431322601
1261 9.51865429565098
1262 9.315772384088625
1263 9.483860589493137
1264 9.66731807312925
1265 9.495172032496415
1266 9.678536419522338
1267 9.324197961242069
1268 8.875507513630263
1269 9.416466177817568
1270 9.113598825779187
1271 9.212201461135255
1272 9.083093267163248
1273 8.782660118479155
1274 9.005860136447568
1275 8.3820214678969
1276 8.715347307180293
1277 9.04198530015943
1278 8.865188687536516
1279 8.959127740183316
1280 8.757207317834467
1281 8.978497655127375
1282 9.036998156808398
1283 8.335558462343712
1284 8.93524499727028
1285 9.28888189249407
1286 8.946750365641273
1287 8.410162351564123
1288 8.722458911574156
1289 9.040214383238272
1290 9.120763563483841
1291 9.078387552672048
1292 8.572812213661674
1293 9.249940517972357
1294 9.129015941228605
1295 8.85763796849289
1296 8.648641797419595
1297 9.048216357844364
1298 8.703090650485512
1299 9.305085921592806
1300 9.367005295470197
1301 8.611554162393643
1302 8.689169747893477
1303 8.989401242867118
1304 9.131811077209456
1305 9.030225171514425
1306 8.810583178043712
1307 9.1850625690365
1308 8.230102832041291
1309 8.843462009357289
1310 8.680959127602444
1311 9.165302272203427
1312 8.654031051797167
1313 9.198321981620108
1314 9.077794287364247
1315 9.2443788950784
1316 9.165156717684612
1317 9.08438505006381
1318 8.623584908612889
1319 8.768804997681087
1320 8.815455696637734
1321 9.102119306148712
1322 9.199058620980649
1323 9.263851335461583
1324 9.457672628639358
1325 9.008755538986765
1326 9.673661298779065
1327 8.921372811694498
1328 9.073612103768063
1329 9.191804463453964
1330 9.222570177979375
1331 9.25163406577957
1332 8.950874924375558
1333 9.268399908477917
1334 9.183289039819835
1335 9.277730359736202
1336 9.40151064904615
1337 8.601543801756499
1338 8.944258939810295
1339 9.029009887396
1340 9.415340663366077
1341 9.475981228807063
1342 9.299964468700546
1343 8.96689594977204
1344 8.943374660797982
1345 9.372461948125899
1346 9.068431528332125
1347 8.9299191610079
1348 9.090538629746186
1349 8.895416418203586
1350 9.349153502735131
1351 9.213685938926625
1352 9.153324371368269
1353 8.752812790963414
1354 9.044478900426121
1355 9.009052890694095
1356 9.141052828942682
1357 9.231167998432337
1358 8.56592911800594
1359 9.169540513099735
1360 9.099557719765816
1361 9.17771209611038
1362 9.243520414237784
1363 9.551318870278283
1364 9.114801193615117
1365 8.848421409191376
1366 9.057146573472519
1367 9.301861367351645
1368 8.703945065665126
1369 8.843334343200901
1370 8.885180739272403
1371 9.15096214655861
1372 9.508964880133453
1373 8.475761874085121
1374 9.035468721429433
1375 8.94375580046543
1376 8.87044194549902
1377 9.151577473024304
1378 9.275335483144397
1379 9.60979019261534
1380 9.825575370084914
1381 9.9044608104925
1382 9.42260490523919
1383 9.129408937913565
1384 8.650540892557766
1385 8.736864314565942
1386 9.143781741205995
1387 9.057937950846974
1388 9.263845861981178
1389 8.691824886856626
1390 8.561726030247415
1391 8.94438857420147
1392 9.365361786940015
1393 9.380910432886344
1394 9.406313827716964
1395 8.578645268865545
1396 9.078537843437418
1397 9.236897479334587
1398 8.963471349774442
1399 8.827483618249865
1400 9.36786751323032
1401 8.935569413276923
1402 8.647240583212838
1403 9.133583960922408
1404 8.979249172349355
1405 8.99225959956283
1406 9.205602705950342
1407 8.88380026866498
1408 9.293126610236923
1409 8.847440855596524
1410 9.042754588114754
1411 9.20460852299546
1412 9.028938334518646
1413 9.241059897918339
1414 9.171785355222966
1415 8.84637757895085
1416 9.548998999759707
1417 9.237094658968335
1418 10.089253418772868
1419 9.850138546114295
1420 9.211894308580046
1421 9.066036808061504
1422 9.493310051679142
1423 9.362913766690996
1424 9.331906469998259
1425 8.766581056375502
1426 9.00003611137371
1427 9.209936428991671
1428 9.217562242723716
1429 8.880917704916053
1430 8.912656558678128
1431 8.953725026028453
1432 9.685184541322466
1433 9.40141535433097
1434 9.135265293975273
1435 9.67809343454977
1436 9.535152074411842
1437 9.427289233784155
1438 9.83841781095102
1439 9.900872856049133
1440 9.331216740426218
1441 9.80944277528248
1442 9.871656806946552
1443 9.878016816251156
1444 9.981205407736288
1445 9.569670493356831
1446 9.597450987608328
1447 9.361453260049098
1448 9.330673676166427
1449 9.287505686937301
1450 9.197773055468561
1451 9.414929868066235
1452 9.63387022550023
1453 9.337394903773669
1454 9.714920335352664
1455 9.399681077282741
1456 9.510762543510626
1457 9.692667087042242
1458 9.394172830481443
1459 9.476299514147353
1460 9.645949225357795
1461 9.027199902929091
1462 9.401686828943266
1463 9.320933230495243
1464 9.62620377773607
1465 9.41784606226244
1466 8.954156784911733
1467 9.80107915028249
1468 9.440602551583497
1469 9.474228972535608
1470 9.311328244157918
1471 9.294682410937613
1472 9.389807373136598
1473 9.430967668066762
1474 9.379917982344809
1475 9.777877589718441
1476 9.64021880760032
1477 9.255558448792758
1478 9.756279867570528
1479 9.00344286521794
1480 8.958601799046559
1481 8.634145236270216
1482 9.030164860512809
1483 9.218683432623926
1484 9.203374297370907
1485 9.280139373730606
1486 9.320314117844763
1487 9.355066889494605
1488 9.643464578994536
1489 9.784308632319222
1490 9.394344077384051
1491 9.698413811007887
1492 9.782437740453826
1493 9.237295271593775
1494 9.750346985279561
1495 9.59747458066937
1496 9.581220694305493
1497 9.66188671026536
1498 10.091824860576818
1499 9.490292322191705
1500 9.436691174316852
1501 9.71686325448501
1502 9.639185355472176
1503 9.580981973397789
1504 9.415623766676248
1505 9.500830053176353
1506 9.175746541619734
1507 9.602328971569406
1508 9.643741773707944
1509 9.577682524778494
1510 9.025454438189845
1511 9.144570371335494
1512 8.513181491973485
1513 9.078689124055478
1514 8.922890284251498
1515 9.183073631806524
1516 8.962054547716507
1517 8.635606442745944
1518 9.192796653560162
1519 8.756053294289563
1520 9.313686828336591
1521 8.866556040377073
1522 8.92728431150353
1523 8.853318646902508
1524 9.311916680012613
1525 9.33992313490035
1526 9.29360377494758
1527 9.214883340205658
1528 9.374262105076976
1529 9.20134259601624
1530 9.534371767435085
1531 9.618110175787155
1532 9.588381339180925
1533 9.082290956363453
1534 9.438905319763961
1535 9.098598656147228
1536 9.62102871277828
1537 9.289797650976835
1538 9.176966069516801
1539 9.551927038104687
1540 8.949291400193745
1541 9.110963797771015
1542 9.067981067591713
1543 9.128959595685437
1544 9.290725410513744
1545 9.233020560579513
1546 9.18870273985091
1547 9.446671672802665
1548 8.924219200463254
1549 9.1007603385013
1550 9.325207591899598
1551 9.361998501386655
1552 9.403750166583748
1553 9.442875787433922
1554 9.398626219923166
1555 8.87265038537714
1556 9.065179670509071
1557 9.153416887919423
1558 8.767201977837487
1559 9.332037606148685
1560 8.900103074850596
1561 8.9246543548713
1562 8.958595343841807
1563 8.884589928852149
1564 9.364445485746854
1565 9.398398897360623
1566 9.216293146229424
1567 9.546802058909467
1568 8.930051496501845
1569 9.169934979736759
1570 9.051830586510432
1571 9.33612706210017
1572 9.429950573217274
1573 8.931110788266727
1574 8.911786080420555
1575 9.04581651864416
1576 9.163822130439096
1577 9.018069183427622
1578 9.269916323221016
1579 9.328352653131581
1580 8.757773124657279
1581 9.02089626237034
1582 8.81096832828027
1583 8.808602107821162
1584 9.199135882137055
1585 9.310688390446183
1586 9.21803513298136
1587 9.172144766047223
1588 9.175819870358888
1589 9.154140427657191
1590 9.14412001914888
1591 9.193134877981453
1592 9.301921493502949
1593 9.69275635560103
1594 9.581725844473741
1595 9.89431391220941
1596 9.345558262848531
1597 9.575808396088863
1598 9.360886214676306
1599 8.973878053183283
1600 9.646149335518228
1601 9.333666281882596
1602 9.642980895978006
1603 9.490121354249824
1604 10.049533394432084
1605 9.307067578730758
1606 9.645211088785086
1607 9.898094161441177
1608 9.650271307863763
1609 9.560276921894385
1610 9.49439167393573
1611 9.701534790442675
1612 9.472850385652082
1613 9.256874054199246
1614 8.834689375004013
1615 8.895592292631536
1616 9.888463849998807
1617 9.303033503140018
1618 9.598032465134166
1619 9.362081847976224
1620 9.350632725173499
1621 9.476176342442658
1622 9.421754922403485
1623 9.406026438622145
1624 9.387868895746896
1625 9.473350905838156
1626 8.919942850596208
1627 8.836544630265582
1628 9.27125641015662
1629 9.06444031376201
1630 9.236215913148726
1631 9.616022639060342
1632 9.936225648536528
1633 9.300937842236797
1634 9.172048156671575
1635 8.612404669869004
1636 8.921347633696824
1637 8.993785171583744
1638 9.356084005601945
1639 9.645987902276353
1640 9.715538621757725
1641 9.531463535062146
1642 9.869197934631176
1643 9.81997196824553
1644 9.884001073433224
1645 9.642210724873634
1646 9.826310033053344
1647 9.760650542269516
1648 9.674895489385305
1649 9.474929468063891
1650 8.689162445827277
1651 9.11550956253798
1652 9.168092970682839
1653 9.220752091213472
1654 9.309451091913488
1655 9.595848039967846
1656 9.34603740129261
1657 9.224055022553483
1658 9.577855809089694
1659 9.089283173542565
1660 9.555156457833151
1661 9.672774791474037
1662 9.806959261748222
1663 9.529255633266043
1664 9.273205962180342
1665 9.5479477947428
1666 9.315342568183414
1667 9.212375809862644
1668 9.115926566731286
1669 9.066091504006197
1670 9.165939388196655
1671 9.326581944016274
1672 9.311323703753661
1673 9.914672266850648
1674 9.282295055929385
1675 9.512939417646162
1676 9.473998203059335
1677 9.627535371058736
1678 9.514982809102385
1679 9.631513485109686
1680 9.090947192507056
1681 9.47694872930809
1682 9.193354167706703
1683 9.821033443236413
1684 9.402637201468629
1685 9.147759262187789
1686 9.454970413396085
1687 9.20794688906369
1688 9.426151443788672
1689 9.598130162237247
1690 9.41380959762591
1691 9.513063191980638
1692 9.38292634676175
1693 9.38731362612135
1694 9.55829230000126
1695 9.758302715156443
1696 9.651356031920505
1697 9.633033391959154
1698 9.1191357747047
1699 9.706904773382131
1700 9.25358141664118
1701 9.500519288781621
1702 9.59542317610184
1703 9.620618783476102
1704 9.548074875916903
1705 9.336379059599306
1706 9.676612940892744
1707 9.630138327915288
1708 9.139464362447555
1709 9.100584618968801
1710 9.441352159124095
1711 9.327900842315431
1712 9.319421480258985
1713 8.98217365868474
1714 9.560781069610702
1715 9.55000517407531
1716 9.284948045254161
1717 9.329752163303382
1718 9.753196933167414
1719 9.736700804051535
1720 9.04246525850893
1721 9.724053568379645
1722 9.516038316362359
1723 9.200444508553252
1724 9.130826520382032
1725 9.626809223384441
1726 9.236112812349598
1727 9.663131340393067
1728 9.531122191255449
1729 9.732305863170874
1730 9.375458815078474
1731 9.102249337658536
1732 9.561458453146269
1733 9.191889021142478
1734 9.080181360222412
1735 9.119606507671184
1736 9.658784857162763
1737 9.086020547390413
1738 9.247081909017512
1739 8.968189036304404
1740 9.390155287783713
1741 9.4188270434245
1742 9.3443107065531
1743 9.540209886648574
1744 8.602533715275733
1745 9.304941175735461
1746 8.334537341449812
1747 9.560692893375855
1748 9.100218453208226
1749 9.347076964367103
1750 9.031493507577384
1751 9.533623657219374
1752 9.055285923163156
1753 9.293654251744577
1754 9.3076427569204
1755 8.42784320354511
1756 8.617646946478832
1757 8.282233281095664
1758 8.163221872668862
1759 9.188809140853397
1760 9.095157322372579
1761 9.056446051824485
1762 9.638850056808417
1763 8.826681078400444
1764 9.359060693947026
1765 9.328151225503198
1766 9.022833181627112
1767 9.038844747248136
1768 9.360936441782608
1769 8.846313293661689
1770 8.792374973379685
1771 9.365414738967972
1772 9.041159741034285
1773 9.36406172367234
1774 9.8168267350455
1775 8.757723603954402
1776 8.9755844235301
1777 8.799095601323717
1778 8.853057855397596
1779 8.75531890048233
1780 9.816261929010505
1781 9.553107006911564
1782 9.479879446789294
1783 9.131523092332449
1784 8.8301705780985
1785 9.468828536187559
1786 9.601637245341017
1787 9.223727484752105
1788 9.99754046519614
1789 9.409974591443962
1790 9.033494294186347
1791 9.45180433762224
1792 9.22549168928358
1793 9.266608114850929
1794 9.536298120431256
1795 9.755886602945884
1796 9.671745365898538
1797 9.45508042728708
1798 9.55982171815813
1799 9.374063779676494
1800 9.26671885455439
1801 8.959692405500576
1802 9.251656256407664
1803 9.622436508108928
1804 9.243937195484099
1805 9.26609831435858
1806 9.09103285323895
1807 9.281519871845703
1808 8.709058343973389
1809 8.812130248835372
1810 8.735064514185401
1811 8.988469210760893
1812 8.724147916203409
1813 9.13771316017202
1814 8.577245615564268
1815 8.276517745942
1816 8.97411122112328
1817 9.393556750417714
1818 8.699633477794178
1819 9.247082473765179
1820 8.864847074750138
1821 8.366080488958623
1822 9.567786919263117
1823 7.687699727089423
1824 8.884491576018627
1825 8.75127526517415
1826 8.88820164165503
1827 9.311566173043401
1828 9.230978032250599
1829 8.861838205117039
1830 9.271656067049456
1831 9.355629019180517
1832 9.293507819977807
1833 8.815906055555327
1834 8.582392004625564
1835 8.722396140413444
1836 9.230302604697371
1837 8.907531919476911
1838 8.632531741154992
1839 8.337184752289117
1840 8.842622736751666
1841 8.925131630636072
1842 9.482964663657482
1843 8.829329467813904
1844 9.206351854802366
1845 8.916390368059126
1846 8.777608818705726
1847 9.024334686574045
1848 9.226463122317321
1849 8.946517565393407
1850 9.58064591867666
1851 9.307003776430143
1852 9.501586008425226
1853 9.30822967445852
1854 9.066527684986545
1855 9.563479286394609
1856 9.28840876595983
1857 9.777948493479736
1858 9.664178537882853
1859 9.024134295635825
1860 9.205125561753192
1861 9.052673099292305
1862 9.231186510785799
1863 9.732684186021435
1864 8.801538797282033
1865 9.218992239799203
1866 9.244498970339414
1867 9.090662907590879
1868 9.278708621460027
1869 9.219617472557642
1870 9.348632314234967
1871 9.412121485498599
1872 9.435557414166746
1873 9.293537470432952
1874 9.123557517622679
1875 9.308045376127104
1876 9.576719502864693
1877 9.271206846035996
1878 8.964438876551378
1879 8.906152985979055
1880 8.661886682507209
1881 9.039436952060724
1882 9.593604827564386
1883 9.179742904760461
1884 8.558776083209105
1885 9.098823681140061
1886 9.42987264182931
1887 9.188159427970584
1888 9.239759098479901
1889 8.985439091095374
1890 8.885546069874657
1891 9.195786454522286
1892 9.069109421283397
1893 9.025059951890837
1894 8.966935562743815
1895 9.422684215071806
1896 9.473917477682965
1897 9.417998336543452
1898 9.212866635313892
1899 9.310967626770644
1900 9.88027885206119
1901 9.507371512065776
1902 9.274949512506446
1903 9.427361312681377
1904 9.692162952277801
1905 9.1879174604551
1906 9.11909126055739
1907 8.72990778764435
1908 9.420993345779333
1909 8.79418783669744
1910 9.243760176064379
1911 8.642222249156552
1912 9.00210038440771
1913 9.564365126492234
1914 9.60181072284591
1915 9.080655317893777
1916 9.180181469431067
1917 9.078686622762486
1918 9.266881546911897
1919 9.239426549825014
1920 9.19079515446779
1921 9.153713187626613
1922 9.40180549192534
1923 9.21794781511987
1924 9.30910382495023
1925 8.683486329352245
1926 9.055609034698135
1927 8.813654682968126
1928 8.979302816427715
1929 9.696751878700063
1930 8.981466512224314
1931 8.770010272929495
1932 9.636079353977001
1933 9.155901131322281
1934 9.212290999520995
1935 9.139812780199895
1936 8.850665838407679
1937 8.920990341347837
1938 9.13703000280445
1939 9.47405610714343
1940 8.923791437912278
1941 9.204138865981507
1942 9.073079436490445
1943 9.29678473272581
1944 9.820981653845053
1945 9.155975063569862
1946 9.502385871467263
1947 9.743026144239394
1948 9.498116249683633
1949 9.09502064876379
1950 9.533712060172133
1951 9.597696967386815
1952 9.385052529963728
1953 9.746954095256307
1954 9.07519452745211
1955 9.402001482766341
1956 9.673819003025779
1957 9.618403613097676
1958 9.462554905216269
1959 8.970078909290738
1960 8.84509646910403
1961 9.179658501438935
1962 8.62403635223196
1963 8.702993523899183
1964 8.298820433643693
1965 8.309999349084235
1966 8.617608194148326
1967 9.382400585442719
1968 9.02798904583233
1969 9.219676971157016
1970 9.398700954090097
1971 9.313682478399322
1972 9.186340644787272
1973 9.155897902243714
1974 8.214007055723904
1975 9.076875575463793
1976 9.18669286996749
1977 8.909167105788233
1978 9.060716503486221
1979 9.425849861025066
1980 9.334092365688582
1981 9.097863886549993
1982 8.96429243474344
1983 9.301814764114598
1984 9.575628103314585
1985 8.835786063793337
1986 9.208736957887478
1987 9.45166451925777
1988 8.663685738207828
1989 8.666387698718575
1990 8.711270648931974
1991 8.51294114864014
1992 7.98112383541726
1993 9.087689987218184
1994 8.506886570079521
1995 8.735137510546195
1996 8.922594566504687
1997 8.73418810490151
1998 9.051776489156374
1999 8.953172750362931
2000 9.274430599577315
2001 8.59113659396113
2002 8.343846370636616
2003 8.731209212321973
2004 8.139828343129093
2005 8.443871181330517
2006 8.616496002675259
2007 9.210750867154998
2008 9.004983441259311
2009 9.002168034272758
2010 8.999482487376985
2011 8.884112809142609
2012 9.118135190079036
2013 9.19992481020025
2014 9.407517005764765
2015 8.854308446836221
2016 9.366958088959688
2017 9.441300010995754
2018 8.931680032430979
2019 8.482817581752647
2020 9.20778300389485
2021 8.250264001069853
2022 8.564936288710935
2023 8.75929522821901
2024 8.546408228856505
2025 8.8743551984487
2026 8.448411772438213
2027 9.236968754323334
2028 8.752553532441157
2029 9.025651499452934
2030 8.823720397693993
2031 8.34529420179446
2032 9.284949151534134
2033 8.876154522254229
2034 8.507252434625036
2035 8.468568582868548
2036 8.355687861211603
2037 8.40224239592803
2038 8.756599036956201
2039 9.651239958119872
2040 9.051756852593035
2041 8.713488591956756
2042 8.589466260259403
2043 8.414013747709491
2044 8.594879328673404
2045 8.519411870138104
2046 8.030129864926723
2047 9.22945235273312
2048 8.787445798814218
2049 8.87690347820854
2050 8.161406486641097
2051 8.6537243510972
2052 8.188375261024389
2053 8.498617727830025
2054 8.755806178866548
2055 8.502694832554607
2056 8.432116288505426
2057 8.24530557292203
2058 8.996204682175408
2059 8.502319384339852
2060 9.340665488927195
2061 8.346246420274456
2062 8.882307338090023
2063 8.327406051892892
2064 8.6020089351488
2065 9.096285363002185
2066 8.907181656959487
2067 8.775660715452888
2068 8.84762809724482
2069 9.106381993626929
2070 8.82281177589555
2071 8.60232799329935
2072 8.806787684282092
2073 8.601386603082036
2074 8.513971116067767
2075 8.763434593784524
2076 9.238419037805558
2077 8.702582636277427
2078 8.943402887402717
2079 8.398044005384506
2080 8.811127016798327
2081 9.338349322188801
2082 9.335182339832755
2083 8.686615338771494
2084 9.46815453884477
2085 9.630123783738204
2086 8.363644313990276
2087 9.120858487884693
2088 8.585614482829863
2089 8.527038245263027
2090 8.776818747488601
2091 8.835002614728502
2092 8.766824305876293
2093 9.2144488615017
2094 9.418904341345918
2095 9.18145127330126
2096 8.938521676523667
2097 8.98948971913788
2098 9.204976239871405
2099 9.253771213975146
2100 9.004202592006196
2101 9.076794686614328
2102 8.99571887044828
2103 9.485664335499902
2104 9.246759759171294
2105 8.804798338318488
2106 9.67367117314858
2107 9.16073301625335
2108 9.096676383391662
2109 9.02998160368007
2110 9.135761092807293
2111 8.909352903978538
2112 8.680264047423016
2113 8.558219268291344
2114 8.894135639534367
2115 9.307530663507707
2116 9.15653192550968
2117 9.336620625591934
2118 9.40806275401771
2119 9.329477200431015
2120 9.383550427754747
2121 9.018114529479211
2122 9.010892580202619
2123 8.885931487017187
2124 8.977263823739882
2125 8.94626309532756
2126 8.560349208683776
2127 9.137459334895082
2128 9.195637708808743
2129 9.12588375708619
2130 8.987787044083605
2131 8.930956174016128
2132 8.571690705078195
2133 8.97141737932196
2134 9.185156235480841
2135 8.892716757414867
2136 9.166077458562103
2137 8.201386453415227
2138 9.238552651624847
2139 9.010024953296014
2140 9.400650625301813
2141 8.834783773253188
2142 8.86134264769101
2143 9.197948905488476
2144 9.159955616896063
2145 9.292927167146406
2146 9.292981369641135
2147 8.803867633443447
2148 8.843565679772809
2149 9.438683510314233
2150 8.66343156059518
2151 9.10070955264228
2152 8.84200146157289
2153 9.073905882095346
2154 8.74984632448685
2155 8.913692339544777
2156 9.296791031469521
2157 9.022933045630294
2158 9.42888679193035
2159 9.190316143393558
2160 9.500899021153398
2161 9.506769507878488
2162 9.302703600562
2163 9.590739382377974
2164 9.433533584255926
2165 9.756707698512734
2166 9.369843805783086
2167 9.599423329673066
2168 9.52881464429228
2169 8.818391157908316
2170 9.267625788338753
2171 9.40824871230445
2172 9.39917495069198
2173 9.388327191028655
2174 9.677480169479558
2175 9.036139904347264
2176 8.942230852602632
2177 9.418084711206605
2178 8.93102048769464
2179 9.714496433680006
2180 9.491093471541891
2181 9.276960076765512
2182 9.37841211802455
2183 8.626360417113832
2184 9.46936109346124
2185 8.963993058029116
2186 9.465299498940972
2187 9.184815067408476
2188 9.607476920002174
2189 9.607543931240413
2190 9.321509566032615
2191 9.012438096720224
2192 9.041755288349794
2193 8.400087767232495
2194 9.199984356687734
2195 9.34433202137034
2196 8.58992569049911
2197 8.830844581200207
2198 9.16182770166596
2199 8.57152086753092
2200 8.598465469428717
2201 9.06711070409689
2202 8.955765914810085
2203 8.724846279830652
2204 8.171086189286731
2205 8.673642323235553
2206 8.952313259306061
2207 8.941455716398778
2208 8.987803259078063
2209 9.313898589027383
2210 9.057594156988669
2211 9.394342625530918
2212 9.012555081016362
2213 9.240393918907131
2214 9.284514214999817
2215 8.874836741598743
2216 8.879039335032163
2217 8.766746589224589
2218 9.090595267057559
2219 9.025828105902281
2220 9.392313869375084
2221 9.397895200447
2222 9.497444194002817
2223 9.46903786729711
2224 8.878162034190646
2225 9.403258615389554
2226 8.97966094446253
2227 9.17241499940559
2228 9.158289072172222
2229 8.978514071874162
2230 9.327418843398211
2231 9.242940700358492
2232 9.498752077406255
2233 9.353311444179667
2234 9.181123952337018
2235 9.44387587334886
2236 9.133668835481048
2237 8.760751334967198
2238 8.554840669562674
2239 8.483939220088972
2240 8.642783523529125
2241 8.67198376241615
2242 9.385986471934528
2243 8.480234245099343
2244 8.790191677489096
2245 9.832511626321269
2246 9.122460038971724
2247 8.840547793449412
2248 9.046112103229257
2249 9.300119830102888
2250 8.28329105347469
2251 8.684940614801755
2252 7.829694604653766
2253 7.976382888539904
2254 7.81357354328753
2255 7.4507042773298915
2256 8.372149039151855
2257 8.576575047631357
2258 8.634955987211866
2259 8.099752165339803
2260 8.208872416275558
2261 8.364050497842356
2262 8.811054376371498
2263 8.388552582849535
2264 8.872372909353826
2265 8.479576960062438
2266 8.626957047314471
2267 8.436064035518838
2268 8.475739663904925
2269 8.701879446943744
2270 8.776018643742274
2271 8.826278569823113
2272 8.548828879965377
2273 8.535933064858312
2274 8.523926360451478
2275 8.321796685154805
2276 8.757259141696801
2277 8.039981052124492
2278 8.658319381353252
2279 8.537885699780782
2280 8.138897692126024
2281 7.904341419708059
2282 8.191558971016699
2283 8.514599018552149
2284 8.731280746778557
2285 8.962574253277321
2286 9.026188468748503
2287 9.03664075469787
2288 9.137814873373014
2289 9.088925581476405
2290 8.787094745157647
2291 8.816198637329226
2292 8.905828333031687
2293 8.604875292706488
2294 8.313208937621635
2295 8.577987983494744
2296 9.156552393043231
2297 8.764820217315672
2298 8.958001644511418
2299 8.464800052968917
2300 8.602652816552787
2301 8.988839019118618
2302 8.984452722445237
2303 9.200757705653071
2304 9.052530108890966
2305 8.462716033107933
2306 9.039006343869488
2307 8.854721179781139
2308 8.898042488586393
2309 8.455192821449552
2310 8.93619250341827
2311 9.193869789587836
2312 8.67537883738314
2313 9.029616364232831
2314 8.850150868766608
2315 8.967623409094994
2316 8.957804304763776
2317 9.329763385866586
2318 8.80708988363883
2319 9.180716357576436
2320 9.433016131535453
2321 9.366190473861284
2322 9.640691137685208
2323 8.933773261746845
2324 9.210600546491076
2325 8.549294696289982
2326 9.30957348507985
2327 8.882233460838918
2328 8.834098416811564
2329 9.275949508126477
2330 8.812960442286501
2331 8.923258070983849
2332 8.745837327618675
2333 8.983912875363917
2334 8.886119486586
2335 8.902044722529872
2336 8.898082101367766
2337 9.1368755363219
2338 9.211713935234215
2339 9.057523736767719
2340 8.621130325670386
2341 8.969686664297663
2342 8.929218161284362
2343 8.737837370159134
2344 9.355934803328848
2345 8.564024813705947
2346 9.21222911703494
2347 9.293285524760336
2348 9.03160944708508
2349 8.780062911791354
2350 8.912542659261101
2351 8.887582766786016
2352 8.993265858001335
2353 9.20265501755225
2354 8.702989111530352
2355 9.683907163876086
2356 9.288176741252157
2357 9.13459869000589
2358 8.89624508509264
2359 8.80076022497408
2360 8.748123341278616
2361 8.94425963028549
2362 8.870228424855947
2363 8.865385278844531
2364 8.874271069035292
2365 9.274514294304607
2366 9.089132464127163
2367 9.382122156588148
2368 9.217695341499383
2369 9.225369827758808
2370 8.62836792792087
2371 9.025409299857166
2372 9.142631993907896
2373 9.146395097019138
2374 8.754666081186691
2375 8.882475772643604
2376 9.126376520091895
2377 9.37502025816928
2378 8.975751526593205
2379 9.324425834534507
2380 8.822026955293966
2381 9.73214245751749
2382 8.601246401836717
2383 9.054635679426063
2384 8.669968973838632
2385 9.367958730215761
2386 9.076132783601158
2387 9.611954840055082
2388 9.400630582564961
2389 9.362285468527178
2390 8.98812919984865
2391 9.249705747865011
2392 9.038154895157248
2393 9.26659559625094
2394 9.33652198980098
2395 9.206711918349772
2396 9.537709164565232
2397 9.332537856058607
2398 9.280882390845099
2399 8.83454754299006
2400 9.331036626870508
2401 9.345795180185462
2402 9.073536843244394
2403 9.064205103925083
2404 9.251972185011965
2405 9.027550437091989
2406 9.293126676471466
2407 9.454164158394386
2408 8.91859399600236
2409 9.593107844539007
2410 9.188924083259554
2411 9.2074745557898
2412 9.454571085907624
2413 9.311430870967222
2414 9.095537774284981
2415 8.97004188212731
2416 9.406557807636489
2417 9.118934520806055
2418 8.95479503242361
2419 9.26013216856699
2420 9.608469244716838
2421 9.378169276491658
2422 9.151537168596073
2423 9.52852362660409
2424 9.283285431530519
2425 9.208170113299946
2426 9.006595517306131
2427 9.014123571786774
2428 9.370973028057602
2429 8.790765189407525
2430 8.822503377592982
2431 9.199670715735813
2432 9.008830379547861
2433 9.058517475624122
2434 9.240215204185045
2435 8.760102058718973
2436 9.281021456270171
2437 9.065509190267798
2438 9.193354763512081
2439 9.199769837484503
2440 9.602326850643976
2441 9.230274291261921
2442 9.796701126882683
2443 9.272657776204152
2444 9.20871966242498
2445 9.29999004846006
2446 9.38632340511991
2447 9.129354470142037
2448 9.229521144674745
2449 9.243659394417424
2450 9.066160194130626
2451 9.025443140216437
2452 9.13608307681099
2453 9.11684741952754
2454 9.355423567958765
2455 9.246097107353926
2456 9.080657661701359
2457 9.49277250446669
2458 9.435584797765602
2459 9.245767948863351
2460 8.775817897629036
2461 9.339458909581627
2462 9.639660019206596
2463 9.315196562344667
2464 8.837154162694668
2465 9.167109347043299
2466 9.641200887751928
2467 9.17394896355591
2468 9.624630670034591
2469 9.397540861560719
2470 9.495858290241081
2471 9.132548240399545
2472 8.969315460911044
2473 9.20119379585296
2474 8.976262158832714
2475 9.706842792172505
2476 8.999897699364796
2477 9.201420060658757
2478 8.738701066748273
2479 9.323244090040573
2480 9.324725378242778
2481 8.77222194653171
2482 9.060159618342208
2483 8.843245505187555
2484 8.964584531533351
2485 8.997672895670586
2486 9.214944729972784
2487 9.186089829912298
2488 9.947231739742692
2489 9.237699955235776
2490 9.31893396435193
2491 9.28376766093441
2492 9.198936730864062
2493 9.116160565324137
2494 8.783766115071149
2495 8.70450816800698
2496 8.627474198688835
2497 8.578113191580606
2498 8.572330062799114
2499 8.833620884512966
2500 8.502581533606984
2501 9.042558915320575
2502 8.483345371812902
2503 8.420892547879646
2504 8.351054829009692
2505 8.454325974667254
2506 8.616677615367028
2507 8.833142838924184
2508 8.628105723009769
2509 8.737097076780238
2510 8.661330773261747
2511 8.738394470841598
2512 8.822247726143999
2513 9.203861484756594
2514 8.970242957294886
2515 8.954792835750284
2516 8.71515996156199
2517 8.56068937571488
2518 8.198288421116215
2519 9.053980738102178
2520 8.786954805671838
2521 8.892735343093394
2522 8.330589665851551
2523 9.631744733909288
2524 9.1796264287023
2525 8.857950438465162
2526 8.944757429285486
2527 8.775678726846644
2528 8.48580523838522
2529 8.270389223000237
2530 9.143055157729373
2531 8.618965115552657
2532 9.077023323211401
2533 9.064596263624782
2534 8.767839755409577
2535 9.05294468898701
2536 8.719806294578591
2537 8.42250850681024
2538 8.79747943366366
2539 9.035069863966642
2540 9.17278091923235
2541 8.941680213743055
2542 8.054627636750883
2543 8.670246768333959
2544 8.56717837181286
2545 9.083163795504296
2546 8.921559740983811
2547 8.892665164420313
2548 9.150758698607556
2549 8.848210558549734
2550 9.16890476359872
2551 8.949197720922793
2552 8.629478252867745
2553 8.786594074519554
2554 8.792765386422094
2555 8.672591459889434
2556 8.788511114831875
2557 9.043231988985164
2558 8.780004503189108
2559 8.973892233706726
2560 9.073139982405404
2561 8.907663221688948
2562 9.092616170316173
2563 9.27689155366106
2564 9.179132346683073
2565 9.642266676072428
2566 9.032421910188328
2567 8.936990622775353
2568 9.091977806192977
2569 8.566849728447194
2570 9.336148537685673
2571 9.136178391059849
2572 8.60470123155098
2573 8.922588035340071
2574 8.996315427816919
2575 9.097726313698578
2576 8.83972599597328
2577 9.220109397693255
2578 8.831562856806473
2579 9.162554960051082
2580 9.201965449160415
2581 9.455961002152426
2582 9.097436965666592
2583 9.11336715808233
2584 8.873809028252838
2585 8.723561761626662
2586 8.404876657647002
2587 8.261801786371498
2588 8.618751903528205
2589 8.04704665714676
2590 8.315711200973357
2591 8.614337359120373
2592 8.737200065889999
2593 8.754137646901805
2594 8.657125173989774
2595 8.892486728809867
2596 8.869016259075746
2597 8.623007381035675
2598 8.809496490595397
2599 8.768193176027893
2600 8.60257431805519
2601 8.89841446799252
2602 8.841816090947155
2603 8.919514543565251
2604 8.708895251420552
2605 8.663506399934962
2606 9.212624618513503
2607 8.748430790554186
2608 8.768286829028154
2609 8.696097746648096
2610 8.640320086905461
2611 8.405759321116252
2612 8.748764344330018
2613 8.894635265892108
2614 8.720668830776326
2615 8.849902720518493
2616 8.685663669576117
2617 8.849871153938947
2618 9.11601481545379
2619 8.813261450033712
2620 8.923219682850766
2621 8.761822689600397
2622 8.816183869115715
2623 8.801475033339202
2624 8.440529076763472
2625 8.807803373300263
2626 8.665122287338486
2627 8.492500305490477
2628 8.355177683397564
2629 8.373218786547667
2630 8.275355207833206
2631 8.713421854072472
2632 8.567762616277603
2633 8.241472684700453
2634 8.200931727496462
2635 8.9561975345192
2636 8.6345656127758
2637 8.293528127275682
2638 8.426941301490679
2639 8.363586390037177
2640 8.511129713467298
2641 8.32256166217865
2642 8.17232716262021
2643 8.198488422589636
2644 9.12376020010987
2645 8.118624914936538
2646 8.663065991116316
2647 8.6653022585
2648 8.897694036588918
2649 8.763082368264946
2650 8.958602641342798
2651 7.926465921901234
2652 8.456557673610305
2653 8.676673617149905
2654 8.648438810267125
2655 8.658168698777885
2656 8.899807685649503
2657 8.789786324478571
2658 8.601997120609182
2659 8.348054754319428
2660 8.341929418160296
2661 9.041747892371262
2662 8.741029454284382
2663 8.510409139154115
2664 8.232493193687352
2665 8.751824217184966
2666 8.726340687926294
2667 8.560571067664393
2668 8.39681106599419
2669 8.408958560667905
2670 8.650046848671673
2671 8.369225724201073
2672 8.401785085336062
2673 8.000944539469083
2674 8.842748330270815
2675 8.225973800937295
2676 8.68305389840757
2677 7.8262520960795685
2678 8.091919641184099
2679 8.395533853564176
2680 8.21373218904884
2681 8.26999990180068
2682 8.451856145132968
2683 8.331441978722358
2684 8.107423139025855
2685 7.950665222411337
2686 7.721448323683218
2687 8.130896913413569
2688 8.388948956438055
2689 7.940348380643486
2690 8.53695597195953
2691 8.265346633815836
2692 8.224126763738083
2693 8.873345812600634
2694 8.565662710280296
2695 8.438520863536642
2696 8.267376562750195
2697 8.42276780712842
2698 8.477645730878407
2699 8.338721748835173
2700 8.309585223553666
2701 8.752374568470403
2702 8.353943818595784
2703 8.231923845158683
2704 8.123070797837222
2705 7.905960357266192
2706 8.515845543355278
2707 8.223592366360837
2708 8.915845619478375
2709 8.46486195135435
2710 8.355739295075244
2711 8.642833218217621
2712 8.521544407230355
2713 8.784347082525123
2714 9.003761471846868
2715 8.764479564337426
2716 8.46254917043187
2717 8.748505962258552
2718 8.172446952318195
2719 8.58471378918068
2720 8.347858833511937
2721 8.683699524609409
2722 8.376207775335782
2723 8.29541793050313
2724 8.52526608276124
2725 8.40597570734881
2726 8.27321000093596
2727 8.193196257245436
2728 8.758695976278922
2729 8.345804181727823
2730 8.798146219862177
2731 8.561201513935009
2732 8.480775950936636
2733 8.376742052966183
2734 8.213711339265917
2735 8.417241107284218
2736 8.58573197544379
2737 8.933823618940036
2738 8.36451622431037
2739 8.537398439836425
2740 8.335183859506397
2741 8.306191726454218
2742 8.54768646159963
2743 8.445803798427967
2744 8.195829482748897
2745 8.005176705247015
2746 8.871455853282404
2747 8.42740234051555
2748 8.3549870381474
2749 8.53527513353131
2750 8.28638843400455
2751 8.53385092154392
2752 8.243503027056681
2753 8.17545285236755
2754 8.32132341256324
2755 8.206159144717269
2756 9.012476332630031
2757 8.612197582508623
2758 8.450703397136532
2759 7.9091269179429275
2760 8.519186289610873
2761 8.452577450645785
2762 8.270779649873358
2763 8.162688512380534
2764 8.78937706267589
2765 8.29404319067809
2766 8.23307203695228
2767 8.549966214605131
2768 8.130939670417389
2769 8.581424096655512
2770 8.149199462109088
2771 8.731110512596967
2772 8.763918391277908
2773 8.819994241630548
2774 8.594054913018176
2775 8.848619993769882
2776 8.941051698785234
2777 8.93016133648176
2778 8.672674549880725
2779 8.12797587397315
2780 8.477155987096463
2781 8.553956997515566
2782 8.39898061357582
2783 7.580978109850072
2784 8.564792481557223
2785 8.667246723090125
2786 8.159527650405785
2787 8.621385072056816
2788 8.561514718192342
2789 8.582565119882005
2790 8.866066235120053
2791 8.603010005207283
2792 8.9351736652732
2793 8.531134551603653
2794 8.4919020369311
2795 8.45271138304589
2796 8.050401957399135
2797 8.969709507277255
2798 8.351162511176472
2799 8.458527054842774
2800 8.43280085870126
2801 7.981756098904661
2802 7.849521234086862
2803 7.58166474476786
2804 7.666549544718444
2805 8.206751660119954
2806 8.710874565101948
2807 8.72876406162959
2808 8.773179710510295
2809 8.93667499485943
2810 8.669035319283049
2811 8.64038201161055
2812 8.991565662635235
2813 8.569399863803943
2814 9.341382854021427
2815 9.298990410339
2816 8.801866097468363
2817 8.312413276747519
2818 8.208447505072794
2819 8.326026390100468
2820 8.72064506557444
2821 8.370031401933593
2822 8.458323824566772
2823 8.914173190823364
2824 8.327482075102349
2825 8.423916405725823
2826 8.35712197295507
2827 7.986957303332528
2828 8.396414050036588
2829 7.497660448376041
2830 8.544998985174209
2831 8.221879184517777
2832 8.016336594943091
2833 7.603056190983773
2834 7.99865597470141
2835 7.952477240645103
2836 7.346286241336501
2837 7.714460732797529
2838 7.977564861808321
2839 8.99792368109892
2840 8.508124190481084
2841 8.836827986230055
2842 8.91860221656394
2843 8.02249066408837
2844 7.995834429787835
2845 8.596458375809592
2846 8.41437535730591
2847 8.495283301932389
2848 8.053292487472707
2849 8.448441587020994
2850 8.250047447001622
2851 8.505298780428381
2852 7.427236982996558
2853 7.1796144169612495
2854 7.678716824504701
2855 8.556236717575333
2856 7.886019118366105
2857 8.096817968369008
2858 8.42175583702734
2859 8.389901286683697
2860 7.311652338676542
2861 8.083388308291786
2862 8.456460859432898
2863 8.762174586207845
2864 8.911188852014611
2865 9.202993267658954
2866 9.210712774395885
2867 8.506042384833282
2868 9.272249861439514
2869 9.179317535977084
2870 8.952859899396117
2871 8.63909287457479
2872 8.508915872202618
2873 8.20008483028853
2874 8.673355337314145
2875 7.290186102848541
2876 7.467451377672772
2877 7.886704605114311
2878 7.717519868433492
2879 8.057320228465331
2880 7.554410851108494
2881 8.194948008189485
2882 8.78935902466063
2883 8.008545844298128
2884 7.844775558369071
2885 7.632220489806785
2886 7.670752959364684
2887 7.531246905194945
2888 8.653893933432288
2889 7.4679786992213995
2890 7.069288084905013
2891 7.669108705123259
2892 8.09706439172768
2893 7.769919173013842
2894 7.8979331762589515
2895 8.66533702602413
2896 8.394005083332436
2897 9.043335609987308
2898 8.367264578369834
2899 8.222696223776436
2900 8.093240982385513
2901 8.429901463203603
2902 8.129232354933517
2903 8.371653210962155
2904 7.893236364578154
2905 8.920973884737512
2906 8.033033995739556
2907 8.185092587638081
2908 8.27610878010749
2909 8.594984240955204
2910 8.407442234410125
2911 8.360470001794392
2912 9.227108236203483
2913 7.977355654634671
2914 8.23153818768839
2915 7.8309187898124915
2916 8.322645548684877
2917 8.350740948682892
2918 8.345076534328623
2919 7.720969107690327
2920 7.806142367079783
2921 8.145340038180967
2922 7.9455684924418675
2923 7.911942683935415
2924 7.66451282285796
2925 8.230578385897983
2926 8.038942283482077
2927 8.436137043366054
2928 8.424694686755826
2929 8.625243358694872
2930 7.975348944255707
2931 8.345452538161695
2932 8.669091283839505
2933 8.425063085998193
2934 8.390261525700751
2935 8.763751238091082
2936 8.686800358450771
2937 8.303736450466069
2938 8.615405503166063
2939 8.476154550300828
2940 8.336199271906631
2941 7.741334300895683
2942 7.471190612320562
2943 7.747416317819273
2944 7.838192823838523
2945 7.4807404763571865
2946 7.436647104553165
2947 9.096318333784286
2948 8.653444055712571
2949 8.231253972857447
2950 8.735544657982278
2951 8.590985683365608
2952 8.494504924612768
2953 8.767754807082287
2954 8.615609283179289
2955 8.09192722194025
2956 8.663634213249276
2957 8.242374115265251
2958 8.388885713871046
2959 8.502193807471544
2960 8.04261217138021
2961 8.116016253217348
2962 8.154458066488706
2963 8.596646995917324
2964 8.285566654442455
2965 8.764641366863993
2966 8.386560493057468
2967 8.813709174768174
2968 8.687872658222966
2969 8.396418091293885
2970 8.284775247987998
2971 8.4969552689422
2972 8.628021918689795
2973 8.516561400251788
2974 8.417848184545173
2975 8.266542831609655
2976 8.585497349684816
2977 8.865804983686914
2978 9.117776300360639
2979 8.48761070318915
2980 8.528136439884351
2981 8.465101132637926
2982 8.159734490845471
2983 8.493526858027876
2984 8.703797260344123
2985 8.61354211013362
2986 8.424860364192154
2987 8.340668619268106
2988 7.983534296609447
2989 8.427341277464947
2990 8.076225492945607
2991 8.38756449444559
2992 8.758976871442174
2993 8.438740270222102
2994 8.373997588342416
2995 8.705496348139372
2996 8.240454634785914
2997 7.970845873274341
2998 8.134321303091877
2999 7.828342924519588
3000 8.504247986484337
3001 7.653476892119755
3002 9.151318401991913
3003 8.647755247644684
3004 8.657649129686122
3005 9.002527816277759
3006 8.688316735632206
3007 8.966831551847037
3008 9.02364109930336
3009 9.145712841505622
3010 8.807317182929628
3011 8.449158827423956
3012 9.059270006617798
3013 8.757683640389747
3014 8.860259979404791
3015 8.68704776020201
3016 8.972484884044508
3017 8.67875199496891
3018 9.160122627310251
3019 8.912095015740842
3020 9.224584662094824
3021 9.193126696497357
3022 9.161525421542239
3023 8.72713995551281
3024 8.681404127242962
3025 9.15164276629169
3026 9.366178234554766
3027 9.05612666727264
3028 8.764105995969727
3029 9.027922463139106
3030 9.143900749868141
3031 9.124595132966322
3032 8.416846928839052
3033 8.296173678848065
3034 8.66046117430597
3035 8.832459081195093
3036 8.630723531854182
3037 8.699673951312885
3038 8.201746417862017
3039 8.065610476480934
3040 8.433095221799338
3041 8.649628328350488
3042 8.494905753527537
3043 8.70002043232554
3044 8.289625474623563
3045 8.80991747979155
3046 9.240094226275186
3047 8.84672709303227
3048 8.977471747561848
3049 8.770099197930868
3050 8.916139085910558
3051 8.544484018425452
3052 8.67094701660319
3053 8.540689551264014
3054 8.377144185658562
3055 8.237220894624208
3056 8.76207414467103
3057 8.690483795122592
3058 8.338216628982849
3059 8.42552246228852
3060 8.548694875286518
3061 8.494616587539728
3062 9.207021986218644
3063 8.53078306447785
3064 8.750523621951338
3065 9.013600297947637
3066 8.793967107754662
3067 9.401921520402821
3068 8.965821741742952
3069 8.581116939059353
3070 8.877698425860434
3071 8.753946765492776
3072 8.675871947154851
3073 8.657443461568121
3074 8.429507170994947
3075 8.817670077993542
3076 8.78687920775629
3077 8.613934025708014
3078 8.114886004198109
3079 7.606598432982605
3080 8.13582835375171
3081 8.794738527207153
3082 8.939450405864251
3083 9.158589845969962
3084 8.851388657074063
3085 8.415467295980292
3086 8.95426705127063
3087 8.26423800539657
3088 7.937548413568612
3089 8.812951785200116
3090 8.35087040764813
3091 7.951520343962132
3092 8.892764582472715
3093 9.11612036639506
3094 9.10017199925957
3095 8.61787459929614
3096 9.178486656917473
3097 8.460670611118493
3098 8.4293914315424
3099 8.880140633053333
3100 8.818298542505945
3101 9.067626934333202
3102 8.582930961829055
3103 8.88296456692845
3104 8.796041155315342
3105 8.74110323145996
3106 9.152601007818205
3107 8.681729810091268
3108 9.341805335031717
3109 8.726185576089543
3110 8.673728945364
3111 8.45283785227747
3112 8.82400025870534
3113 8.640736515454392
3114 8.624159524407574
3115 9.20619883668252
3116 8.562373171588394
3117 9.037498968902634
3118 8.877288730344626
3119 9.135892814812683
3120 8.357640354827367
3121 8.342676631455046
3122 8.339373724189144
3123 8.738400799570842
3124 8.197696247561927
3125 9.003071714784463
3126 9.033124574009063
3127 8.813691548406807
3128 8.160167285844556
3129 8.15854639174692
3130 8.140325009007821
3131 8.918284676931467
3132 8.38562294560274
3133 8.862051754872109
3134 8.665618848477399
3135 8.417430287355247
3136 8.556703781098241
3137 8.34607048990029
3138 8.423279742039094
3139 8.447983744570347
3140 8.93911669775674
3141 9.14433742253114
3142 9.154944773977205
3143 8.603898426514295
3144 9.004687405932478
3145 8.871899181664507
3146 8.335526841261972
3147 8.531092330339614
3148 8.803670102697263
3149 8.307998097873199
3150 8.655002316843968
3151 8.41533944656848
3152 8.549196860136174
3153 8.760302859060221
3154 8.518490994507964
3155 8.92189348991549
3156 8.88457352444
3157 8.882021303533893
3158 8.450003044260395
3159 8.528025674202226
3160 8.548615132349603
3161 8.659630449508674
3162 8.79392358778502
3163 8.676097403978885
3164 8.674391806602392
3165 9.092509617013837
3166 9.077106060135648
3167 8.654670976370195
3168 8.966842713561661
3169 8.701944371426091
3170 8.616960667466078
3171 8.860718787166238
3172 8.440089763051166
3173 8.286528664272232
3174 8.404025234699182
3175 8.729645451836523
3176 9.071987566256173
3177 8.918169024367511
3178 8.822068486548726
3179 9.109596883738954
3180 9.095913442713549
3181 8.181366376942785
3182 8.580756714686503
3183 8.854474442828142
3184 8.865112095228955
3185 8.471916462545153
3186 8.779994705611053
3187 8.833854412157889
3188 8.64732032281229
3189 8.147458660116095
3190 9.004708164655
3191 9.080259863109145
3192 8.966613106111565
3193 8.5644865440003
3194 8.950549869046716
3195 8.949690223517251
3196 8.606641166309766
3197 8.82348245978115
3198 9.150779209234104
3199 8.858749228165543
3200 8.253544279563275
3201 8.48940880879791
3202 8.674545201274233
3203 8.451175910478726
3204 8.337104664269399
3205 9.115435055630453
3206 8.884010498682258
3207 9.497573135601021
3208 8.90224882734324
3209 8.432333387660748
3210 9.297633984487485
3211 9.164939327082871
3212 9.277917053422499
3213 8.601788211948252
3214 9.347961953085829
3215 8.98540334501904
3216 9.316574554583992
3217 9.07798069693221
3218 8.459341693646284
3219 8.873230993171816
3220 9.183176881589118
3221 8.961465324832107
3222 9.52203495526049
3223 8.574743532423094
3224 8.846412289657337
3225 8.814770675197607
3226 8.374218805952227
3227 9.598050866595875
3228 8.787855624947397
3229 9.05907837946021
3230 8.732668488608399
3231 9.158409189062837
3232 8.273552682765741
3233 8.849780832557588
3234 9.710520478753526
3235 9.076780248269559
3236 8.501032599643061
3237 10.751661112872382
3238 9.819805119556554
3239 10.562023721705332
3240 9.65989024290136
3241 9.822041900144358
3242 10.652025163842358
3243 10.19783775508755
3244 10.045655858662345
3245 9.681254662421575
3246 8.668164365643833
3247 9.255424330059302
3248 8.654655736569824
3249 8.508251670006842
3250 8.892848176888974
3251 9.338200498479024
3252 8.936667247425948
3253 8.825658026613917
3254 8.531345078273548
3255 8.662358338589783
3256 8.812167246023746
3257 8.716997416280211
3258 8.67346631229919
3259 8.092891928642786
3260 9.186629866219947
3261 9.03645938736992
3262 8.771601448435858
3263 8.774676962711288
3264 8.809698346378344
3265 8.644643010182095
3266 8.625906373150702
3267 8.379032733253776
3268 8.75793763723331
3269 9.099651967530841
3270 9.210191189126558
3271 8.680834271024743
3272 8.582199226639458
3273 8.775297998812594
3274 8.880107305653688
3275 9.050343892027946
3276 9.438845025633187
3277 9.58353879976791
3278 9.24990733704653
3279 9.287296193456521
3280 8.844162228299759
3281 9.187128820350816
3282 8.836348434433898
3283 9.023071275283053
3284 8.714970193976807
3285 8.8623756594397
3286 8.819144752558044
3287 8.869615708302835
3288 8.693048656786642
3289 8.705352749924646
3290 8.689494176672941
3291 9.081174031197493
3292 9.517351881995602
3293 9.162425089484683
3294 8.582744982547853
3295 8.61972617410423
3296 8.85462637822249
3297 8.589587200178139
3298 8.670466963736983
3299 8.930949792997597
3300 8.528468368072588
3301 8.91336485017763
3302 8.788257391755021
3303 8.860422616725858
3304 9.26239583381127
3305 8.854777700699767
3306 9.344872707714014
3307 8.240638550206887
3308 8.9014571007472
3309 8.081360342614582
3310 9.009687784018608
3311 8.504308870808226
3312 9.060305557375125
3313 8.747657870329695
3314 8.712926167028293
3315 7.979000329234618
3316 8.545991862648629
3317 8.601804382276603
3318 9.032092206567022
3319 8.863412409981125
3320 8.696076001698565
3321 9.04023770727563
3322 9.1396359477926
3323 8.831545373972581
3324 8.60750164403083
3325 9.06431523210886
3326 8.587312571936282
3327 8.393097746288744
3328 8.40325707146795
3329 8.732691828206596
3330 8.91773908248067
3331 9.518893749333305
3332 8.876242687168979
3333 8.994646815277203
3334 8.949094845403375
3335 8.955579687639446
3336 9.226667593514039
3337 8.605593061462377
3338 8.559602031703065
3339 9.101921961073147
3340 9.156037073140316
3341 9.086079111917273
3342 8.800357872264259
3343 8.466592607827794
3344 8.981703506534858
3345 8.901131131453031
3346 8.565218129180632
3347 9.07177497726324
3348 9.19440642445395
3349 9.058890150378849
3350 9.205039206037135
3351 8.836472413080797
3352 8.834986387559795
3353 8.592151176042577
3354 8.77620516000183
3355 8.871140107524681
3356 8.665409690039048
3357 9.050910799458153
3358 8.930512296941197
3359 9.415881868449219
3360 8.39419210339607
3361 8.642412837538679
3362 8.69997913946348
3363 8.802183284735744
3364 8.943337039043682
3365 9.282203870961903
3366 9.061469106050783
3367 9.281828739986949
3368 9.179152447153632
3369 9.012242080186832
3370 9.371774058201739
3371 8.231718848387741
3372 8.815708499283593
3373 9.56242502154344
3374 9.414873182503817
3375 9.074896567050141
3376 9.78521941302136
3377 9.704185848195554
3378 9.401909801302528
3379 9.474227341493435
3380 9.500808286672795
3381 9.076463319003066
3382 9.334754943561258
3383 9.405729727126918
3384 9.661343587632148
3385 9.71759414841716
3386 9.36381941629773
3387 9.350768581124704
3388 9.09016186960883
3389 9.27639308537282
3390 9.432880832916906
3391 8.524043667030197
3392 9.119028333168004
3393 9.777074713208098
3394 8.838814887303917
3395 8.907174860340465
3396 8.159054883023384
3397 8.328730707427392
3398 8.346392755647082
3399 8.43679190346437
3400 8.251954444271611
3401 8.379828455914877
3402 8.559868129484956
3403 7.933839210757918
3404 8.275022044422581
3405 8.359712170404732
3406 8.326480576001297
3407 8.29432208959401
3408 8.45871970412101
3409 8.29999011790159
3410 8.646407601262219
3411 8.268527664280532
3412 8.046633492264093
3413 8.16833364244534
3414 8.244644541845844
3415 8.057024520802361
3416 8.107359809928509
3417 8.316697258022538
3418 7.7368371234647215
3419 7.991031715155628
3420 7.866854475384262
3421 7.992184359926347
3422 8.177198907492228
3423 8.09053207934911
3424 8.073305305746683
3425 8.010117983443283
3426 7.462081451654744
3427 7.4403491982078185
3428 7.892329841123028
3429 7.968992635979639
3430 7.6339297899442045
3431 7.868996504621837
3432 8.30073041987223
3433 9.080667197799773
3434 9.12772090470927
3435 8.628105934619015
3436 8.820960062014807
3437 8.188300490154889
3438 8.925095790913078
3439 8.990204010683128
3440 9.245841265356226
3441 9.2562469664411
3442 9.3442263501903
3443 8.571302371794674
3444 10.333078025009929
3445 9.196970803338322
3446 9.27849225956665
3447 8.88626861658448
3448 9.340045618113757
3449 9.61114665946229
3450 9.073659189346413
3451 9.086637770749444
3452 8.770533212026994
3453 9.554673666761273
3454 9.042213344125907
3455 9.129525744206077
3456 9.446252868165598
3457 10.070577111599189
3458 9.682733175321616
3459 9.606981881267702
3460 9.053991834957866
3461 9.126032172953334
3462 9.274813785167886
3463 9.56621733289983
3464 9.436753505927747
3465 9.825032402482574
3466 9.582205790106288
3467 9.595151482697059
3468 9.142888960433293
3469 9.466151812688683
3470 9.476881196806518
3471 9.59498788547703
3472 9.75842897617605
3473 9.477147111958573
3474 9.711724846935763
3475 9.539911159130353
3476 9.446243254782386
3477 9.750800970785102
3478 9.739584599648925
3479 9.626193724594234
3480 9.62499580310427
3481 9.236336682767384
3482 9.330615863736728
3483 9.479465034564456
3484 9.3145233257297
3485 9.416381606847816
3486 9.396549133122118
3487 9.60235125726192
3488 9.638594719330104
3489 9.451690013168658
3490 9.536011350631359
3491 9.373904740324978
3492 9.710157090526959
3493 9.777549462823012
3494 9.991682057896863
3495 9.180869397123983
3496 9.389309845895008
3497 9.53134353924298
3498 9.563868813218848
3499 9.695094609345672
3500 10.27601231787289
3501 10.167809891730126
3502 9.76239841647502
3503 9.484903522063806
3504 9.155468736665183
3505 9.43457613196892
3506 8.78191889614278
3507 8.754460365544023
3508 8.801599952582174
3509 8.356469924281585
3510 7.945587886028101
3511 8.88909757939686
3512 8.645844758543548
3513 8.65843418318676
3514 8.54476196634395
3515 8.460965451402506
3516 7.865694021432728
3517 8.92387848160615
3518 8.389265125886244
3519 8.601555971966373
3520 7.831898394580164
3521 7.911777991208411
3522 8.168993419695399
3523 8.14939295226321
3524 8.7825080120757
3525 8.358420468847582
3526 8.873878501656312
3527 8.149925360090105
3528 7.994441769200714
3529 8.155970168257035
3530 8.476658801005069
3531 8.446022467269195
3532 8.575619380673082
3533 8.330275887502133
3534 8.555638695744271
3535 8.108781206032987
3536 7.664842838483909
3537 8.261599098124151
3538 8.11883592447077
3539 8.772212203391122
3540 8.666566623628475
3541 8.711738956549286
3542 8.248514401541868
3543 8.760374505097417
3544 8.617807755947293
3545 8.36011315197531
3546 8.122950715717456
3547 8.635215422682812
3548 8.42355418597801
3549 8.738411119801029
3550 8.6540051743084
3551 8.52993442750724
3552 8.337471214887424
3553 8.560095105837126
3554 8.676201142769331
3555 8.660968606840111
3556 8.629798698975849
3557 8.636857884790455
3558 8.549567400554517
3559 8.324091965735967
3560 8.143105433654
3561 8.566623582002642
3562 8.20093346924226
3563 7.775127637922725
3564 8.57933858959033
3565 8.830235810915008
3566 8.14907150106079
3567 7.979893523270637
3568 8.614482914172829
3569 8.058902640423693
3570 7.684293067806521
3571 8.042583671686733
3572 8.193045690229793
3573 8.282846643547225
3574 8.148272673006549
3575 7.638271256209629
3576 8.033912844144359
3577 8.456946261423406
3578 8.661725257510769
3579 8.80391913210957
3580 8.84827702442431
3581 8.619864525095453
3582 8.10414844235915
3583 7.659582324976975
3584 7.8048701161587655
3585 7.879855623149515
3586 8.041719698041105
3587 8.161192495283792
3588 8.539560760520253
3589 8.49591410598223
3590 8.817862152010365
3591 8.525328913155898
3592 8.536369254562478
3593 8.882757589706824
3594 8.605540202107871
3595 8.818906534440705
3596 9.348016547969467
3597 8.573911804008352
3598 8.678367291926506
3599 8.681508671986848
