0 5.8386324630934965
1 5.739055589784451
2 5.683191722367027
3 5.764562362392816
4 5.494347178844271
5 5.8731613642655836
6 5.679400571051901
7 5.916045522892116
8 5.939738015142453
9 5.666780827976446
10 5.794117177490478
11 5.844730214254666
12 5.746380543473472
13 5.8341112322683495
14 5.870119696864243
15 6.53640105928282
16 6.4264078485089104
17 5.768622754326381
18 5.550471817072409
19 5.6534131824164815
20 5.7442341907045416
21 6.008770799692835
22 5.607153836159081
23 6.019846529469244
24 6.467028486325114
25 6.154675625313862
26 6.428605394937332
27 5.718471700478454
28 5.810239037494368
29 6.312628869096399
30 6.659367981746438
31 6.564951108766331
32 6.081072931829408
33 6.2400345192749915
34 6.041548829365992
35 5.990199814016114
36 6.065938225133536
37 5.59411812454524
38 5.526515109510827
39 6.2512007310373585
40 5.981356768896755
41 5.8324653674385125
42 6.35753728770475
43 5.669832078054349
44 6.151216519200564
45 6.137018131799972
46 5.743549733238881
47 5.613841121199763
48 5.596266813014306
49 5.7029848403683605
50 5.297236602041277
51 5.68337838488795
52 5.656106528608391
53 5.574458927671502
54 5.4765086284279505
55 5.730436964996694
56 5.682974263796534
57 5.591296505193663
58 5.643381135207147
59 6.22117297375997
60 5.697694257143085
61 5.506499205869085
62 5.33395791826004
63 5.445101597753484
64 5.742855436182412
65 5.5983803227432345
66 5.686281920715463
67 5.392013671772815
68 5.624624806709693
69 5.347256900567042
70 5.582712079992056
71 5.346701145989788
72 5.468105877243389
73 5.573706330007775
74 6.01752069540466
75 5.628281061260933
76 5.6764396957385435
77 5.9721955708923105
78 5.768990312143637
79 5.81861861762622
80 5.833834269868138
81 5.793123097612315
82 5.895836232453761
83 5.450823195683857
84 5.423624142404653
85 5.398335770297008
86 5.575753833470934
87 5.497227202975503
88 5.4179299269780365
89 5.589277403917751
90 5.680599631626013
91 5.519183182557831
92 5.741878290117318
93 5.567508546963673
94 5.692028224606322
95 5.827936790961364
96 5.721150108040525
97 5.378717392777012
98 5.782957249479431
99 5.7214894649330885
100 6.194648989294807
101 5.721661899450005
102 6.066856738919404
103 6.24017418353896
104 5.764285323962534
105 5.931550189503779
106 6.111876975007342
107 5.899649910837251
108 5.893479087479117
109 5.629518700195759
110 6.2333627205647115
111 5.866293098565036
112 6.0478985950368065
113 5.392033071365897
114 6.143465218086974
115 6.157466705513368
116 6.125311795817312
117 5.94328713457812
118 6.200366588587988
119 5.446994288681179
120 5.676424734796152
121 5.623303113057563
122 6.031965901153605
123 5.805376187246222
124 5.934298626197115
125 5.859899374664887
126 6.119841798426214
127 6.18909819354006
128 6.532016338980826
129 5.783363398875745
130 5.853981058779709
131 5.597043383113386
132 5.74496604136871
133 6.2937153477798065
134 6.302739701985384
135 6.3994934309025675
136 6.2517989140862005
137 5.72123800231115
138 5.863610259465572
139 5.90657232289909
140 6.375310880664714
141 6.276776187481284
142 5.620196651160361
143 5.625762983370023
144 5.619047431305974
145 5.6137077769629355
146 5.461531315546268
147 5.629968902641776
148 5.778722084830126
149 5.756526770422263
150 5.816630600366344
151 5.4080353794249225
152 6.027937006573442
153 6.042312441708042
154 6.545236266191047
155 5.871038553393746
156 6.5508520933823595
157 6.174036378411829
158 6.498044647097145
159 5.365052172766566
160 5.796852110582901
161 5.560231773342675
162 5.5938026417556905
163 5.472293771324946
164 5.4981566793828875
165 5.853376069878326
166 6.260508425510932
167 5.64155811985573
168 5.801593187457891
169 5.968373251058549
170 5.47376681275743
171 5.742445263717898
172 5.754745369859161
173 5.3488661853830894
174 5.240915512556102
175 5.516039193073634
176 5.497671025002836
177 5.601870539349853
178 5.599635512233539
179 5.74044178224232
180 5.849717115098218
181 5.448185877364231
182 5.527515044060574
183 5.729887485642462
184 6.681176654042828
185 5.700745063337119
186 5.30981129233771
187 5.851769384823557
188 6.127112998913162
189 6.278787117661528
190 5.573045522458424
191 5.804182494627578
192 5.5304391861800095
193 5.734741202841363
194 6.398792262727473
195 5.391337961522564
196 5.854109199286441
197 5.6698781050248215
198 6.008628778715155
199 5.878248835289569
200 5.641925056207362
201 5.811549585533912
202 5.79777242684616
203 5.605075349802198
204 5.729758280484856
205 6.039270247652863
206 6.193046022866741
207 5.5569389938150255
208 5.672743771103431
209 5.762867875739342
210 6.226488533617464
211 5.398092425590333
212 5.839478143461831
213 5.945501490868532
214 5.97337607899284
215 6.320136699641819
216 5.729526126383158
217 6.09262141283022
218 5.859875964676681
219 6.347359125416496
220 6.1496190241043065
221 6.505181275245459
222 6.291242814682205
223 5.73377079818064
224 5.771412617246324
225 5.3897867584342345
226 6.105160425799384
227 6.3680498633586975
228 5.602896830210382
229 6.307632559878708
230 5.91059784065934
231 5.832814154656387
232 5.805775617220499
233 5.847067772852694
234 5.674899316905794
235 5.675349465661846
236 5.680629909385767
237 5.969901124089795
238 6.108292590946581
239 5.416961720555165
240 5.7831017913406475
241 6.0404512553306215
242 6.312501822407616
243 5.70302920370403
244 5.6432914719837255
245 5.695070536610174
246 5.777451363831376
247 5.550343847528848
248 6.3483312608286555
249 6.088490748176994
250 6.097094392951619
251 5.810967662816449
252 6.157308323601731
253 6.141032275927511
254 5.716556245008984
255 5.505966885229066
256 5.607396672457963
257 5.386600344318743
258 5.764722648001202
259 5.580036936723856
260 6.0895639179524945
261 5.750887428863249
262 5.560725317823586
263 5.689371169812593
264 5.882243104383694
265 5.483960549592772
266 5.188882272653424
267 5.310835264617701
268 5.604403546129717
269 5.84156935441018
270 5.4342335498590035
271 5.372466557154767
272 5.4609597416403
273 5.522681310995457
274 5.664996996163479
275 5.793567758556793
276 5.414877546505549
277 6.011190495843685
278 5.549528337466006
279 5.240567476702716
280 5.462117931066526
281 5.377123207690568
282 5.617119344576457
283 5.6662407843617055
284 5.721738635601331
285 5.554388618868366
286 5.810919978986826
287 5.528652104912191
288 5.750406468763381
289 5.953077537661829
290 6.541322204587819
291 6.310746106334835
292 6.496926114094829
293 6.60336951888378
294 6.512406560170823
295 5.8949015289916735
296 6.310579247613346
297 6.346742683817282
298 6.360141383789512
299 6.023461551707169
300 6.5180118469627075
301 6.708938583402399
302 7.097028191957098
303 6.366698953872969
304 6.419298314293862
305 5.701653624493503
306 5.652890326606593
307 5.82833433054494
308 6.269080011562693
309 6.272428263634124
310 5.595580400351708
311 6.131628192519234
312 6.092805823620414
313 6.490673016458781
314 6.074739093881997
315 5.774256510207395
316 5.869764275950783
317 5.6985971682317205
318 7.010810378602153
319 6.127117664855565
320 6.724668946499246
321 6.580181136602428
322 6.715008511534777
323 6.168324864503062
324 6.66959052774261
325 6.381209605191112
326 6.869342978545248
327 6.69476972110127
328 6.796143659972194
329 6.979485443680389
330 6.725942287436553
331 6.88632484778465
332 7.00525993957042
333 6.955899016132445
334 6.96985527842501
335 6.938332370018463
336 7.0214743546342735
337 6.956413890150715
338 6.891538642590948
339 7.204807175524127
340 7.108543279776468
341 6.711930269354792
342 6.583980063185865
343 6.768499437692689
344 6.74520051034345
345 6.848473857469341
346 6.6591603663041665
347 6.824854054383507
348 6.843162098066851
349 6.371775998819984
350 6.520104921118595
351 7.038986658811817
352 6.945392753415472
353 7.0328515453486204
354 6.96992973374612
355 6.754949446982593
356 7.040107101234184
357 6.904610391424737
358 7.155438322947557
359 7.174754155346026
360 7.1000316817199955
361 6.993491955378987
362 6.686638483147902
363 6.938543848325436
364 6.875059652705018
365 7.080904954852633
366 7.230761073920107
367 6.789240271719283
368 6.794136221054882
369 6.883801919846339
370 6.817995321903665
371 6.775786436989419
372 6.678086659697978
373 6.647625110091283
374 6.509641905647132
375 6.669005409403577
376 6.31398102690571
377 6.927769999314966
378 6.834786329419093
379 6.708748246645526
380 6.677371473837834
381 6.7442274070826596
382 7.027096020633477
383 6.951827820595362
384 6.906092363577406
385 7.096324243047397
386 7.093380525643852
387 7.065567263552418
388 6.99270731122863
389 7.104475282427754
390 7.113143935183148
391 6.950941527188326
392 7.091809030630357
393 6.86653826459119
394 6.868752065081976
395 6.901198158959132
396 6.8426185677771985
397 7.045629993049567
398 6.888104106229335
399 6.726572540434075
400 6.945834201930219
401 7.137827532002662
402 6.859853922363309
403 7.184422355435504
404 6.906442946610059
405 6.667350377045036
406 7.010009782961489
407 6.889380512681004
408 6.476838954659242
409 7.026851874211851
410 6.858747346907337
411 7.0335971243024815
412 6.807719057066668
413 6.993200730442258
414 7.185193592911318
415 7.368409907267003
416 7.166657399478831
417 7.1483891297441895
418 7.168117530968853
419 7.07071179234306
420 6.936051449594014
421 6.920787976870294
422 6.975110737307364
423 7.152615862924607
424 6.964389904291466
425 6.732331617172794
426 7.127706383906458
427 7.2171090045465744
428 7.0050664419621285
429 6.940158228199043
430 6.9875346855391784
431 7.101549408545116
432 7.045301405388839
433 7.025542469806656
434 6.813470329934107
435 6.8797371049273846
436 6.984321380510093
437 7.127886788888216
438 7.135459890085787
439 7.18545034810342
440 7.180777599885581
441 6.981036279390371
442 6.978567886284936
443 6.790511500155185
444 6.903720375146426
445 7.154038168489852
446 6.781925961119564
447 7.027568806985109
448 7.0561746304990525
449 6.549171157626714
450 6.904252197556191
451 6.666363758891508
452 6.972389974761146
453 6.67069587168168
454 6.49747457389157
455 6.909229242068454
456 7.016809916915241
457 6.9471333838708285
458 6.93509292830972
459 6.573874780854033
460 6.479207075729106
461 7.057970433550185
462 6.53384332439443
463 6.478370693944141
464 6.90036764163719
465 6.840297784396643
466 6.520762716061897
467 6.698937703066593
468 6.802435608189303
469 6.619065761457457
470 6.693432582912389
471 6.901820347976053
472 6.808890338814362
473 7.088506797862551
474 6.739831896947099
475 6.874187105313412
476 6.625529081275194
477 7.002106122998794
478 6.708353134218597
479 6.564113254433751
480 6.66531221207004
481 6.240914293213032
482 6.531465809813132
483 6.951444178522916
484 6.150334648107729
485 6.470966338523548
486 6.393973807837271
487 6.809560482464736
488 6.948790279072287
489 6.320288754530598
490 6.92301969162488
491 6.623281919008566
492 6.6946650365203215
493 6.395477691246021
494 6.5666800502482685
495 6.3901945780724425
496 6.594559298859401
497 6.66112719622846
498 7.1155729127370995
499 6.645058273285203
500 6.915644612186494
501 7.10479409398583
502 6.967482927730438
503 6.742416327098313
504 7.0817156549026725
505 6.839376915966947
506 6.722758558260012
507 6.803513194527757
508 6.974494613282752
509 7.014588725884711
510 6.284692236567148
511 6.223833829989872
512 6.964543373048453
513 6.887171880080163
514 6.967503797273811
515 7.0377515033485
516 6.997939723825591
517 6.881217053104259
518 7.104304917997848
519 6.984354060786115
520 6.936410432507587
521 7.1792241871974385
522 7.047298706369209
523 6.674016766278022
524 6.883841281272855
525 6.926475680748844
526 7.175970644221414
527 6.468826292162829
528 6.193343775084118
529 6.995441282450301
530 7.0558018364301915
531 7.329671880118775
532 7.0464944457508825
533 7.133878282434111
534 7.051930787370105
535 7.086321302913573
536 7.0320928059418
537 7.077625994320972
538 6.835943819335268
539 6.995869459540918
540 7.250758621519256
541 6.353731212629465
542 6.863211354760338
543 6.9585989768283465
544 6.41372232457085
545 6.749667288663864
546 6.739853053950524
547 6.850939108338094
548 7.1870228110700625
549 7.340247493224008
550 7.094705458919565
551 6.727847786497033
552 6.384422603631398
553 5.623792026099513
554 5.70249503819726
555 6.147301384326584
556 6.222520766544364
557 6.217588508288822
558 6.100469015090305
559 5.712844713005446
560 5.925959994889058
561 6.509642070204589
562 6.480782494429891
563 6.387245962452619
564 5.801548844034656
565 5.894922310620243
566 5.761860137668742
567 5.804093504170235
568 5.83567126769413
569 6.407248918884312
570 6.294880288829812
571 6.237276088590278
572 5.940884493815245
573 5.615598804768653
574 5.419529734487427
575 6.432031357926111
576 6.10724625929166
577 5.5839711272419335
578 5.773870772786955
579 5.249702938926695
580 5.715145965830403
581 5.312109454409977
582 5.356762437544823
583 5.393597245913516
584 5.861172485643052
585 5.866781286276385
586 6.3706096548702815
587 6.012678635647617
588 5.837718594488835
589 5.767766688031791
590 5.921019578951055
591 5.895833262892773
592 6.571166935854586
593 6.509338709489961
594 6.088504232822292
595 6.064794704030786
596 5.636877966452511
597 5.806228366041612
598 6.011911796957001
599 6.536104099864998
600 5.739156690590011
601 5.794781679336622
602 6.0318732681625375
603 5.973003876648859
604 5.952850121058424
605 6.164361419090148
606 5.898802874890266
607 5.818688367569196
608 6.698754668466325
609 5.7677760440647265
610 6.407856424714831
611 5.80140344099346
612 5.448678233849793
613 6.294534640863192
614 6.283264508624407
615 5.988882807877046
616 6.440537296477676
617 6.211545811264192
618 6.050375452738535
619 5.782432547063818
620 6.362388495453214
621 5.672010229972082
622 6.546041228006835
623 5.9237171969042315
624 6.039130166368886
625 5.469550376857217
626 5.951536451524935
627 6.061478319916735
628 6.295991062627677
629 6.07877240943786
630 5.439291723241918
631 6.415049015508704
632 5.8359514883439685
633 5.624335639706785
634 6.058095386224426
635 6.403240253854317
636 6.05960891422003
637 6.359583077694778
638 7.071991387387515
639 6.299218104547454
640 5.679466936059501
641 6.272200723741694
642 7.03415367147082
643 6.595457665651681
644 6.330103307646881
645 6.262198250872948
646 6.166917373683159
647 6.235370670404827
648 5.693621731358099
649 5.667306213038314
650 5.7633339577818825
651 5.775835432061979
652 5.8969747553824625
653 6.452184718143147
654 7.040983220793198
655 6.568018153578903
656 6.129916923960219
657 5.6769567394652345
658 5.376258564679607
659 6.023446915079831
660 6.668801292610015
661 7.36021406996749
662 7.272892616367219
663 7.72636044509393
664 6.545579181293377
665 6.605504261393276
666 6.387897465923039
667 7.301118864546714
668 7.052047497889868
669 6.968705241592226
670 6.227511210834139
671 6.747660138648829
672 7.108388449739685
673 7.197767833256672
674 6.909017664941362
675 7.313061361958922
676 7.011311830530105
677 7.179619710901265
678 7.29376511589162
679 7.2146230155340225
680 7.0223479062039935
681 7.061496300241797
682 7.1917584217086565
683 7.191238405581895
684 7.114618828737934
685 7.0102157322463325
686 7.1693066628271325
687 7.13035360330469
688 7.169524095820028
689 7.183860326505972
690 6.912303902002662
691 7.098567609760273
692 7.162005101467028
693 7.264874519934604
694 7.093915902371144
695 7.169746147849932
696 7.2836753553637354
697 7.407369356621387
698 7.24307607255246
699 7.334123750095823
700 7.003637166449017
701 6.929388531615963
702 7.044657648540124
703 7.386664353656712
704 7.155264657312556
705 7.125739577546144
706 7.070234209715911
707 7.035171507818183
708 7.023138663607596
709 7.070812517541863
710 7.0314085653457905
711 7.045633171461322
712 7.006887006460935
713 7.061939035092417
714 6.973571589050415
715 7.184692351453654
716 7.186672305793865
717 7.125102044092802
718 6.847704657388561
719 6.988599352100618
720 7.097976808922402
721 7.110220715278988
722 6.81417622908171
723 6.888287049034576
724 7.022235389766624
725 7.1217133944549875
726 7.141407664436733
727 7.1924153470390735
728 7.110681035509359
729 7.175880840761495
730 6.8037332088566105
731 7.016629540383327
732 6.789206018972385
733 7.170052454683578
734 7.091310330980421
735 7.181694238434468
736 7.176501919516548
737 7.3144691064837035
738 6.990212876115998
739 7.126415770494273
740 7.290198793081357
741 6.897494729378366
742 7.231874955729171
743 7.111435674583536
744 7.10750971395531
745 7.2681927728770095
746 7.253969459041431
747 7.156491635411697
748 6.986788075250039
749 7.085480056742779
750 7.324569685340795
751 7.123221823566885
752 7.117396838854243
753 6.744341604823223
754 7.26368930949519
755 7.192108953460602
756 7.050021054855493
757 7.167326493831032
758 7.2416913171477555
759 6.950436478956501
760 7.16129758354466
761 7.277381937399555
762 7.2615088589804735
763 7.108414191963214
764 7.1823881461983206
765 6.97899822614154
766 7.190812787849901
767 7.082793413945262
768 6.947300387583882
769 6.86994022888849
770 7.234062499305497
771 7.0879370056273645
772 6.959441994470972
773 7.098134671027895
774 7.124206855174324
775 6.976053605681125
776 6.847609148225091
777 7.122848953205498
778 7.132695353996398
779 6.077881502040665
780 6.90938399783901
781 6.472016922437313
782 6.986673288756439
783 7.084019028613752
784 6.9628850454146995
785 7.04068685867131
786 7.240563551268066
787 7.006871617065197
788 7.059748079909317
789 7.145233077876928
790 7.084303219197322
791 7.069532795852205
792 7.171000808595944
793 7.100284653226617
794 7.105509413010414
795 7.037821785976605
796 7.0201763360120575
797 7.212652640727438
798 7.217171422732769
799 7.0860443369042265
800 7.015582285850927
801 6.937126078373509
802 7.010704770130665
803 6.954576275308375
804 7.253203215769525
805 6.938010349797204
806 7.1875746061487025
807 7.026579349179961
808 6.897729343215445
809 6.873669610061801
810 7.028676806931477
811 7.010842472054743
812 7.06510103063531
813 7.27456399554817
814 7.12873610126553
815 7.002469980079546
816 7.152692835729015
817 7.140597903833586
818 6.983971596188371
819 7.173424597793188
820 7.213832259472904
821 7.1616776264123745
822 7.080467996378562
823 7.172256743783639
824 7.119851276389878
825 7.318784544141422
826 7.31336420421706
827 7.14110015800714
828 7.0063988988827886
829 6.86074308567037
830 7.052544884700995
831 7.077337335451187
832 7.110954818463554
833 7.269973004966531
834 7.156767137164159
835 7.387761787523002
836 7.165002084874846
837 6.983390173339256
838 7.35386379138491
839 7.322832348972566
840 7.545953163962402
841 7.163217033720315
842 7.321190272864889
843 7.453067167707698
844 7.38099630527008
845 7.234221021324139
846 7.391000868272191
847 7.3635052532655685
848 7.396464483895389
849 7.388885584589917
850 7.238885915873405
851 7.280629715696878
852 7.311902484642328
853 7.245573039719856
854 7.30222621988136
855 7.246631913616048
856 7.058049677503509
857 7.50825493040514
858 6.9460469066720965
859 6.988059886479958
860 6.961329375598092
861 6.981371273974144
862 6.900659339502126
863 7.0903716861660255
864 6.926931693855695
865 7.282570429454576
866 7.2945699434293605
867 7.291480486684414
868 7.321315862170785
869 7.266707599812027
870 7.286272641669742
871 7.524533041905247
872 7.346388532279161
873 7.285670290309141
874 7.655253191943994
875 7.58756701086262
876 7.264921289944336
877 7.199765852300664
878 7.018541965491998
879 7.367555694141183
880 7.045574659764331
881 7.038392063784788
882 7.1794427184018295
883 7.272724793185668
884 7.218293624589112
885 6.972588307287373
886 7.212313308488478
887 7.162604128173481
888 7.239564686846341
889 6.912117050386986
890 7.199041812440043
891 7.149311056770098
892 6.976201279023155
893 7.122310012006585
894 7.175565246642664
895 7.236440124057291
896 6.9006523079647994
897 7.033131058162948
898 6.832512845116041
899 7.000361152006907
900 7.062279807494824
901 6.883087696365895
902 6.9488553567321185
903 6.999615907188077
904 6.9705324908347
905 7.072086127121208
906 7.12918289500816
907 7.0144593539463
908 7.237736646291311
909 7.1683862202156625
910 7.026239412726185
911 6.984871909739924
912 7.16137003821528
913 7.0927335628420165
914 7.032725064925773
915 7.010357431518345
916 7.147581064408013
917 7.166381088656423
918 7.269558834177775
919 7.118390581976486
920 7.061579816989063
921 7.119205532484355
922 7.0496173379345
923 6.852089895380665
924 6.9154893624891
925 7.015299755543294
926 7.1183110035494845
927 6.855921455358662
928 7.02186543851614
929 7.157297432169615
930 6.793064928170251
931 7.160917332782323
932 6.974131374383063
933 7.193028012922629
934 7.024498015029913
935 7.208879951113088
936 7.020668032538318
937 7.028805524460527
938 7.045143171231815
939 7.151812369118826
940 7.215308542031729
941 7.214125202952096
942 6.726832854221061
943 6.408102625944063
944 7.09414712553966
945 6.728547525772606
946 6.816678460980371
947 7.079334629766019
948 6.893081085923003
949 7.055252338453355
950 6.909160807995731
951 7.048529165662894
952 7.12442653336507
953 6.877419110957099
954 6.972720056104891
955 6.721284549461548
956 6.599731881148023
957 6.9995570907163
958 7.0046912418422025
959 7.118946256254346
960 7.04297686584248
961 7.042631339753809
962 6.831200986760002
963 6.844125348712697
964 7.012496166457991
965 6.947613822906665
966 6.836080389920535
967 6.845122647982667
968 6.820085243213608
969 6.781798220737644
970 7.165264929582907
971 7.135573207522032
972 6.698458966943571
973 6.774939070638095
974 6.717847778902582
975 7.033205679702705
976 6.8469485141374085
977 6.976160497938979
978 6.625223274302409
979 7.119030995919836
980 6.829150006526411
981 6.992904175156496
982 6.916473513947641
983 7.145370236656786
984 7.054258909167702
985 6.957798596742973
986 7.008973838089101
987 6.913852817184972
988 6.886695429808395
989 6.883472690901036
990 7.0187840236118895
991 6.787965577083406
992 6.816011589234991
993 6.71677627811249
994 7.092282037034894
995 7.078561223164872
996 6.782562158595558
997 6.98418705937005
998 6.996997295860632
999 6.995872751456866
1000 6.575124224961089
1001 7.175694852433968
1002 7.206332240318213
1003 7.11210827345228
1004 7.016107730904176
1005 6.945513342905342
1006 6.6839347750799325
1007 6.646965454224776
1008 7.0757913195395465
1009 6.786202185064782
1010 6.763280837627362
1011 6.499305090136459
1012 7.0265085450751945
1013 7.018692395403863
1014 6.932794829462149
1015 6.924551785743476
1016 7.107543627356966
1017 6.917093386753725
1018 6.802834415373342
1019 6.868897096277043
1020 6.7735400051455965
1021 7.026930399925799
1022 6.932491054897517
1023 7.111218129380406
1024 6.922955528200695
1025 6.991562461956239
1026 6.735548295359215
1027 6.913472121952475
1028 7.003476402435086
1029 6.73963796612074
1030 6.984267186792035
1031 6.791980416003368
1032 6.99522348390322
1033 6.9164386975233905
1034 6.6268458880622365
1035 6.948934594192912
1036 6.850737433490917
1037 6.767011780102268
1038 6.902821295566955
1039 6.789685551069202
1040 6.972898834930502
1041 6.9372393331288205
1042 6.962865648151356
1043 6.855243157715578
1044 7.239211726168213
1045 7.226462723256486
1046 6.976145036936728
1047 6.788102628382733
1048 6.956982148415443
1049 6.243168456348707
1050 6.241691858010407
1051 6.83189061729461
1052 6.727949885208425
1053 6.808512258254918
1054 6.012127472619211
1055 6.180160423702458
1056 6.41372506012092
1057 6.026667584259527
1058 6.41568306295782
1059 6.080811145756031
1060 7.092048640157448
1061 7.033867816234368
1062 6.811360890229565
1063 7.0453318566048715
1064 6.884207680982871
1065 7.2378278975490025
1066 6.987598084021972
1067 6.978489780252323
1068 6.809376847432181
1069 6.775855656599603
1070 6.642529924524303
1071 6.291973585634928
1072 6.538368792906749
1073 6.84642896210759
1074 6.791038461196644
1075 7.000041176681716
1076 6.589630313560511
1077 6.950050400385444
1078 7.016785012389478
1079 6.881364575784094
1080 6.749340387123921
1081 6.977915988242919
1082 7.226142934276284
1083 7.097210327543504
1084 6.786820411127265
1085 7.075137206446425
1086 7.1491803201150566
1087 6.515161682960273
1088 6.937182266593184
1089 6.979411892476353
1090 7.1085729275695755
1091 6.774666092736178
1092 6.798727088406102
1093 7.046011087326482
1094 6.168472879954899
1095 6.647685019579281
1096 6.262373914275563
1097 6.4774040167997535
1098 6.808970208934116
1099 6.963398275952644
1100 6.701717768170331
1101 6.306294202809068
1102 6.507444214333544
1103 6.48509967484913
1104 6.649679253760277
1105 6.589612507190297
1106 6.206553666387462
1107 6.925146508172344
1108 6.716671035920003
1109 6.777268786945601
1110 6.541752539031065
1111 6.914317061971078
1112 6.75349826176896
1113 7.137542726253974
1114 7.0661711320648175
1115 6.900049464668007
1116 6.889189683126287
1117 6.993029215028236
1118 6.7990434752416
1119 7.065873013318909
1120 6.935071715766505
1121 6.71010246395503
1122 6.979975788519641
1123 7.046954684993505
1124 6.870115106654724
1125 6.841793398711454
1126 6.872113599784111
1127 6.561522629001899
1128 6.77381893151468
1129 7.024013491903201
1130 6.738059380429184
1131 7.028193353853141
1132 6.895179732583932
1133 6.91889938441213
1134 6.957386806257443
1135 6.9431589255467445
1136 7.12392314992666
1137 6.873957921987848
1138 6.707749756706904
1139 6.840955121301689
1140 6.9359100320744576
1141 6.9716538327301505
1142 7.266789088001644
1143 6.9953843143242445
1144 7.0325226984565345
1145 7.043676489020192
1146 6.994147215330421
1147 6.919536439078117
1148 7.244744693426682
1149 6.978209003072317
1150 6.588333066962987
1151 6.66375195007115
1152 7.14108514328202
1153 7.199003424720215
1154 6.983587993646596
1155 6.730249535307446
1156 7.083594065868711
1157 6.95658464739585
1158 6.895247491822765
1159 6.912439758416793
1160 6.840604572109826
1161 6.900848960915465
1162 6.890388576449446
1163 6.815396893595591
1164 6.955139063352381
1165 6.808244198095019
1166 6.802311074936194
1167 6.988597897041552
1168 6.45999505789394
1169 6.739257281364866
1170 7.110757002958304
1171 6.956436148499635
1172 7.053110190570295
1173 6.930381191489802
1174 6.627994861276666
1175 6.785783676089541
1176 6.617170473657813
1177 6.825781980380645
1178 6.768534599273585
1179 6.819089483457262
1180 7.090258189205329
1181 7.100861497500202
1182 6.60150628748104
1183 6.799320329516476
1184 6.955739375206497
1185 7.00291875372132
1186 6.995425561354986
1187 6.891188460531707
1188 6.657053115718484
1189 6.95943022113523
1190 7.01864463177569
1191 7.087994452808429
1192 6.875899671385482
1193 6.983981273271738
1194 6.71640122708216
1195 7.108226476650883
1196 6.900692213433802
1197 6.9894659881857235
1198 6.91368011171245
1199 6.570542092712926
1200 6.788128629861951
1201 6.767151447639747
1202 7.059108046580751
1203 6.910089422685338
1204 6.829045919437212
1205 7.109626450842082
1206 6.70703919394606
1207 7.012252979382531
1208 6.667159110343984
1209 6.976599254367385
1210 6.84472426894836
1211 7.063780249500481
1212 6.85482283563092
1213 6.907404679070137
1214 6.84170377562749
1215 6.917064033838255
1216 7.025592959551441
1217 6.875980497446934
1218 6.8510877146091325
1219 7.031598823707295
1220 6.861197974795053
1221 7.119343961942704
1222 6.8110978519485315
1223 6.720585859285213
1224 6.801099534611806
1225 6.95830179435481
1226 6.956770076699442
1227 6.939539118520074
1228 6.813913736121941
1229 6.836117544881937
1230 6.668248438416774
1231 6.982949424168888
1232 6.786753474108584
1233 7.048160564368361
1234 7.01376937657453
1235 7.0581884794058665
1236 7.03115702157832
1237 6.977164726975064
1238 7.008061682180734
1239 7.166348050941945
1240 6.779073628529444
1241 6.744635549572115
1242 6.733536780980115
1243 6.850286956298201
1244 6.811635627081237
1245 7.2371575931326495
1246 7.090103248503415
1247 7.254144857727469
1248 6.890834822505453
1249 7.062267801952299
1250 7.179225278215819
1251 7.022797010427697
1252 7.015507241837877
1253 6.877940200051994
1254 7.106267912691247
1255 6.982518762115869
1256 6.932073114971506
1257 6.9907387395168525
1258 6.864969389566675
1259 7.099333308477218
1260 7.024377238562475
1261 6.800969114696332
1262 7.106346087729311
1263 6.964679387473845
1264 7.178601439468213
1265 6.990436183732135
1266 6.958473705206091
1267 7.214438323647334
1268 7.105352315354247
1269 6.931804642353472
1270 6.976726401738313
1271 7.027693367639803
1272 7.13262163417025
1273 7.1980893021825905
1274 7.074165909418278
1275 7.144833909828684
1276 6.813008690964423
1277 6.894697946005797
1278 6.964719058078485
1279 6.768843734047963
1280 6.731080240935222
1281 7.0610427628786425
1282 7.152887709852577
1283 6.874078216237971
1284 6.854582834412874
1285 7.096159405688936
1286 7.139043801247395
1287 7.19415596168175
1288 7.162283495001898
1289 7.161619987416989
1290 7.308379633078682
1291 7.081521579813057
1292 7.067458775044751
1293 7.182801029889145
1294 6.929753232725677
1295 7.088169593992491
1296 7.061179722293673
1297 7.221676115550734
1298 7.279040457124575
1299 7.004299197163602
1300 7.046448147580387
1301 7.119816577545756
1302 7.097745827597194
1303 7.034824900061413
1304 7.105853564928806
1305 7.391977766652668
1306 7.086541994046139
1307 7.543360113951729
1308 6.877497129972432
1309 6.900451298176329
1310 6.253123263602529
1311 6.528239820202414
1312 7.081300986162736
1313 6.972792081494283
1314 7.239327777638784
1315 7.065119769955905
1316 6.873661345198198
1317 7.0828206134604175
1318 6.806819491516509
1319 7.15766898130033
1320 7.072529098513779
1321 7.396622006767412
1322 7.3192491734142475
1323 7.073772675721191
1324 6.936332127129339
1325 7.226235206271333
1326 6.455943791349744
1327 7.018877314119287
1328 6.863860437762361
1329 6.955854188160255
1330 7.021106974157456
1331 7.223680939902658
1332 7.075602824280622
1333 7.357795617514322
1334 7.0091456264436545
1335 6.997859586951211
1336 7.121954358353371
1337 6.902884703460342
1338 7.21042013055082
1339 7.019129849396945
1340 7.15939034310246
1341 6.92148022048349
1342 6.79529362344011
1343 7.055497956303788
1344 6.5316979547235245
1345 6.7420226491913855
1346 6.672668249030051
1347 6.721393404961183
1348 7.053352467377976
1349 7.005514790750508
1350 7.041050768474535
1351 6.898490538998341
1352 6.987916364926348
1353 6.786813108449937
1354 7.056849947607588
1355 6.926627812738464
1356 6.952358864119484
1357 6.98669517204249
1358 7.139004991070744
1359 6.832729995613691
1360 6.870531795241824
1361 6.833971664674842
1362 6.990838976608288
1363 6.485991285956592
1364 6.981537183982797
1365 6.769108020258279
1366 6.75545936159269
1367 7.005060920514716
1368 7.0030032797654895
1369 6.922864644957274
1370 6.939088550401493
1371 6.993116023124207
1372 6.760899064912302
1373 6.9748485113255025
1374 7.024586151173363
1375 6.857045443583107
1376 7.125784877458498
1377 6.35771010005321
1378 6.482006424719037
1379 6.397035363902176
1380 6.35434369220859
1381 6.67897645765831
1382 6.973173543367815
1383 6.9570020903347745
1384 6.869369081199147
1385 6.671475313902083
1386 6.449742813556581
1387 6.7154124361954795
1388 7.020798016287596
1389 6.840166439923381
1390 7.019097806938415
1391 6.7813350702538635
1392 6.553947861565609
1393 6.7615162194969844
1394 6.822701989123429
1395 7.024422158243398
1396 6.699915667459748
1397 6.791628836560672
1398 6.90187057744439
1399 6.953143087588335
1400 7.046341673822242
1401 6.94491498728819
1402 6.828925159125302
1403 6.887264188245936
1404 7.101604212035192
1405 6.938309894019156
1406 7.006652471710773
1407 6.863455559814628
1408 6.9942373162452025
1409 7.028006456098986
1410 6.902833213521646
1411 6.980514697761988
1412 6.550667989808821
1413 6.180200618965591
1414 6.693844993745241
1415 6.424606144203588
1416 6.513101192086254
1417 6.399410592485017
1418 6.698982433556141
1419 6.505803529428049
1420 6.871431409038815
1421 6.817786223125447
1422 7.012748103036059
1423 7.049076774437896
1424 6.8458598922408305
1425 7.003810091989085
1426 7.04740367927614
1427 6.74512758826545
1428 7.083665862608059
1429 7.00856642218284
1430 6.856421565517872
1431 7.068879452649326
1432 6.968501883812201
1433 6.723799580721793
1434 6.59139837153339
1435 6.9920814080146565
1436 7.157533496773333
1437 7.080054671147272
1438 7.088068114052307
1439 6.935709662301094
1440 7.156419784848673
1441 6.7770565498204896
1442 7.029566035586573
1443 7.057941049383847
1444 7.016086849477138
1445 7.059925847392007
1446 6.670637076868798
1447 6.795487140912945
1448 7.020247427078216
1449 7.112435216732688
1450 6.984544077996529
1451 6.828513675197465
1452 6.858833608321734
1453 6.893033610659722
1454 7.014601252259256
1455 6.823677375588827
1456 7.02399688543876
1457 6.949846272443806
1458 6.8918340903377375
1459 6.9027846988493655
1460 6.632195686734263
1461 7.126233332285489
1462 6.951520875485834
1463 7.145610040617168
1464 6.961484540653709
1465 7.046158000730446
1466 7.187804272266844
1467 6.95278535748344
1468 6.9433256492043185
1469 6.716298746930883
1470 7.029487151690869
1471 6.749497898786941
1472 6.964677253212593
1473 6.6428379363712144
1474 6.74901064018565
1475 6.960074734917747
1476 6.6447973597027
1477 6.748234689546184
1478 6.751596524668605
1479 6.666243252632963
1480 6.822132517221338
1481 7.05182157608043
1482 7.095049901290816
1483 7.090475166671121
1484 7.091833201113015
1485 7.0971872150678665
1486 7.1259567126063255
1487 7.118252012630463
1488 7.023017223637686
1489 7.154049388337109
1490 6.814395066866865
1491 7.003923099463662
1492 7.070967409687794
1493 6.921907788058861
1494 7.0246857924565775
1495 6.949631159964019
1496 6.93734233547718
1497 6.778825376779725
1498 6.894678930662351
1499 6.681875137774953
1500 6.838067024338087
1501 6.700206549584427
1502 7.014410971117535
1503 6.911365437007295
1504 6.990021224990178
1505 7.005283566077254
1506 6.789207486912346
1507 6.908723125680507
1508 6.912912754974194
1509 6.827109448631559
1510 6.803039284333333
1511 6.843038479757214
1512 6.805627225533308
1513 6.906499582279985
1514 6.830874791706092
1515 7.13015476633303
1516 6.803844437208015
1517 7.122239821851138
1518 7.019099498576145
1519 6.823696500935911
1520 7.009374529809713
1521 6.859907742358124
1522 6.918896299896607
1523 6.7087707095383005
1524 7.099656799074817
1525 6.8283879900069495
1526 7.063451914119895
1527 7.23888717401584
1528 6.913774184109889
1529 6.8513508912935315
1530 6.913555250389027
1531 6.768561603958259
1532 7.162187409460069
1533 6.956524526626447
1534 6.781527938633452
1535 6.900936836583777
1536 7.168229792822807
1537 7.123607654957569
1538 7.096496489288762
1539 7.167812729057703
1540 6.846939785404733
1541 7.0207864786168965
1542 7.294538261927289
1543 6.751200540166861
1544 7.080764704862296
1545 6.809056290843603
1546 7.084426231005695
1547 6.7087197214723275
1548 6.83978874468254
1549 7.0366721418010405
1550 6.960678501679225
1551 7.050542777822181
1552 6.880495327692788
1553 7.100814059725222
1554 7.238730804769679
1555 6.980355541445929
1556 6.778285007158127
1557 7.019701820884726
1558 7.113679578320325
1559 6.634075856556889
1560 7.102283010867923
1561 7.101912496416079
1562 7.12042519281655
1563 6.710285072556772
1564 6.688470008940492
1565 7.098563787131444
1566 7.068037153092806
1567 6.9607490848448865
1568 6.6583097243836304
1569 6.885096466576475
1570 7.065264767551695
1571 6.96055675845371
1572 6.841053481723807
1573 6.908116478557292
1574 6.9875322585775015
1575 7.071626769884108
1576 6.891323215152032
1577 7.056918691072369
1578 6.906650136532493
1579 7.010197530735905
1580 6.980721935172672
1581 6.914224414282677
1582 6.907031248604831
1583 6.935251052465511
1584 6.766120659170711
1585 7.1566228234336995
1586 7.133324100294764
1587 7.015016211328752
1588 7.002105036460418
1589 6.275425802216523
1590 6.756662489371872
1591 6.8363229169683715
1592 6.659419754703732
1593 6.823682843354439
1594 6.677149699230588
1595 6.973259337575873
1596 6.840882086755986
1597 6.8661786661766895
1598 6.971551304031431
1599 7.018081107200516
1600 6.725854797636446
1601 7.044937375608106
1602 6.804700380715783
1603 6.798469817495154
1604 6.9285966371722525
1605 6.920514770913243
1606 6.738939404765325
1607 6.83207927563927
1608 6.8358739442638194
1609 6.9281426695581345
1610 6.428095117656965
1611 6.771360720793152
1612 6.779323988587185
1613 6.973883562514831
1614 6.861891131504309
1615 6.787875204031289
1616 6.6733214809148755
1617 6.844117279344123
1618 7.003617791693199
1619 6.446501190097135
1620 6.881498486259283
1621 6.8202032486731445
1622 6.897276994364872
1623 6.860953206819008
1624 6.703195540174266
1625 6.68274401730375
1626 6.997585097111727
1627 7.07456674787234
1628 6.818850391360523
1629 6.938635661560337
1630 7.007364861274653
1631 6.7419647048669145
1632 6.743096091964345
1633 6.771568007557845
1634 6.8271599616934635
1635 6.998576731673912
1636 6.833806606706013
1637 6.967829779281962
1638 7.148341799730153
1639 7.164653835711662
1640 6.72750734157623
1641 6.906886209626503
1642 6.817489419862207
1643 6.439354435283127
1644 6.693579424124529
1645 7.129177231300195
1646 6.772068516532079
1647 6.789803110583022
1648 6.923794081788926
1649 6.904033754330102
1650 6.958623075975518
1651 6.913809821819433
1652 6.8927452193226
1653 6.772272387354237
1654 6.680234353909637
1655 6.806044740807388
1656 6.93092199543297
1657 6.872984019787293
1658 6.886201085400319
1659 6.9732845825158085
1660 6.967239412891689
1661 6.724745643457698
1662 6.762251785939827
1663 6.8759895279737
1664 6.792170706512629
1665 7.1489669030770475
1666 7.044657632051649
1667 7.031416237391799
1668 6.739835186670074
1669 7.112483564249627
1670 6.690873135845135
1671 6.894908084541012
1672 6.025582564921784
1673 6.453891398009731
1674 6.457039750715927
1675 6.672926715484656
1676 7.137149578059045
1677 6.374510125226699
1678 6.652863018069332
1679 6.697358361420458
1680 7.103680894702497
1681 6.646684939319173
1682 7.21923124777276
1683 6.857314277246581
1684 7.073057691736958
1685 6.593710067576844
1686 6.731985754603065
1687 6.916882442192472
1688 6.733770576684315
1689 6.758947006483151
1690 6.736470890970604
1691 6.562038170072427
1692 6.716364113718829
1693 6.760868605891915
1694 6.747069232709571
1695 6.36701838203543
1696 6.658653639636173
1697 6.43259578226509
1698 6.604339575315451
1699 6.808103089995629
1700 6.773954290545577
1701 6.70472975806093
1702 6.930081785343417
1703 6.708266631905744
1704 6.657275364271398
1705 7.038742671503529
1706 6.8284140389659145
1707 6.61789555059571
1708 6.825633515006336
1709 6.84578317358533
1710 6.662436450430236
1711 6.923489003369215
1712 6.871153404800134
1713 6.823030180620785
1714 6.891848733518994
1715 6.796623245411088
1716 7.0465639579282255
1717 6.606072017893076
1718 6.908444447097524
1719 6.934486902480571
1720 6.688268482495203
1721 7.107048518540946
1722 6.861405432403343
1723 6.953148834221876
1724 6.994300826709266
1725 7.003515004198237
1726 6.993612648240741
1727 6.905321067875415
1728 6.597509727082597
1729 6.939825008603734
1730 6.9873741690372
1731 6.822612025025419
1732 6.554827876702991
1733 6.760278365585218
1734 6.918302703131957
1735 6.9971021155677215
1736 6.685627136157064
1737 6.819004850656412
1738 6.670436494567072
1739 6.837713249383396
1740 6.939607267302063
1741 6.773055763263144
1742 6.775152077155809
1743 6.98092289843411
1744 7.0338372276296885
1745 7.010817981376568
1746 6.895967397061985
1747 6.907495973856026
1748 6.996994209851597
1749 6.563989505195351
1750 6.781958222183243
1751 7.162762519634182
1752 7.043411447898005
1753 6.81869896893846
1754 7.208633214615256
1755 7.00980520138536
1756 7.179301677193662
1757 7.037141591303188
1758 6.94221395102039
1759 7.060553355881016
1760 7.064918815136928
1761 6.8489111440899855
1762 7.109898666418615
1763 6.875346448170778
1764 7.098155102732914
1765 7.357400449988222
1766 7.313656977775423
1767 6.778880547858728
1768 6.8656461197727
1769 6.893723589827304
1770 6.713344442116228
1771 7.0850236447206125
1772 7.312776045906394
1773 6.668208418780621
1774 6.712798911095574
1775 7.099489579306771
1776 7.092622209041697
1777 7.200321034632087
1778 7.162803804532361
1779 6.724628614272635
1780 7.211786502411952
1781 7.283955116903062
1782 7.0483104201607345
1783 7.003891010733433
1784 6.800055065534926
1785 6.927736429311989
1786 6.931440491515647
1787 7.154423710187362
1788 7.040078194992628
1789 7.3252118980736345
1790 7.042373912018595
1791 6.791605582376073
1792 6.867435360973702
1793 6.938445514998748
1794 6.874360518531434
1795 7.26168755427194
1796 6.811970949569073
1797 7.014820910298779
1798 7.388780674429918
1799 7.044051622980311
1800 7.102676750683553
1801 7.069035720518637
1802 6.889589573291799
1803 6.911050872712593
1804 6.91817320219757
1805 7.448050677419242
1806 7.194609409046411
1807 7.127221619668589
1808 7.221514578079879
1809 7.0789256042988615
1810 6.748943323085606
1811 7.135893013590093
1812 6.915791035591685
1813 7.4784786197788575
1814 7.354582099301404
1815 7.315130404463194
1816 6.911025028832306
1817 6.920226046632087
1818 6.611632113694598
1819 7.1113675806873795
1820 7.172661012826418
1821 7.175409696060951
1822 7.008273549531353
1823 7.4552192653786555
1824 7.292006236063128
1825 6.983107959364401
1826 7.187768548785112
1827 6.90033795787265
1828 6.838960560067344
1829 7.076296091082728
1830 6.656340953129699
1831 6.90435070666711
1832 7.00580169395558
1833 6.861848709614055
1834 6.706108029399362
1835 6.996039582792047
1836 7.292244832455354
1837 6.942540643893622
1838 7.173219695186468
1839 6.935090978881739
1840 7.155455681783456
1841 6.874751944200808
1842 7.002552880766714
1843 7.390314089575839
1844 7.355905319309145
1845 6.73416388886314
1846 6.9482656201234665
1847 6.450253179068655
1848 7.114026220953168
1849 7.0444791105978
1850 7.547227485490738
1851 7.344674153718787
1852 7.166663881170359
1853 7.277547151114745
1854 7.212384330009281
1855 7.192327373917529
1856 6.924848233340038
1857 7.246471822536757
1858 7.199147759479164
1859 6.780847415833838
1860 6.704873125204019
1861 6.869758248072778
1862 7.106720448890165
1863 6.626132442169176
1864 6.319983103540329
1865 6.812015789640332
1866 6.576845398124732
1867 6.353985825937686
1868 6.536059007833115
1869 7.189952421172327
1870 6.972380773278719
1871 6.715647010493358
1872 7.114824364980765
1873 6.930570643516994
1874 6.650500818486255
1875 7.03834641390943
1876 6.88650923890216
1877 7.244741404076237
1878 6.993034251132135
1879 7.178459864638981
1880 6.68574346178507
1881 6.469373950025707
1882 6.654520040764299
1883 6.809608795059963
1884 6.922280144956863
1885 6.898285392075429
1886 6.715654022705976
1887 6.590797254406919
1888 6.603966015591806
1889 6.790319795684198
1890 6.5300347177223745
1891 6.265822558655925
1892 6.660507654454853
1893 6.590386448371598
1894 6.581780768310246
1895 6.426286244841622
1896 6.515275060357791
1897 6.771457259187619
1898 6.9104744536817515
1899 6.210776703603575
1900 6.870567120526622
1901 6.55547404802469
1902 6.62819981396312
1903 6.508023253358602
1904 6.874231821889197
1905 6.5690531351816075
1906 7.027360624064526
1907 7.086801616906367
1908 6.635908474500282
1909 6.880765068115984
1910 6.570589187081261
1911 6.286784076376035
1912 6.860667443944581
1913 6.600823575471333
1914 6.65246693812617
1915 6.755854177879861
1916 6.698135738436676
1917 6.623056177701667
1918 6.972294376654373
1919 6.83723625308197
1920 7.153543452400724
1921 7.188654172104599
1922 6.200537010103864
1923 6.697085842536768
1924 6.557891051684465
1925 6.387003542040436
1926 6.205136982140133
1927 6.595209881479977
1928 6.56316937523005
1929 7.4273346279720105
1930 6.720407552968121
1931 6.422582106649509
1932 7.025513711085811
1933 6.314789547458071
1934 6.659940977708339
1935 6.2023204012755855
1936 6.505198597330409
1937 5.9810039272834565
1938 6.435509298739522
1939 6.745022665286169
1940 6.066126485932365
1941 6.2750626237808955
1942 6.554139559038169
1943 6.846162135475469
1944 7.089208585974981
1945 6.6384981626678545
1946 7.134212726822495
1947 6.53559112166527
1948 6.633602071177248
1949 6.783903134683495
1950 6.7216757050906955
1951 6.628926221295385
1952 6.824162144277483
1953 7.230844640553266
1954 7.11694632376778
1955 7.534296718739834
1956 6.9230063675439055
1957 6.660490085051363
1958 7.183886639908995
1959 6.975867230451688
1960 6.901619405425977
1961 6.864614950932647
1962 7.1754290966898315
1963 7.034469744914081
1964 6.704569140890291
1965 7.136212670575175
1966 6.852205150865746
1967 7.166565041933216
1968 6.892293700120304
1969 6.5896089239402
1970 6.452958131077931
1971 6.376034740259207
1972 6.4683912312913785
1973 7.0262261295034625
1974 7.3071358957618395
1975 7.221060137314478
1976 7.277786658879516
1977 7.004458838840509
1978 7.062499838007563
1979 7.174954290628201
1980 6.777829181548049
1981 6.791524360180694
1982 6.713993058046157
1983 7.2049135688351775
1984 7.269088122615551
1985 6.560645244803824
1986 7.04387877757533
1987 7.136318101419467
1988 7.259031688522829
1989 7.248223756976563
1990 7.083388201212184
1991 7.0562533397919145
1992 7.0296238185198
1993 7.285575020869291
1994 7.144353170196085
1995 7.424700315985089
1996 7.29310723401649
1997 7.193918758869732
1998 6.930527868138703
1999 6.427130264682435
2000 7.309291341075105
2001 7.237876178244013
2002 6.689481505788549
2003 7.1046243670968705
2004 6.83108861756674
2005 6.884918047585785
2006 7.042857956761879
2007 7.180451184463648
2008 6.418259568025002
2009 6.564031056176013
2010 6.627518260206836
2011 6.687897787079552
2012 6.511918021420778
2013 6.950401058543879
2014 6.886661102131704
2015 6.930550004571296
2016 6.655709738426652
2017 7.046605380715309
2018 7.577405793000478
2019 7.622348051057498
2020 7.338273676449078
2021 7.287600845637434
2022 7.131508712975791
2023 7.357930071364975
2024 7.2742249816603435
2025 7.404473109797957
2026 7.460805867369145
2027 7.714584757239852
2028 7.3762003657201145
2029 6.652130848336513
2030 7.145659559632668
2031 6.6541378293599385
2032 7.118756642112683
2033 7.058842033997294
2034 7.107371539026831
2035 7.132319259954095
2036 7.142310678149514
2037 7.039392685769708
2038 6.986426337694644
2039 7.171304724690808
2040 7.158757450056907
2041 6.943049878793487
2042 6.900144461602901
2043 7.071709170005498
2044 7.108225614462291
2045 7.073369795712454
2046 7.250753443332429
2047 7.219282358073481
2048 7.206307201046426
2049 7.088896682929561
2050 7.0470715362795655
2051 6.963264489986395
2052 7.044030881975105
2053 6.926786477798816
2054 7.248815950401337
2055 7.205087438989475
2056 7.152508787343122
2057 6.897849820858164
2058 7.289824643185252
2059 7.157559360863348
2060 7.218434028721823
2061 7.043784462524452
2062 7.050094587765514
2063 6.258016351146903
2064 6.881104593369573
2065 6.780056476519558
2066 7.358142896659105
2067 7.352842719911287
2068 6.991919033029899
2069 7.229546625005453
2070 7.241430168764927
2071 7.163418994145104
2072 7.103678056078776
2073 7.340812477468931
2074 6.840113403366247
2075 7.077478486790404
2076 7.104392277492938
2077 7.171578186518238
2078 7.244621387940957
2079 6.715899834703428
2080 6.910969955948687
2081 6.821923614977203
2082 7.064882438539803
2083 6.936965619643414
2084 7.287792228263027
2085 7.022482432855066
2086 6.999907271952833
2087 7.01786453581372
2088 7.297827052963159
2089 7.192518903339615
2090 7.165104780944483
2091 6.671122812778675
2092 6.940267642188651
2093 7.105706497779246
2094 6.911170392285511
2095 7.059617710709529
2096 7.013312545885743
2097 6.770065115202741
2098 6.655466696098192
2099 6.708369913800378
2100 6.84274590468137
2101 7.023628547951449
2102 6.844514148921754
2103 6.639974045106172
2104 6.863376939311749
2105 7.197304493031338
2106 7.2212339273541035
2107 7.361291086706926
2108 7.223481221074751
2109 7.292777633107875
2110 7.365313218668078
2111 6.954892944491969
2112 6.944658580195321
2113 6.9591581281587285
2114 7.015692715249062
2115 6.861641082415292
2116 7.198391730140397
2117 6.934044164457908
2118 6.989661742210532
2119 6.765640176793405
2120 7.063991662476726
2121 7.285174003520749
2122 7.029332050925002
2123 6.866964421794191
2124 7.273702390830292
2125 6.666693858682843
2126 6.757738431665041
2127 6.945714436512295
2128 6.7448292333531406
2129 6.9872442636809815
2130 6.724732045901098
2131 6.525796565542412
2132 6.068285054581764
2133 6.524558128307074
2134 6.5503144239349265
2135 6.6769613845057485
2136 6.563140951575757
2137 6.9037537488939185
2138 7.254184359757259
2139 6.878339684564428
2140 6.990140617445157
2141 6.633751587018243
2142 6.981757433932515
2143 7.1256423111813945
2144 7.0609882876610275
2145 7.0088869992464335
2146 6.813449377161971
2147 7.226299325601272
2148 7.194074674742283
2149 7.211210512422948
2150 7.0189925384589325
2151 7.232720676302148
2152 7.070242569111906
2153 7.106394389382017
2154 6.966633970779334
2155 7.179269026089639
2156 7.115252300461614
2157 6.822368174222168
2158 7.098341260348265
2159 6.877684988924321
2160 6.977194487615867
2161 6.940286969610126
2162 7.095832263167508
2163 6.761597234862935
2164 6.848749184428938
2165 7.586538815905751
2166 7.328517953128638
2167 7.010554481269984
2168 7.200079957605455
2169 7.063987982250038
2170 6.82716460230125
2171 6.896491027384158
2172 7.090433980858355
2173 7.1108545548626845
2174 7.2633241344980695
2175 7.058440271263848
2176 6.614175016141777
2177 6.366524256776563
2178 6.64918637539847
2179 6.874492251061021
2180 7.175524811226383
2181 7.121334607935827
2182 7.062658478795028
2183 6.845138195498557
2184 6.597130762762551
2185 6.641407976652517
2186 6.74183876798894
2187 6.813054481105312
2188 6.856407837818674
2189 6.823577685161165
2190 6.954136927160386
2191 6.602539230500342
2192 6.903466666691002
2193 6.858894773936279
2194 6.269728891697983
2195 6.886049856195762
2196 6.81175694317702
2197 6.517874885056154
2198 6.5645505580360535
2199 6.758390188902605
2200 6.650072731997834
2201 6.979631625608651
2202 6.68412065705156
2203 7.192933300031036
2204 6.996366315200414
2205 6.969776002569977
2206 7.394809775472628
2207 6.939976599421762
2208 7.054632867931034
2209 7.083250361491235
2210 6.771325693167218
2211 7.31742762073546
2212 6.944160428410472
2213 7.287243193621002
2214 7.191631261859249
2215 7.194111870011758
2216 6.982902721213211
2217 6.922019625927339
2218 7.184113912583111
2219 6.787937572213218
2220 6.769843948018178
2221 6.453003206256984
2222 7.194382678104367
2223 6.784913858008159
2224 6.664570833276521
2225 7.168811109692299
2226 6.845184935478092
2227 6.829732501815245
2228 6.324648542990051
2229 6.68815221063599
2230 6.495149973183339
2231 6.570959014407377
2232 6.9314982459619126
2233 6.9049507882123375
2234 7.555504000950699
2235 7.056895276284161
2236 6.981587711875157
2237 6.70955241243195
2238 6.8680534310027985
2239 6.958630292610158
2240 5.959669714158612
2241 6.291822732945059
2242 7.133433542226483
2243 5.956774541786579
2244 6.732455366898726
2245 7.530702729211869
2246 7.289961274257088
2247 7.48078479710665
2248 7.179280972626715
2249 7.440860834172585
2250 6.5394665134681755
2251 6.614520428893544
2252 5.636134915401908
2253 5.5176547438864265
2254 5.350624782321545
2255 5.372533466198845
2256 5.783596758879268
2257 5.643683861449706
2258 5.8467646170709
2259 6.099256523348576
2260 5.983454891299228
2261 5.778555238566772
2262 6.068968700389588
2263 6.149160008311847
2264 5.723481871714183
2265 5.545605193509589
2266 5.87419350511445
2267 5.692956129805306
2268 6.347139855130161
2269 5.729634562716183
2270 6.004852706955738
2271 6.11356267917689
2272 5.703089314702429
2273 6.017328569764836
2274 5.835562066440324
2275 5.916200605696906
2276 6.061671124729449
2277 5.763748212371953
2278 6.066229482022425
2279 5.8937193656563585
2280 5.740552289124094
2281 5.421129610698594
2282 5.551287791786366
2283 5.975543856488523
2284 6.728446293954428
2285 6.5708280122316385
2286 6.373954383646541
2287 6.554512700123167
2288 6.837209495824127
2289 6.819556205801236
2290 6.48900331147413
2291 6.459267006035436
2292 6.643269047562905
2293 6.627100940008556
2294 5.6660892877360665
2295 6.830225052914763
2296 6.859547130840934
2297 7.06824843009889
2298 6.50432797542757
2299 6.7961903337135805
2300 6.643651124326482
2301 6.749778828763098
2302 6.473755908288118
2303 6.782141951589614
2304 6.522381627582544
2305 6.629714977633826
2306 6.4791263898704505
2307 6.4168129142255665
2308 6.351744325380594
2309 6.475442742413671
2310 6.138919418766377
2311 6.136755759973179
2312 6.550280190195935
2313 6.221327223110752
2314 5.878223544710423
2315 6.36112615711164
2316 6.381505222216163
2317 6.320548767335821
2318 6.392635941677909
2319 6.740694154577627
2320 6.466928902770093
2321 6.243669811311191
2322 6.6498251523065495
2323 6.341694050959198
2324 6.460181697463333
2325 6.607189891336362
2326 6.57335513785858
2327 6.933058082387859
2328 6.6800685249223335
2329 6.700167287482708
2330 6.8237732458523155
2331 6.571511687190362
2332 6.117435479841639
2333 6.156995123140496
2334 6.635007395245333
2335 6.04809081400981
2336 6.569206200078021
2337 6.156665562533855
2338 5.727896405899914
2339 6.059546784611744
2340 6.1575317658482875
2341 6.510824917449122
2342 6.096367020330315
2343 5.932588409968061
2344 6.364778985997024
2345 5.92597035177618
2346 6.345088053425138
2347 6.639372457028086
2348 6.350015241601447
2349 6.447542595766964
2350 6.454659728715288
2351 6.684402932537214
2352 6.493778904859291
2353 6.191072433236034
2354 5.951503363298934
2355 6.0028657579260845
2356 6.621291480735652
2357 6.751313092124193
2358 6.362062365098672
2359 6.172820254458065
2360 6.113477630430415
2361 6.19900398815135
2362 6.325304124794685
2363 5.9481292910419965
2364 5.920138230770773
2365 6.269145555490571
2366 6.462687242080065
2367 6.403896375956261
2368 6.783289482862118
2369 6.283761554451236
2370 6.808466950407616
2371 6.112789413245863
2372 6.62104713235811
2373 6.109193001722575
2374 6.05386822585382
2375 6.118357717439206
2376 6.35292173623562
2377 6.683511550895036
2378 6.54428474026005
2379 6.680069058688998
2380 6.447745498869516
2381 7.10121689802431
2382 6.341647568357659
2383 6.924353916458213
2384 6.273289665381114
2385 6.385687289406179
2386 6.215326940431445
2387 6.866045713468159
2388 6.021804281611967
2389 6.267663798765309
2390 6.176135628194664
2391 6.415112669980965
2392 6.078344264049385
2393 6.004108315907109
2394 6.418652411059792
2395 5.844124753208195
2396 6.303459124908309
2397 6.25921794270251
2398 6.195386334574159
2399 6.093383448923419
2400 5.844579017715143
2401 5.948075153406919
2402 5.6632807604090205
2403 5.899941218006615
2404 5.622940055947232
2405 5.92732891647492
2406 5.921876311091939
2407 5.920856163982799
2408 5.889334290708817
2409 5.887198793166947
2410 6.342519073270706
2411 5.763359539087915
2412 6.332731491952424
2413 5.984876658066919
2414 6.019614716058734
2415 5.807885138820512
2416 6.217972710862524
2417 6.007973471864636
2418 6.197506294906509
2419 5.940255504755356
2420 6.009694534454718
2421 5.846132936995965
2422 5.736882688213158
2423 6.385710325739247
2424 6.155563385133813
2425 5.69986240061661
2426 5.820818757077613
2427 5.684032798706813
2428 5.98382815481644
2429 6.23051643990082
2430 5.958977520376438
2431 5.9774783222700325
2432 5.54936764203042
2433 6.222388168039895
2434 6.373914048472868
2435 6.40468935818327
2436 6.115861789643983
2437 6.169112273267907
2438 6.18887378420049
2439 6.191808903000335
2440 6.280810947901496
2441 5.845302382168644
2442 6.11852083167062
2443 5.959396428799834
2444 6.127064186733714
2445 5.794075313868414
2446 5.827304245534813
2447 6.032614582054599
2448 5.884032621413109
2449 6.192911750912397
2450 6.265298792958596
2451 6.596952022200025
2452 6.266739102670303
2453 5.902187726062388
2454 5.896547821890781
2455 6.072491258383651
2456 5.89563424270956
2457 6.101657217332178
2458 5.952964331989625
2459 6.025768330172139
2460 5.586799335398609
2461 6.199315238816529
2462 6.299902848458287
2463 6.211210085057725
2464 5.8245921803609795
2465 6.041975470625927
2466 6.083356679874941
2467 5.8714486226445715
2468 5.709727180357873
2469 6.2966981748389825
2470 5.848001158206573
2471 6.007167304417251
2472 6.355624450740797
2473 6.142781265458094
2474 6.239395047054212
2475 6.402411803371043
2476 6.385150022883244
2477 6.159297865199569
2478 6.438281514640101
2479 6.656822591254747
2480 7.054053245941416
2481 6.094336789195647
2482 6.547759460014589
2483 7.014565832308292
2484 6.314132356818937
2485 6.610243273163387
2486 6.215707755536486
2487 6.12290247472667
2488 6.914369540823408
2489 6.551747002734002
2490 6.832601535412431
2491 6.8865654875561555
2492 6.541131931762514
2493 6.829256940363789
2494 6.621357058967088
2495 6.7959165014137355
2496 6.5181313074718386
2497 6.469973390851809
2498 6.452170592473524
2499 6.576245117546054
2500 6.583169456636002
2501 6.530928531201403
2502 7.072934977972017
2503 6.941085526135586
2504 7.193620078916935
2505 6.969778874827626
2506 6.6113596037456315
2507 6.795563208845818
2508 6.627089318517036
2509 6.399172508654889
2510 6.886207274653685
2511 6.765933607024015
2512 6.9908165385879775
2513 6.979649225910353
2514 6.55739224327627
2515 6.872019946657474
2516 6.7090473956083585
2517 6.664411811665763
2518 6.777634139113939
2519 6.830917903140274
2520 6.876243771446511
2521 6.584907314574965
2522 6.641881711282543
2523 6.824431363168966
2524 6.34621493080161
2525 6.750058913754319
2526 6.491593357298749
2527 6.66719238549202
2528 6.412776756527551
2529 6.654520542481841
2530 6.470762978423867
2531 6.12219183435902
2532 6.601346791046006
2533 6.363295332904977
2534 6.657842369563934
2535 6.310931696270365
2536 6.140539442740272
2537 6.2602076917040534
2538 6.329120897158792
2539 6.524609459148529
2540 6.62034214781676
2541 6.3818424847690896
2542 6.512029421915457
2543 6.29292630757515
2544 5.9946705232105355
2545 6.856442680955967
2546 6.412938645579676
2547 6.777245764018283
2548 6.744865442114918
2549 6.678317489859051
2550 6.927357525616479
2551 6.546747877249799
2552 6.334213339019097
2553 6.69868495014844
2554 6.269962236405288
2555 6.430327977880485
2556 6.212836517565482
2557 6.197502570754954
2558 6.247522255676711
2559 6.491638081016587
2560 6.466641034679552
2561 6.125595038615283
2562 6.221973648018533
2563 6.235253745939395
2564 6.497594521017991
2565 6.796266478198946
2566 6.6978385524962505
2567 6.137566521517988
2568 6.297518775811551
2569 6.3196546996121
2570 6.313501528188368
2571 6.393415207540131
2572 6.421689360904496
2573 6.08682878583596
2574 5.7431234838064515
2575 6.858047291406473
2576 6.673261120297886
2577 6.407702561830546
2578 6.167432455224203
2579 6.472376523823177
2580 6.134548430752412
2581 6.508884943959654
2582 6.688499370291244
2583 6.8618210960949
2584 6.672437355464526
2585 7.09065071064222
2586 6.924303575338241
2587 6.777600547706521
2588 6.624457023865658
2589 7.095978793205209
2590 6.476565840960471
2591 6.611903713295696
2592 6.715061387968486
2593 7.051228050617709
2594 6.539406134325374
2595 6.5098176680179325
2596 6.749153220253979
2597 6.180016396875068
2598 6.518837278840271
2599 6.670243106956321
2600 6.439214810149554
2601 6.358381490247012
2602 6.654808896777862
2603 6.358623200619236
2604 6.646884699383401
2605 6.303594864120163
2606 6.560432513593869
2607 7.052627556345944
2608 6.712124425622512
2609 6.528737315685734
2610 6.516456115017326
2611 6.318878135305913
2612 6.7402707484342645
2613 6.514300945727314
2614 6.795888729804366
2615 6.5058510288046625
2616 6.205774259829567
2617 6.799403131735431
2618 6.436901536227162
2619 6.6454944288096724
2620 6.733955862533702
2621 6.6966564365893
2622 6.245506519461983
2623 6.499006951311551
2624 6.996433020315196
2625 6.5422989690824345
2626 6.684037197310631
2627 6.767252426159684
2628 7.006686253792098
2629 6.864896191286432
2630 7.05724962152274
2631 6.89095870310626
2632 6.8081818106298675
2633 6.783388712688695
2634 6.440874804367128
2635 6.441766748450607
2636 6.65082984320492
2637 6.750476064350092
2638 6.738504820408158
2639 6.570821705696766
2640 7.008587206553822
2641 7.146983657686278
2642 6.872957349674127
2643 6.952717063509526
2644 7.079506380543868
2645 6.8720296985338045
2646 6.615598749638308
2647 6.925692563857146
2648 6.864764721652927
2649 6.902800166302636
2650 6.933988297939585
2651 6.855833612210485
2652 6.8432839911907255
2653 6.707006979532492
2654 6.734987879200696
2655 6.65877248397891
2656 6.85342677988855
2657 7.173883858843542
2658 7.037846584829962
2659 6.718423894892827
2660 7.091309316827514
2661 7.068535652994543
2662 6.714098128814235
2663 6.666481921971793
2664 7.05280216342309
2665 6.672322865592524
2666 6.780143098706506
2667 6.76050676044864
2668 6.965252800770956
2669 6.8672495944287055
2670 6.7029355250657385
2671 6.755902932720277
2672 6.568464492126144
2673 7.180028218626484
2674 6.662145454771125
2675 6.699060558888178
2676 7.42766345299441
2677 7.127612018448709
2678 7.0892147044216385
2679 7.109440391634523
2680 7.03986768377994
2681 6.861011677085718
2682 7.062534048734691
2683 6.7635876922071505
2684 6.516905689508097
2685 6.99197944554196
2686 6.751562688795962
2687 6.6404021251976655
2688 6.8274353594312975
2689 6.779675945551217
2690 6.981766805827929
2691 6.762753802180957
2692 6.737282019894134
2693 6.931012186384824
2694 6.753030325388594
2695 6.505485272968967
2696 6.942953977645208
2697 7.0965734756443295
2698 6.8311453982435255
2699 7.331804221953353
2700 6.941303978921541
2701 7.132598278412
2702 6.904791671228874
2703 6.563216094684022
2704 6.632112081954064
2705 6.842877378648328
2706 6.991981441572783
2707 6.625937893481297
2708 6.854455932182863
2709 6.606132948508467
2710 6.848475379558157
2711 6.640658652638893
2712 6.902940703458517
2713 6.526243202847196
2714 6.913452242951472
2715 6.473102507939711
2716 6.914403098593119
2717 6.68789923727189
2718 6.7266647198451865
2719 6.87142073999442
2720 6.686001952711508
2721 6.745006705658641
2722 6.830902006381104
2723 6.133096384303202
2724 6.497191853165507
2725 6.881296121121396
2726 6.939445391729794
2727 6.637925795028322
2728 6.842370857167451
2729 7.176305384604714
2730 6.4523275157399755
2731 6.88517156472256
2732 6.985142764956929
2733 6.712887725358445
2734 6.163592902887653
2735 6.394415901920066
2736 6.784049903228013
2737 6.8530851410834615
2738 6.742520268291668
2739 6.663511021908595
2740 6.68460505484535
2741 6.5933939654367695
2742 6.2805694004687815
2743 6.5827746745714935
2744 6.438636721435215
2745 6.83464437369493
2746 6.82148897273142
2747 6.2872320850445895
2748 6.8455024458306095
2749 6.76102452242679
2750 6.747764217785308
2751 6.73286500306576
2752 6.7384388387893255
2753 6.785224945277681
2754 6.7462444606273
2755 6.7646354051326245
2756 6.706546911641998
2757 7.008658570804752
2758 6.543874565209081
2759 7.051418072736787
2760 6.913873114603464
2761 6.712117490124914
2762 6.812171112412846
2763 6.9853666063318025
2764 7.068909486313105
2765 6.924663940002426
2766 6.872198079542102
2767 6.947229113941547
2768 6.795965357997229
2769 6.820583711882439
2770 7.03280519152755
2771 6.773121645072359
2772 6.810126724367099
2773 6.649787690529568
2774 7.0581584239949855
2775 6.891588098212405
2776 6.926397905250643
2777 6.547772208221573
2778 6.717396817501536
2779 6.926986896344523
2780 6.955422103179929
2781 6.912133224101096
2782 7.093696710356002
2783 6.958450040821511
2784 7.200382026592085
2785 7.0850427597735415
2786 6.871600845220928
2787 6.944685392754511
2788 6.588070573111366
2789 7.162844263209309
2790 6.966472689773686
2791 6.574578748262836
2792 6.726468511157182
2793 6.5660157469085005
2794 6.682962970245525
2795 6.452170150724216
2796 6.381802968073315
2797 6.775643045928112
2798 6.999939315274846
2799 6.507245559840332
2800 7.005268535101267
2801 7.243941899944424
2802 7.05607543220306
2803 6.8958643669868644
2804 7.254185923509295
2805 6.880784891734798
2806 7.206689159540367
2807 6.936191965803489
2808 7.27856380746455
2809 7.122111745262312
2810 7.018807524439476
2811 6.923858470410571
2812 6.918994413730458
2813 6.634220909388906
2814 7.199221766912287
2815 7.049259475683238
2816 6.70315608373098
2817 6.865718108050815
2818 6.710399265539334
2819 6.845837296785412
2820 7.118886109279755
2821 6.625373427332432
2822 6.32378832172335
2823 6.800375588156574
2824 6.646368536392296
2825 7.03720402121799
2826 6.760797962820481
2827 6.621044024785697
2828 7.075483117445511
2829 6.507333072977172
2830 6.934098427421293
2831 6.739556893576849
2832 6.527863287737868
2833 6.728464094388657
2834 6.652754911452374
2835 6.4078470192203065
2836 6.634029068656619
2837 6.528079246021963
2838 6.292633843684027
2839 7.114731122237906
2840 6.551972373502011
2841 6.472195476151427
2842 6.401223767408127
2843 6.552371267450045
2844 6.434041856425336
2845 6.6072394115988855
2846 6.443505987869301
2847 6.382574671689191
2848 6.219202047211166
2849 6.298315739212926
2850 6.269168922945075
2851 6.443113456229934
2852 6.161087783667212
2853 6.830162453104907
2854 6.706799394282831
2855 6.808532864442852
2856 6.874141638167023
2857 6.990584840794048
2858 6.715471558101918
2859 6.67648408755754
2860 7.12444536321199
2861 7.28725340560319
2862 6.77773078802418
2863 6.882372940804656
2864 6.827001166389005
2865 6.776413266883127
2866 6.575746098701346
2867 6.652508567954678
2868 6.74195772115343
2869 7.12170614528631
2870 6.84160720754827
2871 6.9222313659027614
2872 6.752264652105765
2873 6.846087129806164
2874 7.262778994480684
2875 7.048637285475899
2876 6.906990505565605
2877 6.924178865055198
2878 6.85821842746661
2879 7.002736566416193
2880 7.086402590256343
2881 7.120059840416149
2882 6.913920692868354
2883 6.710293286145742
2884 6.959673653172073
2885 7.350550673054767
2886 7.058038367250706
2887 7.004898463841311
2888 7.176461768228519
2889 7.367264517290499
2890 7.372219246100164
2891 7.385659529733073
2892 6.795950411950065
2893 6.857393156424692
2894 6.992238897476152
2895 6.947613077288247
2896 6.600620212613784
2897 6.541583584166188
2898 6.959756106273745
2899 6.973859229259416
2900 6.657475185838026
2901 6.84317252136212
2902 6.7752329599208005
2903 6.859987990668025
2904 6.714317688151462
2905 7.139179904574169
2906 6.692080339843248
2907 6.7861863840071495
2908 6.816740633873187
2909 7.100968596814939
2910 6.879426816403606
2911 6.975075050193001
2912 6.867495054743403
2913 6.518049064095082
2914 6.870100203082589
2915 6.420976810237717
2916 6.317096738255152
2917 6.809978253775909
2918 6.572731309790565
2919 6.8935706120836535
2920 6.728824290633311
2921 7.033166624439107
2922 6.785783666601531
2923 6.632751652539951
2924 6.754710107185015
2925 6.690086797564875
2926 6.6994501515901055
2927 6.780306818660086
2928 6.910335345134062
2929 6.97449389065207
2930 6.7555045245944685
2931 6.724507643901861
2932 6.833034405076133
2933 6.702300882789358
2934 6.605491818402973
2935 6.864190384903342
2936 6.5798901252124535
2937 6.957401187868425
2938 6.698587549408032
2939 6.651589327305473
2940 6.757619942819991
2941 6.918808830886216
2942 7.2911015830018036
2943 7.222989735213993
2944 6.995218375130797
2945 6.952584727730517
2946 6.859940049842224
2947 6.82348509788239
2948 6.761232193270853
2949 6.944475658453208
2950 6.975869521876344
2951 6.742171469105838
2952 6.776468121471133
2953 6.99697417815038
2954 6.969265604659101
2955 6.604238849553141
2956 6.631554720672572
2957 6.771303022788277
2958 6.65617884716835
2959 6.7413194967730306
2960 6.511284668521731
2961 6.455808351566746
2962 6.673128800680537
2963 7.095529548870821
2964 6.672158067616514
2965 7.108339190476215
2966 6.523382352456782
2967 6.976194255155064
2968 6.828179209260132
2969 6.6220046869250115
2970 6.746235897830103
2971 6.885571291026236
2972 6.98293146473238
2973 6.675801978236436
2974 6.609971935897713
2975 6.959247724469552
2976 6.804371863954571
2977 6.890906409859392
2978 6.923025200256285
2979 6.648363561065103
2980 6.700118942971319
2981 6.804670702380671
2982 6.515006777493716
2983 6.577724261044255
2984 6.615434990339851
2985 7.3643513848973425
2986 6.692335285356002
2987 7.361181029973499
2988 6.702258887462026
2989 6.577787057060451
2990 6.614911197066273
2991 6.809266014650839
2992 6.866242627624823
2993 6.7643343679762165
2994 7.029404080974141
2995 6.998836370122154
2996 7.030002787451546
2997 7.12110986976021
2998 6.9520263791262735
2999 7.061898367861168
3000 7.067637389868409
3001 7.057367310318732
3002 6.816560036250155
3003 6.51106363745857
3004 6.793496932459425
3005 6.723932769825417
3006 6.891333238999539
3007 6.635892579327099
3008 7.026693302832125
3009 6.977071676119889
3010 6.163966190351024
3011 7.0714023250084175
3012 6.539956878399199
3013 6.835081025872946
3014 6.802470173373049
3015 6.978929620397784
3016 6.470942898563251
3017 6.616105765485218
3018 6.954974753442353
3019 6.815850815140672
3020 6.741450146904906
3021 7.065900958689243
3022 6.943279045147089
3023 6.6702550318652785
3024 6.808342319536235
3025 6.9941428327486435
3026 6.98971941706364
3027 6.8125164049935005
3028 6.4459526281110096
3029 6.771739488798348
3030 6.851650915130249
3031 6.7024057324469
3032 6.605993284311319
3033 6.455490205405077
3034 6.656110909981274
3035 6.903838831013054
3036 7.077021598362971
3037 6.8677204602498385
3038 6.662769405272625
3039 6.403601982555648
3040 6.779504890319999
3041 6.979620147245807
3042 6.798077024477795
3043 6.907163683306405
3044 6.802489272722721
3045 7.087858644790133
3046 7.022719430886067
3047 6.8224105102167885
3048 6.919429426893644
3049 6.60115953029532
3050 6.684961719617714
3051 7.12221906343971
3052 6.94375312533416
3053 7.194617254387832
3054 7.1684233014783425
3055 6.950548398149296
3056 7.0272880210345905
3057 6.831059666912189
3058 6.602581968190283
3059 6.562222301372197
3060 6.639679140082947
3061 6.892730092179096
3062 7.045343167650948
3063 6.800919878362738
3064 7.08983503471269
3065 6.557165266442284
3066 6.9064791814864135
3067 7.244756885682863
3068 7.386142826908135
3069 6.984836965208412
3070 6.981313368494092
3071 6.952528867675046
3072 7.168698707845866
3073 6.854613801031311
3074 6.866444083122153
3075 7.0147885610578005
3076 7.103167356753666
3077 7.056445540409378
3078 7.480368324243965
3079 7.442987690658669
3080 7.217480801629216
3081 6.734446032832526
3082 6.824724044799632
3083 6.959855683133473
3084 6.767761605417665
3085 6.638845584172494
3086 6.9762143464049275
3087 6.9647954457216645
3088 7.05526518850798
3089 7.095649022560907
3090 7.071165228883463
3091 6.8218858523459
3092 7.085368789535064
3093 7.00403935366646
3094 6.736995504435349
3095 6.748270421685291
3096 7.163515810809981
3097 6.601620116586501
3098 7.128627103670405
3099 6.599064682622607
3100 6.963520842662285
3101 6.879561574674759
3102 6.76070975920712
3103 6.985697999814481
3104 6.664820750581843
3105 6.954634079260727
3106 6.995782053622137
3107 6.731011796191002
3108 7.133706079356147
3109 6.925995431278791
3110 6.810711066127446
3111 7.22927583917982
3112 7.011588713620951
3113 6.759656065991238
3114 6.689613400131274
3115 7.1534924028243525
3116 6.703769922354554
3117 7.0909947061807195
3118 7.219404852074145
3119 6.860954833249285
3120 6.572261085944554
3121 6.7763692945837795
3122 6.9600171261388155
3123 7.063966876243838
3124 6.660215603129482
3125 6.996553209235494
3126 6.9772405851430905
3127 6.875270221649272
3128 7.0692337723975465
3129 6.821185083788941
3130 7.139150478465897
3131 6.902610674467145
3132 6.737876826613735
3133 7.124020195237917
3134 6.426304317187224
3135 7.051586468311553
3136 6.963962445059283
3137 6.750721582552498
3138 7.018351227100811
3139 6.729878481229954
3140 6.7983941164010835
3141 6.98794766620133
3142 6.8460046869366415
3143 6.5719392525810685
3144 6.93344446389404
3145 6.783728864623823
3146 6.640917607749141
3147 6.7520562791376095
3148 6.990073904497806
3149 6.898506435332492
3150 7.075039723190029
3151 6.867782084847455
3152 7.244721141864335
3153 6.7968283137185805
3154 6.787794536755639
3155 6.8388754724493745
3156 6.879120875764029
3157 6.8698178462558435
3158 7.053293227568448
3159 6.751788789743407
3160 6.976955414728316
3161 7.084162447976929
3162 6.827342639406436
3163 6.757510604616968
3164 6.816435401381721
3165 7.141157153145671
3166 6.987464082131272
3167 7.034821185999059
3168 6.881019493034929
3169 6.829856087772881
3170 6.938264364736827
3171 6.932696093210665
3172 6.925022808889062
3173 6.958828599761002
3174 6.774132917813099
3175 6.9638677662372235
3176 6.886541550728675
3177 6.985939785264097
3178 7.106817587193189
3179 6.488095081912604
3180 6.879795926549981
3181 6.824389060492555
3182 7.0592260272605
3183 7.076049854985442
3184 7.034501155109326
3185 7.080374877807046
3186 6.86916030142404
3187 6.8219758303333515
3188 6.833140136776261
3189 6.853334890274665
3190 6.929480695367808
3191 6.844928765934758
3192 7.120384646969468
3193 7.002383989176632
3194 6.585821474245227
3195 6.930140765085529
3196 6.846213590005663
3197 6.857541751978371
3198 6.600946711273937
3199 6.710818326077483
3200 6.6423247383405135
3201 6.855532411545074
3202 6.765851315970003
3203 6.515219581019689
3204 6.953529204863319
3205 6.792001699003354
3206 6.912846573827243
3207 7.449311781344785
3208 7.175430766435742
3209 6.940760906092918
3210 7.223534542271934
3211 7.0576113181289815
3212 7.062214895098461
3213 6.934125854753198
3214 6.965508771804108
3215 6.792295611536279
3216 7.465483145977264
3217 6.703703623569889
3218 6.730678818362451
3219 6.854946479305451
3220 6.833735858782647
3221 6.688292051728238
3222 7.170082903219927
3223 6.811865763460787
3224 7.008514389460014
3225 7.010713479075834
3226 7.141720694768561
3227 7.17802850616442
3228 7.0160336594848
3229 7.281122934223825
3230 6.918774036092374
3231 7.301550801231444
3232 7.083899475842334
3233 7.102601633094109
3234 7.348614262687919
3235 7.526816560158567
3236 7.222472616451899
3237 8.443130059913885
3238 7.410817727473005
3239 8.209062097632591
3240 7.765525918732789
3241 8.036553106146568
3242 8.517299477281645
3243 7.9420461567987894
3244 7.520825384043793
3245 7.4782936460716485
3246 7.092455458838979
3247 6.925065936591496
3248 6.96260991770538
3249 6.93616402410151
3250 7.283145420328628
3251 6.952178727146458
3252 6.95236990685639
3253 6.649610981451943
3254 6.755024805646745
3255 6.885923655346803
3256 7.249252637801121
3257 7.220596099836011
3258 6.942627616949311
3259 6.820608623938205
3260 7.248167025375536
3261 6.998120610460672
3262 6.930460750986599
3263 6.987656444743478
3264 6.90271693748711
3265 6.715921720005455
3266 7.009050552113284
3267 6.749518486467519
3268 6.902574688516979
3269 7.044352391522274
3270 6.841944580791672
3271 6.836290178840457
3272 6.861271639404094
3273 7.120134259917631
3274 7.1609225171142175
3275 7.205933550025222
3276 6.93963161450086
3277 7.3542288798287085
3278 7.402327194710616
3279 6.872452435726781
3280 6.676915158374194
3281 7.185095347580459
3282 6.832954586990404
3283 7.094552338844699
3284 6.552386904853611
3285 6.859561753835924
3286 6.654787615423102
3287 6.6363318269574565
3288 6.688008560796126
3289 6.91813975924729
3290 6.598307762596403
3291 6.8133101516778956
3292 7.082114615685575
3293 6.782227600554409
3294 6.570632371392609
3295 6.97988319763728
3296 6.716775205831587
3297 6.606898798396729
3298 6.874714502565035
3299 6.833869206440709
3300 6.5930502933639
3301 6.931786049641226
3302 7.160168489058896
3303 6.9944557369918625
3304 7.064470622643431
3305 6.804123264114928
3306 7.1905936835733755
3307 6.803774965305776
3308 7.158145738953904
3309 6.423092916054172
3310 7.062944793577401
3311 6.903903590407534
3312 6.926144690351838
3313 7.059627351155055
3314 6.9260396837639915
3315 6.937326491438518
3316 6.651618966246641
3317 7.066876560350819
3318 6.6489287606537975
3319 6.7718803559747025
3320 6.933307609510357
3321 6.717350861237124
3322 7.097171397249039
3323 6.653848819226186
3324 6.8910150695500185
3325 7.003667236243739
3326 6.925360956750033
3327 6.562266270904916
3328 6.636429353230704
3329 7.100257003350969
3330 7.1990636151287415
3331 7.332875420254018
3332 7.014293727515433
3333 6.975466093936899
3334 7.028133429586325
3335 6.89684291795806
3336 6.74530091090733
3337 6.754428656501033
3338 6.72639876742054
3339 7.001367538190968
3340 6.806155400741935
3341 6.755354512477072
3342 6.948644151158205
3343 6.738969846639789
3344 7.089280784396118
3345 7.012128830345164
3346 6.978781877684297
3347 7.015122710074524
3348 7.1045588515886875
3349 7.0038534624520885
3350 6.812630688053157
3351 6.772459306945947
3352 6.838942159918913
3353 6.894784233002798
3354 7.054796677390263
3355 7.265095687005441
3356 7.277342759539687
3357 6.6897262898263925
3358 6.878422548881432
3359 7.196393017630367
3360 6.707531008396132
3361 6.869942355261653
3362 7.027262214823318
3363 7.021975725487796
3364 7.050180681027685
3365 7.244793091616463
3366 7.202322753019969
3367 7.067563190475739
3368 7.11986433619625
3369 6.917371222699171
3370 7.1383752849170685
3371 6.885903249475158
3372 6.926201554561883
3373 6.952660423338535
3374 6.844807870758876
3375 6.725534899478318
3376 6.89184419530491
3377 6.9383529044653685
3378 6.707744649610033
3379 7.049030900946473
3380 6.985547854297998
3381 6.898655882519954
3382 6.795222085801679
3383 6.665123057940974
3384 6.765429715399627
3385 6.607685329307893
3386 6.373244703230045
3387 6.842728642221712
3388 6.927841778534541
3389 6.923770050012008
3390 7.172796314552617
3391 7.148185887865115
3392 7.119361681482149
3393 7.342207283965153
3394 7.055584053703038
3395 7.2267615117710395
3396 7.162311278426991
3397 7.120597121441243
3398 6.996282574418968
3399 7.514586397965551
3400 7.221456725966324
3401 7.374936128561923
3402 7.756031483276001
3403 7.314409980012894
3404 7.44094836464695
3405 7.374469555934714
3406 7.283627513486887
3407 7.263669906565204
3408 7.387265316070015
3409 7.7738320947040656
3410 7.487571372573837
3411 7.677769994019009
3412 7.532995325854827
3413 7.284186023789836
3414 7.607596236895218
3415 7.15589307857803
3416 7.114690614947757
3417 7.465701068328542
3418 6.778466677143614
3419 7.103238847202457
3420 6.795482734140296
3421 7.129034986608666
3422 6.96630782874709
3423 7.170353038505141
3424 7.23554765441203
3425 7.071754462100283
3426 6.971310478144455
3427 7.071286894056404
3428 6.998906323761059
3429 7.427872575368405
3430 7.036650145238333
3431 7.440302746907761
3432 7.371929791621002
3433 7.311872324242241
3434 7.255711127307009
3435 7.146349100070793
3436 7.070239190421529
3437 7.329422485837355
3438 6.838142323462755
3439 7.023377919704606
3440 7.083601648949865
3441 7.298408753068764
3442 7.263608805346321
3443 7.190113177565044
3444 7.227192458142767
3445 6.808089270122502
3446 7.193298600466831
3447 7.086930906787721
3448 7.243523203989656
3449 7.114895329939681
3450 7.124143734322855
3451 6.921805863749677
3452 7.074131100134994
3453 6.809461603992715
3454 7.024526605405782
3455 7.070968913504117
3456 6.9992291421488515
3457 7.293032267920814
3458 7.5418810477683
3459 7.314034367135602
3460 6.9188957478090565
3461 6.9958799765743205
3462 7.232489811517926
3463 7.11652362968494
3464 7.294309714620904
3465 7.122448354192754
3466 7.020653228839066
3467 7.17910637156615
3468 7.360819544828251
3469 7.083439944218472
3470 6.934344989073913
3471 6.793518870799547
3472 6.618043963177802
3473 6.982516747078983
3474 6.606645659487254
3475 6.761763991360672
3476 6.728732841062532
3477 6.967496058255129
3478 6.999937558593767
3479 6.760053745176488
3480 6.921336694033143
3481 7.085731173455418
3482 7.016813987028012
3483 6.857060614584686
3484 7.0499814362544555
3485 6.92799349285089
3486 6.735024568069088
3487 6.678173269437942
3488 6.9275427858730065
3489 7.136492407586279
3490 7.229900651747076
3491 7.048822071786717
3492 6.750497580074834
3493 7.154542812633118
3494 7.089783067696937
3495 7.021906967653864
3496 7.040760402821416
3497 6.403425096821006
3498 6.781452933073757
3499 6.514918472993516
3500 6.915841396211348
3501 6.795694046352026
3502 7.243788655641086
3503 7.076845330384196
3504 6.962597269650223
3505 7.1112823766901405
3506 6.863989045080084
3507 6.829400775402201
3508 6.6401812096455295
3509 6.8688882129044595
3510 7.043398863372656
3511 7.393536512559547
3512 6.926083483122681
3513 6.92051929376525
3514 7.04685880954846
3515 7.12105870348465
3516 7.2653689540988715
3517 7.047943763931579
3518 7.156629321567876
3519 7.058000830511781
3520 7.004174353838479
3521 6.966386681109359
3522 7.065631428543179
3523 7.025578191911009
3524 7.244908339122017
3525 7.36260241268873
3526 7.347616489160298
3527 7.180661100133459
3528 7.377277937602213
3529 7.106999598514267
3530 6.967245661116344
3531 7.2102068804372
3532 7.277767976956081
3533 7.227119040249854
3534 7.390805663502423
3535 7.02246558286663
3536 7.0163230207352605
3537 7.095116186138628
3538 6.99302160450411
3539 7.148135124434196
3540 7.190685061402417
3541 7.050832778446665
3542 6.701796897881427
3543 6.6044340243559345
3544 6.633877285753163
3545 6.806098656179772
3546 6.782006556699356
3547 7.025977195157835
3548 6.788440142326836
3549 6.778150094422363
3550 6.944517614014115
3551 7.221346451415674
3552 6.95242621967422
3553 6.930046738492709
3554 6.802306791259078
3555 6.996150558673462
3556 7.531651897094432
3557 7.100310367356229
3558 6.911117882734223
3559 6.813873048516986
3560 6.850176005684745
3561 7.0030036916267715
3562 6.609588922490767
3563 6.740803557151101
3564 6.682649240910801
3565 6.900407439807729
3566 7.1460848716249075
3567 7.091192685869276
3568 6.807723728518749
3569 6.974575503330227
3570 6.907256665921465
3571 6.84488400199939
3572 6.562373529474491
3573 6.866195909480226
3574 6.335185475425323
3575 6.5350989419698315
3576 6.803853565071344
3577 6.451985238483616
3578 6.502527201834226
3579 6.2006014573622465
3580 7.041068863227486
3581 6.782335523753765
3582 6.335406479283432
3583 6.923798487339857
3584 6.894053929050617
3585 6.63300345639026
3586 6.881271731900038
3587 6.528317800496424
3588 6.7245760498166804
3589 6.662711949944198
3590 6.921335374965928
3591 7.319468824926983
3592 7.034655262383359
3593 6.654927159842312
3594 6.708172175091877
3595 6.790082513463894
3596 7.040036845626884
3597 6.718662656892125
3598 6.8418986456096675
3599 6.600163233458984
