0 3.9867439769879365
1 4.360680097736257
2 4.277100946626741
3 4.14657292370462
4 4.366819151934199
5 4.36299069423489
6 4.539246181690592
7 4.069857115163883
8 4.222229734070005
9 4.177441326118333
10 4.4408435970154345
11 4.297655318639164
12 4.309591141361102
13 4.422788053681643
14 4.195407771054084
15 4.395961957130449
16 4.18316403500029
17 4.194576326368957
18 4.4454127302437145
19 4.3143702835981905
20 4.098869572777532
21 3.9651905782745467
22 4.123212436080178
23 4.144185666054927
24 4.217357038877187
25 4.399294369193953
26 4.3479709364229135
27 4.44478877507711
28 4.2268216746144
29 4.321788311987807
30 4.330664786971718
31 4.09639449183434
32 4.315728031941161
33 4.382264922805204
34 4.675117892777233
35 4.754710501529718
36 4.808238225968703
37 4.631417593600341
38 4.283832037179491
39 4.843875482586428
40 5.049059922390566
41 4.9254483367778015
42 4.967698774993381
43 5.190195712282993
44 5.408886884990481
45 4.511296547069417
46 4.060064805010359
47 4.402177264312994
48 4.22271596590782
49 4.350165898202146
50 4.322567779349019
51 4.445243531067339
52 4.434046480168478
53 4.72739054846958
54 4.125264818877419
55 4.451030074045804
56 4.451438036108314
57 4.695379168683622
58 4.461748001815305
59 4.162907305807525
60 4.248212531969807
61 4.254451252711069
62 4.596449045436587
63 4.634882791340882
64 4.282634207757328
65 4.388096946812388
66 4.308648387311461
67 4.174638547701604
68 4.287924029937262
69 4.423021780306901
70 4.079778976339558
71 4.263484683423779
72 4.3490951093549555
73 4.180864643801305
74 4.039136073197346
75 4.198877769544715
76 4.216655982038396
77 4.5139320864322485
78 5.099716744100034
79 4.274604359947591
80 4.666149954368684
81 4.691891529230793
82 4.917393533001752
83 4.927240040268789
84 4.059074705467215
85 4.533617518299505
86 3.9547924017062583
87 4.03564514297082
88 4.738916462421957
89 4.596386286846352
90 4.497470324688677
91 4.80126207608893
92 5.6918398430919765
93 5.127446144266689
94 5.5110892311102
95 5.28150505433376
96 5.284080499482037
97 4.52048605175193
98 5.060354805875749
99 4.736845943072685
100 4.316405860933024
101 4.231136749692704
102 4.203899950863894
103 4.416086080779662
104 4.108512120840768
105 4.1632140338097905
106 4.03766083112871
107 4.059256154028963
108 4.490150252975463
109 4.111329011581637
110 4.07837646040379
111 3.9718815665831175
112 4.027760703334589
113 4.307521254510353
114 4.212519233712986
115 4.3387412347272925
116 4.33132024258081
117 4.099441406537577
118 4.404334618854805
119 3.9937522102586893
120 4.557765435513412
121 4.386823594973612
122 4.311823264141186
123 4.601950536943705
124 4.29237515767211
125 4.415631455160169
126 4.423752790012062
127 4.1383876771779065
128 3.988489783205673
129 4.142004099418669
130 4.031391708154305
131 3.699660882383571
132 4.089619615260274
133 4.296565733353704
134 4.4779123759876045
135 4.279775989549146
136 4.080379680680359
137 4.148907788412898
138 4.103507715549125
139 4.090405748479925
140 4.076511041729226
141 4.179979572813492
142 4.152375299665067
143 4.204504011385763
144 4.3036976377740475
145 4.152726816629221
146 3.8930217364121305
147 4.233726430284901
148 4.335968944854253
149 4.496120436359995
150 4.726746855474247
151 4.77620542418335
152 4.231772436779166
153 4.049289581139573
154 4.112173624081856
155 4.441079792814641
156 4.306284869042368
157 3.97498368001646
158 4.733809587315117
159 4.500427400100664
160 4.74006604998673
161 4.80674871539566
162 5.0337388397772145
163 5.107269034610503
164 4.6917014410509195
165 4.434374382870319
166 4.063541321143104
167 3.971429294415849
168 4.6629305769446745
169 5.276761007962694
170 4.514437337667322
171 4.843873597307073
172 5.261073395926656
173 5.480238991711773
174 5.1877620586681825
175 5.176360054234894
176 5.254118205570802
177 5.426988511482767
178 5.143478144433094
179 5.373305482973449
180 5.474071651878131
181 5.497860638909494
182 5.389353821539946
183 5.474069141189651
184 5.177425067935113
185 5.416783166297069
186 5.310271432553384
187 5.218810452855527
188 5.4092646880833115
189 4.65111834561845
190 4.614739405851821
191 4.9541388579573065
192 4.295638775734895
193 4.61446302669356
194 5.134472603412869
195 4.9719861353398835
196 5.104329680305592
197 5.508704774586317
198 5.16547578474816
199 5.385480281512732
200 5.878220392366118
201 5.318897011893228
202 5.432704461486137
203 5.479782101527769
204 5.25759686830344
205 5.090094174824765
206 5.556941228102468
207 5.513039220968008
208 5.294974420655987
209 4.895067833480969
210 4.875919915243855
211 4.694925669509751
212 4.642439929167382
213 4.809201486461897
214 5.133285480196879
215 4.7765221516930865
216 4.784400491270561
217 5.296322161058788
218 5.0325201435510785
219 5.160293244693229
220 5.3799712319482795
221 5.026822481170863
222 5.31406439012217
223 6.015917977882349
224 5.715414857086717
225 5.239438974591678
226 5.077650961471168
227 5.1865609231748175
228 5.004575192674473
229 5.337580345792606
230 5.030112822584106
231 5.426553607852782
232 5.356721054184669
233 5.218743049790157
234 5.731360138298603
235 5.55050723934288
236 5.952803883599436
237 5.953806571591008
238 5.479545772719901
239 5.247337933619356
240 5.521956857604359
241 5.0507731752154434
242 5.3006930844530205
243 5.430873177079757
244 5.268260342460631
245 5.527794610021261
246 5.5143923332259055
247 5.63494321210316
248 5.93435546674045
249 5.39944655096756
250 5.724240691970986
251 5.287435976685324
252 5.635832601624652
253 5.759505522768248
254 5.60408197149306
255 5.927937292589871
256 6.037873824145522
257 5.573727848719022
258 5.545881667383411
259 5.926224525562654
260 6.028169793972221
261 5.680003568272429
262 5.838120980270587
263 5.684169543856919
264 5.706831186110495
265 5.669807294200863
266 5.407430930216347
267 5.746698106583614
268 5.8935541405057545
269 5.568663874066671
270 5.887667212052356
271 5.790405032939319
272 5.809856231651972
273 6.309926559607748
274 6.118921445214732
275 6.3438884973320375
276 5.0044167367377845
277 5.1861511140207
278 5.744261759708758
279 5.831610357165451
280 4.795901834315383
281 5.240511793888669
282 5.646356718740211
283 5.588648093054161
284 5.362388455944291
285 5.204285427289369
286 5.191519849083591
287 5.637010355577499
288 5.881691681864959
289 5.2269695135746375
290 4.97678980663704
291 5.652419212961293
292 5.092388699565984
293 5.350605589015907
294 5.41196726630727
295 5.165267059169268
296 4.723294349408463
297 4.9215575019915825
298 4.717939265783586
299 4.76232166104019
300 4.875360072960041
301 5.31984164205415
302 4.724118306031494
303 5.613547232273439
304 5.18268760457173
305 5.498577980087753
306 6.103769357366437
307 6.327339143629561
308 5.080810766492593
309 5.000573314747611
310 5.181578938177398
311 5.6014620449800265
312 5.9887544855089
313 5.376803290587218
314 5.2932969990654355
315 5.138493457335146
316 5.089169377218202
317 5.191950827350735
318 5.126635801003643
319 5.055388279768101
320 5.324204451733107
321 5.026365628886668
322 5.128465985489052
323 5.468754559575808
324 5.407041963949797
325 5.084442570753947
326 5.326802742493616
327 5.649306903932656
328 5.710854001480246
329 5.708988037926082
330 5.1388874420899056
331 5.372036483592015
332 5.961080832723652
333 6.055294925116441
334 5.745420971582309
335 5.9170608214212645
336 5.801426869056514
337 5.6206740553083625
338 5.970367331511877
339 5.7650027919926154
340 5.65141938900352
341 5.713202359123655
342 6.051679282470196
343 5.872664628218043
344 5.319517801225461
345 5.572781808805549
346 5.830999828029914
347 5.828095180622559
348 5.886333727016281
349 5.426003018423356
350 5.6217836331675795
351 5.614034702323469
352 5.896238280256247
353 5.727878365703717
354 5.884805130562587
355 5.396830485539694
356 5.690780764737486
357 5.4169602713809395
358 5.269614252527894
359 5.685208506380078
360 5.348302081988985
361 5.589549772767251
362 5.4570811909070756
363 5.518557608122866
364 5.543524237429703
365 5.552987890044382
366 5.459006408346466
367 5.746578859301415
368 5.889972899941845
369 5.865485857015031
370 5.673840898729383
371 5.9140333225676835
372 5.452554607569468
373 5.669236834116396
374 5.749967017197408
375 5.744983851236536
376 5.447229495982391
377 5.458021691900385
378 5.89539037904431
379 5.4228048691934125
380 6.009829914083663
381 5.926082942471307
382 5.42202804865487
383 5.688064483723077
384 5.554674706434588
385 5.868406243108135
386 5.537853339930916
387 5.72264215019656
388 6.16262663787453
389 5.7159509235144785
390 5.608596357715577
391 5.757311839480624
392 6.028284129542913
393 5.976657778156969
394 5.885840865798372
395 5.7204440065907
396 6.095107055272818
397 6.266623315669198
398 5.832671088561821
399 6.055604923332138
400 5.896176767312296
401 6.083725375230641
402 5.480519731876495
403 5.450188968758987
404 5.784825124886512
405 5.403669234156044
406 5.871617278273523
407 5.393777134019177
408 5.402971626148399
409 5.380062516411113
410 6.246623045605901
411 5.7433442354416995
412 5.525695380979269
413 6.9027862362263
414 7.019301959890708
415 5.9253753405856315
416 6.179648222334479
417 6.013183821634175
418 6.465035607343195
419 5.778421252924855
420 5.3609911277164
421 5.481691569075959
422 5.251658036643503
423 5.483045796046973
424 5.2488927330174
425 5.257244671212947
426 5.6544750980794545
427 5.167605171067403
428 5.185969379858714
429 5.534459476949185
430 5.4393885932534625
431 5.320734224581883
432 5.587142019870521
433 5.462903664034654
434 5.12512765759596
435 5.336530555803172
436 5.58228537177864
437 5.195802338189025
438 5.454752460478372
439 5.361889613620841
440 5.701225045919412
441 5.645423110212799
442 5.76091124646739
443 5.289128295937716
444 5.44586465900137
445 5.54838055522357
446 6.097854729000824
447 5.695018438437836
448 5.752983137275827
449 5.995646278490461
450 5.630319272301129
451 5.438429846502979
452 5.363497180290409
453 5.24890249555833
454 5.647338213538926
455 5.616588869844611
456 5.472979177123317
457 5.906836316621174
458 5.681637934328086
459 5.920539362234365
460 6.0684416740966265
461 5.755600904195842
462 5.524125126431119
463 5.709772687725786
464 5.654984364363357
465 5.956020191403293
466 5.500701442414036
467 5.262706375293894
468 5.349807501391065
469 5.6464768348585705
470 5.7987214220965475
471 5.937639938094042
472 5.7821561669057475
473 6.127830229080461
474 5.556137013412593
475 5.99196109426708
476 5.981726348981255
477 6.528154558250917
478 5.777044307263535
479 6.235717659487653
480 6.189779099147507
481 5.891461397402869
482 5.6121496964725015
483 5.641116792021107
484 5.825476185968238
485 5.814661917331477
486 5.3156296346522405
487 5.7841951637909075
488 6.475064488859114
489 5.864781059458166
490 5.543313556124473
491 5.741724755862416
492 5.51813348331742
493 5.861968866868428
494 5.950346011628098
495 5.889801477973413
496 5.5258734076579685
497 5.831737031303183
498 5.376858215470525
499 5.889148893199773
500 5.6223145750862376
501 5.672642610542506
502 5.264244933475194
503 5.712533361230888
504 5.545364308607058
505 5.391145781671233
506 5.974866347646965
507 5.879024575529853
508 5.762336318145226
509 5.973636908197365
510 5.380225775949278
511 5.7217238456428134
512 5.649954060559836
513 5.446569001398387
514 5.453745708061003
515 5.696389893560782
516 5.984933798932768
517 6.017068473766468
518 5.463534900067824
519 5.875122449044917
520 5.860460386128939
521 5.335471252787564
522 4.905385343066822
523 5.009326458562282
524 5.425191082661763
525 5.424438488644208
526 5.213548184120115
527 5.302302815408492
528 5.067375599908289
529 5.105699695901544
530 5.003022410802577
531 4.5755885019049645
532 4.673321825062169
533 4.751086693183322
534 4.993221057620114
535 5.304557787340226
536 5.159920628695684
537 5.284564289274373
538 5.129514459225359
539 5.48242604351832
540 4.871697017155011
541 5.108994931976363
542 5.156844296553446
543 5.511536177587877
544 5.150101801339876
545 5.445928032178791
546 5.585814979526134
547 6.056377919842666
548 5.855830827897204
549 5.828689609045562
550 5.593334223734432
551 5.331687494758953
552 5.3333742919435405
553 5.35065976527826
554 5.3880360662571585
555 5.485501317726644
556 5.330533722023522
557 4.819982006459372
558 4.826245390794418
559 5.650258149638476
560 5.847904412355936
561 5.498545546607621
562 5.376511092780537
563 5.3582431440200695
564 5.860491554032305
565 5.866499229974688
566 5.530078528656415
567 5.7960781045061704
568 5.619774483063967
569 5.613237610878485
570 5.9232792460027825
571 5.768758993499533
572 5.612707489351734
573 5.962394266103169
574 5.828478791330327
575 5.826435074521182
576 5.8628189131171515
577 5.878974808550201
578 5.917141865356298
579 5.762678246858717
580 5.658349946057616
581 5.620432493730417
582 6.037970642057976
583 6.026793226504651
584 5.681802678634734
585 5.710952045568951
586 5.798544793699257
587 5.403900061675624
588 5.971821849549443
589 5.537410125229377
590 5.632873492187029
591 5.81158370741294
592 5.662795359371109
593 5.468559420511874
594 5.866603323734938
595 5.383012815471593
596 5.46341612631232
597 5.58239411274765
598 5.710357649475963
599 5.364212274969917
600 5.998252892685767
601 5.726970845892536
602 5.445968754139106
603 5.407989508832558
604 5.69190465427693
605 5.472950666664517
606 5.360843926095914
607 5.586923145397374
608 5.566255920882007
609 5.596330937420025
610 5.472804587658071
611 5.536354709788713
612 5.552358432579826
613 5.7994928665417245
614 5.546022367230025
615 5.425036567835253
616 5.171908831810297
617 5.638733203694218
618 5.240522648734482
619 5.597882549522511
620 5.277415780020655
621 5.699505364354122
622 5.396419044271165
623 5.507200582514679
624 5.4616826331445285
625 5.264969250836249
626 5.4924342717424945
627 5.5857042192733575
628 5.501666942241913
629 5.322295486179738
630 5.738487565026513
631 5.531443109436922
632 5.324711316959221
633 5.50779706608556
634 5.7332389512065545
635 5.585244384640427
636 5.462935211530215
637 5.797540244345552
638 5.231392329279997
639 5.577125522586638
640 5.732696583349845
641 5.449931974422832
642 5.361631037396165
643 5.753124079574674
644 5.690956557041206
645 5.726148092735724
646 5.9947971136330915
647 5.440863821329431
648 5.512088623986885
649 5.311323211669725
650 5.571204934908404
651 5.206614768057114
652 5.356452261041775
653 5.836518844542189
654 5.516223351369968
655 5.598249744642548
656 5.752408229049685
657 5.3313884073828115
658 5.655473793516244
659 5.726475525117803
660 5.456574964854623
661 5.266639162560235
662 5.391552270207298
663 5.664809251872047
664 5.402446597061197
665 5.795191906834121
666 5.612795908542868
667 5.7078829776912965
668 5.5186905088353955
669 5.319089262354239
670 5.615360913488599
671 5.429834444976047
672 5.557314763760167
673 5.681393071321966
674 5.316905440700985
675 5.362401045653752
676 5.591724956274527
677 5.846828204900225
678 5.625133970844744
679 5.178782877976252
680 5.698046907244435
681 5.778360723413595
682 5.725701580012802
683 5.7263170429577945
684 5.685216528455972
685 5.320383678836798
686 5.572710794984046
687 5.540978812923002
688 5.5184389672864995
689 5.660189257789939
690 5.34154764671883
691 5.547707789928325
692 5.35295666598766
693 5.398813442708764
694 5.57385532584924
695 5.668677038962452
696 5.434233346027239
697 5.3870201186867925
698 5.183213154936744
699 5.419549678227992
700 5.790204208526829
701 5.583589119563689
702 5.864977102776042
703 5.675139237099644
704 6.2268145600879015
705 5.609782975186911
706 5.43903518993
707 4.821288302936866
708 5.528501810427137
709 5.636354331387377
710 5.147719881807444
711 5.224678367512858
712 5.540011504452357
713 5.490533488120969
714 5.24051479677711
715 5.153020466833925
716 5.168048835277954
717 5.35715261201396
718 5.017245375579531
719 5.391794268962357
720 5.177025044377474
721 5.219635762725462
722 5.354907529350256
723 5.465977210242787
724 5.213502374711325
725 4.88191447070556
726 5.525976088369464
727 5.133170494095404
728 5.441715361880871
729 5.371287241253285
730 5.560745884626249
731 5.278357830491556
732 5.207554356644103
733 4.783886499088854
734 4.936297981679744
735 4.789825860297552
736 5.2793653674729955
737 6.217892979066837
738 5.669338653139085
739 4.728667558666262
740 5.076643617733988
741 5.364989281856774
742 5.132764667190226
743 5.273359600879516
744 5.355344926011518
745 5.427632497997923
746 5.5081920912603355
747 5.348025328687349
748 5.353400543499213
749 5.806093268692405
750 5.675360879144358
751 5.628474198535831
752 5.296878442333863
753 5.422759711776356
754 5.358746575101355
755 5.042894812863337
756 4.974656474312998
757 5.35775622948154
758 5.248253344979496
759 5.021800468095727
760 4.996484436106443
761 5.319509294524676
762 4.944788217069551
763 5.25285834466997
764 5.374630545910568
765 5.277760761748379
766 5.255130499125637
767 4.964569336294501
768 4.96163573681643
769 4.797227038695122
770 5.33571801267637
771 5.130742615411152
772 4.962230342311899
773 5.0498288034593095
774 5.2311270082526375
775 5.361182072048037
776 5.45603295311613
777 5.344818696723637
778 5.56081117491783
779 5.460591129158924
780 5.403793822249248
781 5.513448811094292
782 5.381793064209194
783 5.03896024027527
784 5.139441923434314
785 5.053777254718133
786 5.450319196484014
787 5.2489192224999766
788 5.081980999487276
789 5.108936332821649
790 5.163210635374888
791 5.014027541407287
792 5.1660756646459
793 5.594727573307285
794 5.2451928659618705
795 5.1627802500466204
796 5.209114767260249
797 5.314314277055846
798 5.688332265241699
799 5.104707503715166
800 5.314679172055591
801 5.463719482650674
802 5.127137878859086
803 5.465792953882793
804 5.388523145114505
805 5.391906222097304
806 5.156925458575376
807 5.58127771151713
808 5.492695212232464
809 5.4708035290500465
810 5.439568287862508
811 5.683708436711624
812 5.655406273826425
813 5.327759915747987
814 5.4994290130587595
815 5.6458359648412895
816 5.363919822899298
817 5.242511172336058
818 5.395679624421425
819 5.430625583492844
820 5.57484591582927
821 5.3200229861683335
822 5.3149039225641825
823 5.6252620564234945
824 5.593112976197704
825 5.633409344303273
826 5.710007955898973
827 5.615776595722737
828 5.7953684818965385
829 5.385672895688613
830 5.225919419930452
831 5.331098338342124
832 5.735196577660806
833 6.436490053495591
834 5.392273681449688
835 5.595140958306353
836 5.591469340999686
837 5.888397161632899
838 6.1183172847054905
839 5.888148412522617
840 5.611106185865871
841 5.557150313200463
842 5.53547954540113
843 5.693736570693513
844 5.962161795710703
845 5.11421230133973
846 6.3856167456334765
847 5.992074659733208
848 5.706811123280836
849 5.8068610805268035
850 6.078783372341406
851 6.067289541116391
852 5.957993045958595
853 5.526679638924894
854 5.914517866797484
855 5.728908201702878
856 5.766189105086396
857 5.729568264982938
858 5.679977225966494
859 5.691445616119637
860 5.965159502331751
861 5.624773999323387
862 5.902031840941407
863 5.710383650867009
864 5.3847079622806975
865 5.902666435488554
866 5.906465295251005
867 6.0207713746467
868 5.955146310571667
869 6.21314134385591
870 5.6271961817983405
871 5.980383080865781
872 5.7540618883770565
873 5.3715166105001675
874 5.5597413978246655
875 5.627773593099475
876 5.625403284030117
877 5.712784863781067
878 5.77840358824636
879 5.932093528937016
880 5.604878432217661
881 5.8033863230487
882 5.612069635620155
883 5.546415141056325
884 5.562946740817996
885 5.663045413223878
886 6.093793127589457
887 5.9874799228747895
888 6.12677868734979
889 5.690184589919676
890 5.841185973016918
891 6.1652508806319455
892 5.6431367779912955
893 6.225458467444005
894 6.0769813689503165
895 5.555011950689035
896 5.989057517488983
897 5.786888852131128
898 5.640249762361155
899 5.804602468635039
900 6.05259959544882
901 5.778058799308372
902 5.741099123807891
903 5.913956024350511
904 5.9461886364119305
905 6.182065929774208
906 6.002313756618308
907 6.24443998980095
908 5.846011771192069
909 6.050925450788608
910 5.645622015724665
911 5.528112609058398
912 5.85258988207554
913 5.5985378976195666
914 5.779402913947224
915 6.114520908653639
916 5.457816837155205
917 5.996073720347756
918 5.379636423340553
919 5.867109532920136
920 5.715783818887276
921 5.704518793682153
922 5.830445235873364
923 5.64277693596302
924 5.749097191375179
925 5.944216947005946
926 5.390443604503045
927 5.75038019526394
928 5.539748161473975
929 5.789463370534271
930 5.909610111211924
931 5.9119952357399415
932 5.894426119164325
933 5.588949283509327
934 5.611390760884133
935 5.864418734317907
936 6.1266283304709575
937 6.028139006089675
938 6.0439103090186
939 5.809250842974232
940 5.642000190257356
941 5.791312609444922
942 6.0284519307678766
943 5.627985157128742
944 5.718281543277799
945 5.894000141373063
946 5.743882055332011
947 6.176615353773158
948 5.8238460638127165
949 6.137002347257235
950 6.2133695730122565
951 5.582078861706124
952 6.23285600604499
953 6.113498125822675
954 6.016165462499667
955 6.580056311949333
956 5.835117758974241
957 6.462450341860701
958 5.767916407058298
959 5.9103692925410325
960 6.64534537393345
961 5.957166274313554
962 6.063753197706998
963 6.075484052851419
964 6.011595409334251
965 5.880501670576992
966 5.762740232758336
967 5.6480126621747
968 5.793493209005725
969 6.477049639042211
970 5.94345554361323
971 6.084375462295749
972 6.053158375973288
973 6.0707862990794235
974 5.61790500001985
975 5.6149620974824845
976 5.866429964543211
977 5.994414291163272
978 6.192343430743934
979 5.945243740575162
980 5.907336726731466
981 5.886715941028751
982 5.79853575413494
983 5.737848236547122
984 5.972379443991724
985 5.613460039749064
986 5.865664795334441
987 5.929972387655554
988 5.808717765469122
989 5.85199951210428
990 5.777781407771893
991 5.758464432947189
992 5.838624086276469
993 5.741563835465841
994 5.550701506700424
995 5.813068657711301
996 5.635157661015184
997 6.025476685485992
998 5.791245734268269
999 5.829390305618353
1000 5.743310387263468
1001 5.801689596753626
1002 5.7785899545958195
1003 6.133015253449141
1004 5.821265526825123
1005 5.878240671761504
1006 5.864346272037305
1007 6.1707965706105234
1008 5.806972152608643
1009 5.744936789772425
1010 5.828532881847004
1011 5.615668441423543
1012 5.895235098708759
1013 5.775029923283335
1014 6.229766502807318
1015 5.714074633798281
1016 5.904755173480659
1017 5.729869052382376
1018 5.678019856806384
1019 5.827500693561607
1020 6.060885074535165
1021 5.88786197789328
1022 5.509259809314234
1023 5.663138081687082
1024 5.708161332185106
1025 5.878226012717371
1026 6.031806606059872
1027 5.999000333507251
1028 5.9568144692996565
1029 5.9311401297391875
1030 5.038518663380754
1031 5.694683443948869
1032 5.926527762745323
1033 5.551718763892046
1034 5.9182741867266975
1035 5.8889397434091935
1036 5.757536927106576
1037 5.445392549424044
1038 6.031139757338388
1039 5.672739697142596
1040 5.5445614936400895
1041 5.529157106789359
1042 5.734880830651685
1043 5.8322565600731755
1044 5.610848062020013
1045 5.316443727985369
1046 5.480997627689466
1047 5.850693816486553
1048 5.99767238760802
1049 5.948195982744357
1050 5.756993476999059
1051 5.745196121788949
1052 5.795869476667813
1053 5.501595064776912
1054 5.750059945105121
1055 6.035758638326395
1056 5.944987164309324
1057 5.604149415855375
1058 5.6426328261848395
1059 5.462906214020148
1060 5.782702644225024
1061 5.283732947279949
1062 5.801646928902524
1063 5.806382545361119
1064 5.797033945129775
1065 5.483796230761487
1066 5.5982595378193905
1067 5.551777770817069
1068 5.404530476465475
1069 5.652063286631965
1070 5.931823115171309
1071 5.889009871250623
1072 5.4604541825110235
1073 5.66579781459566
1074 5.620321095467676
1075 5.672342634050069
1076 5.602831843320098
1077 5.782301214420707
1078 5.605355431632236
1079 5.7621134695568745
1080 5.899341688618421
1081 5.649636502804693
1082 5.644267723207039
1083 5.370130515884897
1084 5.551659405096697
1085 5.732736503633534
1086 5.949224442665409
1087 5.780491903879618
1088 5.521114149808027
1089 5.806768456427997
1090 5.765688081961362
1091 5.514995001841398
1092 5.509137237815625
1093 6.0241377953474995
1094 5.939489397978704
1095 6.021341769073051
1096 5.807618771469477
1097 5.6101183160595225
1098 5.924425550122983
1099 5.778759324742894
1100 5.724832460829513
1101 5.601494116292603
1102 5.621511025636299
1103 5.585928219807656
1104 5.895057659681507
1105 5.6122588871447805
1106 5.943011958765702
1107 5.656568264307028
1108 6.003609286554109
1109 5.613446306581316
1110 5.653010081431229
1111 5.67932447648262
1112 5.731497704296778
1113 5.928654254418536
1114 5.585163430826008
1115 5.807234690329506
1116 5.796836114034724
1117 5.684567682927382
1118 6.006869558653401
1119 5.816323892434078
1120 5.706423848129218
1121 6.027741208352532
1122 5.736755405290196
1123 5.768544698147035
1124 5.864337073365308
1125 5.918879120620043
1126 5.764557085039995
1127 5.442299366963411
1128 5.8109484090244745
1129 5.791071973471936
1130 5.819619585447655
1131 5.853325659456576
1132 5.390784967297594
1133 5.496347650049243
1134 5.830592482646488
1135 5.646248963247595
1136 5.132049586508073
1137 5.6735666075576425
1138 5.454148886714513
1139 5.506535898594417
1140 5.396462786733048
1141 5.56842268312872
1142 5.658114036688655
1143 5.452850672696231
1144 5.7570927521101005
1145 5.3996971883728575
1146 5.803859366287418
1147 5.817801593744097
1148 5.8829975905624385
1149 5.847049443213916
1150 5.578520707175872
1151 6.064401205834901
1152 6.0560377507049745
1153 5.920813125122857
1154 6.219848301510095
1155 5.852714932909679
1156 5.819972820777398
1157 5.939976704019247
1158 5.752510040744445
1159 5.443701254381644
1160 5.4864821369967425
1161 5.808178914198455
1162 5.766247923303186
1163 5.784074460961992
1164 5.724756726947667
1165 5.670080507852693
1166 5.939125719805677
1167 5.683009183270636
1168 5.773367469995775
1169 5.923646005780385
1170 5.666368095463627
1171 5.915933915651298
1172 5.665735943157438
1173 5.469775067448733
1174 5.757277358714049
1175 5.504685342283885
1176 5.922337047458373
1177 5.93496496151794
1178 5.522707517842476
1179 5.859442115392189
1180 5.627526560381915
1181 5.894148735923258
1182 5.863829207685432
1183 5.907884825905707
1184 5.84792350875764
1185 5.682107647952709
1186 5.8512114638984905
1187 6.048119860394182
1188 5.339398814127153
1189 5.733882541888966
1190 5.48600479988957
1191 5.772662639154698
1192 5.739320484088713
1193 5.5264731876361575
1194 5.731114875380516
1195 5.962176142196376
1196 5.726715423487079
1197 5.704443144001284
1198 5.36649086890669
1199 5.837877251425282
1200 6.002097390927005
1201 5.796139356335325
1202 5.750445735475624
1203 5.335117126482048
1204 5.971184886527826
1205 5.620521683924105
1206 5.6214404821571105
1207 5.600313870521575
1208 5.869523892618179
1209 5.786644270407648
1210 5.805233302081869
1211 5.176781443993028
1212 5.596629171670274
1213 5.674782714061356
1214 5.415709536845471
1215 5.685742444312763
1216 5.5548458920150905
1217 5.53567281891595
1218 5.600223590868204
1219 5.666415171089835
1220 5.6227659336923095
1221 6.1172099224117975
1222 5.8220538393765295
1223 5.652717643131074
1224 5.73564864122972
1225 5.637316294933871
1226 5.806427145840784
1227 5.949060702780172
1228 5.142205288149812
1229 5.521189628988579
1230 5.672358734458736
1231 5.560070120227095
1232 5.806010614360515
1233 6.150621722532762
1234 5.821235112031124
1235 6.093641793815473
1236 5.869280701738308
1237 5.8750591168713635
1238 5.614523452380349
1239 5.552390172201867
1240 5.798138814895257
1241 5.977580792793417
1242 5.897438483844926
1243 5.931064795278458
1244 5.790944163922568
1245 5.678655558660616
1246 5.525968177721419
1247 5.939457435219969
1248 5.988868456378599
1249 5.961267010142373
1250 5.8803835317605815
1251 5.759164674989625
1252 5.692488810132063
1253 5.968675438399961
1254 5.63734294612879
1255 5.810315880492611
1256 5.798082642106054
1257 5.874790856534695
1258 5.615342422773835
1259 5.919769731892723
1260 5.428015111505563
1261 5.829055574323916
1262 5.751607670394807
1263 5.656885880680957
1264 5.688730182158016
1265 5.668792681343263
1266 5.439244447802914
1267 5.91977773138804
1268 5.629431656208443
1269 5.792061628291297
1270 5.652345576709533
1271 5.560350225484292
1272 5.913184043922078
1273 5.97421368459384
1274 5.842258398424827
1275 5.860340377089658
1276 5.615665572004239
1277 5.775377243452381
1278 5.737863351702787
1279 5.739416796006192
1280 5.811418037712082
1281 5.8391059438277235
1282 5.812292434960692
1283 5.820189016754643
1284 6.054686335623021
1285 5.953631464041258
1286 5.998933430076331
1287 5.921301328558377
1288 6.141277282357796
1289 5.660578919769752
1290 5.776565075737541
1291 5.9557556972332435
1292 5.429622053420537
1293 5.482811325060812
1294 5.937971560918207
1295 5.707759898282279
1296 5.629657674593169
1297 5.800593051050489
1298 5.766586448126723
1299 5.436501589548027
1300 5.5929808884801
1301 5.790524535171011
1302 5.594776185266529
1303 5.57863246288466
1304 5.431374928904372
1305 5.58293910152987
1306 6.072085008572116
1307 5.993197579332732
1308 5.512499535053829
1309 5.787998579779508
1310 5.710370789981836
1311 5.822669662260652
1312 5.849552579389968
1313 5.808463205826763
1314 5.729005729156544
1315 5.947442845071773
1316 5.609767508746064
1317 5.526859241671339
1318 6.017250742675869
1319 5.8108872637207964
1320 5.235232844295181
1321 5.817836810611232
1322 5.764973054487738
1323 5.696224247808468
1324 5.896149568908184
1325 5.955713860189994
1326 5.837149511167422
1327 5.543081706348698
1328 5.971314273171592
1329 5.424938712866082
1330 6.104158445018793
1331 5.43020794902431
1332 5.752511324155431
1333 5.89420040707112
1334 5.29189678074967
1335 6.139575805999693
1336 5.801951081809051
1337 6.050314739310422
1338 5.563916082045499
1339 5.826757599809124
1340 5.670354022968815
1341 5.23547720501544
1342 5.3190343899167996
1343 5.048111901506049
1344 5.587087636162227
1345 5.231767510739539
1346 5.437528035938493
1347 5.489172611105623
1348 5.661537460335546
1349 5.483229764614164
1350 5.054228906348125
1351 5.398594345341431
1352 5.290190072184755
1353 6.14615729976846
1354 7.427571756432065
1355 6.778853210797178
1356 6.257991106537619
1357 7.4413655421420515
1358 7.837088658088505
1359 7.848796409914417
1360 6.758403202717466
1361 6.184867931415733
1362 6.176528233379594
1363 6.260666944866752
1364 5.3210729036333495
1365 4.982112904995422
1366 6.600222283320397
1367 7.373026993937993
1368 7.3864031026935715
1369 8.05164022917422
1370 7.616644350450742
1371 6.797868259253374
1372 7.266610375064902
1373 7.451723184747555
1374 8.047785808199498
1375 7.435062175961328
1376 7.7732884481469116
1377 6.288778444361277
1378 6.017671274124954
1379 5.835689808279106
1380 5.691793887063775
1381 5.456655495893051
1382 5.407720190246993
1383 5.324491180943204
1384 5.2314523116089955
1385 5.520862981331019
1386 5.878619847517325
1387 5.856328527262518
1388 5.986474178932789
1389 5.865935833272172
1390 5.863257104150367
1391 5.852891338477976
1392 5.79704484845352
1393 5.859055383076555
1394 5.920148843869799
1395 6.2104463107772165
1396 5.953383013774453
1397 5.655918253141917
1398 6.1207823418735385
1399 5.968276133959355
1400 5.950853836453319
1401 5.531628934713681
1402 5.767552968372945
1403 5.777487267629186
1404 5.786246976374865
1405 5.875324880139375
1406 6.276733872049438
1407 5.986822014090914
1408 5.779972829095866
1409 5.370605944768938
1410 5.761829029941107
1411 6.084581211976211
1412 5.867954641556622
1413 6.009089226584328
1414 5.9851117913989995
1415 5.805617495984433
1416 5.8766601867754735
1417 6.05910638511288
1418 6.159566946297502
1419 6.033150918435814
1420 6.034989911938751
1421 6.181584736377807
1422 5.746184301249431
1423 5.941367411341577
1424 5.831589765641572
1425 5.613605776420018
1426 5.746315490884511
1427 5.7038938295023
1428 5.759501890692657
1429 5.963803910974827
1430 5.883551716668432
1431 5.680171957773354
1432 5.847376947853107
1433 5.8385852426107965
1434 5.927681431238875
1435 5.759234899144864
1436 5.5214658207177285
1437 5.870928781513668
1438 5.865246242374759
1439 5.970580435928277
1440 5.584214318306099
1441 5.809307442110345
1442 5.77599935196679
1443 5.597105862359398
1444 5.666744283075785
1445 5.613509897874351
1446 5.794733018647077
1447 5.7791803886536455
1448 5.759534526172227
1449 5.700148928099751
1450 5.762993729632897
1451 5.949175581156545
1452 5.921521932847282
1453 5.718417369846254
1454 6.261548356598756
1455 6.054239558149573
1456 5.973165772463424
1457 5.928937899201956
1458 6.073981170864708
1459 5.744933707101795
1460 6.109628621486068
1461 5.920289378207623
1462 5.967685195036017
1463 5.748517213553367
1464 5.508545282591415
1465 5.975237477327296
1466 5.905255433059852
1467 5.092903031671694
1468 5.099685880440828
1469 5.575516789623469
1470 6.100794656867788
1471 5.872922554215765
1472 5.775675158455772
1473 6.065855941172874
1474 5.923653552966424
1475 5.519598170018909
1476 5.763825665889537
1477 5.665208781983886
1478 5.714375415674835
1479 5.677331138511453
1480 6.05572342844123
1481 5.575517255605768
1482 5.609462488505433
1483 5.822539350927524
1484 5.824224690278127
1485 5.991775886215105
1486 5.9098199689815285
1487 5.560654038862146
1488 5.963323005444402
1489 6.175232204062818
1490 5.84110432263921
1491 6.340051997937447
1492 5.908178945143838
1493 5.927707877501469
1494 5.806889885595634
1495 6.172478526016806
1496 5.998702034325515
1497 5.843227485022007
1498 5.864793250347728
1499 5.621261459583764
1500 6.02657535179269
1501 6.069009212011708
1502 6.237128686268285
1503 6.202619742546478
1504 6.602840051239872
1505 5.936033769962588
1506 5.953563014867081
1507 6.047037693028815
1508 5.8642246592240905
1509 6.057771462470647
1510 5.8612884260817255
1511 6.192198192624347
1512 5.744073247244314
1513 5.977150129677614
1514 5.881942157502719
1515 5.891112663034588
1516 5.797205349170128
1517 5.754326598491496
1518 5.703385984362912
1519 5.947333872524186
1520 6.077415349962586
1521 6.054481194438477
1522 5.749975160512436
1523 5.674554294416395
1524 6.001276160997105
1525 5.945922742237267
1526 6.024553217175218
1527 6.0607768459787845
1528 6.0677287008769225
1529 5.919573269937742
1530 6.084727063498248
1531 6.08028903649531
1532 5.940494418804017
1533 5.885434521685328
1534 5.7917727248077115
1535 5.874587072749646
1536 6.047832842794271
1537 5.951589145286806
1538 5.81994610348175
1539 6.19937280261553
1540 6.136350890581637
1541 5.580342288462
1542 5.938115724997999
1543 6.428189842482528
1544 5.978230107234615
1545 5.862470127079943
1546 5.997349404770081
1547 6.026223416118645
1548 5.991794501772796
1549 5.927187574690213
1550 6.325349737973369
1551 6.153626275284404
1552 5.8111114481137545
1553 6.2583490901920324
1554 5.9036888008332
1555 5.904733740854421
1556 5.898191054878191
1557 6.0581450743511
1558 6.175323308531664
1559 5.918179589335642
1560 5.870044615735684
1561 5.659219603298687
1562 5.861144734524137
1563 5.974201760947741
1564 5.628288957262479
1565 5.951590204007329
1566 5.874506543066765
1567 6.009213400459771
1568 5.94961255794537
1569 6.085118956871153
1570 6.010353863065162
1571 5.920592292442246
1572 6.0012784290723635
1573 5.889408078064055
1574 5.895958603341223
1575 6.116845850855063
1576 5.885574785160833
1577 5.696028472316082
1578 5.9722883423138615
1579 5.7952286965281035
1580 5.913268920185494
1581 5.750667423203002
1582 5.976719883964767
1583 6.027141530347579
1584 5.660659318988553
1585 6.043406316587494
1586 5.947084206475447
1587 6.04702368640413
1588 5.619378856234532
1589 5.751668090167611
1590 5.829276286039816
1591 5.6948395895325765
1592 5.957121661690059
1593 5.979097426951201
1594 5.797703519940059
1595 5.958676947532414
1596 5.678556939130112
1597 6.140107936466097
1598 5.790170248279051
1599 6.088853642256889
1600 6.096309016362343
1601 6.073987182817266
1602 5.9345966372961
1603 5.853531796640305
1604 6.041257305408692
1605 6.115092743438623
1606 5.828412147520327
1607 5.942044978054546
1608 5.958094884180946
1609 6.00860318138566
1610 5.626191442390684
1611 5.974202267747968
1612 5.813866217918484
1613 5.9419437282448335
1614 5.594319746594318
1615 6.0108658974756395
1616 5.905476452602687
1617 5.639227113514945
1618 5.913872201974604
1619 6.0613029437853925
1620 6.014161179576168
1621 5.901905954460764
1622 6.132563304861326
1623 5.826431337823773
1624 6.521343153921359
1625 5.944847316242389
1626 6.298217045432646
1627 5.892150030266733
1628 5.774661575479007
1629 5.831852865849739
1630 5.981535148500228
1631 5.915470693662915
1632 5.60335165323266
1633 6.036762122894949
1634 5.892530061608093
1635 5.789199548994889
1636 6.103378235483914
1637 5.949358550726793
1638 6.243142807556798
1639 6.316222919451661
1640 6.300606714489858
1641 6.083013523486435
1642 6.088631855070023
1643 5.918334389952982
1644 6.091030204473806
1645 5.884370570924372
1646 6.127487706663542
1647 6.134452774408901
1648 6.2110240589392545
1649 5.830923689898352
1650 5.935196376057352
1651 5.988396929307534
1652 6.1036075055102925
1653 6.381138976113788
1654 5.70065974098526
1655 6.298743468192535
1656 5.917362053425236
1657 6.056357684897767
1658 5.934009794888447
1659 5.935808570446715
1660 6.143794965923721
1661 5.811846246206543
1662 5.938442854513036
1663 6.116816453975019
1664 6.160387419834097
1665 5.7969988549414735
1666 6.068984969668472
1667 6.158718348609969
1668 6.061659893292784
1669 5.933814383247476
1670 5.736817726381326
1671 6.081241606487223
1672 6.140173186698454
1673 6.073169831519634
1674 6.42071426151991
1675 6.147292409758418
1676 6.12111136996094
1677 6.167169247873681
1678 5.85705361476631
1679 6.183910354169107
1680 6.108647079471368
1681 5.97779691798383
1682 5.98087972733903
1683 6.09286674178934
1684 6.057561203887763
1685 5.853937345304141
1686 5.738170337184443
1687 5.646077977985504
1688 6.211236472258936
1689 6.0466798585954376
1690 5.9868529749837105
1691 5.910607870409856
1692 5.897803466235407
1693 6.082431306260901
1694 6.211530784034411
1695 6.185025402395344
1696 5.849200079800912
1697 5.799715097413017
1698 5.947973785292624
1699 6.016771464866712
1700 5.747257198353711
1701 5.935301552191449
1702 5.969881402688744
1703 6.0218384635176525
1704 5.777110103319972
1705 5.846432358124282
1706 6.014640045953548
1707 5.849899863251749
1708 6.0763848909144444
1709 5.949524608372641
1710 5.544965870588214
1711 6.237004419899799
1712 6.235183835584635
1713 6.061744718088486
1714 5.663616041420956
1715 5.72610404763783
1716 5.788053703276256
1717 5.712950590910315
1718 5.25495253698907
1719 5.240406092936979
1720 5.49294126407026
1721 5.392294606659274
1722 5.804367509592764
1723 5.385583025433643
1724 5.656773472767904
1725 5.501414405461811
1726 5.410836514170907
1727 5.805808732427705
1728 5.91621669744984
1729 5.671616239948928
1730 5.920217310813447
1731 6.053821143578108
1732 5.460317679450415
1733 5.850264991084788
1734 5.8661397371553905
1735 5.466814617024362
1736 5.757254406572811
1737 5.641051434755529
1738 5.4565036270698455
1739 5.676506580943853
1740 5.683064861235339
1741 5.4517226426584955
1742 5.646376569209147
1743 5.648360342384895
1744 5.9850218935171355
1745 5.778407544755569
1746 5.395033477199268
1747 5.689955529125841
1748 6.0505500014530185
1749 6.404872677165325
1750 6.188950550345275
1751 6.661831878405055
1752 6.4479573478822
1753 6.846029934277202
1754 6.012914030498379
1755 6.144330252551702
1756 6.2640899643189485
1757 5.92756273482314
1758 6.099606981895051
1759 7.1396124592071
1760 6.990025144203382
1761 6.797789670320034
1762 6.507695729566216
1763 6.17728300851376
1764 7.039411447906377
1765 5.7114157598419
1766 6.400178761693063
1767 6.54484601964659
1768 5.693483469286138
1769 5.899478642183825
1770 6.429878205141354
1771 5.417260783440181
1772 5.4690477045812305
1773 5.668712872467748
1774 5.337568441125802
1775 5.407163572931263
1776 5.594687135993607
1777 5.4269617875146166
1778 5.554025575521703
1779 5.748924319741057
1780 5.303245551546292
1781 5.600429252025262
1782 5.605051536250063
1783 5.470494887069628
1784 5.48213002790543
1785 5.32912368394092
1786 5.337168087199368
1787 5.2471315755794325
1788 5.3690037682895735
1789 5.375799990223726
1790 5.288238778990801
1791 5.438720921225487
1792 5.348449374052061
1793 5.308462364776464
1794 5.837956428782359
1795 5.539862382967039
1796 5.223933034479971
1797 5.739654850609312
1798 5.294153682169584
1799 5.426732396033437
1800 5.543454450276063
1801 5.831045526231594
1802 5.323157560471018
1803 5.426928679583101
1804 5.1153062518345935
1805 5.299181834127923
1806 5.788298927670356
1807 5.44403139617798
1808 5.27714836820359
1809 5.708533146932004
1810 5.673292870334164
1811 5.724534324651845
1812 5.775355964176877
1813 5.712081079093093
1814 6.499045974354838
1815 6.009192084112753
1816 5.502426519253465
1817 5.861246487838011
1818 5.59651729937448
1819 5.978630366210043
1820 5.726666718173597
1821 5.579578056885161
1822 5.750781582377165
1823 5.44895805149237
1824 5.802232235120143
1825 5.553809313567935
1826 5.656470451096171
1827 5.775085101433446
1828 5.479618983158278
1829 5.485437718129241
1830 5.58110626026054
1831 6.0922800943228905
1832 5.528283632122399
1833 5.679513461402853
1834 5.818719519878489
1835 5.569065651475697
1836 5.314312501255421
1837 5.4396111948629455
1838 5.7667946557036265
1839 5.317530892398066
1840 5.321137371362177
1841 5.405525648274377
1842 5.113862733877592
1843 5.53717504025117
1844 5.251489788112
1845 5.229969144214162
1846 5.709288059728964
1847 5.360278079232845
1848 5.380876075988747
1849 5.414909665624325
1850 5.395487545888938
1851 5.075807164861338
1852 5.150863928519028
1853 5.240511422482522
1854 5.145870885564212
1855 5.343050303776686
1856 5.366475826454538
1857 5.701350174431309
1858 5.486851966016825
1859 5.214394984758586
1860 5.612631813257752
1861 5.469982779597973
1862 5.158642227119878
1863 5.393135656238455
1864 5.236022744407052
1865 5.347639867295
1866 5.429953556667525
1867 5.3170352121418825
1868 5.305655646978225
1869 5.17270287622387
1870 5.399437866641618
1871 5.513528629354663
1872 5.1799678967144915
1873 5.600166866419513
1874 5.3863657217533305
1875 5.328287059348629
1876 5.635001896025902
1877 5.600805629805309
1878 5.571600633031471
1879 5.316447518801652
1880 5.542711084682164
1881 5.5471578132241
1882 5.463493386831728
1883 5.523014249604601
1884 5.577368263033324
1885 5.408649834135132
1886 5.430036579427724
1887 5.623670226125446
1888 5.590713167466007
1889 6.360980184299576
1890 6.929849146482543
1891 7.225782618156142
1892 6.919676293641089
1893 7.173942070156775
1894 7.686027918270251
1895 7.3846731284165035
1896 8.282975006667398
1897 7.589728060406394
1898 8.044083825407824
1899 9.144890862015904
1900 7.703483419191766
1901 7.604830498809638
1902 7.194003779378413
1903 6.921596233292104
1904 6.958959444811065
1905 6.950732932656621
1906 7.276963059433371
1907 7.810285895351658
1908 7.139280869253105
1909 6.981838120759182
1910 7.09244093875863
1911 7.254073063526017
1912 7.225134854264784
1913 7.24172840949967
1914 7.29826309495936
1915 7.4280910756059075
1916 7.180084815955391
1917 8.490598688155362
1918 7.78576601964833
1919 8.124023573587523
1920 9.449457542872594
1921 10.021369776602361
1922 9.845349168128802
1923 9.872766728778808
1924 9.39327721538016
1925 9.668349942990789
1926 9.686936354782002
1927 9.283492844492375
1928 8.459816635812079
1929 9.343748841806875
1930 8.5357047259695
1931 9.1410894767739
1932 8.248998557415968
1933 7.329858328579716
1934 7.383475825395426
1935 7.380559421296776
1936 8.461994339686452
1937 6.967676567999903
1938 7.130807768593592
1939 8.14343332768524
1940 7.291534629422536
1941 8.145274999608556
1942 7.975749111724001
1943 6.974481695408879
1944 7.739443316792583
1945 7.067019447090959
1946 7.10870493273573
1947 7.021835002018484
1948 6.933232040230604
1949 8.358875148647567
1950 7.58463039919155
1951 6.977992000491048
1952 8.276437253253027
1953 8.581361873045257
1954 8.565957788004349
1955 7.848860043416317
1956 7.892556705965932
1957 8.380276574456516
1958 8.979397529493808
1959 9.349206660835211
1960 8.533389129905094
1961 8.66170006087055
1962 7.99600657547722
1963 7.264773556904037
1964 7.9809457252530684
1965 8.625495158287215
1966 7.845084020577029
1967 7.580884519718736
1968 8.441600062616741
1969 8.23517222634093
1970 7.250999762063252
1971 7.055079500025823
1972 7.616451468752385
1973 6.7095850777304
1974 7.447460630591923
1975 7.356698623091544
1976 6.6335311286889045
1977 7.0128640612858355
1978 6.637084821695481
1979 6.879133362457648
1980 8.379398311719276
1981 7.796234020163816
1982 7.96574363708613
1983 7.773272729441058
1984 8.206443387227988
1985 7.597267490073432
1986 7.28718520414962
1987 7.5992456467255725
1988 6.849338057579647
1989 6.57786433423029
1990 6.377660911737514
1991 6.536609006734887
1992 7.135365626044603
1993 7.449706381490943
1994 7.370933931137334
1995 7.28679032514976
1996 6.645354656192973
1997 7.863020232444141
1998 7.7955961567620164
1999 7.536750416816034
2000 7.261441312436681
2001 7.280983246912731
2002 8.157740444536735
2003 7.438920453967984
2004 7.38932855602266
2005 7.732309245419074
2006 7.416148620276774
2007 7.135098082184333
2008 7.299039845362445
2009 7.276096765465358
2010 7.476299072697962
2011 7.032883204310651
2012 7.3380672042392705
2013 7.070791982581738
2014 7.24256627766245
2015 7.552505061130251
2016 7.111398011944659
2017 7.291581310314275
2018 7.115805969217177
2019 7.217962956873548
2020 7.229183786697785
2021 7.4170764957888204
2022 6.751166357298785
2023 6.828604296741732
2024 7.577976865528876
2025 6.985272227560365
2026 7.288307095003436
2027 6.83797357439348
2028 7.308045176120186
2029 6.843106528032083
2030 7.273723254726962
2031 6.97604016964123
2032 6.953553271346605
2033 7.231996687281441
2034 7.153906757867299
2035 7.193940688614642
2036 7.0170324853338855
2037 7.435243750315328
2038 7.107756970361814
2039 7.1360852557832555
2040 7.331997976651011
2041 7.323181492061867
2042 7.445003395471512
2043 7.371581382586852
2044 6.904270133489588
2045 7.248907988467277
2046 7.326184995560804
2047 7.332636677974619
2048 7.4303226229568455
2049 7.396645050335669
2050 7.444877353285063
2051 7.107391793501262
2052 7.505161701031919
2053 7.2451634839709635
2054 6.667359141338266
2055 6.568006884002168
2056 6.704047444778197
2057 6.542785235031767
2058 6.843741446511246
2059 6.375031061699071
2060 6.772695480115896
2061 6.584293468637579
2062 6.655542740903403
2063 6.4722603219501345
2064 6.598580771467137
2065 6.506748048467105
2066 6.333041868365872
2067 6.588023911586938
2068 6.4499320526483315
2069 6.577402198790435
2070 6.447044217283949
2071 6.884722993552734
2072 6.501675760606166
2073 6.218965560935994
2074 6.670438073521508
2075 6.67877426674542
2076 6.387139619035651
2077 6.370958677006625
2078 6.178566087354741
2079 6.842925383658125
2080 6.686614753820295
2081 6.490515266144738
2082 6.536266139745536
2083 6.8389506568283425
2084 6.725399444048317
2085 6.7658035862460055
2086 6.528537484127469
2087 6.439751895612808
2088 6.782586493342731
2089 6.750773858647086
2090 6.599497490703923
2091 6.843124842451344
2092 6.817816918596776
2093 6.901184828922443
2094 6.713937597894214
2095 7.063267325547082
2096 6.989268072156548
2097 6.8702059200131576
2098 6.465599503505463
2099 6.980677784433671
2100 6.8870295538317965
2101 6.607141841590501
2102 6.8710627137489215
2103 6.930441382824635
2104 6.985327326087886
2105 6.722301750294608
2106 6.845621185686119
2107 6.745891500089594
2108 6.718624522112265
2109 6.7684204456471715
2110 6.773696498879313
2111 6.79787997907682
2112 6.847372537089331
2113 6.635217101487432
2114 6.623587821348375
2115 6.861509243616483
2116 6.738573896781779
2117 6.84949939906013
2118 6.811443289342726
2119 7.161056440586564
2120 6.830739108574554
2121 6.998191290928345
2122 6.697162250799583
2123 6.778084519255978
2124 6.880555951955617
2125 6.984303781029011
2126 6.731057565314549
2127 7.253758350925308
2128 7.540843489317459
2129 7.070443552954639
2130 7.055851558651268
2131 7.062789487828031
2132 6.572168844848452
2133 6.958721391638772
2134 6.798626090899251
2135 6.6938867445985455
2136 7.024779700995275
2137 6.913816909479752
2138 6.828509510678509
2139 7.13780893771539
2140 6.763330780509383
2141 6.703581586649802
2142 6.80946539410264
2143 6.8244864191558055
2144 6.804871453253368
2145 6.969058258224263
2146 7.052173343280091
2147 6.743805712102392
2148 6.509580151195352
2149 6.61433449957909
2150 6.827957303930026
2151 6.355979530381417
2152 6.87330948031128
2153 6.673058025954285
2154 6.491914142761222
2155 6.466246430835004
2156 6.293921949053236
2157 6.8557523435854435
2158 6.699132244894583
2159 6.673523496844787
2160 7.139670459396645
2161 7.015323421769876
2162 6.940095640579027
2163 6.960134313114645
2164 6.696271625189607
2165 6.782272922431491
2166 6.799680209019747
2167 6.581471053976823
2168 6.820920669305818
2169 6.852078844599094
2170 6.799314244826862
2171 6.62749056677246
2172 6.29850951638383
2173 6.660426895153685
2174 6.433851215772311
2175 6.6905490928796345
2176 6.58731581893761
2177 6.281699930289817
2178 5.998825378050502
2179 6.542576251177078
2180 6.4737768399028095
2181 6.506256951847276
2182 6.4974705525972185
2183 6.530525766897604
2184 6.327497107298701
2185 6.230084084205
2186 6.531419998686858
2187 6.261284706072828
2188 6.699755479569737
2189 6.767011129050385
2190 6.51864089987991
2191 6.576894703669955
2192 6.690199302710932
2193 6.609243960024836
2194 6.72086267458315
2195 6.59959023465477
2196 6.658630752389742
2197 6.527066629814671
2198 6.751950938999407
2199 6.935690725356653
2200 6.611983913415423
2201 6.497791831000367
2202 6.81876823134092
2203 6.722074820915502
2204 6.808919035052184
2205 6.77701340687372
2206 6.643935886804398
2207 6.36312936626342
2208 6.519036873566333
2209 6.930277406451794
2210 6.614092543568457
2211 6.808852310975403
2212 6.510334471063055
2213 6.677541164282719
2214 6.463570066423853
2215 6.996701743305973
2216 6.757080458470506
2217 6.598331196809432
2218 6.574495700689186
2219 6.613892328529767
2220 6.770531122667613
2221 6.9802704875018575
2222 6.855096421763139
2223 6.542704513991614
2224 6.530798257609972
2225 6.758931253748214
2226 6.67472309047916
2227 6.83044076613433
2228 6.669756802634797
2229 6.76417615451247
2230 6.674995766287959
2231 6.634559908183587
2232 6.6020374082381235
2233 6.693519082879254
2234 6.808125411559504
2235 6.600767878659524
2236 6.951241001701372
2237 6.5932889326440804
2238 6.563066194897361
2239 6.82780253974875
2240 6.326143071209533
2241 6.20878859134993
2242 6.750455117312932
2243 6.588566420360549
2244 6.473203688742647
2245 6.569683023453862
2246 6.811085633059714
2247 6.825120006851109
2248 6.74422482398134
2249 6.8669648050093315
2250 6.8082836327862255
2251 6.598557095111061
2252 6.438177479477717
2253 6.2634197667479565
2254 6.412289774575386
2255 6.568537338832294
2256 6.438035659780923
2257 6.313812138054718
2258 6.38546611981625
2259 6.41173957248151
2260 6.773726951198824
2261 6.670141951216107
2262 6.718902270443413
2263 6.472621368722262
2264 6.626687087836775
2265 6.9398641853193865
2266 6.505867779123738
2267 6.400822235005541
2268 6.789302325337046
2269 7.19676265372391
2270 7.1626557884030335
2271 6.470644510785614
2272 6.966588222461395
2273 6.526363353029712
2274 6.79385934546214
2275 6.386452135502027
2276 7.031567889833193
2277 6.712455296734836
2278 6.533396517557197
2279 6.825363677230684
2280 6.309070729802269
2281 6.482898806680351
2282 6.376749753420363
2283 6.569197245885174
2284 6.776069548838116
2285 6.665885255230979
2286 6.609416480662531
2287 6.713073067703258
2288 6.693123882120933
2289 6.415531676987573
2290 6.735205302028137
2291 6.3811162781089035
2292 6.438230805666197
2293 6.970661121412367
2294 6.761670520448948
2295 7.090336528072635
2296 7.133741019138519
2297 7.241304446670312
2298 6.958588536701331
2299 6.975117448546512
2300 6.595869927955158
2301 6.977584129595839
2302 6.401522063659474
2303 6.494244126663045
2304 6.992967070408126
2305 6.036513732207378
2306 6.634441080039633
2307 6.853884218432457
2308 6.628184675243563
2309 6.839001024838044
2310 7.047623451333524
2311 7.174652995177923
2312 6.630049280871175
2313 6.842369141555032
2314 6.904391521908038
2315 6.687413815210065
2316 7.242219802076004
2317 6.074822791268315
2318 6.685848216579124
2319 7.137401047055498
2320 6.707711570729085
2321 6.6900527809766
2322 6.116648826589196
2323 6.303597248553998
2324 6.906355683974258
2325 6.3959405678833345
2326 7.031955755452682
2327 6.975681778235986
2328 7.13283595437698
2329 6.912782823547949
2330 7.360344785167791
2331 7.241259272958337
2332 7.172919584189865
2333 7.372410217538128
2334 7.208154523196955
2335 7.258167691209938
2336 7.227728456910391
2337 6.379152732236919
2338 6.516166313320628
2339 6.622749887064485
2340 6.79582132552868
2341 7.051302717607552
2342 6.720984275691548
2343 7.007627098542977
2344 6.72305469405673
2345 7.049031974519346
2346 6.568433106430098
2347 6.744774195010815
2348 6.330479924680805
2349 6.553796121442184
2350 6.5451887397858
2351 6.569951179661614
2352 6.608795920444797
2353 6.555952501075965
2354 6.351148121145951
2355 6.6474070141119554
2356 6.427040062827869
2357 6.386722380598325
2358 6.458604404466442
2359 6.587659442673368
2360 6.522577130603012
2361 6.484497083403385
2362 6.49769290046308
2363 6.67096786395229
2364 6.379867319758166
2365 6.552365216501433
2366 6.809154448782454
2367 6.801541148080001
2368 6.765047919073849
2369 6.7300998164450245
2370 6.549799876737258
2371 6.778794493295546
2372 6.384189888793126
2373 6.353969704629304
2374 6.280167341311349
2375 6.292795821044028
2376 6.55512719267242
2377 6.543875975134617
2378 6.520437463575055
2379 6.635161014102193
2380 6.766891112591602
2381 6.4235789114287085
2382 6.717438061488227
2383 6.720291000270394
2384 6.539335268277745
2385 6.763465030512278
2386 6.808823182579574
2387 6.648405178666164
2388 6.840764989775676
2389 6.441333497345829
2390 6.679282547068448
2391 6.827751969756073
2392 6.517933881060093
2393 6.623054137465659
2394 6.918669251001612
2395 6.499859063227944
2396 6.631985142336676
2397 6.695002277281013
2398 6.458575403146436
2399 6.590015592947292
2400 6.839597726728579
2401 6.550700724538827
2402 6.905018972954344
2403 6.681875525407139
2404 6.562779123745002
2405 6.641335428297429
2406 6.710651780058626
2407 6.848408747000858
2408 6.449130788189304
2409 6.831031764008578
2410 6.931513887618323
2411 6.725889212925335
2412 7.3272401768640325
2413 7.296186027849277
2414 7.277007603971979
2415 6.293021425624054
2416 6.675092797435804
2417 6.9229658898266715
2418 7.489322465475899
2419 7.17531034476709
2420 7.035741347218329
2421 7.022119687743762
2422 7.154563338986341
2423 7.2170808731203975
2424 7.048592416523595
2425 7.1238681876785055
2426 7.142446003885293
2427 7.400406397833127
2428 6.852169676885539
2429 7.104568977241609
2430 7.288857254194343
2431 7.232298659895348
2432 7.08820770060772
2433 7.127848515506347
2434 7.222637666170778
2435 7.133398896015903
2436 7.0763600111446845
2437 7.238352454655176
2438 7.412075019329301
2439 7.077278516555692
2440 7.213161355281724
2441 7.177884670103425
2442 7.226582127165492
2443 6.785061465338088
2444 7.194249369869545
2445 6.644507251103295
2446 6.872920727839163
2447 6.984288458074472
2448 6.858566128677303
2449 7.002306422194336
2450 6.843238000619289
2451 6.845927611246086
2452 6.9117851479179
2453 7.337228354847294
2454 6.967353883449278
2455 6.8888446058711486
2456 7.210566235759481
2457 6.334387223828668
2458 6.791615272245516
2459 6.398228095378875
2460 6.899632924426431
2461 6.8189372100532415
2462 7.043697862227789
2463 7.008925159816351
2464 6.9498442543493635
2465 7.068001640991698
2466 7.015029530523621
2467 6.78456772606536
2468 7.011914426625622
2469 6.917365193146791
2470 7.284863578891258
2471 6.854495964011274
2472 6.77269117439002
2473 6.816628466283836
2474 6.727180658063509
2475 7.509712666166861
2476 6.896425941254133
2477 6.806475349057754
2478 6.791503295632669
2479 7.062597407257861
2480 6.8768784942519225
2481 7.072035490347313
2482 7.19645680846245
2483 7.0461645032862945
2484 6.884999747770118
2485 7.090510960365519
2486 7.083898109311643
2487 6.7994565894936345
2488 7.136491792695621
2489 6.978288325942225
2490 6.817966753760519
2491 7.17006212281179
2492 7.060578654244916
2493 6.32420297017322
2494 6.936177683388866
2495 6.91225862880349
2496 6.845386562129719
2497 7.0590744910546475
2498 6.665957353761079
2499 6.970642099760129
2500 6.774642273141769
2501 6.850126836109947
2502 6.602167470396827
2503 6.671303273076878
2504 6.473335290065785
2505 6.576976212366672
2506 6.8677175726080675
2507 6.60264493785038
2508 6.22904113773314
2509 6.777042967399114
2510 6.647242117216037
2511 6.6602146000226305
2512 6.513275893716279
2513 6.558253979860385
2514 6.4876886198496635
2515 6.7866806509034365
2516 5.859217444975098
2517 6.317944536683514
2518 6.590668074754811
2519 6.380962630901842
2520 6.935128046266208
2521 6.667162173479163
2522 6.850028557728293
2523 6.779669526612442
2524 6.632424660026059
2525 6.261610249185399
2526 6.3046116694111465
2527 6.607919352018942
2528 6.8748013704612
2529 6.185396653893814
2530 6.495730404555474
2531 6.525830322715447
2532 6.22335159608098
2533 6.998835690593573
2534 6.228572456672604
2535 6.286539637984993
2536 6.25982069323615
2537 6.317210901117539
2538 6.5243719696120195
2539 6.808577910438884
2540 6.596493326375263
2541 6.561461881757862
2542 6.545636958017657
2543 6.445951434178916
2544 6.293476918027489
2545 6.390426971035829
2546 6.355864594397046
2547 6.391640075950303
2548 6.3271480941850795
2549 6.453632393438578
2550 6.6720066418346
2551 6.900501143711492
2552 6.507461651520245
2553 6.74251840590466
2554 6.6623474297991105
2555 6.568535783299424
2556 6.78719038947777
2557 6.8526657862761065
2558 6.853332975856189
2559 6.455031624923567
2560 6.352875971610238
2561 6.863423274639956
2562 6.614545359754452
2563 6.6890834791345055
2564 6.681983614683943
2565 6.578632513885659
2566 6.4720529274252305
2567 6.516787785646798
2568 6.64967186299949
2569 6.611891293625369
2570 5.74706823712776
2571 6.511462928312518
2572 6.683160036261362
2573 6.38250484045986
2574 6.325129780136876
2575 6.305750285776621
2576 6.397140271917132
2577 6.653521976183523
2578 6.322557273144849
2579 6.691851350090879
2580 6.569060083653496
2581 6.253199515628031
2582 6.467207860425273
2583 6.477119597646453
2584 6.639836476315504
2585 6.563171643647753
2586 6.741023496829613
2587 6.29158056953637
2588 6.3023178114925855
2589 6.44841289199535
2590 6.33584405573313
2591 6.657127313985006
2592 6.659247867855261
2593 6.592572695977292
2594 6.6849980928860075
2595 6.599242536003926
2596 6.774485889356366
2597 6.887295157545367
2598 6.657542212883186
2599 6.527381245706082
2600 6.801988763744592
2601 6.80437550974257
2602 6.678548086509055
2603 6.33698529695173
2604 6.531106043612329
2605 6.702071321857479
2606 6.668717205013529
2607 6.387079979416272
2608 6.563968611493684
2609 6.291911833769454
2610 6.659533741915175
2611 6.936089604596124
2612 6.475090707960505
2613 6.51507416658576
2614 6.592347045886935
2615 6.360832817363063
2616 6.6684259559496875
2617 6.27008256131575
2618 6.575399155880878
2619 6.719734355496668
2620 6.606735472277186
2621 6.739911856831785
2622 6.679700459782359
2623 6.528052239473145
2624 6.779219666797351
2625 6.20089812233333
2626 6.490693352455964
2627 6.4310734227769535
2628 6.9288044554909325
2629 6.594969676456142
2630 6.513139496189738
2631 6.666865389803349
2632 6.587356540327966
2633 6.685500698595931
2634 6.8187366972591
2635 6.454685543357149
2636 6.469741758789259
2637 6.126259778264965
2638 6.223166553475889
2639 6.252539745056489
2640 6.3697484936986175
2641 6.500194446151033
2642 6.545946942001635
2643 6.246527927074806
2644 6.264025590588642
2645 6.515967988330749
2646 6.142366308590204
2647 6.467825509697483
2648 6.572374766446457
2649 6.440807034858422
2650 6.299179004103047
2651 6.494541856168239
2652 6.581345693870418
2653 6.760211146722852
2654 6.751726028766008
2655 6.495381416660768
2656 6.323258830015814
2657 6.32562811053662
2658 6.746123763855467
2659 6.260018118675989
2660 6.444617566270184
2661 6.523088876463983
2662 6.4874900787062515
2663 6.338381376528875
2664 6.313033893081092
2665 6.617950030447221
2666 6.1752962877047
2667 6.524411952142499
2668 6.352176815637608
2669 6.516120002089677
2670 6.640151052907597
2671 6.553678194730893
2672 6.942089232100204
2673 6.822555133264585
2674 6.680440836887192
2675 6.623852998038078
2676 6.824693057392744
2677 6.628841367749986
2678 6.503902716063944
2679 6.808882016555103
2680 6.783550809332159
2681 6.856600178800493
2682 6.708688564002786
2683 6.978766082051823
2684 6.233333292221186
2685 6.388848948740795
2686 6.39545830612811
2687 6.704310075382476
2688 6.628902707718598
2689 6.3575439702852705
2690 6.373631893331506
2691 6.959483426514425
2692 6.59529341899818
2693 6.8818231697486985
2694 6.256466488615261
2695 6.523850308387695
2696 6.019188542734921
2697 6.676377231658858
2698 6.40221897694865
2699 6.601294525715197
2700 6.355040120059484
2701 6.113648209045803
2702 6.907769033915307
2703 6.345297204966103
2704 6.79250261326464
2705 6.130760454548056
2706 6.560037126426616
2707 6.612088536142003
2708 6.861974883111506
2709 6.41267300856793
2710 6.706239077363417
2711 6.344640362168567
2712 6.703159885203541
2713 6.551443988957504
2714 6.617462512711695
2715 6.778625412484115
2716 6.523045029415551
2717 6.216911834656992
2718 6.692448963679321
2719 6.529292483944792
2720 6.737381661929221
2721 6.28418551075213
2722 6.486049410534013
2723 6.717467578357182
2724 6.73324649440824
2725 6.491607098487149
2726 6.535854391291119
2727 6.832781001309033
2728 6.628918248692861
2729 6.676332321744694
2730 6.547132954095487
2731 7.060937297730555
2732 6.245115890287393
2733 6.7682853367844125
2734 6.792465178418298
2735 6.918988888632946
2736 6.407554254164381
2737 6.684180216073918
2738 6.349243980724823
2739 6.279053813898899
2740 6.313115622924803
2741 6.361800993535529
2742 6.614229831443996
2743 6.484335943124541
2744 6.102619792181838
2745 6.5357234560347734
2746 6.4777948732993975
2747 6.4445038382204105
2748 6.595378749049379
2749 6.793845188023902
2750 6.3975172824897175
2751 6.367017889232121
2752 6.544603162699867
2753 6.633943233667449
2754 6.810266870982787
2755 6.424702169133005
2756 6.530728451136631
2757 6.3678805405557855
2758 6.680392083054006
2759 6.259611615098716
2760 6.426641719927905
2761 6.580381389218501
2762 6.369973657305171
2763 6.4081112292823015
2764 6.447713660700389
2765 6.663215595223941
2766 6.546946575084957
2767 6.594821629176025
2768 6.503120641602685
2769 6.720670018395692
2770 6.895369386663274
2771 6.445514402385606
2772 7.017456105027504
2773 6.5642004409887305
2774 6.369657183195739
2775 6.228352600357751
2776 6.751809552424755
2777 6.835088436328476
2778 6.687515209566437
2779 6.724270679975695
2780 6.554726326436492
2781 6.570940392469472
2782 6.343205570206065
2783 6.2811983738406285
2784 6.774918552995894
2785 6.601683631527585
2786 6.231502774120874
2787 6.469152356560311
2788 6.57792484487673
2789 6.485032172086218
2790 6.389359186044035
2791 6.423912454450083
2792 6.482971304309951
2793 6.56618275385617
2794 6.790363985891341
2795 6.443114947097127
2796 6.479052385462142
2797 6.600190197954148
2798 6.6743129680422015
2799 6.808006089436479
2800 6.755642557156862
2801 6.411358309264809
2802 6.625831135633853
2803 7.009931943193405
2804 7.112683190350747
2805 6.93683008951834
2806 7.1996074701322526
2807 7.153285989976017
2808 7.511152478556594
2809 7.2715948161754715
2810 7.775223511975827
2811 7.341647023918343
2812 7.558086575884088
2813 7.068402355482031
2814 7.3466624257879065
2815 7.206602749249745
2816 7.122929795287952
2817 7.690328511054685
2818 7.328698614440706
2819 7.314711022475945
2820 7.441992090860359
2821 7.286561152356384
2822 7.408730877684596
2823 7.484800287966193
2824 7.342092493370754
2825 7.459326400364356
2826 7.133708090856532
2827 6.742926382948838
2828 7.413725605919539
2829 7.3677009534187015
2830 7.498761396032067
2831 7.586762782761517
2832 7.3653080252717205
2833 7.27116632261241
2834 7.257302077900858
2835 7.3345414132284725
2836 7.488573394152651
2837 7.266678097418411
2838 7.346855377740502
2839 7.042841137632638
2840 7.399650100593147
2841 7.4187135718042505
2842 7.34957904154473
2843 7.561376990047696
2844 7.353697102784458
2845 7.214574518252112
2846 7.0022071970338295
2847 7.173204327232527
2848 7.261202392089637
2849 7.398637583230899
2850 7.1707179513056225
2851 7.130563990198515
2852 7.5054855265512685
2853 7.185386296266344
2854 7.152278425852812
2855 7.353100151552533
2856 7.333374297662408
2857 7.142553011928085
2858 7.42764230836822
2859 7.19876524243644
2860 7.127948165118107
2861 7.295943449519279
2862 7.1625401577606524
2863 7.2142598396452735
2864 7.419527611911279
2865 6.903909266823222
2866 7.1454185327726
2867 7.17962940015269
2868 7.183917847218827
2869 7.399367348242483
2870 7.0329637977771835
2871 6.9588233963450055
2872 6.954904182938918
2873 7.122264914363678
2874 6.938768288412094
2875 7.529906172680099
2876 7.375934188796846
2877 7.3854582140037195
2878 7.029056388516897
2879 7.383612733824565
2880 7.452574521988331
2881 7.178039983263747
2882 7.212860522323475
2883 7.50661163607897
2884 7.413497726455303
2885 7.558757610629647
2886 7.196418708734041
2887 7.31772746285186
2888 7.505484230534416
2889 7.109871695842533
2890 7.236886245720752
2891 7.3949586355414425
2892 7.276883486151954
2893 7.254540149057369
2894 6.902819948715892
2895 7.0136587416754175
2896 7.280027970778786
2897 6.956194205377412
2898 7.211254642515775
2899 7.218425428230919
2900 7.138445816784451
2901 7.1367147144846195
2902 7.068308009076878
2903 7.0733318843489235
2904 7.412885827255729
2905 7.667430233267708
2906 7.496150486442395
2907 7.439716174316339
2908 7.350077084306278
2909 7.585559798706377
2910 7.330980084161392
2911 7.20708465572907
2912 7.4697210648831645
2913 7.481183876984907
2914 7.321571370641117
2915 7.474534571225794
2916 7.56037658362101
2917 7.252792114509328
2918 7.370991761480893
2919 7.244629807169108
2920 7.186593665678325
2921 7.203997402396954
2922 7.537741877339845
2923 7.239001695970439
2924 6.817724642810368
2925 6.8111779584209495
2926 7.2400855574431695
2927 7.171672050138641
2928 7.2619969973146965
2929 7.171573295759961
2930 7.233489746266402
2931 7.019757408576594
2932 7.174218892286324
2933 6.737904049709444
2934 6.874047762694507
2935 7.241653310334489
2936 7.1090602007234125
2937 7.061370611969782
2938 6.993372567860499
2939 7.097826345244175
2940 6.754699658473047
2941 6.971783772617006
2942 6.916527347268044
2943 6.5044854128352405
2944 6.410946633744664
2945 6.472150280866568
2946 6.6410068440707
2947 6.380247425754465
2948 6.510567820965182
2949 6.392921171564028
2950 6.70732435642145
2951 6.677053519873476
2952 7.02647248732088
2953 6.135485923844296
2954 5.358146477958725
2955 5.8120004523958855
2956 5.769196654357582
2957 5.5706683495683045
2958 6.076577965828301
2959 6.227609375455838
2960 6.052271059854438
2961 6.027441884627877
2962 5.752882364001119
2963 5.9101532958454595
2964 6.304113371360264
2965 5.570760637948541
2966 5.540742689569939
2967 5.035698729666495
2968 5.420279295887977
2969 4.882218088570248
2970 6.176464613282771
2971 5.2671373349339925
2972 5.201333595515673
2973 5.716553565298117
2974 6.199569969145923
2975 6.050703398030947
2976 5.955158374420387
2977 5.735425768444403
2978 6.3450668710372575
2979 5.6996711646909635
2980 6.135799468768182
2981 6.262363131876444
2982 6.355501468081575
2983 5.876071164120907
2984 6.59168800454237
2985 6.754432496927092
2986 6.458009730360636
2987 6.2551819622228795
2988 5.975175520673683
2989 5.653904346720391
2990 6.120831656783061
2991 5.810690031564085
2992 5.827681367798856
2993 5.733480178692495
2994 5.908522171237757
2995 5.59161161438684
2996 5.845529234414096
2997 5.499277527779126
2998 5.272914050959605
2999 5.50727618593061
3000 5.981413866327257
3001 5.344435545331292
3002 5.600826056439412
3003 5.437716279966678
3004 5.363254220232436
3005 5.115483450658939
3006 5.322341911543903
3007 5.397272271061282
3008 4.931749795696855
3009 5.413052560406832
3010 5.4118144813913815
3011 5.249180481056063
3012 5.389864417329526
3013 5.493383828663408
3014 5.158944445756468
3015 5.360600779742312
3016 5.2296751118950215
3017 5.412419207387016
3018 5.230025466170829
3019 5.509988325754152
3020 5.575519275183725
3021 5.402004153344994
3022 5.363093513754678
3023 5.29057119540873
3024 5.817367367542863
3025 5.8327957649738
3026 5.7989708622370655
3027 5.957395018588059
3028 5.8191752917179285
3029 5.755061006567927
3030 5.494007264915596
3031 5.847263296337161
3032 6.1282337655143095
3033 5.428405056201963
3034 5.653552180010011
3035 5.675370367276606
3036 5.498750393229624
3037 6.161450606767256
3038 5.650602940496855
3039 5.427652745076134
3040 5.512653675101157
3041 5.357982346180692
3042 5.57077180640057
3043 5.285829508877634
3044 5.740830038916472
3045 5.679762773145127
3046 5.886480844936623
3047 5.685686713089648
3048 5.41628955515305
3049 5.620498218309383
3050 5.856149754809911
3051 5.307715849676149
3052 5.195846558608651
3053 5.53461970335669
3054 5.2970649711791715
3055 5.532283820284844
3056 5.2548778035437405
3057 5.467930145097551
3058 4.929052079184611
3059 5.56847430846103
3060 5.539523279084823
3061 5.217773246741846
3062 5.994051242506379
3063 5.38436083216417
3064 5.608550037853278
3065 5.670813095209261
3066 5.658005832047902
3067 5.5807445591293146
3068 5.387161328790614
3069 5.836627543448421
3070 5.454250349362688
3071 5.501276352120872
3072 5.696553208737056
3073 5.3536271675852385
3074 5.311629567908808
3075 6.107926514161842
3076 6.105449856189791
3077 5.533332205433935
3078 5.987972831414922
3079 5.419451589045735
3080 5.4116180934335585
3081 5.25383899244969
3082 5.363178241300954
3083 5.765985827477024
3084 5.40533587856107
3085 5.861657834494053
3086 5.563534270255533
3087 5.517489143944183
3088 5.415525055668977
3089 5.572625028284188
3090 5.2428406148840825
3091 5.484479226815074
3092 5.54708721010678
3093 5.559517962062781
3094 5.202999981182213
3095 5.441124141602062
3096 5.0936627114623345
3097 5.062610039631615
3098 5.440314260511179
3099 5.498850778126841
3100 5.3553275327509535
3101 5.493874976071646
3102 5.189596462928211
3103 5.66202348994125
3104 5.720958392780874
3105 5.092507281066926
3106 5.47341869285751
3107 5.373863879848802
3108 5.346582466398925
3109 5.87114240017914
3110 6.115870177256842
3111 5.6894202505808344
3112 5.287968101206356
3113 5.419519208380616
3114 5.2873059356720145
3115 5.735760687498566
3116 5.134453751891464
3117 5.5763893218091765
3118 5.514877131732296
3119 5.5151234714148645
3120 5.7493169749283854
3121 5.533385067855324
3122 5.3537147623071215
3123 5.073048254966614
3124 5.287539611311283
3125 5.583913092596046
3126 5.40852652625447
3127 5.121747545311144
3128 5.582108063617811
3129 5.23750397213284
3130 5.28219068377827
3131 5.4000672875283975
3132 5.931766335612043
3133 5.734337392499053
3134 5.576213273978019
3135 5.510835012441071
3136 5.563722264155052
3137 5.297142091388547
3138 5.768143609143822
3139 5.2749232095956575
3140 5.221582458093961
3141 5.612953517296705
3142 5.343251944682152
3143 5.401687079393844
3144 5.315050687919926
3145 5.22173636764784
3146 5.1286710771157225
3147 5.221692850998374
3148 5.847679952689461
3149 5.2915091067107625
3150 5.658571722506415
3151 5.6727163923840385
3152 5.700217857716368
3153 5.183816680443673
3154 5.58132668367236
3155 5.2290234737652765
3156 5.689789125218463
3157 5.291516414316347
3158 5.156715308476173
3159 5.611995186216708
3160 5.3791624223290615
3161 5.497925953790782
3162 5.157753223364327
3163 5.555516473766441
3164 5.18701953463235
3165 5.232580699849679
3166 5.241542701580962
3167 5.407684133683627
3168 4.990004965319613
3169 5.888443487584574
3170 4.864707476058004
3171 5.419216037816563
3172 5.85372397945722
3173 5.328663617908715
3174 5.74696372515173
3175 5.877501553855547
3176 5.439347125786699
3177 5.521946210166374
3178 5.617872798010251
3179 5.770427088502653
3180 5.497134710593509
3181 5.543422295940183
3182 5.433555216379872
3183 5.316339514465877
3184 5.514371188551493
3185 5.233797903684159
3186 5.2675480705584645
3187 5.583623046827948
3188 5.259861705153321
3189 5.689284796328117
3190 5.261242139712364
3191 5.645034122182269
3192 5.384853172453192
3193 5.318099473182824
3194 5.246247218438084
3195 5.205314351176543
3196 5.4701302604529936
3197 5.216838924419346
3198 5.439420954531894
3199 5.402896967603133
3200 5.632350697083325
3201 5.42829963440224
3202 5.49248958127507
3203 5.42366508225403
3204 5.464384400029934
3205 5.004065045062148
3206 5.962031785201513
3207 5.153886589171482
3208 5.760746458546586
3209 5.57724328655618
3210 5.572244449460942
3211 5.61610851268906
3212 5.7825416742093525
3213 5.685709081506437
3214 5.770562306510484
3215 5.713070885987398
3216 7.270922307024485
3217 5.751700045454569
3218 5.65291910560605
3219 5.409364972244856
3220 5.107950002541418
3221 5.194978714922588
3222 5.3932552428204
3223 5.329660782250335
3224 5.600795366313495
3225 5.309010538633631
3226 5.30326453423069
3227 5.142086643964853
3228 5.431923993681646
3229 5.641509093249001
3230 5.107419313558841
3231 5.44561816736842
3232 5.389193966351663
3233 5.270719593548529
3234 5.5094235217378404
3235 5.126206528366968
3236 5.767509107093158
3237 5.531479514501695
3238 5.178007697404897
3239 5.571141174330213
3240 5.680026943341916
3241 5.718094847763106
3242 5.9187854118715455
3243 5.401272278463268
3244 5.792065765174784
3245 6.004706934824092
3246 5.322220346762066
3247 5.876450087769389
3248 5.616201442743749
3249 5.63364439702507
3250 5.809846850032008
3251 5.480221340928111
3252 5.8623929227617495
3253 5.429814864220564
3254 5.806053478168162
3255 5.867440270809485
3256 5.767762600859331
3257 5.978788774122011
3258 5.541984824721759
3259 5.782348135410863
3260 5.618696329613316
3261 5.7179492845686495
3262 5.3827452194565
3263 5.996967066445134
3264 5.297063574390246
3265 5.733094961003435
3266 5.843720298636863
3267 6.13082153987223
3268 5.9298968143973765
3269 6.001000430979232
3270 5.709610493594075
3271 5.138223777175171
3272 5.617957462729333
3273 5.407764622618487
3274 5.606862007818793
3275 5.430535405269033
3276 5.454111741144728
3277 6.068437800877972
3278 5.531619527800186
3279 5.430218545185985
3280 5.878053814242805
3281 5.4153446994069006
3282 5.724958099924949
3283 5.652102132834549
3284 5.700492682499567
3285 5.763226063042182
3286 5.3051804243665
3287 5.766467816342893
3288 5.678077515459654
3289 5.455560963437972
3290 5.224640672354149
3291 5.650932039807378
3292 5.547738937286257
3293 5.913616978587872
3294 5.39804703157296
3295 6.403526274690238
3296 5.79666519454437
3297 5.748954022103438
3298 5.781598731770737
3299 5.9090288016981285
3300 5.5115743384752545
3301 5.6469501355858105
3302 5.426132241808233
3303 5.401879213650106
3304 5.498823727467937
3305 5.451768709207987
3306 5.815458732503747
3307 6.0475964194189515
3308 5.574786105157171
3309 5.6108046952972455
3310 5.879305103319595
3311 5.711954470485082
3312 6.0661343056356305
3313 5.671776872961527
3314 6.028640248109043
3315 5.590134125602956
3316 5.745277031765712
3317 5.600995810390399
3318 6.035341021270017
3319 5.73755624455468
3320 5.723428925487851
3321 5.516551203923356
3322 5.584965389074629
3323 5.817870167241953
3324 6.014666842084081
3325 5.423192149175892
3326 5.632807861100044
3327 5.9595221643808864
3328 5.569557126200844
3329 5.589769559675165
3330 5.869936865203812
3331 6.196239508088576
3332 5.946844392476788
3333 5.452496956019968
3334 5.527896651993462
3335 5.671246161812107
3336 5.5900229760636435
3337 6.053307442718311
3338 5.816994685954473
3339 5.7417931430991995
3340 5.594858829834814
3341 5.921863960014504
3342 5.683173015632685
3343 5.656319171570072
3344 6.069735795307386
3345 6.171967339406414
3346 5.903409576234013
3347 6.122213767014419
3348 5.7320883368977205
3349 5.47794518495142
3350 6.1727654620062244
3351 5.9961570851315
3352 5.7940376196510055
3353 5.762787252145181
3354 5.766072403359027
3355 5.89131825792216
3356 6.0796658586352095
3357 5.4575655966642405
3358 5.898587726623016
3359 5.357640369304865
3360 5.442878172911196
3361 5.716948304181171
3362 5.560284915277899
3363 5.691952088350778
3364 5.805008914235226
3365 5.473912625812861
3366 5.4567748759229815
3367 5.436193938372642
3368 5.810857192229762
3369 5.743419107878333
3370 5.590767537730874
3371 5.43163605384351
3372 5.442997528988798
3373 5.545199430552008
3374 5.716474024690898
3375 6.012754795659112
3376 5.377136125379696
3377 5.835267503792515
3378 5.521131318266398
3379 5.695615211060678
3380 5.395415092896976
3381 5.7277114688356425
3382 5.621525978844878
3383 6.0808100080015155
3384 5.784312636540206
3385 5.60611127875446
3386 5.312869660539811
3387 5.379556302281494
3388 5.607340013143549
3389 5.919312404586189
3390 5.282665712268242
3391 5.054360096299147
3392 5.701234229791042
3393 5.790480694120866
3394 5.998123487898531
3395 5.763175660584056
3396 5.619860087622347
3397 5.741618855120347
3398 5.608424742902436
3399 5.552837850358282
3400 5.683520181004128
3401 5.69555349885733
3402 5.9644289315959265
3403 5.504813919397478
3404 5.174094992532869
3405 6.1133374015690185
3406 6.06292987263006
3407 5.938769323154507
3408 5.758835221890735
3409 5.26696607905334
3410 5.366511682331224
3411 5.768142804748665
3412 5.7974994615654785
3413 5.839821722034739
3414 5.671415950104596
3415 5.745137729024978
3416 5.813882575401065
3417 5.209989954200254
3418 5.062148522426296
3419 5.481968064517775
3420 5.463250233155424
3421 6.067177288199185
3422 5.380154455819054
3423 5.297117440538034
3424 5.612047937129964
3425 5.2368144717800496
3426 5.839815882595447
3427 5.4994341892042575
3428 5.850670748128756
3429 6.0783090848042365
3430 5.688735294435933
3431 5.984853554814749
3432 5.395619726818971
3433 5.751647261012627
3434 6.257797853569275
3435 5.6221597758513155
3436 5.914859010425374
3437 5.811249072997164
3438 5.463297047782766
3439 5.647789758489604
3440 5.029451905942666
3441 5.853204329638575
3442 5.755587477025013
3443 5.809437948448728
3444 5.756403454078304
3445 6.1071546973485775
3446 5.4030630147123615
3447 6.1413509902311825
3448 6.001503521172764
3449 5.560799160090048
3450 6.067481443965267
3451 5.70218933432029
3452 5.7932440167809816
3453 5.87272631503098
3454 5.530995061270414
3455 5.428291733728071
3456 5.352410763634456
3457 4.922207069433628
3458 5.418484665476313
3459 5.377907466036325
3460 5.314287745636569
3461 5.961503042927238
3462 5.346016424408354
3463 5.719358441306736
3464 5.6092895779074095
3465 5.66982267173615
3466 5.213717172997948
3467 5.416376529078004
3468 5.406808229179387
3469 5.768277801925617
3470 5.124624444668316
3471 5.632040465442773
3472 5.771931121678533
3473 5.55905819664615
3474 5.419535480245169
3475 5.470427273346946
3476 5.37140629786337
3477 5.243346632852672
3478 5.689834690116328
3479 5.922876052076912
3480 5.341652989610366
3481 5.270401864338212
3482 5.960610220455725
3483 5.7502622304019635
3484 5.6952899474803464
3485 6.2162430352591755
3486 5.593884070673478
3487 5.786224916987658
3488 6.208119505586054
3489 5.661724270835173
3490 5.691617891564334
3491 6.1488772354107315
3492 5.710811887214607
3493 5.979505551326418
3494 5.57593179385838
3495 5.619540232777215
3496 6.221852112032545
3497 6.303548462986238
3498 5.895877447733776
3499 8.117411936146611
3500 7.57956640324083
3501 7.3674441968703785
3502 7.681054409381911
3503 8.237421621394494
3504 7.636442947205674
3505 7.835850117988427
3506 8.601450287965221
3507 7.85194643692868
3508 7.32058012028831
3509 7.336417200140698
3510 7.151411720396376
3511 7.459095467019817
3512 7.3090642009630535
3513 7.480376721049032
3514 7.314658371593995
3515 7.306645847299786
3516 7.3338968792977175
3517 7.372802061360241
3518 6.91680499130543
3519 7.429259394832684
3520 7.171395076666126
3521 6.889501961316937
3522 7.043906940799975
3523 6.8293032608519715
3524 7.071943386583461
3525 7.38654677358293
3526 6.887212401561165
3527 6.9235251540261995
3528 7.254634008309777
3529 7.470657604478853
3530 7.334797267903275
3531 7.3747189675875
3532 7.417085475635251
3533 7.537002552541935
3534 7.327540390240282
3535 7.246789098749358
3536 6.7979781573839535
3537 6.972013663732063
3538 7.280949487972062
3539 7.349165836298584
3540 7.629753347543781
3541 7.112142416792421
3542 7.147946565099185
3543 7.451308898449379
3544 7.6716551389614605
3545 7.691395308272088
3546 7.425046588090705
3547 7.413210288572229
3548 7.259376297696714
3549 7.078482965534993
3550 6.950498419470039
3551 7.148399531755968
3552 7.345771656606174
3553 7.4337164863327985
3554 7.109518403269354
3555 7.138344794757485
3556 7.260218560944725
3557 7.1042856141830955
3558 6.9176150202025
3559 7.279382696119996
3560 7.254260035656914
3561 7.176637897458628
3562 7.040163291936245
3563 7.350115920452801
3564 7.474162212886939
3565 7.2989321164730665
3566 7.496346100263137
3567 7.083398851753604
3568 7.2938780060808845
3569 7.297714870261448
3570 7.3305261456924535
3571 7.342318268321907
3572 7.087356529271951
3573 7.539087531321589
3574 7.458533290668926
3575 7.07739678747216
3576 7.328606661430912
3577 7.455442159499212
3578 7.352572363338404
3579 7.431824311910292
3580 7.293024949491348
3581 7.482018377149115
3582 7.09577664116549
3583 6.890490159841177
3584 6.848926133683828
3585 6.762344039709535
3586 6.3098599385482
3587 7.061146223745742
3588 7.1836424346833825
3589 6.93710905168066
3590 6.847843477520101
3591 6.596453840844042
3592 6.828136155310682
3593 7.3388380627761665
3594 7.134830368787469
3595 6.97312376949751
3596 6.877660285214773
3597 6.510358595357574
3598 7.096253211022202
3599 7.337550801405381
