5.522208529717642 2
5.529900644335107 0
5.53759275895257 0
5.545284873570035 0
5.552976988187499 0
5.5606691028049635 0
5.568361217422427 0
5.5760533320398915 0
5.583745446657356 0
5.5914375612748195 0
5.599129675892284 0
5.606821790509748 0
5.614513905127212 0
5.622206019744676 0
5.629898134362141 0
5.637590248979605 0
5.645282363597069 0
5.652974478214533 0
5.660666592831998 0
5.668358707449461 1
5.676050822066926 0
5.68374293668439 0
5.691435051301854 0
5.699127165919318 0
5.706819280536783 0
5.714511395154247 0
5.7222035097717106 1
5.729895624389175 0
5.737587739006639 0
5.745279853624103 0
5.752971968241567 0
5.760664082859032 0
5.768356197476496 1
5.77604831209396 0
5.783740426711424 0
5.791432541328889 0
5.799124655946352 0
5.806816770563817 0
5.814508885181281 0
5.822200999798746 1
5.829893114416209 0
5.837585229033674 0
5.845277343651138 3
5.852969458268602 0
5.860661572886066 2
5.8683536875035305 2
5.876045802120994 0
5.8837379167384585 0
5.891430031355923 1
5.899122145973387 1
5.906814260590851 1
5.914506375208315 0
5.92219848982578 0
5.929890604443243 3
5.937582719060708 3
5.945274833678172 3
5.952966948295636 1
5.9606590629131 2
5.968351177530565 2
5.976043292148029 2
5.983735406765493 0
5.991427521382957 1
5.9991196360004215 2
6.006811750617885 3
6.0145038652353495 0
6.022195979852814 1
6.029888094470278 0
6.037580209087742 1
6.045272323705206 3
6.052964438322671 2
6.060656552940134 3
6.068348667557599 2
6.076040782175063 2
6.083732896792528 2
6.091425011409991 2
6.099117126027456 7
6.10680924064492 1
6.114501355262384 3
6.122193469879848 5
6.129885584497313 4
6.137577699114776 4
6.145269813732241 2
6.152961928349705 4
6.160654042967169 5
6.168346157584633 1
6.1760382722020974 4
6.183730386819562 3
6.191422501437025 1
6.19911461605449 4
6.206806730671954 2
6.214498845289418 1
6.222190959906882 4
6.229883074524347 5
6.237575189141811 10
6.245267303759275 4
6.252959418376739 6
6.260651532994204 4
6.268343647611667 3
6.276035762229132 5
6.283727876846596 6
6.2914199914640605 5
6.299112106081524 7
6.3068042206989885 5
6.314496335316453 10
6.3221884499339165 11
6.329880564551381 14
6.337572679168845 5
6.34526479378631 4
6.352956908403773 14
6.360649023021238 7
6.368341137638701 7
6.376033252256166 9
6.38372536687363 13
6.391417481491095 11
6.399109596108558 11
6.406801710726023 8
6.414493825343487 8
6.422185939960951 12
6.429878054578415 9
6.4375701691958795 15
6.445262283813344 14
6.4529543984308075 12
6.460646513048272 11
6.468338627665736 14
6.4760307422832 13
6.483722856900664 18
6.491414971518129 17
6.499107086135593 24
6.506799200753057 19
6.514491315370521 23
6.522183429987986 20
6.529875544605449 13
6.537567659222914 21
6.545259773840378 18
6.552951888457843 14
6.560644003075306 22
6.568336117692771 21
6.576028232310234 21
6.583720346927699 26
6.591412461545163 11
6.5991045761626275 20
6.606796690780092 27
6.6144888053975555 17
6.62218092001502 26
6.6298730346324835 20
6.637565149249948 19
6.645257263867412 19
6.652949378484877 18
6.66064149310234 19
6.668333607719805 18
6.676025722337269 18
6.683717836954733 28
6.691409951572197 25
6.699102066189662 25
6.706794180807126 25
6.71448629542459 30
6.722178410042054 30
6.7298705246595185 24
6.737562639276982 28
6.7452547538944465 26
6.752946868511911 22
6.760638983129375 30
6.768331097746839 22
6.776023212364303 28
6.783715326981768 23
6.791407441599231 22
6.799099556216696 27
6.80679167083416 17
6.814483785451625 30
6.822175900069088 21
6.829868014686553 23
6.837560129304016 18
6.845252243921481 25
6.852944358538945 20
6.86063647315641 22
6.868328587773874 23
6.876020702391338 20
6.883712817008802 30
6.8914049316262656 32
6.89909704624373 22
6.906789160861194 30
6.914481275478659 22
6.922173390096122 25
6.929865504713587 22
6.937557619331051 21
6.945249733948515 24
6.952941848565979 23
6.960633963183444 20
6.968326077800908 18
6.976018192418372 17
6.983710307035836 14
6.991402421653301 22
6.999094536270764 19
7.006786650888229 16
7.014478765505693 31
7.0221708801231575 14
7.029862994740621 24
7.0375551093580855 21
7.045247223975549 18
7.0529393385930135 13
7.060631453210478 18
7.068323567827942 20
7.076015682445407 18
7.08370779706287 22
7.091399911680335 20
7.099092026297798 22
7.106784140915263 17
7.114476255532727 18
7.122168370150192 21
7.129860484767655 26
7.13755259938512 15
7.145244714002584 21
7.152936828620048 16
7.160628943237512 12
7.1683210578549765 17
7.176013172472441 15
7.1837052870899045 10
7.191397401707369 15
7.199089516324833 13
7.206781630942297 17
7.214473745559761 9
7.222165860177226 13
7.22985797479469 13
7.237550089412154 13
7.245242204029618 15
7.252934318647083 19
7.260626433264546 14
7.268318547882011 16
7.276010662499475 13
7.28370277711694 13
7.291394891734403 12
7.299087006351868 11
7.306779120969331 15
7.314471235586796 13
7.32216335020426 17
7.3298554648217245 15
7.337547579439189 12
7.3452396940566524 13
7.352931808674117 10
7.36062392329158 16
7.368316037909045 7
7.376008152526509 9
7.383700267143974 14
7.391392381761437 14
7.399084496378902 23
7.406776610996366 15
7.41446872561383 14
7.422160840231294 10
7.429852954848759 19
7.437545069466223 14
7.445237184083687 12
7.452929298701151 12
7.4606214133186155 16
7.468313527936079 6
7.4760056425535435 8
7.483697757171008 11
7.491389871788472 12
7.499081986405936 8
7.5067741010234 15
7.514466215640864 12
7.522158330258328 8
7.529850444875793 11
7.537542559493257 17
7.545234674110722 12
7.552926788728185 10
7.56061890334565 11
7.568311017963113 7
7.576003132580578 16
7.583695247198042 10
7.5913873618155066 8
7.599079476432971 12
7.6067715910504345 5
7.614463705667899 8
7.6221558202853625 8
7.629847934902827 5
7.637540049520291 6
7.645232164137756 10
7.65292427875522 8
7.660616393372684 6
7.668308507990147 7
7.676000622607612 8
7.683692737225076 6
7.691384851842541 7
7.699076966460005 9
7.706769081077469 10
7.714461195694933 9
7.722153310312397 3
7.729845424929861 9
7.737537539547326 10
7.74522965416479 5
7.7529217687822545 3
7.760613883399718 5
7.7683059980171825 8
7.775998112634646 8
7.7836902272521105 6
7.791382341869575 5
7.799074456487039 6
7.806766571104504 6
7.814458685721967 9
7.822150800339432 7
7.829842914956895 9
7.83753502957436 3
7.845227144191824 4
7.852919258809289 5
7.860611373426753 5
7.868303488044217 7
7.875995602661681 9
7.883687717279145 4
7.891379831896609 6
7.8990719465140735 5
7.906764061131538 5
7.914456175749002 9
7.922148290366466 4
7.9298404049839295 4
7.937532519601394 1
7.945224634218858 5
7.952916748836323 6
7.960608863453787 5
7.968300978071251 6
7.975993092688715 6
7.983685207306179 4
7.991377321923643 4
7.999069436541108 7
8.006761551158572 5
8.014453665776037 3
8.022145780393501 4
8.029837895010964 6
8.037530009628428 9
8.045222124245893 3
8.052914238863357 4
8.060606353480821 2
8.068298468098286 9
8.07599058271575 1
8.083682697333213 2
8.091374811950677 3
8.099066926568142 4
8.106759041185606 3
8.11445115580307 7
8.122143270420535 6
8.129835385038 3
8.137527499655462 1
8.145219614272927 5
8.152911728890391 3
8.160603843507856 1
8.16829595812532 1
8.175988072742784 3
8.183680187360249 3
8.191372301977712 8
8.199064416595176 3
8.20675653121264 2
8.214448645830105 2
8.22214076044757 0
8.229832875065032 2
8.237524989682498 5
8.245217104299961 2
8.252909218917425 1
8.26060133353489 4
8.268293448152354 3
8.275985562769819 3
8.283677677387281 8
8.291369792004748 2
8.29906190662221 3
8.306754021239675 2
8.314446135857139 4
8.322138250474604 4
8.329830365092068 2
8.33752247970953 2
8.345214594326997 3
8.35290670894446 2
8.360598823561924 0
8.368290938179388 1
8.375983052796853 2
8.383675167414317 2
8.39136728203178 2
8.399059396649244 6
8.406751511266709 0
8.414443625884173 2
8.422135740501638 1
8.429827855119102 1
8.437519969736567 1
8.44521208435403 1
8.452904198971494 4
8.460596313588958 0
8.468288428206423 1
8.475980542823887 1
8.483672657441351 3
8.491364772058816 2
8.499056886676279 1
8.506749001293743 2
8.514441115911207 1
8.522133230528672 1
8.529825345146136 0
8.5375174597636 1
8.545209574381065 0
8.552901688998528 0
8.560593803615992 3
8.568285918233457 1
8.575978032850921 0
8.583670147468386 1
8.59136226208585 3
8.599054376703315 0
8.606746491320777 0
8.614438605938242 4
8.622130720555706 0
8.62982283517317 0
8.637514949790635 0
8.6452070644081 0
8.652899179025564 0
8.660591293643026 1
8.668283408260491 1
8.675975522877955 2
8.68366763749542 1
8.691359752112884 1
8.699051866730347 0
8.706743981347813 1
8.714436095965276 1
8.72212821058274 1
8.729820325200205 1
8.73751243981767 0
8.745204554435134 0
8.752896669052596 1
8.760588783670062 2
8.768280898287525 0
8.77597301290499 1
8.783665127522454 0
8.791357242139918 2
8.799049356757383 0
8.806741471374846 0
8.814433585992312 0
8.822125700609774 0
8.829817815227239 0
8.837509929844703 1
8.845202044462168 0
8.852894159079632 0
8.860586273697095 1
8.86827838831456 0
8.875970502932024 0
8.883662617549488 1
8.891354732166953 1
8.899046846784417 0
8.906738961401881 0
8.914431076019344 0
8.922123190636809 0
8.929815305254273 0
8.937507419871737 0
8.945199534489202 0
8.952891649106666 2
8.96058376372413 0
8.968275878341593 0
8.975967992959058 0
8.983660107576522 0
8.991352222193987 0
8.999044336811451 0
9.006736451428916 0
9.01442856604638 0
9.022120680663843 0
9.029812795281307 0
9.037504909898772 0
9.045197024516236 1
9.0528891391337 0
9.060581253751165 0
9.06827336836863 1
9.075965482986092 0
9.083657597603557 0
9.091349712221021 1
9.099041826838485 0
9.10673394145595 0
9.114426056073414 0
9.122118170690879 0
9.129810285308341 0
9.137502399925806 0
9.14519451454327 0
9.152886629160735 0
9.1605787437782 0
9.168270858395662 0
9.175962973013128 0
9.18365508763059 0
9.191347202248055 0
9.19903931686552 0
9.206731431482984 0
9.214423546100448 0
9.222115660717911 0
9.229807775335377 0
9.23749988995284 0
9.245192004570304 0
9.252884119187769 1
9.260576233805233 0
9.268268348422698 0
9.27596046304016 0
9.283652577657627 0
9.29134469227509 0
9.299036806892554 0
9.306728921510018 0
9.314421036127483 0
9.322113150744947 0
9.32980526536241 0
9.337497379979874 0
9.345189494597339 0
9.352881609214803 0
9.360573723832267 1
