9.076715520865397 1
9.087556468898782 0
9.098397416932166 0
9.10923836496555 0
9.120079312998934 0
9.130920261032319 1
9.141761209065702 0
9.152602157099087 0
9.16344310513247 0
9.174284053165856 1
9.18512500119924 0
9.195965949232624 0
9.206806897266008 0
9.217647845299393 0
9.228488793332776 1
9.239329741366161 0
9.250170689399544 0
9.26101163743293 0
9.271852585466313 0
9.282693533499698 0
9.293534481533081 0
9.304375429566466 0
9.31521637759985 1
9.326057325633235 0
9.336898273666618 0
9.347739221700003 0
9.358580169733386 0
9.369421117766771 0
9.380262065800155 0
9.39110301383354 0
9.401943961866923 0
9.412784909900308 0
9.423625857933692 0
9.434466805967077 1
9.44530775400046 0
9.456148702033845 0
9.466989650067228 1
9.477830598100613 1
9.488671546133997 1
9.499512494167382 0
9.510353442200767 0
9.52119439023415 0
9.532035338267535 0
9.542876286300919 0
9.553717234334304 1
9.564558182367687 0
9.575399130401072 1
9.586240078434455 0
9.59708102646784 1
9.607921974501224 2
9.618762922534609 0
9.629603870567992 0
9.640444818601377 0
9.65128576663476 1
9.662126714668146 0
9.672967662701529 1
9.683808610734914 1
9.694649558768297 0
9.705490506801683 2
9.716331454835066 0
9.727172402868451 0
9.738013350901834 0
9.74885429893522 0
9.759695246968603 0
9.770536195001988 0
9.781377143035371 1
9.792218091068756 0
9.80305903910214 2
9.813899987135525 0
9.824740935168908 0
9.835581883202293 0
9.846422831235676 0
9.857263779269061 0
9.868104727302445 0
9.87894567533583 1
9.889786623369213 1
9.900627571402598 0
9.911468519435982 1
9.922309467469367 0
9.933150415502752 2
9.943991363536135 2
9.954832311569518 1
9.965673259602903 1
9.976514207636288 0
9.987355155669672 2
9.998196103703057 2
10.00903705173644 3
10.019877999769825 1
10.030718947803209 0
10.041559895836594 1
10.052400843869977 1
10.063241791903362 0
10.074082739936745 0
10.08492368797013 1
10.095764636003514 1
10.106605584036899 2
10.117446532070282 1
10.128287480103667 1
10.13912842813705 4
10.149969376170436 1
10.160810324203819 0
10.171651272237204 1
10.182492220270587 2
10.193333168303973 1
10.204174116337356 3
10.215015064370741 2
10.225856012404124 2
10.23669696043751 1
10.247537908470893 1
10.258378856504278 0
10.269219804537661 1
10.280060752571046 3
10.29090170060443 4
10.301742648637815 4
10.3125835966712 1
10.323424544704583 0
10.334265492737966 2
10.345106440771351 1
10.355947388804736 4
10.36678833683812 2
10.377629284871503 2
10.388470232904888 7
10.399311180938273 2
10.410152128971657 3
10.420993077005042 6
10.431834025038425 6
10.44267497307181 3
10.453515921105193 7
10.464356869138578 2
10.475197817171962 5
10.486038765205347 4
10.49687971323873 2
10.507720661272115 3
10.518561609305499 5
10.529402557338884 5
10.540243505372267 1
10.551084453405652 6
10.561925401439035 3
10.57276634947242 7
10.583607297505804 7
10.594448245539189 8
10.605289193572572 8
10.616130141605957 7
10.62697108963934 4
10.637812037672726 6
10.648652985706109 6
10.659493933739494 5
10.670334881772877 4
10.681175829806262 5
10.692016777839646 6
10.70285772587303 5
10.713698673906414 8
10.7245396219398 8
10.735380569973184 11
10.746221518006568 10
10.757062466039951 6
10.767903414073336 15
10.778744362106721 5
10.789585310140104 15
10.800426258173488 10
10.811267206206873 14
10.822108154240258 6
10.832949102273641 8
10.843790050307026 7
10.85463099834041 16
10.865471946373795 7
10.876312894407178 10
10.887153842440563 9
10.897994790473946 7
10.908835738507332 12
10.919676686540715 15
10.9305176345741 6
10.941358582607483 11
10.952199530640868 10
10.963040478674252 12
10.973881426707637 9
10.98472237474102 3
10.995563322774405 9
11.006404270807788 12
11.017245218841174 18
11.028086166874557 10
11.038927114907942 18
11.049768062941325 14
11.06060901097471 14
11.071449959008094 10
11.082290907041479 9
11.093131855074862 13
11.103972803108247 10
11.114813751141632 10
11.125654699175016 10
11.136495647208399 19
11.147336595241784 11
11.158177543275169 12
11.169018491308552 13
11.179859439341936 7
11.19070038737532 14
11.201541335408706 15
11.21238228344209 10
11.223223231475473 6
11.234064179508858 9
11.244905127542243 18
11.255746075575626 12
11.26658702360901 9
11.277427971642394 14
11.28826891967578 15
11.299109867709163 13
11.309950815742546 13
11.320791763775931 10
11.331632711809316 10
11.3424736598427 14
11.353314607876085 9
11.364155555909468 19
11.374996503942853 14
11.385837451976236 7
11.396678400009622 12
11.407519348043005 9
11.41836029607639 21
11.429201244109773 13
11.440042192143158 15
11.450883140176542 17
11.461724088209927 13
11.47256503624331 8
11.483405984276695 12
11.494246932310078 7
11.505087880343464 11
11.515928828376847 12
11.526769776410232 17
11.537610724443617 12
11.548451672477 11
11.559292620510384 11
11.570133568543769 14
11.580974516577154 12
11.591815464610537 13
11.60265641264392 12
11.613497360677306 15
11.62433830871069 13
11.635179256744074 17
11.646020204777457 15
11.656861152810842 18
11.667702100844227 14
11.67854304887761 19
11.689383996910994 16
11.70022494494438 14
11.711065892977764 19
11.721906841011148 14
11.73274778904453 11
11.743588737077916 11
11.754429685111301 17
11.765270633144684 18
11.77611158117807 11
11.786952529211453 18
11.797793477244838 10
11.808634425278221 12
11.819475373311606 28
11.83031632134499 16
11.841157269378375 23
11.851998217411758 13
11.862839165445143 21
11.873680113478526 18
11.884521061511911 25
11.895362009545295 14
11.90620295757868 23
11.917043905612063 25
11.927884853645448 16
11.938725801678832 17
11.949566749712217 14
11.960407697745602 16
11.971248645778985 11
11.982089593812368 17
11.992930541845753 24
12.003771489879139 13
12.014612437912522 12
12.025453385945905 20
12.03629433397929 18
12.047135282012675 17
12.057976230046059 19
12.068817178079442 13
12.079658126112827 17
12.090499074146212 28
12.101340022179595 18
12.112180970212979 20
12.123021918246364 18
12.133862866279749 21
12.144703814313132 13
12.155544762346516 31
12.1663857103799 22
12.177226658413286 20
12.188067606446669 19
12.198908554480054 24
12.209749502513437 22
12.220590450546823 18
12.231431398580206 18
12.242272346613591 17
12.253113294646974 16
12.26395424268036 14
12.274795190713743 20
12.285636138747128 12
12.296477086780511 20
12.307318034813896 14
12.31815898284728 12
12.328999930880665 14
12.339840878914048 11
12.350681826947433 15
12.361522774980816 18
12.372363723014201 24
12.383204671047585 14
12.39404561908097 18
12.404886567114353 10
12.415727515147738 16
12.426568463181123 14
12.437409411214507 12
12.44825035924789 13
12.459091307281275 9
12.46993225531466 14
12.480773203348043 12
12.491614151381427 14
12.502455099414812 7
12.513296047448197 4
12.52413699548158 11
12.534977943514964 14
12.545818891548349 5
12.556659839581734 7
12.567500787615117 6
12.5783417356485 4
12.589182683681885 13
12.60002363171527 5
12.610864579748654 10
12.621705527782039 5
12.632546475815422 8
12.643387423848807 12
12.65422837188219 5
12.665069319915576 6
12.675910267948959 7
12.686751215982344 8
12.697592164015727 5
12.708433112049113 5
12.719274060082496 3
12.730115008115881 4
12.740955956149264 5
12.75179690418265 3
12.762637852216033 7
12.773478800249418 2
12.784319748282801 3
12.795160696316186 5
12.80600164434957 8
12.816842592382955 7
12.827683540416338 3
12.838524488449723 3
12.849365436483108 2
12.860206384516491 3
12.871047332549875 2
12.88188828058326 2
12.892729228616645 1
12.903570176650028 5
12.914411124683411 2
12.925252072716797 4
12.936093020750182 7
12.946933968783565 4
12.957774916816948 2
12.968615864850333 6
12.979456812883718 4
12.990297760917102 5
13.001138708950485 5
13.01197965698387 6
13.022820605017255 5
13.033661553050639 6
13.044502501084024 7
13.055343449117407 4
13.066184397150792 3
13.077025345184175 6
13.087866293217559 9
13.098707241250944 5
13.109548189284329 1
13.120389137317712 5
13.131230085351095 5
13.142071033384482 8
13.152911981417866 6
13.163752929451249 7
13.174593877484634 6
13.18543482551802 8
13.196275773551402 8
13.207116721584786 4
13.21795766961817 5
13.228798617651556 6
13.23963956568494 9
13.250480513718323 6
13.261321461751708 7
13.272162409785093 5
13.283003357818476 6
13.29384430585186 7
13.304685253885244 9
13.31552620191863 11
13.326367149952013 9
13.337208097985396 7
13.348049046018781 4
13.358889994052166 11
13.36973094208555 10
13.380571890118933 7
13.391412838152318 11
13.402253786185703 12
13.413094734219086 5
13.42393568225247 7
13.434776630285855 7
13.44561757831924 14
13.456458526352623 14
13.467299474386007 10
13.478140422419392 10
13.488981370452777 4
13.49982231848616 5
13.510663266519543 11
13.521504214552929 8
13.532345162586314 12
13.543186110619697 12
13.55402705865308 8
13.564868006686467 11
13.57570895471985 7
13.586549902753234 8
13.597390850786619 7
13.608231798820004 9
13.619072746853387 13
13.62991369488677 23
13.640754642920156 3
13.65159559095354 11
13.662436538986924 10
13.673277487020307 15
13.684118435053692 7
13.694959383087077 11
13.70580033112046 12
13.716641279153844 6
13.72748222718723 8
13.738323175220614 9
13.749164123253998 14
13.760005071287381 17
13.770846019320766 19
13.781686967354151 6
13.792527915387534 9
13.803368863420918 8
13.814209811454303 11
13.825050759487688 6
13.835891707521071 13
13.846732655554455 10
13.85757360358784 10
13.868414551621225 8
13.879255499654608 5
13.890096447687991 5
13.900937395721376 7
13.911778343754762 6
13.922619291788145 0
13.933460239821528 8
13.944301187854913 2
13.955142135888298 1
13.965983083921682 2
13.976824031955065 7
13.987664979988452 1
13.998505928021835 4
14.009346876055218 5
14.020187824088604 4
14.031028772121989 3
14.041869720155372 2
14.052710668188755 2
14.06355161622214 4
14.074392564255525 4
14.085233512288909 5
14.096074460322292 4
14.106915408355677 1
14.117756356389062 3
14.128597304422446 4
14.139438252455829 0
14.150279200489214 2
14.161120148522599 0
14.171961096555982 1
14.182802044589366 1
14.19364299262275 1
14.204483940656136 1
14.21532488868952 1
14.226165836722902 1
14.237006784756288 1
14.247847732789673 1
14.258688680823056 1
14.26952962885644 0
14.280370576889824 0
14.29121152492321 0
14.302052472956593 0
14.312893420989976 0
14.323734369023361 0
14.334575317056746 0
14.34541626509013 0
14.356257213123513 0
14.367098161156898 0
14.377939109190283 0
14.388780057223666 0
14.39962100525705 0
14.410461953290435 0
14.42130290132382 0
14.432143849357203 0
14.442984797390588 0
14.453825745423973 0
14.464666693457357 0
14.47550764149074 0
14.486348589524125 1
