5.839514964636972 1
5.844838149151959 0
5.8501613336669465 0
5.8554845181819335 0
5.8608077026969205 0
5.866130887211908 0
5.871454071726895 0
5.876777256241882 0
5.882100440756869 0
5.887423625271856 0
5.892746809786843 0
5.89806999430183 0
5.903393178816817 0
5.908716363331804 0
5.914039547846791 0
5.919362732361778 0
5.924685916876765 0
5.930009101391752 0
5.935332285906739 0
5.940655470421726 0
5.945978654936713 0
5.9513018394517 0
5.956625023966687 0
5.961948208481674 0
5.967271392996661 0
5.972594577511648 0
5.977917762026635 0
5.983240946541622 0
5.988564131056609 0
5.993887315571596 1
5.999210500086583 0
6.00453368460157 0
6.0098568691165575 0
6.0151800536315445 1
6.020503238146532 1
6.0258264226615195 0
6.0311496071765065 0
6.0364727916914935 0
6.041795976206481 1
6.047119160721468 0
6.052442345236455 1
6.057765529751442 0
6.063088714266429 0
6.068411898781416 2
6.073735083296403 0
6.07905826781139 0
6.084381452326377 0
6.089704636841364 2
6.095027821356351 3
6.100351005871338 4
6.105674190386325 1
6.110997374901312 1
6.116320559416299 1
6.121643743931286 1
6.126966928446273 0
6.13229011296126 0
6.137613297476247 3
6.142936481991234 2
6.148259666506221 1
6.153582851021208 2
6.158906035536195 1
6.164229220051182 2
6.169552404566169 3
6.174875589081156 2
6.1801987735961434 4
6.1855219581111305 2
6.1908451426261175 1
6.1961683271411045 3
6.201491511656092 1
6.206814696171079 1
6.212137880686066 1
6.217461065201053 1
6.22278424971604 4
6.228107434231027 1
6.233430618746014 2
6.238753803261001 1
6.244076987775988 4
6.249400172290975 1
6.254723356805962 1
6.260046541320949 4
6.265369725835936 2
6.270692910350923 3
6.27601609486591 5
6.281339279380897 4
6.286662463895884 3
6.291985648410871 3
6.297308832925858 1
6.302632017440845 5
6.307955201955832 5
6.313278386470819 2
6.318601570985806 3
6.323924755500793 5
6.32924794001578 5
6.334571124530767 4
6.339894309045755 2
6.345217493560742 6
6.350540678075729 5
6.3558638625907165 6
6.3611870471057035 6
6.3665102316206905 5
6.3718334161356776 6
6.377156600650665 3
6.382479785165652 8
6.387802969680639 4
6.393126154195626 7
6.398449338710613 5
6.4037725232256 7
6.409095707740587 8
6.414418892255574 8
6.419742076770561 5
6.425065261285548 12
6.430388445800535 8
6.435711630315522 4
6.441034814830509 10
6.446357999345496 9
6.451681183860483 6
6.45700436837547 7
6.462327552890457 15
6.467650737405444 12
6.472973921920431 14
6.478297106435418 16
6.483620290950405 11
6.488943475465392 18
6.494266659980379 14
6.499589844495366 14
6.504913029010353 8
6.51023621352534 18
6.5155593980403275 11
6.5208825825553145 8
6.5262057670703015 13
6.531528951585289 15
6.536852136100276 17
6.542175320615263 20
6.54749850513025 23
6.552821689645237 10
6.558144874160224 13
6.563468058675211 15
6.568791243190198 19
6.574114427705185 19
6.579437612220172 14
6.584760796735159 21
6.590083981250146 14
6.595407165765133 17
6.60073035028012 19
6.606053534795107 22
6.611376719310094 18
6.616699903825081 18
6.622023088340068 19
6.627346272855055 15
6.632669457370042 15
6.637992641885029 24
6.643315826400016 20
6.648639010915003 20
6.65396219542999 15
6.659285379944977 16
6.664608564459964 16
6.6699317489749514 24
6.6752549334899385 33
6.6805781180049255 17
6.6859013025199125 23
6.6912244870349 23
6.696547671549887 23
6.701870856064874 19
6.707194040579861 23
6.712517225094848 21
6.717840409609836 24
6.723163594124823 19
6.72848677863981 24
6.733809963154797 25
6.739133147669784 23
6.744456332184771 26
6.749779516699758 20
6.755102701214745 26
6.760425885729732 26
6.765749070244719 19
6.771072254759706 27
6.776395439274693 26
6.78171862378968 19
6.787041808304667 14
6.792364992819654 22
6.797688177334641 22
6.803011361849628 21
6.808334546364615 19
6.813657730879602 27
6.818980915394589 23
6.824304099909576 22
6.829627284424563 20
6.83495046893955 22
6.840273653454537 14
6.8455968379695245 24
6.8509200224845115 22
6.8562432069994985 23
6.8615663915144856 24
6.866889576029473 16
6.87221276054446 22
6.877535945059447 17
6.882859129574434 21
6.888182314089421 15
6.893505498604408 23
6.898828683119395 18
6.904151867634382 29
6.909475052149369 23
6.914798236664356 19
6.920121421179343 22
6.92544460569433 20
6.930767790209317 21
6.936090974724304 16
6.941414159239291 29
6.946737343754278 21
6.952060528269265 20
6.957383712784252 27
6.962706897299239 20
6.968030081814226 19
6.973353266329213 23
6.9786764508442 17
6.983999635359187 17
6.989322819874175 24
6.994646004389162 21
6.999969188904149 21
7.005292373419136 21
7.010615557934123 15
7.01593874244911 23
7.0212619269640975 17
7.0265851114790845 21
7.0319082959940715 18
7.037231480509059 27
7.042554665024046 20
7.047877849539033 12
7.05320103405402 19
7.058524218569007 21
7.063847403083994 15
7.069170587598981 22
7.074493772113968 14
7.079816956628955 14
7.085140141143942 17
7.090463325658929 14
7.095786510173916 18
7.101109694688903 22
7.10643287920389 19
7.111756063718877 21
7.117079248233864 19
7.122402432748851 19
7.127725617263838 20
7.133048801778825 8
7.138371986293812 12
7.143695170808799 19
7.149018355323786 23
7.154341539838773 20
7.15966472435376 11
7.164987908868747 13
7.170311093383734 17
7.175634277898721 6
7.1809574624137085 12
7.1862806469286955 9
7.1916038314436825 8
7.19692701595867 16
7.202250200473657 15
7.207573384988644 12
7.212896569503631 11
7.218219754018618 9
7.223542938533605 13
7.228866123048592 10
7.234189307563579 21
7.239512492078566 6
7.244835676593553 10
7.25015886110854 9
7.255482045623527 10
7.260805230138514 9
7.266128414653501 9
7.271451599168488 8
7.276774783683475 9
7.282097968198462 6
7.287421152713449 7
7.292744337228436 10
7.298067521743423 15
7.30339070625841 6
7.308713890773397 8
7.314037075288384 10
7.319360259803371 7
7.324683444318358 11
7.330006628833345 5
7.3353298133483325 12
7.3406529978633195 10
7.3459761823783065 9
7.3512993668932936 4
7.356622551408281 11
7.361945735923268 10
7.367268920438255 10
7.372592104953242 8
7.377915289468229 5
7.383238473983216 9
7.388561658498203 12
7.39388484301319 1
7.399208027528177 9
7.404531212043164 5
7.409854396558151 6
7.415177581073138 1
7.420500765588126 14
7.425823950103113 5
7.4311471346181 8
7.436470319133087 7
7.441793503648074 4
7.447116688163061 5
7.452439872678048 8
7.457763057193035 4
7.463086241708022 3
7.468409426223009 4
7.473732610737996 5
7.479055795252983 6
7.48437897976797 1
7.489702164282957 3
7.495025348797944 5
7.500348533312931 3
7.505671717827918 8
7.5109949023429055 2
7.5163180868578925 4
7.5216412713728795 3
7.526964455887867 3
7.532287640402854 4
7.537610824917841 2
7.542934009432828 5
7.548257193947815 5
7.553580378462802 5
7.558903562977789 3
7.564226747492776 4
7.569549932007763 4
7.57487311652275 9
7.580196301037737 6
7.585519485552724 4
7.590842670067711 1
7.596165854582698 6
7.601489039097685 2
7.606812223612672 2
7.612135408127659 1
7.617458592642646 4
7.622781777157633 3
7.62810496167262 4
7.633428146187607 3
7.638751330702594 1
7.644074515217581 4
7.649397699732568 4
7.654720884247555 0
7.660044068762542 3
7.665367253277529 3
7.670690437792517 2
7.676013622307504 2
7.681336806822491 4
7.6866599913374785 3
7.6919831758524655 5
7.6973063603674525 1
7.70262954488244 5
7.707952729397427 3
7.713275913912414 1
7.718599098427401 3
7.723922282942388 1
7.729245467457375 5
7.734568651972362 1
7.739891836487349 6
7.745215021002336 0
7.750538205517323 3
7.75586139003231 1
7.761184574547297 1
7.766507759062284 2
7.771830943577271 2
7.777154128092258 4
7.782477312607245 2
7.787800497122232 3
7.793123681637219 1
7.798446866152206 0
7.803770050667193 4
7.80909323518218 1
7.814416419697167 3
7.819739604212154 2
7.825062788727141 0
7.830385973242128 2
7.835709157757115 3
7.841032342272102 2
7.8463555267870895 2
7.8516787113020765 1
7.8570018958170635 0
7.862325080332051 1
7.867648264847038 1
7.872971449362025 0
7.878294633877012 3
7.883617818391999 3
7.888941002906986 1
7.894264187421973 1
7.89958737193696 0
7.904910556451947 0
7.910233740966934 5
7.915556925481921 1
7.920880109996908 0
7.926203294511895 0
7.931526479026882 1
7.936849663541869 1
7.942172848056856 0
7.947496032571843 3
7.95281921708683 0
7.958142401601817 1
7.963465586116804 1
7.968788770631791 1
7.974111955146778 2
7.979435139661765 2
7.984758324176752 1
7.990081508691739 0
7.995404693206726 1
8.000727877721713 1
8.0060510622367 2
8.011374246751688 2
8.016697431266675 0
8.022020615781662 0
8.027343800296649 1
8.032666984811636 1
8.037990169326623 2
8.04331335384161 2
8.048636538356597 1
8.053959722871584 1
8.05928290738657 1
8.064606091901558 1
8.069929276416545 2
8.075252460931532 2
8.080575645446519 1
8.085898829961506 0
8.091222014476493 1
8.09654519899148 0
8.101868383506467 1
8.107191568021454 0
8.112514752536441 1
8.117837937051428 0
8.123161121566415 0
8.128484306081402 0
8.13380749059639 0
8.139130675111378 0
8.144453859626363 2
8.149777044141352 1
8.155100228656337 1
8.160423413171326 0
8.165746597686312 0
8.1710697822013 0
8.176392966716286 0
8.181716151231274 0
8.18703933574626 1
8.192362520261248 0
8.197685704776234 0
8.203008889291223 1
8.208332073806208 0
8.213655258321197 0
8.218978442836182 0
8.22430162735117 1
8.229624811866156 0
8.234947996381145 1
8.24027118089613 0
8.245594365411119 0
8.250917549926104 0
8.256240734441093 0
8.261563918956078 1
8.266887103471067 1
8.272210287986052 0
8.277533472501041 0
8.282856657016026 0
8.288179841531015 0
8.293503026046 0
8.29882621056099 0
8.304149395075974 0
8.309472579590963 0
8.31479576410595 0
8.320118948620937 0
8.325442133135924 1
8.330765317650911 0
8.336088502165898 0
8.341411686680885 0
8.346734871195872 0
8.35205805571086 0
8.357381240225846 0
8.362704424740834 0
8.36802760925582 0
8.373350793770808 0
8.378673978285795 0
8.383997162800782 0
8.389320347315769 1
8.394643531830756 1
8.399966716345743 0
8.40528990086073 0
8.410613085375717 0
8.415936269890704 0
8.421259454405691 0
8.426582638920678 0
8.431905823435665 0
8.437229007950652 0
8.442552192465639 0
8.447875376980626 1
8.453198561495613 0
8.4585217460106 0
8.463844930525587 0
8.469168115040574 1
8.474491299555561 0
8.479814484070548 1
8.485137668585535 0
8.490460853100522 0
8.49578403761551 1
